0
5
8
9
12
13
15
15
17
17
26
26
34
40
42
50
50
57
61
63
64
78
81
85
87
96
107
108
111
113
123
124
126
126
128
130
130
137
139
142
144
148
148
152
152
165
166
169
171
171
175
179
183
187
194
211
214
218
228
239
245
249
251
254
254
256
263
270
270
270
271
278
281
293
297
299
299
307
311
312
312
313
316
318
323
327
327
328
329
334
337
341
343
344
344
349
351
357
361
361
363
366
367
371
374
375
377
380
382
387
390
394
395
399
401
409
410
416
418
418
423
424
430
432
435
437
437
438
440
443
443
448
450
452
453
453
454
457
460
467
471
480
484
485
486
491
495
496
503
509
509
517
522
524
524
526
529
530
530
532
534
546
546
553
558
558
561
563
563
568
575
576
580
583
587
587
592
595
599
607
609
612
622
628
632
636
644
644
645
647
650
652
656
657
658
660
665
667
669
671
671
672
673
675
680
683
690
692
692
695
698
699
700
702
704
706
709
713
718
723
727
729
733
741
744
758
758
762
762
763
764
767
768
769
769
775
783
785
785
794
797
798
798
799
802
805
806
810
817
820
822
823
826
827
831
835
836
842
845
848
851
857
859
859
864
866
868
869
871
871
875
876
882
887
888
889
890
891
895
895
897
897
898
898
902
905
910
912
912
913
914
915
915
917
919
920
921
929
932
933
937
938
945
945
958
958
967
972
987
990
990
1000
1005
1008
1023
1024
1028
1032
1035
1040
1043
1049
1052
1054
1056
1061
1065
1068
1071
1074
1082
1082
1082
1085
1085
1088
1097
1099
1105
1105
1113
1122
1123
1126
1138
1140
1140
1143
1144
1144
1145
1146
1146
1149
1151
1153
1159
1161
1161
1162
1169
1170
1172
1176
1177
1187
1190
1199
1200
1204
1204
1206
1206
1207
1207
1208
1212
1219
1220
1222
1223
1231
1233
1240
1244
1244
1245
1248
1249
1253
1255
1263
1263
1263
1268
1269
1270
1271
1277
1281
1295
1300
1301
1310
1319
1319
1327
1329
1332
1339
1348
1350
1354
1355
1356
1365
1366
1370
1372
1373
1376
1383
1391
1401
1401
1401
1404
1407
1411
1412
1414
1416
1416
1417
1418
1420
1421
1421
1423
1423
1423
1424
1424
1427
1432
1432
1433
1436
1438
1440
1440
1441
1452
1454
1455
1459
1465
1468
1469
1470
1471
1475
1482
1483
1489
1490
1490
1497
1499
1501
1502
1503
1505
1512
1512
1515
1525
1527
1529
1532
1535
1535
1543
1544
1545
1547
1547
1548
1550
1556
1561
1561
1564
1566
1566
1569
1571
1572
1572
1572
1573
1575
1576
1582
1591
1593
1605
1609
1610
1614
1620
1620
1628
1633
1638
1638
1641
1642
1647
1652
1655
1655
1656
1661
1663
1663
1665
1667
1668
1671
1677
1680
1683
1696
1698
1703
1705
1705
1725
1727
1727
1728
1729
1733
1734
1735
1740
1740
1747
1747
1750
1752
1755
1758
1760
1762
1765
1767
1773
1776
1776
1780
1782
1785
1788
1789
1790
1796
1799
1804
1807
1808
1809
1810
1812
1816
1818
1821
1827
1830
1833
1834
1837
1838
1841
1847
1850
1852
1858
1862
1866
1871
1872
1876
1877
1878
1879
1882
1885
1887
1890
1892
1893
1898
1898
1898
1905
1907
1914
1919
1919
1925
1932
1932
1936
1937
1943
1945
1954
1955
1957
1958
1958
1963
1964
1978
1983
1983
1989
1990
1996
1996
1997
2000
2008
2008
2014
2014
2016
2017
2022
2027
2029
2030
2031
2032
2037
2043
2044
2046
2046
2066
2067
2067
2068
2073
2086
2092
2097
2098
2099
2101
2108
2108
2112
2121
2121
2122
2124
2133
2141
2142
2149
2151
2157
2158
2159
2164
2165
2166
2172
2173
2177
2178
2190
2195
2197
2199
2203
2205
2206
2216
2216
2216
2220
2222
2230
2241
2242
2254
2256
2258
2265
2267
2270
2270
2277
2280
2286
2287
2295
2295
2296
2298
2302
2304
2312
2317
2320
2325
2326
2329
2330
2331
2337
2337
2339
2340
2344
2350
2351
2351
2351
2353
2353
2353
2353
2357
2361
2366
2366
2368
2372
2373
2381
2382
2386
2388
2388
2396
2397
2398
2405
2410
2412
2415
2415
2423
2424
2425
2427
2429
2431
2431
2436
2443
2448
2450
2452
2453
2454
2459
2464
2464
2466
2468
2473
2477
2479
2487
2490
2491
2492
2492
2492
2494
2505
2508
2528
2528
2537
2539
2539
2542
2546
2547
2551
2554
2557
2561
2563
2563
2566
2567
2570
2575
2580
2591
2592
2593
2596
2597
2610
2611
2612
2616
2617
2622
2625
2625
2625
2630
2632
2639
2647
2649
2651
2652
2660
2660
2663
2664
2665
2668
2669
2673
2677
2677
2680
2682
2684
2692
2693
2695
2695
2701
2702
2705
2709
2709
2710
2713
2714
2717
2718
2724
2728
2739
2739
2739
2744
2746
2749
2749
2756
2764
2765
2768
2768
2770
2773
2773
2775
2781
2781
2782
2783
2786
2792
2794
2796
2799
2801
2801
2802
2804
2805
2807
2814
2821
2822
2822
2825
2825
2833
2847
2847
2849
2849
2851
2855
2857
2861
2862
2862
2870
2871
2871
2872
2873
2878
2878
2882
2883
2885
2889
2892
2892
2895
2896
2898
2904
2909
2909
2909
2910
2912
2916
2920
2922
2927
2928
2937
2943
2944
2947
2960
2964
2966
2968
2968
2971
2979
2980
2980
2987
2988
2994
2999
2999
3006
3010
3012
3016
3017
3017
3020
3026
3031
3036
3037
3037
3037
3042
3043
3047
3053
3055
3056
3060
3065
3066
3067
3070
3071
3072
3075
3078
3081
3081
3081
3084
3085
3086
3088
3090
3090
3090
3092
3094
3094
3096
3098
3100
3101
3102
3103
3104
3104
3105
3112
3116
3118
3122
3122
3124
3125
3126
3131
3139
3143
3146
3148
3155
3157
3160
3166
3168
3169
3177
3178
3181
3182
3183
3186
3187
3193
3197
3199
3201
3207
3223
3224
3226
3229
3236
3243
3244
3245
3246
3253
3255
3255
3267
3268
3272
3274
3278
3289
3291
3297
3310
3312
3313
3313
3313
3321
3322
3322
3323
3343
3346
3348
3356
3363
3363
3366
3371
3375
3376
3378
3380
3381
3387
3391
3405
3408
3410
3410
3414
3421
3422
3424
3430
3435
3439
3441
3442
3446
3449
3452
3461
3462
3463
3468
3470
3474
3475
3477
3477
3478
3478
3478
3479
3479
3480
3486
3488
3488
3493
3504
3512
3513
3516
3520
3525
3534
3551
3563
3569
3574
3576
3578
3581
3583
3583
3587
3589
3592
3596
3597
3604
3604
3608
3613
3614
3616
3618
3620
3626
3629
3629
3642
3643
3644
3648
3654
3659
3662
3662
3666
3669
3675
3675
3676
3681
3685
3686
3689
3690
3696
3697
3707
3708
3713
3720
3728
3730
3731
3731
3732
3734
3747
3755
3761
3762
3764
3766
3774
3775
3779
3781
3786
3788
3789
3790
3792
3799
3801
3802
3803
3807
3810
3815
3818
3826
3828
3828
3835
3837
3841
3844
3848
3857
3860
3863
3865
3873
3876
3877
3879
3882
3888
3890
3901
3902
3903
3911
3920
3920
3920
3935
3938
3941
3947
3952
3953
3955
3955
3955
3957
3957
3957
3961
3969
3981
3984
3989
3990
3991
3994
4000
4002
4006
4007
4008
4009
4013
4014
4034
4035
4040
4042
4042
4043
4049
4049
4053
4055
4066
4071
4084
4085
4086
4088
4098
4100
4100
4102
4104
4106
4106
4115
4117
4126
4126
4128
4128
4129
4129
4131
4131
4131
4131
4136
4139
4140
4140
4148
4150
4154
4157
4157
4159
4161
4163
4163
4166
4168
4169
4174
4174
4179
4180
4184
4189
4191
4193
4193
4196
4196
4198
4200
4202
4204
4205
4206
4213
4218
4221
4221
4226
4227
4233
4236
4238
4242
4244
4251
4257
4258
4262
4262
4264
4266
4268
4271
4272
4273
4280
4283
4289
4306
4313
4314
4322
4324
4326
4333
4341
4345
4346
4350
4351
4358
4359
4360
4365
4366
4367
4370
4370
4372
4375
4380
4380
4380
4381
4387
4387
4388
4388
4393
4395
4403
4404
4404
4406
4408
4412
4416
4421
4422
4423
4430
4432
4439
4440
4443
4445
4446
4455
4456
4459
4471
4475
4476
4477
4482
4483
4486
4487
4489
4494
4496
4499
4512
4513
4514
4514
4514
4514
4515
4516
4525
4527
4529
4531
4536
4537
4538
4550
4553
4555
4555
4556
4557
4568
4577
4587
4590
4594
4597
4599
4601
4602
4603
4605
4608
4613
4617
4617
4621
4624
4626
4639
4642
4643
4646
4653
4655
4657
4659
4662
4670
4672
4673
4678
4679
4683
4688
4692
4702
4704
4705
4707
4708
4713
4714
4719
4720
4727
4729
4736
4742
4743
4748
4749
4750
4751
4754
4755
4759
4760
4778
4781
4793
4796
4800
4802
4804
4810
4813
4816
4816
4819
4823
4823
4825
4826
4828
4837
4841
4843
4845
4851
4859
4862
4864
4868
4873
4873
4877
4881
4881
4882
4885
4885
4891
4893
4902
4912
4918
4922
4925
4926
4927
4936
4938
4938
4946
4950
4950
4952
4961
4964
4964
4971
4973
4973
4977
4977
4978
4979
4981
4983
5016
5018
5020
5023
5026
5026
5026
5029
5029
5031
5039
5042
5044
5053
5054
5059
5062
5065
5065
5076
5078
5080
5080
5081
5084
5090
5096
5099
5100
5103
5108
5115
5116
5123
5124
5128
5128
5128
5138
5147
5149
5149
5152
5153
5154
5159
5161
5162
5164
5164
5169
5174
5181
5188
5190
5192
5193
5195
5201
5204
5207
5209
5217
5219
5222
5225
5247
5251
5259
5261
5264
5265
5266
5269
5269
5271
5276
5277
5277
5278
5278
5282
5286
5286
5287
5287
5290
5291
5296
5296
5300
5302
5303
5308
5309
5310
5312
5323
5324
5325
5330
5330
5331
5339
5340
5347
5348
5359
5362
5363
5366
5366
5366
5372
5374
5379
5380
5380
5389
5389
5392
5394
5395
5397
5407
5409
5410
5413
5414
5417
5420
5423
5426
5433
5434
5435
5435
5436
5437
5438
5441
5442
5445
5446
5451
5451
5454
5454
5456
5457
5468
5469
5482
5486
5490
5497
5500
5503
5506
5519
5521
5524
5525
5526
5527
5534
5541
5542
5542
5544
5549
5550
5560
5563
5564
5569
5571
5572
5575
5576
5576
5576
5581
5583
5590
5603
5607
5614
5615
5615
5619
5621
5626
5628
5635
5638
5639
5643
5659
5661
5663
5667
5668
5669
5680
5682
5690
5699
5702
5702
5704
5706
5710
5718
5719
5719
5720
5722
5722
5722
5723
5724
5730
5741
5743
5744
5757
5760
5766
5776
5780
5783
5785
5785
5788
5792
5793
5794
5798
5801
5807
5815
5815
5818
5825
5828
5829
5831
5838
5838
5839
5842
5848
5854
5854
5856
5861
5863
5866
5867
5872
5873
5880
5880
5882
5885
5889
5889
5891
5894
5895
5901
5902
5903
5907
5909
5911
5920
5924
5930
5930
5932
5936
5936
5936
5940
5942
5945
5949
5953
5964
5967
5976
5978
5986
5998
6004
6017
6019
6020
6022
6023
6025
6030
6030
6032
6033
6033
6036
6036
6041
6050
6052
6055
6055
6060
6061
6061
6063
6067
6069
6075
6078
6081
6084
6088
6090
6092
6097
6098
6099
6106
6109
6110
6112
6115
6118
6124
6128
6129
6131
6133
6137
6140
6141
6147
6148
6149
6154
6156
6156
6157
6159
6160
6164
6165
6165
6171
6175
6179
6184
6186
6186
6186
6187
6191
6193
6203
6210
6213
6213
6213
6214
6216
6216
6221
6221
6226
6228
6233
6234
6236
6241
6241
6244
6245
6247
6256
6258
6258
6266
6276
6277
6278
6279
6286
6289
6302
6306
6312
6312
6317
6319
6323
6326
6328
6329
6335
6336
6342
6351
6353
6355
6355
6359
6364
6371
6372
6373
6374
6376
6377
6377
6379
6381
6385
6388
6389
6390
6392
6401
6404
6406
6413
6416
6419
6421
6424
6425
6426
6433
6436
6445
6451
6454
6455
6456
6459
6460
6466
6466
6478
6481
6484
6486
6488
6493
6497
6507
6507
6509
6517
6519
6522
6523
6530
6531
6540
6542
6548
6550
6552
6554
6557
6557
6565
6575
6577
6582
6584
6585
6586
6595
6597
6597
6601
6603
6609
6612
6612
6614
6616
6618
6624
6627
6628
6628
6630
6633
6635
6638
6639
6648
6650
6652
6653
6656
6669
6670
6672
6675
6676
6677
6679
6680
6687
6689
6689
6691
6692
6696
6701
6701
6702
6703
6716
6718
6722
6727
6731
6734
6736
6736
6740
6741
6745
6745
6746
6751
6753
6758
6761
6763
6768
6770
6772
6772
6773
6781
6782
6783
6784
6790
6790
6797
6803
6809
6810
6818
6818
6822
6829
6831
6831
6842
6842
6848
6855
6866
6872
6873
6875
6882
6883
6883
6884
6888
6889
6891
6893
6901
6907
6910
6932
6935
6938
6949
6949
6952
6955
6959
6970
6978
6979
6979
6990
6992
7003
7005
7018
7026
7026
7034
7036
7036
7040
7040
7042
7042
7049
7050
7051
7051
7053
7054
7054
7055
7058
7060
7065
7072
7074
7084
7085
7087
7088
7091
7091
7096
7098
7107
7109
7110
7111
7112
7113
7114
7116
7118
7119
7123
7124
7125
7131
7131
7134
7135
7147
7148
7150
7153
7154
7158
7160
7163
7164
7168
7172
7180
7181
7181
7182
7185
7187
7188
7191
7191
7191
7192
7195
7199
7203
7204
7208
7209
7214
7220
7220
7221
7222
7223
7225
7225
7228
7232
7236
7237
7246
7249
7252
7255
7262
7262
7263
7264
7270
7273
7290
7290
7291
7291
7293
7296
7296
7305
7310
7310
7314
7318
7321
7322
7322
7327
7330
7332
7334
7340
7344
7354
7358
7358
7358
7359
7362
7363
7365
7378
7379
7380
7382
7386
7387
7391
7391
7397
7397
7398
7401
7411
7424
7435
7441
7443
7447
7448
7448
7454
7457
7458
7459
7468
7477
7481
7485
7487
7489
7493
7502
7503
7508
7510
7512
7514
7515
7521
7521
7528
7533
7535
7535
7539
7542
7543
7543
7552
7555
7566
7570
7571
7575
7577
7585
7589
7590
7591
7592
7598
7608
7617
7619
7620
7621
7623
7625
7625
7626
7629
7632
7634
7636
7638
7640
7640
7642
7642
7643
7645
7647
7656
7669
7670
7672
7672
7674
7679
7682
7683
7685
7685
7685
7687
7693
7704
7707
7707
7707
7708
7710
7711
7715
7719
7720
7724
7731
7731
7732
7737
7742
7745
7753
7753
7759
7766
7779
7783
7790
7793
7801
7805
7818
7818
7819
7820
7825
7826
7828
7828
7830
7833
7834
7840
7845
7845
7845
7849
7854
7855
7856
7859
7859
7861
7861
7878
7882
7890
7894
7898
7902
7902
7912
7912
7916
7918
7919
7920
7927
7927
7929
7943
7943
7947
7952
7955
7959
7962
7968
7973
7974
7976
7978
7981
7982
7982
7983
7986
7988
7994
7994
7998
7999
8011
8012
8017
8018
8021
8021
8021
8022
8030
8031
8036
8036
8039
8041
8048
8053
8054
8056
8059
8063
8063
8065
8066
8068
8072
8077
8077
8079
8079
8080
8082
8083
8087
8089
8091
8092
8092
8094
8098
8102
8103
8104
8111
8114
8116
8117
8120
8120
8122
8124
8125
8130
8134
8134
8134
8134
8137
8137
8138
8139
8139
8140
8142
8144
8145
8147
8149
8156
8157
8158
8158
8159
8159
8162
8163
8168
8168
8169
8170
8172
8175
8175
8188
8189
8189
8211
8212
8216
8219
8219
8221
8233
8233
8240
8242
8244
8250
8250
8252
8268
8271
8279
8280
8280
8280
8280
8281
8284
8304
8307
8313
8318
8318
8319
8321
8322
8322
8324
8325
8327
8333
8334
8335
8336
8336
8337
8342
8344
8344
8346
8350
8351
8355
8358
8360
8363
8366
8370
8370
8373
8378
8379
8380
8381
8385
8395
8397
8406
8406
8408
8410
8414
8414
8416
8417
8419
8422
8424
8425
8428
8430
8431
8434
8438
8438
8445
8446
8450
8451
8454
8454
8455
8455
8455
8462
8462
8463
8464
8477
8478
8480
8481
8484
8484
8485
8489
8490
8492
8498
8503
8503
8504
8508
8509
8514
8515
8523
8533
8545
8546
8546
8547
8551
8552
8556
8556
8559
8568
8578
8581
8582
8587
8588
8594
8595
8601
8602
8604
8612
8613
8614
8627
8630
8630
8631
8631
8640
8643
8644
8654
8660
8664
8666
8666
8667
8671
8678
8679
8681
8687
8690
8691
8695
8696
8706
8712
8713
8725
8725
8729
8732
8733
8735
8736
8740
8752
8756
8758
8759
8760
8761
8765
8766
8776
8786
8789
8790
8791
8792
8802
8802
8803
8803
8825
8828
8828
8828
8839
8840
8840
8844
8845
8848
8848
8852
8858
8860
8863
8864
8864
8868
8875
8877
8879
8880
8882
8884
8885
8885
8890
8897
8898
8900
8902
8909
8909
8912
8918
8921
8922
8922
8925
8927
8929
8929
8933
8936
8942
8945
8948
8950
8961
8962
8970
8973
8978
8979
8986
8988
9000
9002
9005
9006
9014
9014
9016
9017
9020
9025
9028
9029
9034
9045
9045
9048
9052
9055
9055
9061
9062
9071
9077
9078
9078
9080
9085
9088
9089
9090
9094
9099
9102
9108
9113
9113
9114
9115
9128
9131
9132
9134
9136
9137
9146
9154
9158
9158
9162
9169
9170
9172
9180
9181
9182
9184
9196
9207
9209
9211
9211
9215
9222
9224
9225
9230
9242
9251
9255
9256
9257
9258
9272
9273
9281
9287
9288
9289
9294
9295
9296
9298
9302
9304
9310
9310
9316
9318
9320
9321
9324
9328
9328
9328
9329
9329
9336
9337
9340
9340
9342
9344
9346
9351
9353
9353
9353
9356
9356
9361
9364
9371
9381
9389
9392
9392
9411
9411
9414
9421
9422
9423
9434
9436
9444
9446
9454
9458
9458
9466
9471
9479
9487
9489
9489
9493
9494
9494
9497
9499
9499
9500
9500
9515
9517
9522
9522
9523
9523
9525
9527
9527
9529
9533
9536
9539
9540
9543
9543
9550
9551
9555
9555
9560
9571
9576
9586
9588
9602
9607
9607
9608
9609
9614
9635
9635
9638
9642
9645
9648
9652
9661
9667
9669
9680
9689
9703
9706
9713
9715
9716
9718
9730
9730
9737
9738
9738
9739
9739
9740
9741
9746
9748
9751
9751
9753
9755
9756
9764
9774
9776
9776
9777
9779
9781
9785
9786
9794
9796
9801
9812
9812
9820
9825
9826
9827
9840
9842
9843
9849
9855
9858
9860
9860
9868
9869
9869
9871
9877
9878
9878
9879
9881
9882
9889
9895
9900
9902
9904
9904
9907
9909
9923
9925
9926
9932
9932
9932
9938
9938
9939
9940
9941
9942
9944
9946
9947
9951
9951
9958
9961
9963
9973
9975
9976
9978
9981
9986
9987
9987
9987
9988
9988
9989
9990
9994
9995
9998
10003
10004
10005
10006
10007
10011
10013
10014
10021
10024
10026
10027
10033
10033
10033
10035
10037
10040
10048
10048
10054
10060
10066
10072
10074
10077
10085
10091
10097
10109
10112
10122
10124
10130
10131
10132
10135
10136
10140
10142
10155
10159
10160
10163
10168
10169
10171
10178
10180
10181
10182
10182
10185
10190
10195
10198
10206
10208
10208
10208
10212
10214
10217
10219
10224
10226
10229
10231
10233
10233
10240
10241
10243
10250
10263
10267
10284
10287
10298
10298
10300
10300
10304
10306
10307
10307
10307
10308
10310
10311
10318
10328
10329
10334
10344
10345
10350
10351
10353
10359
10362
10373
10374
10384
10385
10389
10395
10397
10397
10399
10401
10401
10404
10406
10409
10410
10411
10414
10417
10423
10424
10425
10428
10431
10436
10439
10441
10441
10449
10449
10452
10454
10461
10463
10464
10465
10466
10466
10466
10474
10480
10481
10486
10488
10488
10491
10492
10500
10503
10504
10504
10512
10512
10514
10521
10524
10527
10527
10530
10535
10540
10540
10543
10545
10545
10554
10554
10556
10559
10560
10562
10562
10564
10564
10566
10567
10568
10571
10573
10576
10586
10587
10591
10607
10608
10610
10613
10616
10620
10622
10630
10631
10633
10636
10639
10651
10658
10658
10659
10664
10665
10666
10667
10668
10675
10681
10681
10683
10685
10691
10695
10709
10714
10722
10722
10723
10725
10728
10732
10733
10737
10738
10738
10742
10750
10752
10754
10755
10757
10763
10763
10763
10767
10768
10771
10782
10784
10785
10788
10789
10793
10794
10794
10798
10801
10803
10808
10808
10814
10814
10814
10814
10820
10820
10823
10824
10827
10831
10839
10842
10849
10857
10858
10858
10866
10867
10868
10869
10870
10874
10876
10877
10879
10881
10883
10883
10885
10892
10893
10895
10896
10901
10904
10912
10913
10914
10917
10920
10921
10921
10923
10926
10927
10928
10934
10935
10937
10937
10937
10944
10946
10948
10949
10951
10960
10960
10962
10965
10966
10974
10977
10978
10978
10979
10982
10989
10989
11001
11005
11012
11017
11018
11020
11024
11027
11027
11027
11037
11039
11041
11047
11049
11051
11052
11053
11054
11070
11071
11073
11075
11076
11079
11083
11084
11088
11093
11093
11094
11094
11095
11095
11096
11096
11100
11104
11107
11107
11107
11112
11113
11113
11116
11119
11121
11123
11125
11130
11132
11134
11135
11135
11138
11139
11142
11147
11154
11162
11165
11176
11182
11184
11189
11195
11201
11207
11215
11216
11219
11226
11227
11230
11235
11236
11241
11244
11244
11245
11246
11247
11249
11250
11262
11271
11272
11275
11280
11285
11288
11291
11293
11293
11295
11296
11297
11298
11299
11303
11309
11315
11317
11317
11320
11320
11323
11323
11324
11324
11328
11329
11330
11335
11347
11352
11361
11361
11363
11366
11369
11370
11373
11378
11382
11384
11385
11387
11393
11400
11401
11402
11403
11407
11408
11409
11410
11411
11412
11413
11418
11419
11419
11421
11422
11426
11429
11434
11435
11439
11442
11442
11443
11447
11451
11453
11453
11455
11456
11457
11461
11466
11473
11477
11483
11486
11486
11486
11486
11492
11493
11498
11500
11502
11502
11504
11508
11515
11528
11534
11536
11540
11545
11545
11546
11548
11548
11552
11553
11557
11569
11581
11584
11584
11585
11587
11590
11592
11592
11596
11599
11601
11601
11606
11609
11610
11614
11622
11625
11626
11626
11631
11633
11634
11637
11637
11640
11641
11642
11644
11650
11651
11656
11657
11659
11659
11661
11662
11664
11667
11670
11672
11675
11682
11683
11686
11689
11691
11692
11693
11696
11699
11701
11703
11707
11714
11716
11716
11720
11721
11722
11722
11744
11745
11749
11760
11766
11767
11769
11771
11774
11775
11775
11779
11784
11784
11792
11797
11798
11807
11817
11818
11819
11823
11824
11827
11833
11836
11837
11838
11838
11843
11844
11847
11851
11854
11856
11857
11857
11863
11868
11870
11871
11881
11882
11890
11890
11893
11896
11897
11916
11921
11922
11926
11933
11936
11939
11942
11945
11946
11950
11951
11953
11955
11957
11959
11969
11969
11974
11975
11990
11991
11992
11993
11995
11997
12004
12008
12011
12013
12013
12014
12019
12022
12023
12024
12026
12037
12044
12047
12047
12058
12059
12060
12061
12065
12066
12074
12074
12074
12080
12082
12094
12094
12096
12115
12116
12123
12129
12145
12147
12147
12155
12160
12161
12164
12166
12166
12172
12174
12178
12178
12192
12218
12221
12225
12227
12228
12229
12236
12237
12238
12240
12240
12243
12245
12246
12247
12249
12253
12271
12271
12274
12275
12282
12282
12284
12285
12290
12290
12291
12294
12307
12309
12314
12315
12316
12317
12317
12319
12322
12328
12337
12342
12349
12352
12352
12355
12358
12362
12363
12363
12364
12367
12371
12380
12390
12392
12394
12399
12399
12400
12402
12407
12407
12417
12418
12419
12419
12419
12426
12426
12427
12430
12433
12437
12439
12440
12448
12450
12451
12454
12458
12458
12461
12462
12464
12467
12482
12491
12494
12494
12495
12495
12501
12502
12504
12505
12508
12509
12511
12513
12517
12520
12521
12522
12524
12529
12533
12538
12541
12542
12542
12548
12548
12549
12560
12561
12565
12567
12567
12569
12574
12577
12587
12592
12596
12602
12611
12614
12614
12616
12616
12622
12624
12625
12625
12628
12629
12634
12637
12637
12639
12641
12644
12644
12645
12645
12653
12655
12656
12657
12662
12662
12664
12669
12677
12678
12682
12685
12688
12700
12705
12707
12714
12716
12718
12723
12744
12745
12752
12753
12756
12765
12767
12767
12769
12774
12779
12779
12780
12781
12783
12795
12797
12801
12803
12812
12814
12817
12824
12825
12825
12826
12838
12839
12842
12844
12846
12849
12850
12850
12852
12854
12855
12860
12865
12867
12870
12871
12871
12872
12872
12875
12875
12881
12888
12890
12891
12896
12898
12902
12902
12904
12915
12915
12919
12926
12930
12934
12935
12948
12949
12955
12960
12968
12968
12973
12976
12981
12986
12988
12991
12992
12993
13003
13007
13033
13033
13036
13040
13044
13050
13051
13052
13053
13056
13061
13062
13066
13071
13074
13075
13077
13084
13085
13087
13088
13088
13090
13100
13113
13116
13119
13122
13125
13127
13130
13130
13136
13144
13146
13148
13151
13157
13167
13168
13169
13179
13181
13182
13185
13187
13187
13190
13192
13197
13202
13202
13207
13208
13208
13212
13213
13216
13217
13218
13220
13223
13224
13232
13233
13235
13236
13237
13237
13240
13242
13245
13248
13260
13263
13270
13277
13278
13281
13289
13289
13303
13309
13309
13315
13317
13318
13319
13320
13321
13326
13330
13334
13336
13338
13339
13345
13353
13353
13355
13360
13362
13362
13364
13366
13369
13372
13376
13377
13381
13387
13388
13391
13391
13399
13403
13410
13411
13416
13439
13447
13453
13459
13461
13463
13463
13470
13471
13471
13471
13474
13475
13475
13475
13477
13480
13484
13486
13491
13496
13498
13500
13500
13502
13504
13507
13509
13510
13512
13514
13517
13518
13521
13523
13524
13524
13525
13527
13527
13535
13543
13543
13543
13545
13550
13555
13555
13555
13566
13569
13572
13578
13586
13592
13592
13593
13596
13600
13605
13608
13620
13620
13623
13628
13629
13629
13630
13630
13630
13635
13637
13639
13641
13642
13643
13643
13644
13645
13646
13652
13655
13656
13659
13663
13664
13673
13677
13679
13682
13687
13687
13698
13703
13706
13709
13711
13714
13714
13717
13719
13720
13723
13740
13742
13742
13752
13758
13761
13770
13771
13780
13780
13785
13787
13790
13792
13797
13799
13800
13804
13811
13811
13812
13813
13818
13819
13824
13834
13835
13851
13855
13856
13858
13861
13862
13866
13873
13875
13882
13882
13886
13898
13901
13920
13922
13925
13925
13927
13928
13935
13938
13939
13948
13950
13951
13953
13957
13963
13965
13967
13970
13971
13973
13980
13988
13991
13991
13992
13999
14005
14008
14008
14009
14015
14015
14016
14018
14030
14030
14032
14044
14045
14045
14050
14051
14052
14056
14062
14071
14072
14072
14075
14075
14079
14082
14086
14087
14091
14096
14096
14097
14097
14102
14104
14104
14106
14106
14115
14116
14130
14131
14133
14141
14143
14143
14155
14158
14161
14163
14164
14167
14171
14174
14178
14180
14181
14185
14187
14188
14189
14194
14198
14205
14208
14208
14209
14210
14213
14216
14218
14220
14221
14222
14222
14222
14223
14228
14230
14233
14236
14240
14246
14251
14253
14256
14257
14264
14274
14284
14291
14293
14294
14298
14299
14300
14310
14314
14315
14319
14321
14321
14325
14331
14334
14337
14337
14347
14347
14349
14350
14352
14364
14367
14368
14376
14386
14391
14393
14394
14398
14399
14399
14399
14402
14408
14409
14412
14415
14417
14420
14422
14426
14426
14427
14428
14429
14432
14438
14438
14438
14440
14446
14448
14452
14459
14460
14462
14462
14463
14466
14472
14473
14482
14485
14490
14496
14497
14497
14497
14498
14498
14500
14502
14505
14513
14514
14516
14522
14524
14527
14529
14529
14534
14535
14543
14569
14572
14580
14581
14582
14583
14592
14594
14602
14605
14609
14609
14610
14614
14616
14618
14622
14623
14624
14628
14637
14640
14640
14645
14648
14656
14657
14660
14664
14666
14671
14674
14681
14682
14688
14689
14704
14711
14712
14714
14714
14714
14724
14728
14730
14734
14738
14744
14745
14745
14749
14751
14755
14757
14761
14761
14765
14768
14768
14771
14774
14775
14776
14790
14790
14790
14799
14818
14822
14822
14824
14829
14830
14832
14834
14836
14838
14839
14845
14856
14857
14859
14862
14865
14867
14872
14873
14873
14876
14877
14879
14879
14882
14885
14902
14902
14906
14908
14912
14913
14917
14919
14922
14925
14928
14932
14933
14935
14939
14939
14943
14945
14950
14953
14959
14959
14959
14963
14966
14967
14972
14973
14976
14980
14985
14986
14993
14999
15003
15005
15016
15031
15034
15037
15039
15046
15046
15048
15051
15052
15063
15065
15067
15072
15075
15079
15080
15084
15087
15088
15092
15096
15101
15103
15112
15118
15118
15127
15144
15147
15148
15148
15149
15151
15158
15168
15169
15171
15174
15174
15174
15176
15180
15182
15184
15185
15190
15192
15194
15196
15199
15201
15211
15211
15218
15223
15225
15226
15228
15233
15238
15241
15241
15243
15251
15256
15258
15261
15272
15275
15284
15284
15285
15288
15289
15293
15300
15306
15313
15317
15320
15321
15323
15327
15328
15334
15334
15335
15336
15338
15342
15348
15358
15362
15364
15371
15373
15381
15388
15391
15392
15392
15395
15399
15406
15407
15409
15416
15419
15420
15424
15429
15433
15434
15439
15440
15446
15452
15453
15458
15458
15460
15472
15482
15486
15486
15487
15490
15499
15500
15501
15507
15508
15523
15524
15531
15538
15539
15543
15548
15549
15555
15560
15570
15572
15577
15578
15578
15581
15582
15586
15591
15591
15595
15597
15601
15601
15603
15603
15610
15611
15611
15611
15614
15621
15621
15622
15625
15627
15629
15629
15638
15646
15653
15654
15655
15662
15663
15665
15667
15672
15674
15680
15683
15688
15691
15692
15699
15703
15706
15710
15716
15718
15718
15719
15720
15723
15724
15726
15726
15726
15730
15731
15736
15739
15741
15741
15745
15750
15750
15753
15754
15761
15764
15768
15771
15776
15778
15778
15780
15783
15786
15789
15792
15794
15806
15810
15811
15813
15815
15819
15821
15824
15824
15824
15828
15832
15835
15839
15844
15845
15852
15854
15861
15863
15865
15867
15867
15871
15871
15876
15878
15882
15884
15895
15898
15904
15904
15904
15906
15913
15913
15917
15919
15919
15920
15922
15923
15926
15930
15930
15933
15937
15945
15946
15950
15950
15953
15953
15956
15958
15959
15959
15960
15962
15964
15967
15971
15973
15973
15975
15977
15977
15982
15988
15990
15996
15996
16002
16004
16005
16006
16006
16007
16012
16024
16024
16026
16033
16033
16036
16045
16048
16052
16052
16054
16055
16059
16064
16065
16067
16068
16071
16073
16076
16081
16082
16083
16086
16089
16090
16099
16103
16110
16111
16111
16118
16119
16120
16122
16133
16133
16134
16137
16139
16144
16147
16149
16154
16155
16161
16163
16164
16167
16174
16174
16177
16184
16187
16187
16191
16192
16193
16194
16200
16200
16201
16203
16205
16207
16210
16215
16216
16219
16222
16227
16231
16232
16235
16238
16240
16242
16244
16249
16252
16256
16258
16259
16261
16263
16265
16266
16268
16269
16270
16271
16273
16273
16277
16284
16284
16285
16290
16291
16294
16304
16305
16306
16307
16309
16309
16310
16313
16317
16317
16318
16320
16321
16325
16327
16329
16329
16331
16336
16336
16338
16345
16350
16350
16353
16353
16359
16360
16365
16368
16369
16371
16372
16378
16381
16386
16388
16398
16400
16404
16405
16419
16420
16420
16426
16428
16429
16429
16431
16433
16433
16435
16437
16437
16438
16442
16447
16461
16464
16467
16470
16471
16472
16474
16482
16485
16487
16489
16491
16506
16512
16515
16522
16523
16526
16527
16532
16535
16535
16535
16537
16544
16549
16556
16563
16564
16566
16567
16569
16574
16577
16578
16580
16583
16588
16592
16593
16594
16595
16598
16602
16603
16604
16608
16609
16609
16609
16613
16620
16627
16629
16630
16631
16632
16634
16635
16640
16641
16642
16645
16646
16646
16649
16649
16653
16657
16663
16665
16667
16668
16669
16670
16672
16673
16679
16683
16686
16686
16688
16689
16692
16694
16696
16699
16705
16710
16713
16713
16722
16723
16725
16727
16729
16731
16732
16732
16735
16735
16739
16740
16742
16744
16744
16748
16748
16749
16749
16750
16754
16755
16761
16764
16764
16766
16766
16768
16771
16775
16790
16795
16799
16803
16803
16807
16811
16814
16815
16816
16817
16818
16826
16830
16839
16841
16842
16851
16851
16857
16859
16861
16861
16863
16865
16869
16872
16872
16888
16891
16892
16893
16896
16897
16902
16910
16912
16913
16920
16925
16934
16934
16938
16940
16950
16951
16951
16954
16957
16958
16963
16966
16969
16976
16977
16979
16980
16981
16982
16986
16987
16987
16989
16992
16995
17001
17007
17008
17008
17011
17012
17018
17019
17020
17037
17043
17046
17061
17061
17063
17064
17066
17068
17071
17077
17087
17096
17105
17107
17108
17113
17120
17121
17124
17125
17127
17137
17141
17142
17151
17155
17158
17160
17165
17170
17170
17172
17175
17176
17182
17190
17195
17203
17203
17205
17205
17208
17209
17209
17212
17214
17227
17230
17233
17236
17236
17241
17245
17245
17248
17248
17253
17255
17257
17259
17262
17272
17276
17276
17278
17278
17282
17283
17283
17283
17284
17286
17290
17291
17297
17298
17298
17300
17301
17301
17304
17308
17309
17311
17311
17313
17314
17319
17320
17325
17325
17329
17332
17340
17341
17347
17348
17348
17348
17348
17349
17351
17352
17355
17361
17367
17374
17380
17384
17387
17387
17394
17400
17401
17403
17405
17406
17407
17410
17412
17413
17414
17414
17414
17420
17430
17447
17448
17448
17450
17450
17459
17459
17462
17470
17474
17477
17479
17484
17490
17492
17497
17503
17503
17506
17510
17511
17524
17530
17531
17532
17538
17540
17548
17554
17560
17566
17569
17569
17572
17575
17577
17577
17581
17582
17582
17583
17583
17585
17585
17593
17597
17600
17602
17603
17617
17622
17628
17629
17632
17633
17637
17639
17642
17645
17648
17650
17661
17665
17670
17670
17674
17677
17680
17682
17682
17685
17690
17695
17697
17698
17700
17706
17707
17713
17718
17729
17730
17731
17733
17733
17733
17735
17736
17737
17737
17741
17742
17749
17752
17753
17756
17766
17773
17774
17779
17781
17785
17789
17802
17809
17810
17814
17816
17818
17826
17826
17827
17829
17833
17838
17839
17842
17842
17845
17845
17848
17854
17855
17868
17873
17877
17880
17886
17887
17890
17901
17903
17911
17911
17914
17915
17915
17916
17921
17922
17922
17927
17928
17928
17930
17936
17937
17939
17943
17949
17961
17963
17964
17967
17972
17974
17974
17976
17989
17997
17998
17999
18001
18006
18006
18010
18011
18012
18014
18017
18025
18029
18036
18037
18041
18043
18044
18047
18047
18060
18060
18068
18077
18079
18085
18086
18088
18092
18093
18093
18096
18096
18099
18101
18109
18113
18113
18115
18126
18138
18142
18142
18143
18146
18156
18157
18158
18158
18159
18159
18160
18161
18167
18171
18173
18176
18177
18178
18178
18181
18188
18188
18191
18192
18212
18213
18218
18229
18234
18236
18237
18238
18241
18249
18252
18252
18254
18255
18263
18270
18271
18273
18278
18278
18282
18285
18288
18298
18301
18302
18308
18308
18314
18316
18321
18322
18327
18335
18335
18338
18341
18346
18352
18352
18357
18362
18369
18372
18373
18377
18377
18380
18382
18383
18384
18394
18396
18399
18401
18402
18404
18405
18407
18411
18413
18413
18416
18416
18419
18423
18424
18425
18427
18439
18440
18446
18447
18449
18454
18460
18462
18466
18467
18469
18472
18473
18476
18477
18477
18481
18489
18490
18492
18494
18497
18500
18505
18506
18507
18508
18509
18515
18515
18517
18518
18522
18525
18530
18531
18533
18534
18537
18540
18543
18546
18547
18550
18560
18562
18570
18571
18573
18575
18575
18577
18584
18585
18587
18592
18599
18600
18600
18602
18605
18607
18607
18609
18619
18629
18630
18631
18636
18640
18645
18645
18648
18651
18653
18653
18663
18663
18674
18681
18687
18689
18690
18690
18696
18700
18702
18713
18713
18713
18720
18723
18736
18738
18738
18741
18741
18741
18744
18744
18747
18748
18749
18750
18751
18752
18756
18766
18774
18776
18777
18778
18782
18785
18786
18793
18798
18799
18801
18802
18804
18806
18818
18822
18823
18825
18825
18829
18829
18838
18841
18843
18844
18852
18856
18857
18871
18872
18873
18874
18875
18876
18879
18879
18881
18883
18885
18885
18885
18886
18886
18889
18890
18894
18902
18907
18908
18922
18924
18926
18927
18931
18933
18934
18938
18941
18957
18960
18966
18970
18971
18974
18974
18988
18989
18990
18990
18995
18997
18999
19000
19002
19002
19005
19006
19024
19025
19037
19037
19037
19041
19045
19046
19047
19047
19050
19051
19054
19058
19058
19063
19064
19070
19077
19078
19085
19087
19091
19095
19096
19115
19119
19123
19124
19125
19130
19130
19134
19140
19147
19155
19159
19159
19167
19176
19176
19189
19193
19199
19201
19207
19207
19207
19213
19215
19215
19215
19215
19219
19220
19224
19225
19228
19235
19243
19250
19250
19252
19255
19256
19269
19272
19275
19275
19276
19276
19281
19284
19286
19287
19288
19289
19292
19293
19293
19294
19295
19296
19297
19299
19304
19305
19305
19307
19308
19309
19314
19314
19319
19320
19321
19327
19329
19329
19334
19346
19346
19346
19347
19355
19357
19364
19367
19368
19371
19372
19374
19376
19382
19386
19390
19390
19396
19396
19398
19407
19410
19411
19427
19430
19430
19430
19439
19439
19455
19457
19465
19472
19474
19481
19484
19496
19499
19502
19510
19512
19515
19522
19531
19534
19541
19542
19550
19550
19552
19555
19557
19560
19562
19563
19564
19564
19571
19571
19579
19581
19587
19589
19593
19598
19598
19602
19607
19607
19608
19614
19614
19626
19626
19632
19642
19642
19645
19647
19648
19651
19652
19653
19658
19660
19662
19675
19680
19688
19692
19694
19697
19700
19700
19700
19700
19701
19704
19704
19704
19706
19708
19711
19711
19713
19723
19727
19727
19729
19729
19734
19735
19735
19743
19744
19745
19746
19748
19753
19759
19759
19760
19760
19761
19765
19765
19766
19770
19773
19773
19774
19774
19774
19789
19790
19793
19796
19796
19797
19800
19803
19808
19809
19810
19811
19814
19815
19815
19819
19820
19827
19827
19831
19831
19842
19843
19847
19849
19855
19856
19861
19865
19875
19878
19884
19884
19892
19892
19895
19896
19902
19904
19905
19907
19908
19920
19920
19926
19927
19927
19928
19931
19934
19936
19938
19942
19942
19949
19950
19951
19956
19964
19967
19968
19970
19974
19974
19974
19982
19987
19997
20003
20004
20004
20006
20009
20011
20013
20017
20022
20026
20028
20041
20042
20051
20058
20070
20073
20073
20074
20078
20079
20085
20086
20091
20096
20100
20100
20103
20105
20105
20107
20108
20109
20110
20111
20117
20123
20124
20128
20144
20149
20154
20156
20156
20157
20159
20162
20169
20171
20171
20173
20176
20183
20189
20189
20190
20199
20203
20204
20210
20211
20212
20217
20238
20257
20258
20263
20267
20268
20277
20278
20283
20285
20291
20295
20296
20299
20305
20320
20322
20323
20323
20324
20326
20332
20335
20336
20338
20339
20343
20344
20347
20355
20358
20360
20362
20369
20369
20370
20373
20381
20385
20387
20393
20394
20395
20402
20404
20406
20419
20424
20425
20429
20434
20435
20435
20435
20442
20444
20446
20450
20452
20453
20459
20460
20464
20464
20465
20474
20476
20480
20480
20481
20482
20487
20487
20488
20489
20493
20497
20497
20504
20505
20506
20517
20519
20529
20530
20531
20533
20536
20540
20541
20547
20547
20553
20553
20554
20555
20555
20556
20564
20566
20567
20582
20586
20587
20591
20598
20602
20607
20608
20609
20611
20612
20613
20616
20623
20624
20624
20625
20631
20634
20641
20645
20650
20650
20662
20665
20668
20670
20671
20672
20676
20678
20678
20687
20687
20692
20697
20698
20701
20701
20703
20704
20717
20722
20728
20732
20739
20743
20752
20755
20759
20764
20765
20771
20772
20775
20777
20779
20781
20785
20794
20801
20803
20815
20820
20822
20823
20823
20828
20835
20844
20844
20856
20858
20868
20870
20870
20875
20881
20882
20885
20885
20887
20896
20907
20920
20927
20929
20933
20939
20940
20943
20945
20946
20951
20955
20959
20960
20960
20966
20977
20978
20986
20989
20990
20991
20998
20998
21004
21012
21013
21013
21016
21017
21028
21029
21033
21034
21036
21037
21047
21055
21058
21059
21060
21060
21060
21061
21079
21082
21084
21086
21095
21095
21101
21115
21122
21125
21125
21127
21130
21133
21141
21146
21149
21152
21154
21154
21156
21163
21166
21166
21167
21169
21169
21172
21173
21174
21175
21181
21182
21182
21186
21189
21191
21195
21199
21200
21215
21222
21223
21223
21226
21227
21228
21232
21236
21237
21243
21247
21247
21248
21252
21253
21259
21259
21260
21264
21268
21269
21270
21271
21274
21274
21275
21278
21279
21279
21283
21283
21285
21286
21286
21286
21291
21297
21298
21303
21304
21306
21307
21307
21311
21317
21318
21321
21327
21328
21329
21332
21333
21333
21335
21337
21343
21343
21347
21365
21368
21369
21370
21373
21379
21382
21384
21384
21387
21390
21391
21392
21395
21396
21401
21404
21405
21407
21408
21411
21419
21432
21438
21443
21449
21449
21451
21454
21455
21459
21460
21461
21469
21469
21470
21480
21480
21481
21482
21487
21489
21489
21492
21493
21496
21497
21501
21501
21501
21504
21511
21515
21518
21519
21524
21535
21536
21550
21551
21552
21555
21557
21558
21559
21565
21566
21566
21568
21574
21574
21576
21583
21586
21590
21602
21604
21604
21609
21610
21626
21627
21627
21628
21637
21640
21653
21657
21660
21666
21674
21674
21676
21677
21688
21693
21697
21701
21702
21703
21705
21710
21711
21715
21718
21722
21723
21724
21725
21725
21728
21730
21731
21731
21733
21736
21737
21740
21742
21744
21759
21759
21766
21769
21769
21771
21774
21783
21786
21787
21788
21794
21794
21795
21800
21800
21806
21807
21809
21810
21810
21816
21817
21821
21827
21838
21840
21842
21844
21846
21852
21854
21857
21863
21863
21864
21870
21870
21875
21879
21885
21885
21889
21904
21907
21907
21910
21913
21917
21919
21926
21933
21936
21943
21949
21953
21955
21964
21964
21972
21973
21973
21973
21976
21992
21992
21993
21993
21997
21998
22005
22005
22009
22016
22017
22018
22020
22021
22024
22024
22027
22029
22031
22033
22037
22039
22042
22043
22063
22066
22069
22072
22075
22075
22086
22086
22095
22098
22098
22100
22101
22101
22102
22109
22116
22124
22132
22140
22141
22146
22150
22160
22163
22165
22167
22171
22171
22176
22177
22178
22179
22183
22192
22198
22204
22209
22209
22215
22219
22235
22237
22238
22247
22249
22258
22259
22260
22264
22269
22272
22276
22291
22292
22293
22296
22297
22310
22312
22313
22317
22319
22329
22343
22344
22349
22351
22355
22357
22359
22360
22363
22367
22372
22373
22376
22380
22392
22394
22395
22398
22403
22408
22411
22415
22416
22417
22421
22421
22422
22423
22426
22427
22427
22428
22433
22433
22434
22438
22440
22441
22442
22443
22444
22444
22445
22450
22457
22457
22463
22464
22465
22469
22474
22479
22480
22485
22489
22492
22493
22499
22500
22508
22508
22510
22521
22523
22525
22525
22528
22536
22537
22542
22552
22553
22556
22558
22558
22565
22567
22575
22575
22576
22577
22577
22578
22582
22584
22584
22591
22594
22602
22606
22606
22617
22623
22628
22631
22631
22631
22633
22640
22642
22642
22642
22642
22644
22647
22648
22648
22649
22651
22653
22656
22657
22658
22660
22660
22663
22665
22686
22686
22687
22689
22692
22693
22694
22699
22705
22708
22708
22710
22714
22717
22720
22728
22739
22740
22744
22746
22749
22757
22758
22761
22764
22765
22766
22766
22768
22770
22770
22776
22776
22777
22781
22786
22788
22788
22789
22789
22790
22791
22794
22794
22799
22802
22803
22805
22806
22814
22816
22818
22819
22821
22823
22829
22832
22834
22843
22847
22851
22852
22854
22857
22857
22857
22863
22863
22865
22871
22878
22878
22879
22881
22884
22884
22887
22894
22896
22899
22903
22905
22906
22906
22907
22920
22925
22936
22936
22937
22939
22942
22946
22952
22954
22954
22955
22956
22961
22966
22968
22970
22970
22972
22973
22975
22975
22979
22983
22988
22993
22996
23001
23002
23010
23012
23013
23023
23024
23041
23046
23047
23049
23050
23056
23060
23062
23064
23066
23068
23084
23086
23087
23091
23092
23101
23101
23102
23107
23107
23109
23110
23112
23113
23113
23120
23125
23126
23131
23140
23140
23146
23149
23162
23164
23166
23170
23172
23176
23183
23186
23187
23194
23195
23204
23210
23214
23216
23217
23222
23227
23228
23229
23232
23238
23238
23251
23252
23257
23272
23275
23275
23283
23296
23298
23308
23313
23314
23314
23320
23322
23323
23326
23331
23342
23350
23352
23354
23356
23357
23357
23359
23360
23372
23376
23390
23391
23396
23402
23407
23411
23413
23422
23431
23433
23438
23447
23449
23451
23454
23460
23466
23467
23469
23469
23475
23479
23479
23484
23487
23495
23504
23505
23506
23517
23518
23523
23525
23525
23530
23532
23542
23547
23553
23555
23561
23570
23574
23577
23577
23579
23579
23579
23580
23583
23586
23586
23589
23598
23599
23599
23600
23606
23608
23614
23615
23619
23620
23621
23622
23626
23632
23648
23651
23652
23654
23655
23657
23658
23658
23659
23661
23661
23665
23665
23667
23672
23675
23679
23689
23704
23707
23709
23713
23716
23717
23718
23730
23731
23737
23740
23743
23744
23746
23748
23751
23752
23752
23759
23773
23776
23777
23784
23787
23788
23804
23808
23814
23816
23821
23828
23829
23830
23832
23840
23842
23842
23844
23848
23850
23852
23852
23864
23864
23876
23877
23879
23881
23883
23885
23885
23887
23888
23891
23893
23894
23895
23897
23902
23904
23906
23908
23909
23915
23920
23922
23923
23928
23930
23933
23941
23944
23951
23952
23956
23956
23958
23958
23958
23959
23970
23971
23972
23976
23976
23978
23979
23980
23987
23993
23994
23994
23999
23999
24005
24006
24007
24009
24010
24020
24020
24030
24044
24051
24051
24062
24064
24065
24068
24069
24069
24073
24077
24079
24089
24092
24095
24101
24104
24104
24105
24106
24107
24112
24113
24119
24121
24126
24128
24129
24134
24136
24139
24139
24146
24147
24153
24153
24154
24155
24158
24159
24161
24162
24164
24165
24168
24169
24180
24183
24185
24185
24188
24189
24193
24194
24202
24203
24206
24206
24207
24207
24212
24216
24217
24219
24221
24221
24221
24224
24225
24226
24227
24227
24228
24228
24243
24244
24245
24246
24251
24257
24258
24258
24265
24276
24277
24278
24283
24284
24287
24290
24290
24297
24297
24309
24311
24312
24312
24319
24324
24326
24329
24334
24337
24338
24338
24343
24349
24349
24350
24352
24352
24355
24355
24359
24362
24379
24382
24384
24384
24384
24390
24391
24391
24391
24395
24396
24399
24400
24400
24402
24415
24416
24419
24425
24426
24429
24436
24436
24445
24446
24450
24450
24453
24453
24454
24459
24463
24468
24468
24477
24477
24483
24492
24499
24500
24504
24506
24509
24509
24517
24517
24524
24525
24527
24528
24531
24532
24535
24539
24547
24549
24550
24553
24555
24559
24562
24565
24569
24576
24579
24579
24585
24586
24591
24598
24604
24605
24605
24608
24608
24614
24615
24619
24622
24631
24638
24640
24643
24645
24653
24661
24662
24669
24670
24671
24671
24674
24679
24680
24682
24684
24685
24689
24696
24702
24712
24715
24716
24716
24719
24728
24733
24740
24745
24748
24750
24751
24752
24756
24763
24764
24766
24767
24768
24778
24778
24782
24790
24792
24797
24801
24804
24807
24808
24815
24818
24820
24823
24823
24826
24826
24850
24855
24858
24861
24862
24863
24865
24867
24870
24870
24875
24879
24881
24882
24882
24885
24886
24889
24892
24892
24894
24895
24895
24898
24903
24915
24923
24924
24926
24932
24933
24934
24935
24949
24962
24963
24963
24964
24965
24966
24968
24969
24970
24974
24979
24980
24983
24993
24997
24998
24998
25001
25002
25006
25009
25015
25017
25020
25025
25035
25038
25038
25040
25043
25044
25046
25049
25053
25055
25059
25059
25060
25061
25066
25066
25076
25077
25091
25092
25097
25101
25106
25112
25115
25116
25117
25119
25123
25127
25127
25127
25135
25136
25136
25139
25140
25141
25149
25153
25158
25159
25177
25178
25180
25181
25187
25194
25199
25199
25212
25217
25220
25226
25236
25239
25244
25247
25250
25250
25254
25254
25263
25269
25270
25273
25275
25279
25281
25288
25289
25290
25295
25303
25305
25307
25316
25316
25317
25318
25320
25321
25323
25323
25324
25327
25327
25329
25330
25337
25339
25341
25341
25341
25343
25343
25344
25347
25347
25350
25351
25354
25359
25363
25373
25378
25378
25380
25387
25390
25391
25395
25404
25409
25411
25415
25422
25425
25425
25426
25430
25438
25439
25439
25443
25444
25446
25452
25454
25455
25465
25469
25470
25470
25473
25476
25480
25482
25483
25483
25484
25493
25495
25498
25499
25509
25511
25520
25520
25521
25524
25527
25527
25534
25536
25546
25549
25553
25554
25559
25559
25561
25563
25564
25565
25566
25568
25571
25572
25574
25575
25578
25579
25583
25590
25595
25595
25597
25598
25601
25602
25611
25612
25618
25629
25629
25632
25634
25637
25640
25642
25644
25652
25666
25682
25682
25684
25692
25708
25709
25714
25715
25718
25724
25726
25730
25733
25736
25738
25739
25743
25746
25751
25751
25756
25757
25757
25763
25764
25771
25772
25779
25785
25789
25800
25803
25806
25806
25810
25811
25814
25817
25818
25820
25829
25830
25831
25834
25840
25840
25845
25848
25851
25852
25853
25853
25857
25865
25868
25875
25878
25878
25883
25885
25887
25892
25893
25894
25897
25902
25903
25906
25918
25920
25922
25923
25925
25926
25928
25928
25929
25929
25932
25933
25933
25934
25938
25946
25950
25956
25958
25960
25963
25966
25970
25986
25987
25989
25991
25992
25993
25994
26005
26007
26021
26027
26029
26032
26034
26039
26040
26046
26047
26047
26058
26060
26060
26065
26068
26069
26070
26073
26085
26087
26103
26106
26109
26110
26114
26115
26115
26117
26118
26123
26128
26131
26144
26145
26147
26148
26149
26150
26159
26167
26169
26170
26171
26171
26179
26181
26187
26187
26188
26193
26196
26197
26200
26200
26201
26203
26205
26209
26213
26213
26215
26217
26221
26222
26226
26232
26235
26235
26236
26240
26240
26241
26257
26266
26269
26270
26271
26271
26273
26281
26282
26287
26287
26295
26298
26304
26309
26311
26312
26315
26316
26321
26323
26326
26326
26330
26333
26351
26352
26354
26359
26368
26373
26374
26377
26382
26382
26383
26384
26385
26392
26395
26400
26412
26418
26418
26422
26426
26429
26430
26431
26432
26434
26435
26437
26443
26443
26444
26449
26451
26452
26454
26455
26459
26460
26462
26462
26465
26465
26465
26477
26480
26481
26482
26483
26483
26486
26487
26488
26492
26494
26496
26502
26503
26504
26504
26507
26510
26513
26517
26520
26523
26524
26524
26525
26529
26533
26535
26536
26540
26544
26545
26545
26545
26549
26552
26563
26564
26573
26575
26575
26576
26578
26584
26585
26590
26592
26596
26597
26599
26599
26603
26612
26616
26618
26620
26623
26623
26623
26626
26626
26630
26637
26639
26654
26656
26656
26658
26660
26661
26669
26671
26674
26679
26682
26683
26688
26689
26692
26694
26696
26696
26697
26702
26704
26710
26710
26712
26714
26715
26718
26718
26720
26724
26725
26726
26729
26733
26734
26749
26749
26755
26758
26759
26763
26767
26768
26768
26774
26778
26778
26781
26787
26790
26799
26799
26800
26800
26804
26813
26816
26836
26842
26846
26846
26850
26856
26863
26864
26872
26876
26878
26880
26881
26881
26882
26884
26888
26890
26893
26895
26895
26898
26900
26904
26910
26911
26912
26913
26914
26920
26920
26925
26927
26927
26931
26932
26938
26939
26940
26940
26943
26943
26944
26945
26949
26952
26953
26957
26957
26961
26964
26972
26974
26978
26980
26982
26986
26989
26991
26994
26997
26998
26998
26999
27001
27001
27003
27007
27008
27010
27011
27014
27017
27018
27021
27024
27026
27029
27030
27037
27045
27051
27055
27068
27070
27081
27083
27087
27093
27094
27097
27109
27111
27115
27118
27121
27122
27128
27128
27128
27136
27141
27141
27143
27152
27164
27170
27172
27174
27176
27182
27183
27188
27192
27198
27205
27207
27211
27222
27224
27225
27229
27235
27246
27252
27252
27254
27260
27264
27265
27267
27270
27271
27274
27282
27285
27294
27294
27305
27311
27314
27315
27316
27316
27324
27326
27329
27333
27335
27335
27338
27344
27345
27349
27350
27356
27358
27360
27363
27370
27373
27373
27374
27375
27375
27378
27382
27382
27384
27388
27396
27397
27400
27401
27404
27405
27406
27407
27413
27420
27422
27427
27429
27430
27431
27433
27435
27435
27435
27436
27451
27452
27458
27460
27461
27464
27474
27476
27481
27485
27487
27487
27500
27507
27513
27513
27513
27520
27522
27531
27536
27545
27547
27551
27555
27556
27557
27562
27566
27567
27577
27578
27590
27590
27593
27606
27611
27612
27615
27617
27618
27621
27621
27629
27629
27632
27639
27642
27645
27645
27655
27657
27667
27672
27681
27684
27690
27701
27706
27708
27710
27715
27715
27717
27718
27720
27724
27729
27734
27735
27765
27769
27774
27778
27784
27787
27788
27788
27792
27792
27804
27805
27806
27810
27810
27813
27814
27817
27818
27823
27828
27832
27833
27837
27842
27846
27846
27850
27854
27854
27855
27856
27857
27857
27860
27866
27878
27879
27880
27882
27882
27883
27887
27891
27894
27895
27896
27898
27900
27902
27913
27913
27914
27915
27916
27917
27917
27918
27920
27920
27923
27923
27924
27925
27930
27938
27940
27940
27945
27953
27953
27953
27955
27958
27962
27965
27975
27977
27979
27982
27984
27986
27991
27992
27995
27997
28003
28004
28017
28018
28019
28020
28022
28024
28027
28028
28028
28030
28030
28033
28036
28041
28045
28053
28067
28070
28071
28075
28081
28083
28091
28096
28099
28109
28110
28110
28112
28113
28118
28120
28129
28129
28131
28137
28145
28148
28159
28160
28162
28164
28164
28168
28170
28179
28183
28185
28188
28204
28207
28214
28223
28225
28233
28237
28239
28240
28241
28242
28244
28248
28248
28253
28256
28256
28257
28261
28266
28269
28270
28276
28282
28284
28295
28302
28305
28306
28308
28309
28310
28315
28315
28323
28325
28325
28325
28331
28333
28343
28343
28345
28357
28359
28363
28364
28368
28371
28374
28374
28375
28391
28397
28405
28409
28414
28418
28418
28422
28424
28425
28426
28427
28429
28432
28435
28437
28443
28443
28444
28445
28449
28450
28452
28460
28468
28471
28474
28475
28477
28478
28479
28484
28485
28487
28489
28493
28497
28500
28505
28506
28507
28515
28515
28519
28526
28528
28538
28538
28543
28543
28549
28552
28554
28556
28557
28561
28566
28567
28569
28574
28574
28575
28576
28583
28588
28589
28590
28593
28593
28595
28596
28597
28600
28601
28603
28604
28609
28612
28614
28615
28618
28618
28628
28631
28633
28633
28634
28636
28648
28653
28653
28659
28659
28662
28672
28680
28681
28687
28690
28697
28697
28697
28699
28708
28713
28720
28722
28722
28723
28725
28729
28737
28737
28738
28747
28747
28748
28750
28751
28756
28758
28759
28760
28761
28763
28763
28764
28765
28768
28770
28770
28770
28781
28784
28790
28792
28794
28795
28796
28797
28800
28811
28815
28822
28824
28827
28828
28834
28839
28849
28853
28854
28854
28854
28856
28860
28866
28874
28875
28876
28883
28883
28883
28885
28889
28890
28892
28894
28900
28906
28914
28915
28925
28926
28933
28935
28946
28947
28948
28950
28951
28954
28955
28955
28961
28971
28972
28972
28975
28976
28977
28979
28980
28985
28987
28990
28992
28993
28994
28995
28997
28998
29005
29009
29011
29038
29041
29046
29049
29052
29062
29075
29077
29078
29097
29101
29108
29108
29108
29109
29114
29116
29117
29117
29125
29127
29129
29130
29135
29137
29138
29146
29146
29152
29156
29159
29184
29189
29191
29195
29195
29198
29198
29201
29202
29207
29214
29214
29217
29218
29222
29225
29226
29227
29228
29231
29233
29233
29235
29237
29237
29240
29248
29252
29254
29256
29257
29258
29258
29260
29262
29263
29263
29266
29266
29266
29267
29267
29269
29270
29271
29279
29281
29282
29283
29283
29287
29288
29291
29292
29292
29295
29296
29297
29315
29315
29318
29327
29331
29340
29344
29344
29345
29347
29349
29349
29352
29356
29357
29361
29368
29385
29386
29389
29391
29393
29394
29394
29396
29402
29405
29413
29416
29416
29418
29424
29425
29425
29426
29438
29441
29445
29445
29446
29453
29455
29464
29470
29471
29473
29476
29480
29485
29487
29497
29499
29500
29501
29504
29511
29515
29515
29523
29525
29530
29534
29534
29537
29551
29551
29553
29556
29562
29564
29566
29568
29569
29569
29574
29578
29580
29581
29583
29583
29584
29584
29585
29593
29596
29601
29603
29609
29609
29613
29625
29627
29632
29632
29634
29636
29642
29643
29653
29668
29678
29678
29682
29684
29686
29691
29696
29699
29705
29714
29718
29729
29730
29734
29736
29740
29742
29745
29750
29752
29757
29761
29767
29770
29770
29772
29772
29776
29778
29780
29784
29788
29789
29791
29793
29793
29795
29798
29800
29812
29814
29816
29816
29818
29819
29820
29821
29824
29825
29826
29831
29834
29836
29840
29840
29843
29846
29850
29852
29853
29855
29859
29867
29868
29869
29881
29883
29883
29883
29883
29887
29887
29888
29892
29894
29894
29896
29909
29909
29911
29911
29916
29919
29920
29920
29921
29922
29930
29934
29938
29939
29940
29941
29945
29955
29956
29958
29962
29965
29967
29973
29976
29981
29987
29988
29989
29995
29996
29999
30000
30003
30004
30008
30016
30018
30018
30027
30029
30036
30038
30041
30042
30049
30052
30057
30058
30059
30061
30065
30065
30071
30072
30073
30075
30077
30079
30081
30081
30082
30085
30089
30101
30121
30122
30125
30132
30141
30145
30145
30147
30147
30157
30157
30158
30161
30161
30180
30184
30189
30196
30204
30205
30208
30209
30213
30215
30217
30219
30220
30223
30226
30231
30231
30232
30235
30239
30240
30245
30248
30254
30257
30260
30263
30264
30264
30270
30272
30276
30278
30279
30288
30289
30290
30290
30290
30297
30302
30303
30305
30310
30312
30314
30321
30331
30345
30348
30349
30354
30358
30359
30367
30367
30367
30370
30371
30371
30374
30374
30375
30379
30380
30391
30392
30394
30394
30398
30402
30405
30415
30416
30416
30422
30432
30438
30439
30446
30452
30455
30458
30459
30460
30463
30463
30467
30475
30477
30478
30479
30479
30480
30485
30487
30488
30492
30493
30496
30497
30498
30500
30505
30506
30507
30508
30512
30513
30516
30517
30518
30522
30524
30525
30528
30528
30532
30538
30539
30541
30541
30545
30546
30548
30550
30561
30569
30574
30577
30577
30577
30579
30582
30584
30585
30591
30593
30598
30599
30600
30602
30607
30608
30616
30622
30626
30633
30638
30639
30643
30647
30653
30657
30660
30660
30662
30663
30665
30665
30668
30672
30674
30679
30681
30691
30692
30696
30697
30698
30701
30712
30712
30718
30720
30721
30728
30730
30732
30734
30734
30734
30737
30737
30737
30738
30738
30747
30747
30759
30760
30768
30769
30770
30773
30779
30781
30783
30785
30785
30788
30791
30795
30799
30799
30802
30807
30813
30817
30819
30823
30824
30824
30830
30833
30835
30838
30844
30847
30849
30850
30852
30853
30857
30857
30863
30863
30871
30871
30872
30873
30881
30883
30888
30893
30903
30910
30911
30923
30925
30926
30926
30927
30932
30933
30934
30937
30939
30957
30971
30978
30985
30993
30994
30997
31002
31003
31005
31008
31008
31012
31016
31016
31019
31023
31023
31031
31035
31043
31043
31043
31048
31053
31055
31057
31060
31069
31077
31078
31089
31091
31093
31093
31099
31101
31108
31117
31119
31119
31123
31130
31131
31135
31138
31138
31140
31145
31153
31161
31163
31169
31169
31174
31176
31176
31179
31185
31190
31192
31195
31196
31203
31203
31208
31212
31217
31218
31219
31221
31223
31224
31226
31228
31234
31237
31251
31253
31258
31258
31264
31272
31277
31280
31283
31285
31294
31294
31295
31299
31303
31309
31309
31311
31319
31319
31322
31323
31326
31327
31332
31333
31335
31336
31346
31348
31349
31352
31352
31352
31354
31357
31365
31368
31374
31376
31377
31378
31383
31401
31403
31403
31409
31414
31417
31419
31420
31428
31438
31439
31446
31451
31454
31457
31464
31466
31468
31470
31471
31472
31476
31480
31481
31487
31490
31490
31492
31496
31498
31505
31512
31515
31517
31518
31519
31523
31523
31526
31536
31538
31538
31541
31544
31548
31550
31550
31553
31554
31556
31558
31559
31559
31559
31559
31561
31561
31563
31564
31564
31565
31567
31569
31570
31576
31586
31592
31594
31596
31598
31601
31601
31605
31607
31607
31612
31614
31616
31616
31618
31619
31620
31621
31626
31630
31631
31631
31633
31640
31644
31645
31647
31648
31657
31659
31659
31665
31667
31673
31679
31696
31696
31698
31707
31710
31718
31719
31724
31727
31728
31730
31731
31733
31734
31741
31743
31747
31748
31749
31758
31761
31772
31775
31776
31776
31801
31802
31814
31816
31819
31828
31846
31848
31849
31852
31853
31856
31858
31862
31863
31863
31873
31873
31879
31879
31882
31883
31901
31903
31906
31909
31910
31914
31921
31924
31925
31926
31928
31945
31946
31948
31952
31953
31956
31964
31964
31966
31974
31976
31978
31978
31981
31982
31985
31986
31989
31990
31991
31994
32007
32010
32014
32015
32017
32023
32024
32027
32027
32028
32035
32038
32038
32040
32041
32043
32045
32049
32051
32053
32054
32054
32059
32063
32068
32076
32080
32083
32087
32092
32094
32095
32105
32107
32107
32111
32122
32138
32140
32141
32158
32158
32159
32163
32165
32167
32167
32171
32171
32174
32180
32188
32189
32191
32193
32195
32196
32196
32197
32203
32206
32209
32211
32216
32219
32232
32234
32235
32240
32244
32246
32247
32247
32248
32248
32249
32250
32251
32262
32265
32265
32270
32270
32273
32274
32276
32280
32283
32288
32294
32295
32302
32307
32310
32312
32321
32323
32331
32333
32339
32348
32350
32354
32355
32355
32357
32358
32359
32359
32360
32363
32363
32363
32366
32374
32377
32378
32381
32383
32398
32398
32399
32404
32405
32407
32407
32411
32411
32414
32415
32417
32419
32421
32424
32428
32430
32438
32441
32447
32450
32452
32456
32461
32462
32466
32466
32468
32470
32485
32492
32494
32505
32520
32523
32524
32525
32526
32527
32528
32530
32533
32534
32536
32536
32537
32544
32546
32548
32548
32548
32548
32563
32573
32574
32575
32575
32580
32580
32582
32582
32584
32585
32591
32592
32595
32595
32603
32603
32605
32607
32616
32616
32616
32616
32617
32620
32622
32626
32628
32628
32630
32631
32632
32635
32637
32639
32642
32644
32646
32648
32649
32650
32651
32655
32656
32664
32666
32667
32676
32679
32682
32685
32693
32694
32696
32696
32701
32701
32706
32707
32711
32717
32723
32725
32727
32733
32735
32737
32742
32743
32744
32746
32747
32748
32750
32751
32751
32753
32753
32757
32763
32764
32766
