2
3
10
12
14
18
25
26
28
29
35
41
41
44
50
52
53
54
56
56
66
71
73
74
75
76
78
90
90
97
101
103
104
104
112
115
122
123
125
131
131
132
134
137
138
139
145
148
154
156
157
170
173
173
176
179
185
185
190
191
199
200
202
206
209
209
212
216
217
219
220
221
221
223
223
224
226
226
226
233
237
242
242
243
244
245
255
255
257
257
264
265
265
267
271
274
284
290
296
304
308
312
312
314
316
316
318
322
322
323
328
328
332
343
354
358
368
368
370
370
376
379
380
387
390
391
391
392
400
408
411
413
415
415
420
423
425
426
430
432
434
434
436
442
444
448
448
457
466
468
472
477
479
482
485
487
493
501
506
507
508
513
519
530
530
535
543
546
547
547
547
555
563
571
571
586
590
591
593
593
594
595
604
607
608
610
610
612
614
619
621
628
635
639
642
645
649
650
660
661
664
665
673
674
677
684
691
693
707
709
714
719
721
724
727
735
737
737
745
747
748
756
772
775
777
785
797
800
817
818
819
821
829
832
838
848
852
852
856
859
860
863
867
868
871
878
885
887
894
895
902
904
912
913
925
926
930
934
934
935
935
935
943
945
946
951
952
960
961
963
966
968
968
971
975
975
982
986
989
991
1002
1005
1008
1009
1011
1014
1019
1019
1026
1027
1029
1034
1041
1046
1046
1046
1047
1049
1051
1053
1057
1065
1065
1068
1083
1084
1087
1094
1104
1113
1119
1130
1134
1139
1141
1144
1145
1146
1146
1147
1150
1150
1154
1154
1154
1155
1157
1158
1160
1164
1166
1170
1171
1173
1180
1182
1197
1199
1204
1205
1212
1212
1214
1223
1227
1228
1232
1232
1238
1239
1239
1243
1246
1249
1250
1250
1252
1252
1256
1263
1268
1275
1275
1277
1277
1289
1291
1294
1299
1314
1315
1319
1322
1327
1331
1337
1340
1342
1362
1362
1366
1370
1371
1378
1381
1390
1391
1395
1395
1398
1401
1406
1409
1412
1416
1417
1419
1427
1428
1431
1433
1434
1435
1436
1439
1440
1440
1446
1451
1457
1459
1461
1475
1478
1479
1482
1482
1484
1485
1489
1490
1491
1491
1493
1499
1502
1504
1510
1512
1516
1517
1523
1524
1526
1527
1532
1536
1539
1542
1544
1552
1555
1556
1562
1563
1563
1564
1565
1567
1568
1569
1570
1570
1571
1574
1578
1578
1579
1581
1582
1583
1583
1585
1586
1590
1597
1606
1609
1616
1618
1621
1622
1624
1627
1642
1644
1647
1651
1653
1656
1658
1662
1667
1670
1673
1675
1675
1681
1683
1686
1688
1688
1690
1695
1706
1710
1716
1719
1719
1720
1724
1728
1736
1736
1739
1740
1749
1749
1751
1752
1752
1754
1756
1762
1763
1767
1773
1774
1776
1778
1788
1793
1794
1797
1799
1805
1806
1807
1808
1809
1810
1824
1829
1831
1837
1841
1842
1845
1848
1850
1852
1862
1863
1869
1878
1889
1892
1897
1899
1900
1900
1901
1901
1906
1908
1909
1911
1919
1926
1926
1927
1928
1928
1932
1940
1947
1952
1962
1963
1964
1975
1977
1979
1981
1982
1987
1988
1994
1998
1999
2004
2006
2008
2013
2019
2020
2027
2031
2032
2035
2047
2050
2053
2053
2053
2054
2054
2063
2064
2065
2070
2077
2081
2081
2082
2085
2100
2103
2108
2110
2111
2112
2112
2117
2123
2130
2134
2138
2141
2142
2142
2144
2149
2149
2150
2161
2168
2171
2176
2178
2180
2183
2184
2184
2188
2190
2191
2195
2195
2197
2198
2200
2204
2204
2208
2208
2211
2212
2215
2220
2226
2227
2232
2234
2247
2247
2251
2252
2253
2257
2258
2265
2266
2267
2267
2270
2272
2276
2281
2283
2283
2284
2285
2288
2295
2297
2301
2302
2306
2307
2307
2316
2320
2327
2330
2337
2338
2340
2341
2341
2343
2346
2348
2350
2354
2361
2362
2364
2365
2368
2371
2377
2382
2388
2395
2403
2404
2407
2408
2409
2410
2412
2413
2414
2417
2421
2426
2430
2432
2434
2435
2447
2463
2466
2469
2478
2482
2487
2488
2490
2503
2505
2508
2509
2511
2511
2512
2514
2518
2519
2520
2533
2549
2550
2561
2561
2561
2564
2572
2573
2575
2576
2578
2583
2606
2614
2615
2617
2619
2621
2622
2625
2628
2629
2630
2630
2631
2635
2635
2637
2645
2648
2648
2651
2656
2659
2660
2664
2666
2677
2679
2683
2684
2688
2693
2695
2696
2697
2700
2702
2703
2704
2706
2716
2719
2726
2729
2730
2733
2738
2740
2744
2745
2745
2752
2755
2758
2761
2769
2771
2777
2785
2785
2795
2797
2798
2799
2800
2803
2805
2806
2809
2814
2817
2818
2820
2855
2857
2859
2864
2868
2869
2869
2876
2877
2878
2881
2889
2891
2894
2895
2897
2897
2902
2908
2908
2908
2916
2917
2918
2919
2921
2922
2942
2944
2945
2948
2951
2954
2955
2958
2960
2966
2972
2977
2985
2988
2990
2994
2995
2996
2996
2997
2999
3005
3014
3014
3016
3016
3017
3020
3023
3030
3032
3036
3037
3038
3039
3041
3041
3043
3044
3048
3050
3055
3056
3060
3061
3062
3062
3063
3063
3063
3064
3064
3065
3074
3079
3081
3081
3085
3086
3088
3088
3090
3096
3097
3098
3106
3109
3110
3111
3115
3116
3118
3118
3123
3129
3132
3141
3147
3156
3161
3162
3162
3170
3173
3174
3175
3176
3176
3183
3188
3190
3190
3193
3197
3198
3198
3201
3201
3203
3210
3223
3227
3228
3229
3235
3238
3238
3238
3246
3246
3248
3251
3254
3257
3258
3266
3266
3270
3272
3275
3275
3275
3277
3278
3279
3281
3286
3288
3288
3295
3302
3303
3305
3308
3318
3318
3323
3326
3344
3347
3350
3351
3352
3355
3360
3363
3374
3378
3380
3389
3389
3395
3397
3399
3402
3403
3403
3405
3406
3408
3411
3412
3417
3426
3427
3428
3433
3434
3434
3435
3435
3437
3439
3443
3446
3446
3447
3457
3457
3459
3460
3460
3464
3465
3466
3472
3473
3474
3474
3474
3483
3483
3483
3488
3492
3497
3498
3499
3502
3502
3507
3521
3523
3525
3535
3539
3539
3545
3546
3547
3581
3591
3597
3599
3602
3605
3606
3607
3607
3613
3614
3615
3617
3619
3620
3623
3624
3626
3627
3637
3637
3648
3651
3652
3653
3664
3666
3669
3672
3672
3677
3690
3692
3693
3694
3695
3700
3703
3713
3714
3730
3739
3740
3742
3745
3745
3752
3753
3754
3754
3759
3763
3765
3769
3773
3778
3780
3781
3786
3787
3788
3790
3794
3795
3796
3797
3803
3804
3805
3811
3812
3817
3823
3832
3833
3833
3837
3847
3848
3856
3857
3860
3866
3870
3871
3874
3875
3880
3882
3883
3884
3884
3885
3886
3887
3895
3896
3898
3899
3900
3901
3902
3904
3905
3906
3910
3911
3912
3914
3917
3935
3937
3940
3941
3943
3945
3952
3953
3954
3960
3961
3962
3965
3970
3974
3975
3980
3980
3982
3983
3983
3986
3988
3994
4004
4012
4012
4016
4018
4024
4030
4034
4039
4040
4042
4045
4047
4049
4049
4050
4057
4061
4062
4063
4065
4066
4068
4069
4075
4078
4080
4081
4086
4087
4090
4091
4094
4102
4107
4108
4111
4111
4111
4112
4115
4120
4124
4124
4126
4128
4130
4141
4141
4150
4151
4151
4163
4164
4165
4166
4169
4169
4170
4172
4173
4177
4179
4187
4193
4195
4195
4196
4198
4208
4214
4219
4220
4221
4221
4226
4228
4229
4239
4241
4246
4250
4253
4258
4262
4264
4278
4280
4283
4288
4290
4296
4297
4297
4300
4300
4301
4302
4304
4314
4314
4321
4323
4325
4327
4327
4327
4336
4341
4348
4351
4357
4359
4362
4363
4366
4370
4373
4381
4381
4382
4384
4384
4384
4385
4389
4389
4391
4391
4392
4397
4399
4407
4408
4413
4429
4432
4443
4450
4452
4453
4456
4458
4462
4462
4463
4463
4464
4470
4474
4480
4485
4486
4494
4494
4499
4502
4505
4507
4512
4512
4517
4524
4524
4525
4525
4526
4526
4529
4531
4531
4534
4536
4536
4537
4537
4543
4544
4545
4564
4564
4564
4566
4578
4582
4584
4604
4605
4608
4609
4615
4617
4618
4621
4621
4625
4626
4626
4632
4638
4642
4643
4658
4665
4666
4668
4670
4671
4672
4672
4676
4677
4678
4679
4684
4688
4689
4694
4698
4705
4706
4712
4720
4721
4727
4728
4732
4733
4741
4744
4745
4749
4750
4752
4758
4759
4762
4765
4769
4772
4779
4786
4788
4789
4793
4804
4806
4806
4810
4815
4820
4828
4829
4838
4840
4844
4846
4848
4848
4851
4851
4853
4864
4866
4867
4871
4876
4877
4879
4882
4889
4890
4895
4897
4899
4900
4901
4901
4902
4902
4904
4907
4914
4918
4918
4918
4918
4920
4921
4921
4921
4923
4924
4929
4937
4941
4947
4947
4949
4949
4958
4960
4961
4962
4965
4966
4969
4974
4974
4979
4984
4988
4990
4991
4992
4995
4996
5002
5005
5007
5007
5012
5012
5012
5017
5019
5031
5032
5032
5037
5042
5046
5047
5052
5061
5063
5068
5071
5074
5079
5080
5088
5093
5093
5096
5101
5109
5111
5116
5117
5129
5137
5138
5142
5147
5151
5151
5153
5154
5159
5161
5168
5168
5168
5169
5177
5180
5182
5185
5185
5185
5188
5189
5190
5190
5193
5196
5197
5201
5205
5205
5210
5213
5214
5216
5220
5222
5227
5237
5238
5239
5248
5255
5259
5264
5269
5271
5283
5287
5288
5293
5298
5306
5308
5310
5311
5315
5316
5317
5320
5321
5324
5325
5326
5331
5332
5342
5345
5345
5347
5350
5352
5362
5368
5376
5383
5388
5390
5391
5399
5403
5405
5413
5416
5419
5421
5421
5426
5430
5435
5436
5439
5440
5445
5455
5456
5462
5463
5465
5467
5473
5474
5477
5477
5480
5481
5493
5498
5498
5500
5505
5505
5515
5516
5518
5524
5531
5536
5536
5537
5537
5538
5540
5546
5547
5552
5559
5565
5566
5567
5570
5570
5573
5577
5580
5593
5593
5594
5602
5603
5604
5604
5610
5611
5611
5618
5619
5623
5624
5627
5628
5634
5634
5638
5651
5653
5656
5660
5661
5662
5672
5679
5683
5684
5687
5691
5692
5692
5694
5700
5702
5706
5710
5712
5714
5718
5719
5724
5726
5737
5741
5744
5754
5755
5760
5768
5768
5772
5772
5775
5779
5785
5801
5801
5803
5803
5808
5809
5815
5816
5821
5822
5823
5824
5826
5828
5829
5835
5836
5836
5839
5840
5840
5841
5846
5849
5849
5851
5855
5855
5859
5864
5865
5870
5874
5878
5879
5880
5886
5897
5900
5904
5910
5916
5918
5921
5924
5925
5926
5929
5930
5934
5939
5941
5942
5949
5952
5953
5954
5959
5966
5967
5974
5977
5988
5989
5994
5997
5999
6000
6000
6001
6001
6004
6007
6014
6015
6015
6021
6023
6026
6029
6032
6033
6036
6038
6042
6045
6050
6057
6070
6070
6073
6073
6075
6076
6081
6084
6098
6098
6102
6103
6109
6111
6115
6116
6117
6118
6123
6128
6128
6129
6160
6163
6165
6165
6165
6167
6180
6182
6192
6194
6195
6197
6201
6207
6209
6210
6210
6211
6215
6216
6224
6227
6231
6234
6238
6240
6240
6243
6244
6244
6249
6251
6253
6256
6256
6257
6258
6265
6268
6271
6271
6279
6281
6286
6287
6294
6295
6297
6303
6312
6313
6315
6319
6319
6320
6324
6326
6327
6329
6330
6331
6338
6343
6344
6345
6345
6352
6363
6368
6370
6378
6378
6388
6393
6394
6397
6398
6399
6406
6406
6407
6409
6410
6410
6415
6419
6420
6424
6424
6428
6429
6434
6438
6439
6443
6456
6457
6458
6458
6458
6460
6463
6463
6464
6464
6470
6479
6480
6482
6488
6488
6489
6495
6496
6496
6498
6498
6499
6504
6507
6508
6512
6515
6516
6519
6522
6526
6528
6529
6529
6541
6542
6546
6548
6549
6552
6553
6553
6554
6555
6556
6557
6558
6559
6565
6568
6569
6573
6575
6576
6579
6579
6584
6587
6588
6588
6592
6610
6610
6613
6613
6614
6621
6623
6625
6632
6635
6639
6640
6645
6645
6648
6649
6650
6653
6658
6659
6664
6665
6665
6666
6666
6672
6677
6683
6685
6692
6693
6698
6700
6704
6704
6707
6708
6710
6712
6712
6712
6713
6717
6724
6724
6725
6733
6735
6735
6740
6740
6741
6742
6747
6753
6759
6762
6763
6764
6769
6772
6775
6779
6779
6780
6781
6782
6784
6785
6788
6788
6789
6791
6793
6801
6802
6806
6806
6815
6816
6819
6819
6821
6821
6823
6833
6833
6836
6837
6837
6839
6844
6849
6852
6855
6855
6856
6857
6866
6868
6874
6875
6877
6877
6886
6886
6887
6890
6890
6898
6903
6907
6908
6909
6910
6910
6914
6914
6923
6923
6924
6925
6935
6936
6945
6954
6956
6956
6956
6958
6959
6966
6968
6968
6974
6977
6982
6983
6988
6988
6991
7001
7002
7007
7011
7017
7017
7018
7019
7020
7022
7025
7030
7031
7036
7036
7039
7044
7046
7047
7058
7065
7066
7068
7068
7069
7071
7072
7073
7074
7080
7081
7085
7086
7090
7092
7095
7095
7111
7113
7117
7118
7119
7122
7125
7130
7131
7139
7143
7143
7144
7145
7147
7152
7153
7159
7159
7160
7161
7169
7170
7171
7174
7183
7187
7192
7193
7193
7196
7196
7197
7202
7209
7209
7212
7213
7215
7218
7219
7219
7226
7228
7233
7235
7240
7244
7244
7246
7247
7250
7251
7255
7265
7270
7270
7271
7272
7277
7281
7282
7287
7287
7290
7295
7299
7306
7308
7312
7316
7318
7321
7321
7325
7329
7333
7338
7339
7341
7351
7353
7353
7354
7355
7355
7357
7363
7367
7368
7369
7385
7395
7396
7397
7406
7406
7413
7415
7418
7420
7420
7430
7430
7435
7436
7440
7440
7440
7449
7450
7451
7457
7469
7471
7477
7479
7480
7480
7481
7486
7490
7491
7494
7499
7501
7501
7501
7502
7503
7512
7512
7517
7517
7523
7524
7525
7528
7528
7533
7534
7537
7539
7540
7543
7546
7547
7549
7550
7557
7571
7577
7579
7587
7593
7602
7605
7606
7614
7617
7623
7629
7633
7639
7647
7648
7653
7655
7660
7662
7663
7663
7667
7667
7669
7670
7676
7677
7677
7679
7687
7696
7699
7701
7722
7726
7726
7726
7726
7735
7751
7752
7754
7763
7767
7771
7778
7779
7781
7782
7787
7787
7797
7799
7800
7803
7805
7809
7819
7828
7830
7832
7835
7835
7835
7835
7836
7837
7838
7839
7839
7844
7845
7851
7854
7854
7855
7857
7869
7869
7870
7870
7873
7876
7880
7881
7883
7883
7884
7894
7902
7907
7910
7913
7914
7922
7935
7935
7937
7937
7940
7948
7957
7957
7958
7960
7960
7963
7963
7967
7967
7967
7970
7970
7978
7980
7980
7984
7986
7987
7991
7996
7996
7998
7999
7999
8000
8005
8008
8015
8016
8016
8016
8018
8020
8026
8029
8039
8040
8047
8056
8056
8065
8069
8069
8077
8077
8084
8086
8091
8091
8094
8096
8106
8108
8118
8122
8135
8138
8139
8141
8141
8143
8145
8147
8149
8151
8155
8157
8163
8169
8171
8172
8173
8174
8174
8176
8178
8185
8188
8189
8192
8195
8196
8198
8205
8209
8211
8211
8216
8222
8223
8223
8224
8225
8226
8231
8234
8241
8242
8246
8248
8253
8254
8257
8259
8263
8266
8271
8272
8272
8277
8280
8280
8282
8293
8298
8306
8307
8308
8312
8313
8318
8320
8323
8325
8325
8330
8333
8334
8335
8336
8339
8340
8344
8346
8351
8352
8354
8358
8359
8359
8360
8361
8363
8366
8367
8368
8369
8376
8376
8383
8385
8387
8388
8393
8396
8407
8410
8413
8416
8420
8420
8422
8425
8425
8427
8434
8444
8447
8453
8453
8457
8459
8459
8460
8469
8469
8472
8472
8475
8483
8484
8486
8501
8506
8510
8513
8516
8517
8524
8531
8538
8541
8548
8549
8551
8552
8553
8557
8558
8563
8570
8570
8575
8575
8579
8587
8591
8596
8599
8600
8603
8605
8610
8619
8625
8630
8631
8632
8633
8637
8638
8641
8642
8644
8647
8653
8653
8654
8658
8661
8677
8678
8679
8682
8683
8686
8688
8689
8693
8696
8699
8701
8702
8706
8716
8716
8728
8737
8741
8742
8743
8747
8750
8751
8754
8755
8758
8758
8760
8762
8764
8764
8775
8784
8786
8787
8798
8799
8802
8803
8808
8810
8812
8817
8819
8822
8822
8823
8827
8829
8833
8836
8841
8844
8847
8848
8852
8853
8861
8861
8867
8867
8872
8873
8877
8877
8877
8879
8884
8889
8895
8906
8907
8909
8912
8914
8915
8920
8923
8926
8928
8930
8934
8939
8944
8948
8954
8956
8959
8966
8966
8969
8969
8972
8973
8973
8976
8985
8996
9002
9009
9010
9011
9014
9015
9018
9029
9030
9032
9039
9041
9048
9052
9056
9059
9063
9066
9069
9069
9069
9072
9076
9081
9086
9089
9095
9096
9099
9102
9106
9107
9107
9109
9118
9121
9132
9134
9135
9137
9139
9145
9152
9159
9162
9163
9163
9164
9165
9170
9172
9180
9181
9186
9187
9195
9200
9205
9206
9208
9211
9212
9216
9216
9219
9224
9229
9230
9232
9234
9236
9236
9237
9238
9245
9251
9259
9260
9262
9263
9267
9271
9272
9281
9285
9288
9288
9290
9293
9293
9295
9295
9295
9296
9296
9297
9298
9304
9305
9307
9311
9315
9317
9325
9325
9326
9328
9331
9332
9335
9336
9347
9348
9348
9348
9354
9362
9366
9368
9368
9369
9375
9376
9377
9378
9380
9382
9387
9391
9392
9406
9406
9407
9407
9412
9417
9417
9420
9422
9426
9426
9429
9432
9432
9432
9434
9443
9447
9447
9448
9449
9451
9456
9458
9458
9461
9464
9468
9468
9471
9489
9493
9494
9495
9502
9507
9513
9514
9514
9516
9518
9519
9520
9530
9541
9549
9552
9552
9558
9572
9574
9582
9591
9593
9593
9595
9597
9609
9613
9618
9620
9622
9625
9625
9632
9634
9637
9638
9640
9640
9642
9649
9650
9650
9650
9653
9657
9658
9659
9665
9676
9676
9676
9684
9685
9689
9694
9695
9700
9701
9706
9709
9720
9726
9727
9727
9728
9735
9736
9738
9747
9751
9752
9753
9754
9756
9758
9762
9770
9773
9774
9786
9791
9791
9796
9797
9803
9806
9811
9815
9819
9822
9828
9829
9844
9848
9850
9851
9856
9857
9857
9859
9861
9861
9863
9866
9873
9875
9876
9878
9878
9881
9883
9884
9887
9897
9899
9903
9905
9907
9909
9917
9938
9939
9942
9942
9947
9948
9951
9953
9955
9957
9959
9962
9970
9970
9971
9971
9973
9974
9979
9981
9983
9984
9986
9992
9994
9999
10001
10006
10016
10016
10020
10022
10023
10023
10028
10029
10034
10035
10036
10045
10048
10052
10053
10057
10059
10059
10060
10065
10065
10068
10069
10073
10077
10078
10086
10086
10093
10101
10105
10105
10110
10116
10116
10117
10119
10125
10127
10130
10132
10134
10135
10138
10141
10145
10145
10148
10153
10155
10164
10172
10173
10179
10190
10197
10204
10209
10209
10215
10217
10219
10222
10223
10229
10229
10239
10241
10242
10244
10248
10251
10264
10275
10280
10284
10298
10299
10300
10302
10307
10307
10314
10333
10338
10345
10346
10349
10350
10355
10360
10362
10368
10371
10374
10378
10384
10390
10390
10391
10394
10396
10396
10402
10403
10405
10409
10417
10419
10419
10419
10420
10424
10428
10429
10438
10438
10440
10443
10444
10445
10446
10450
10456
10460
10460
10467
10468
10472
10475
10475
10479
10481
10482
10482
10485
10486
10497
10498
10499
10503
10503
10513
10514
10516
10516
10518
10522
10523
10523
10529
10533
10534
10536
10536
10544
10546
10547
10549
10552
10556
10557
10558
10560
10562
10562
10569
10569
10569
10573
10574
10581
10582
10585
10586
10590
10591
10591
10597
10600
10604
10615
10616
10623
10626
10628
10632
10638
10640
10645
10652
10654
10658
10659
10667
10677
10680
10682
10689
10692
10693
10695
10695
10704
10707
10711
10711
10712
10713
10719
10721
10732
10741
10741
10744
10759
10764
10766
10766
10767
10773
10776
10781
10782
10783
10784
10787
10797
10799
10800
10804
10806
10809
10810
10810
10810
10811
10811
10814
10814
10816
10820
10821
10834
10840
10841
10843
10844
10846
10849
10853
10854
10857
10865
10872
10873
10874
10883
10887
10892
10893
10895
10900
10901
10903
10904
10906
10908
10915
10919
10920
10923
10926
10927
10928
10928
10933
10934
10935
10939
10940
10941
10942
10948
10954
10958
10958
10963
10964
10967
10968
10969
10974
10977
10979
10989
10997
11000
11001
11001
11002
11005
11006
11007
11010
11014
11014
11017
11020
11021
11025
11029
11030
11032
11032
11034
11037
11039
11042
11044
11045
11046
11047
11052
11052
11062
11066
11068
11078
11079
11083
11085
11092
11093
11097
11100
11101
11102
11102
11105
11106
11107
11109
11122
11125
11125
11126
11130
11130
11131
11132
11137
11138
11141
11144
11149
11152
11152
11157
11159
11159
11169
11174
11176
11177
11180
11180
11181
11181
11185
11187
11187
11189
11192
11200
11204
11209
11211
11212
11218
11220
11227
11233
11238
11240
11249
11250
11250
11258
11264
11269
11284
11291
11296
11297
11299
11306
11307
11310
11316
11318
11319
11325
11326
11328
11330
11331
11331
11337
11339
11339
11340
11341
11341
11343
11345
11348
11355
11355
11356
11362
11362
11364
11366
11367
11368
11370
11370
11373
11381
11382
11383
11397
11400
11406
11408
11417
11419
11420
11425
11428
11433
11436
11443
11447
11451
11456
11457
11457
11458
11460
11462
11462
11469
11472
11477
11478
11486
11499
11505
11506
11507
11520
11531
11532
11538
11541
11542
11542
11547
11548
11549
11551
11556
11556
11557
11558
11560
11566
11571
11573
11578
11579
11579
11583
11593
11598
11606
11613
11614
11614
11617
11620
11625
11628
11632
11632
11636
11641
11653
11657
11658
11668
11685
11686
11689
11696
11696
11699
11701
11705
11714
11719
11719
11724
11726
11726
11728
11732
11736
11740
11742
11743
11746
11747
11749
11750
11751
11756
11758
11758
11762
11763
11767
11771
11775
11775
11779
11780
11782
11791
11798
11800
11803
11804
11807
11811
11816
11816
11823
11829
11830
11830
11839
11847
11847
11857
11871
11873
11877
11877
11878
11882
11891
11892
11894
11899
11900
11900
11901
11907
11918
11921
11921
11922
11924
11925
11929
11931
11931
11932
11933
11934
11938
11939
11942
11944
11945
11946
11948
11958
11959
11965
11967
11967
11968
11982
11983
11983
11985
11990
11993
11999
12001
12002
12006
12008
12009
12013
12020
12022
12024
12025
12026
12026
12032
12033
12036
12037
12038
12039
12040
12041
12044
12046
12048
12055
12057
12062
12063
12073
12076
12079
12086
12092
12109
12110
12119
12119
12121
12128
12135
12135
12140
12148
12151
12151
12155
12156
12158
12160
12166
12166
12167
12177
12178
12181
12182
12183
12193
12194
12197
12199
12204
12204
12205
12205
12209
12215
12215
12217
12217
12227
12227
12230
12232
12235
12239
12246
12250
12250
12252
12260
12264
12264
12269
12272
12278
12284
12284
12288
12294
12296
12305
12307
12317
12318
12319
12320
12320
12322
12330
12332
12335
12339
12347
12350
12350
12351
12359
12359
12361
12362
12366
12372
12382
12383
12395
12400
12402
12405
12416
12419
12425
12426
12428
12431
12434
12436
12442
12443
12444
12449
12453
12453
12459
12460
12461
12463
12464
12465
12466
12466
12470
12471
12474
12475
12478
12479
12481
12481
12487
12488
12494
12503
12509
12513
12519
12521
12525
12531
12531
12534
12542
12552
12552
12556
12557
12560
12564
12566
12571
12573
12579
12587
12591
12591
12593
12593
12595
12599
12600
12601
12609
12610
12610
12614
12617
12617
12623
12623
12632
12636
12648
12650
12652
12657
12666
12671
12675
12679
12683
12684
12686
12686
12687
12690
12694
12696
12706
12710
12726
12727
12733
12738
12742
12748
12754
12758
12769
12769
12773
12773
12774
12778
12779
12781
12783
12783
12789
12795
12796
12799
12799
12805
12805
12814
12814
12817
12818
12819
12822
12826
12827
12827
12835
12839
12853
12854
12856
12858
12867
12872
12873
12881
12886
12889
12890
12892
12892
12894
12896
12897
12898
12898
12899
12902
12903
12907
12907
12908
12910
12914
12915
12916
12917
12918
12919
12919
12920
12922
12923
12927
12928
12929
12930
12951
12952
12971
12973
12974
12976
12980
12984
12985
12986
12986
12986
13002
13002
13003
13006
13008
13008
13010
13015
13018
13018
13019
13021
13023
13024
13037
13038
13038
13040
13041
13045
13047
13048
13050
13055
13059
13060
13060
13062
13068
13079
13084
13085
13085
13098
13100
13103
13105
13108
13108
13109
13111
13111
13115
13119
13124
13131
13133
13138
13145
13148
13149
13149
13150
13152
13155
13157
13159
13160
13164
13178
13180
13181
13182
13184
13186
13190
13193
13196
13199
13204
13205
13207
13211
13215
13215
13220
13222
13227
13228
13228
13230
13235
13235
13237
13237
13237
13238
13249
13251
13251
13255
13256
13261
13266
13267
13269
13272
13274
13275
13280
13282
13285
13291
13295
13301
13302
13305
13310
13310
13311
13313
13315
13316
13317
13317
13325
13332
13333
13334
13336
13340
13341
13346
13347
13348
13350
13361
13361
13365
13371
13376
13378
13380
13381
13394
13399
13400
13406
13411
13413
13413
13417
13420
13421
13424
13425
13427
13429
13436
13437
13438
13439
13442
13442
13443
13446
13447
13448
13450
13456
13466
13467
13469
13469
13469
13472
13472
13481
13484
13491
13496
13507
13516
13519
13523
13526
13529
13532
13533
13533
13533
13534
13542
13542
13543
13547
13548
13548
13549
13550
13552
13553
13555
13557
13564
13573
13575
13575
13585
13590
13602
13604
13604
13604
13608
13611
13616
13618
13622
13626
13629
13631
13637
13639
13642
13643
13643
13644
13650
13656
13657
13659
13660
13664
13671
13674
13682
13686
13690
13691
13691
13693
13694
13697
13697
13701
13709
13709
13713
13714
13717
13719
13729
13730
13731
13732
13733
13738
13739
13742
13745
13748
13749
13749
13754
13757
13760
13760
13762
13772
13776
13778
13784
13786
13789
13790
13791
13796
13802
13812
13813
13821
13826
13827
13830
13833
13837
13839
13839
13841
13843
13856
13856
13857
13873
13875
13877
13884
13894
13895
13895
13905
13906
13907
13907
13908
13917
13919
13922
13925
13925
13930
13936
13938
13941
13945
13946
13946
13948
13952
13955
13956
13956
13957
13958
13958
13961
13961
13963
13969
13977
13986
13986
13989
13989
13990
13990
13999
14001
14003
14003
14009
14011
14025
14025
14031
14034
14035
14038
14042
14044
14048
14055
14060
14060
14073
14075
14075
14081
14082
14085
14085
14091
14091
14091
14093
14094
14098
14101
14102
14110
14113
14118
14125
14128
14129
14132
14135
14136
14136
14145
14146
14148
14150
14152
14152
14154
14156
14159
14161
14163
14165
14166
14166
14177
14186
14197
14197
14198
14198
14201
14206
14206
14208
14209
14211
14215
14216
14217
14225
14225
14225
14226
14227
14231
14232
14232
14234
14234
14235
14251
14257
14258
14258
14258
14259
14260
14263
14264
14267
14273
14274
14274
14281
14290
14291
14296
14299
14305
14307
14308
14318
14320
14320
14323
14324
14325
14326
14339
14342
14345
14350
14353
14353
14355
14357
14357
14360
14361
14363
14364
14366
14367
14369
14370
14380
14385
14386
14387
14389
14389
14390
14390
14391
14392
14394
14395
14396
14397
14405
14412
14417
14418
14418
14419
14419
14421
14422
14422
14428
14429
14429
14435
14436
14438
14440
14447
14449
14453
14453
14462
14464
14465
14467
14468
14469
14473
14473
14474
14476
14482
14489
14493
14498
14499
14501
14502
14504
14505
14507
14509
14513
14513
14515
14523
14524
14525
14525
14526
14526
14531
14532
14532
14533
14534
14535
14544
14553
14555
14562
14568
14576
14581
14586
14587
14589
14594
14595
14596
14599
14602
14607
14609
14610
14615
14617
14619
14619
14619
14621
14625
14630
14635
14644
14644
14664
14665
14666
14667
14669
14674
14676
14682
14691
14701
14709
14716
14718
14723
14729
14731
14731
14739
14740
14745
14745
14752
14753
14753
14757
14758
14760
14761
14768
14772
14777
14779
14786
14794
14799
14801
14803
14805
14816
14818
14819
14831
14832
14835
14838
14838
14840
14841
14841
14842
14844
14845
14849
14857
14860
14866
14867
14868
14868
14873
14874
14876
14876
14881
14881
14881
14892
14894
14897
14899
14900
14903
14905
14905
14910
14917
14918
14922
14923
14933
14933
14940
14942
14946
14950
14952
14953
14959
14962
14965
14965
14970
14972
14976
14977
14978
14980
14980
14985
14989
14995
15015
15020
15020
15021
15023
15024
15027
15028
15031
15033
15037
15043
15048
15050
15052
15053
15053
15055
15056
15057
15064
15066
15069
15072
15072
15080
15086
15086
15086
15089
15092
15093
15095
15098
15100
15100
15101
15107
15108
15114
15115
15118
15125
15129
15130
15135
15136
15139
15143
15147
15151
15153
15157
15159
15161
15163
15164
15165
15166
15166
15169
15170
15171
15171
15172
15174
15185
15187
15189
15193
15194
15202
15204
15206
15206
15209
15211
15211
15215
15220
15228
15229
15230
15234
15247
15254
15257
15259
15260
15262
15268
15271
15285
15285
15287
15287
15288
15289
15294
15296
15297
15297
15299
15300
15304
15306
15316
15318
15319
15321
15321
15326
15341
15344
15351
15360
15360
15362
15363
15369
15370
15374
15379
15384
15391
15392
15393
15396
15398
15405
15411
15412
15414
15418
15420
15424
15424
15426
15434
15434
15437
15444
15447
15448
15450
15451
15457
15458
15458
15461
15461
15464
15464
15470
15475
15484
15485
15487
15492
15492
15494
15498
15500
15500
15503
15503
15505
15508
15509
15516
15517
15518
15519
15520
15530
15530
15531
15533
15534
15540
15542
15547
15553
15554
15558
15563
15572
15585
15588
15592
15602
15609
15610
15617
15618
15624
15626
15630
15631
15635
15637
15646
15648
15649
15650
15652
15661
15661
15662
15666
15667
15669
15672
15672
15675
15685
15691
15691
15693
15702
15708
15711
15714
15714
15717
15719
15721
15728
15731
15732
15736
15738
15740
15740
15742
15748
15752
15752
15752
15753
15763
15771
15777
15793
15794
15795
15796
15798
15800
15801
15808
15811
15815
15823
15825
15825
15830
15835
15839
15844
15845
15845
15846
15850
15854
15856
15867
15870
15873
15873
15874
15874
15875
15876
15881
15886
15887
15892
15895
15900
15912
15917
15921
15922
15930
15932
15933
15935
15937
15939
15942
15943
15944
15945
15947
15953
15958
15980
15984
15987
15993
15996
15999
16002
16004
16006
16008
16014
16015
16017
16025
16032
16036
16038
16038
16039
16041
16044
16045
16045
16045
16056
16062
16063
16063
16066
16066
16067
16067
16069
16070
16071
16077
16092
16095
16098
16105
16112
16117
16117
16121
16124
16126
16127
16135
16139
16139
16140
16147
16155
16158
16171
16173
16176
16193
16197
16198
16200
16201
16202
16205
16209
16214
16219
16221
16224
16227
16236
16239
16244
16245
16251
16256
16261
16262
16277
16280
16286
16291
16291
16295
16297
16302
16312
16318
16320
16322
16331
16335
16339
16339
16343
16346
16347
16353
16356
16364
16364
16366
16367
16369
16373
16376
16379
16380
16388
16388
16389
16390
16391
16394
16397
16399
16400
16401
16406
16409
16411
16417
16417
16423
16425
16428
16431
16440
16444
16447
16449
16451
16459
16463
16469
16471
16478
16480
16482
16486
16494
16498
16499
16501
16502
16505
16507
16508
16509
16514
16523
16528
16530
16532
16549
16552
16553
16554
16555
16557
16567
16571
16571
16574
16578
16578
16580
16586
16590
16593
16595
16596
16596
16598
16599
16600
16601
16602
16603
16610
16615
16630
16639
16643
16651
16653
16653
16654
16663
16668
16670
16674
16678
16684
16685
16685
16687
16696
16696
16698
16700
16702
16707
16708
16710
16712
16714
16720
16724
16726
16726
16729
16731
16732
16732
16735
16736
16739
16743
16747
16749
16750
16753
16755
16762
16765
16771
16778
16781
16781
16783
16784
16787
16787
16788
16788
16791
16798
16809
16812
16814
16814
16815
16817
16824
16826
16829
16833
16834
16834
16836
16837
16846
16846
16847
16849
16850
16857
16857
16858
16860
16862
16869
16869
16869
16871
16872
16873
16875
16876
16885
16888
16889
16890
16893
16896
16905
16906
16907
16908
16911
16918
16921
16928
16931
16938
16938
16940
16942
16948
16950
16950
16956
16961
16966
16967
16978
16979
16979
16985
16989
16992
16998
17003
17004
17010
17010
17012
17012
17014
17019
17020
17021
17026
17026
17027
17030
17034
17048
17059
17059
17059
17060
17061
17065
17066
17067
17068
17070
17077
17088
17094
17094
17094
17097
17099
17100
17100
17111
17111
17113
17113
17115
17117
17118
17120
17122
17124
17126
17130
17131
17140
17151
17162
17163
17164
17165
17168
17169
17173
17178
17179
17179
17180
17182
17184
17184
17186
17189
17192
17193
17196
17201
17204
17205
17210
17211
17216
17220
17232
17236
17238
17240
17241
17245
17252
17254
17255
17262
17266
17268
17269
17278
17278
17281
17287
17287
17289
17294
17295
17297
17307
17309
17309
17311
17311
17315
17315
17315
17316
17317
17319
17323
17325
17333
17346
17350
17350
17354
17367
17370
17382
17384
17386
17389
17394
17396
17397
17399
17401
17406
17412
17416
17417
17419
17420
17423
17424
17427
17433
17434
17446
17451
17454
17454
17463
17463
17467
17470
17472
17479
17480
17482
17487
17487
17489
17494
17496
17500
17504
17506
17522
17524
17525
17526
17528
17530
17531
17532
17534
17534
17534
17535
17536
17540
17545
17546
17548
17549
17551
17554
17563
17575
17575
17576
17579
17581
17581
17581
17583
17595
17597
17597
17597
17599
17599
17603
17606
17612
17614
17617
17620
17622
17624
17624
17625
17626
17634
17643
17644
17646
17658
17659
17661
17661
17662
17666
17667
17672
17673
17674
17675
17690
17694
17697
17697
17699
17702
17704
17707
17708
17708
17710
17711
17712
17714
17717
17722
17723
17725
17728
17729
17733
17739
17741
17741
17746
17748
17750
17766
17772
17774
17774
17774
17778
17781
17781
17783
17792
17792
17797
17804
17808
17810
17814
17818
17838
17840
17845
17851
17855
17857
17858
17864
17865
17866
17869
17869
17874
17884
17884
17893
17905
17907
17907
17914
17921
17934
17940
17942
17944
17946
17947
17951
17952
17953
17957
17963
17972
17975
17982
17982
17985
17989
17995
17996
17997
18003
18014
18023
18028
18029
18033
18036
18038
18038
18042
18047
18053
18057
18058
18058
18060
18063
18065
18066
18066
18067
18073
18077
18086
18087
18089
18094
18099
18100
18107
18108
18109
18111
18111
18120
18120
18124
18130
18132
18149
18165
18170
18180
18180
18181
18184
18186
18190
18191
18195
18197
18199
18200
18200
18205
18206
18207
18209
18209
18216
18218
18219
18219
18220
18223
18224
18225
18234
18239
18240
18241
18242
18252
18257
18258
18259
18261
18262
18265
18279
18279
18281
18286
18296
18300
18303
18311
18311
18312
18314
18314
18315
18319
18331
18333
18336
18338
18338
18340
18347
18348
18354
18357
18357
18358
18361
18362
18365
18368
18369
18373
18376
18376
18378
18384
18386
18388
18393
18395
18398
18402
18402
18408
18409
18417
18420
18421
18439
18442
18444
18448
18449
18449
18453
18459
18460
18462
18465
18465
18466
18466
18467
18467
18472
18473
18476
18480
18482
18482
18483
18487
18488
18490
18494
18497
18497
18499
18501
18504
18507
18508
18508
18511
18519
18522
18527
18529
18530
18533
18534
18534
18535
18538
18541
18543
18552
18563
18568
18575
18578
18579
18589
18590
18595
18596
18599
18602
18602
18603
18603
18605
18612
18619
18629
18632
18635
18640
18643
18644
18648
18649
18657
18658
18670
18671
18674
18674
18678
18682
18683
18687
18687
18689
18694
18695
18696
18701
18706
18707
18707
18708
18715
18717
18720
18721
18722
18725
18726
18727
18740
18741
18741
18741
18742
18744
18758
18761
18763
18767
18770
18770
18771
18777
18777
18779
18781
18785
18785
18788
18788
18792
18792
18793
18794
18797
18801
18805
18805
18812
18813
18816
18820
18824
18832
18835
18838
18839
18841
18842
18844
18845
18846
18847
18853
18854
18858
18859
18859
18861
18865
18867
18870
18875
18877
18880
18886
18886
18895
18895
18899
18903
18905
18906
18915
18916
18919
18923
18925
18926
18931
18933
18935
18936
18937
18937
18951
18954
18956
18957
18960
18964
18966
18970
18971
18974
18975
18976
18977
18978
18983
18989
18992
18993
19004
19006
19007
19007
19007
19011
19012
19016
19021
19022
19022
19023
19024
19025
19026
19031
19033
19034
19034
19040
19040
19042
19054
19062
19076
19076
19082
19089
19091
19105
19105
19120
19123
19123
19125
19127
19128
19134
19135
19137
19141
19144
19145
19146
19150
19151
19151
19155
19160
19162
19163
19167
19169
19175
19175
19176
19176
19185
19187
19189
19189
19191
19192
19193
19194
19200
19201
19208
19211
19212
19214
19216
19217
19217
19219
19220
19225
19228
19231
19234
19235
19240
19242
19243
19248
19252
19262
19264
19264
19268
19269
19273
19275
19276
19277
19278
19281
19282
19284
19288
19288
19292
19296
19304
19310
19315
19324
19330
19333
19338
19338
19341
19342
19343
19344
19346
19351
19355
19367
19367
19373
19375
19376
19378
19383
19398
19399
19402
19408
19410
19413
19415
19417
19422
19422
19427
19430
19435
19437
19439
19440
19446
19453
19454
19456
19457
19459
19459
19462
19465
19467
19470
19470
19471
19480
19481
19482
19484
19485
19486
19487
19490
19495
19497
19498
19512
19519
19521
19523
19524
19526
19528
19532
19540
19542
19549
19553
19556
19557
19558
19562
19568
19569
19573
19577
19589
19590
19593
19595
19596
19596
19603
19608
19612
19614
19617
19618
19619
19622
19622
19629
19633
19651
19651
19660
19662
19668
19669
19669
19671
19678
19678
19678
19681
19682
19685
19686
19689
19690
19696
19696
19701
19716
19726
19727
19729
19734
19735
19737
19738
19743
19746
19748
19752
19756
19757
19761
19764
19769
19770
19774
19777
19777
19778
19779
19783
19787
19807
19811
19815
19815
19822
19823
19825
19827
19830
19832
19837
19841
19841
19844
19847
19849
19849
19851
19852
19853
19858
19860
19862
19863
19866
19868
19873
19874
19880
19881
19882
19899
19899
19904
19905
19906
19907
19908
19911
19911
19911
19912
19915
19918
19923
19924
19925
19925
19926
19926
19928
19929
19929
19929
19937
19941
19944
19949
19951
19955
19971
19972
19972
19976
19980
19982
19985
19987
19988
19990
19995
19996
19999
19999
20004
20005
20008
20009
20012
20012
20014
20015
20020
20028
20031
20031
20032
20033
20041
20042
20045
20049
20052
20053
20062
20063
20064
20064
20066
20070
20073
20075
20077
20081
20089
20097
20098
20099
20107
20108
20108
20114
20120
20120
20127
20134
20134
20136
20137
20138
20140
20142
20143
20143
20147
20159
20162
20166
20169
20173
20176
20184
20185
20187
20190
20191
20199
20202
20205
20211
20213
20220
20226
20229
20230
20233
20238
20240
20244
20248
20248
20254
20255
20255
20255
20265
20283
20283
20285
20286
20290
20292
20293
20293
20293
20298
20304
20305
20306
20322
20330
20330
20331
20334
20336
20340
20344
20344
20344
20348
20355
20356
20357
20363
20372
20377
20381
20387
20390
20395
20402
20404
20405
20405
20405
20409
20412
20417
20418
20422
20426
20429
20432
20435
20439
20439
20440
20444
20445
20452
20452
20454
20457
20459
20464
20465
20475
20478
20478
20480
20490
20492
20502
20502
20506
20506
20507
20510
20512
20518
20528
20529
20532
20534
20534
20538
20543
20545
20548
20554
20555
20559
20562
20563
20568
20569
20573
20576
20583
20590
20591
20595
20612
20613
20614
20621
20623
20624
20628
20634
20635
20637
20640
20645
20651
20653
20656
20665
20669
20671
20673
20682
20688
20688
20689
20700
20707
20710
20713
20718
20724
20724
20729
20729
20734
20743
20743
20745
20747
20747
20747
20748
20748
20749
20749
20749
20755
20762
20765
20765
20768
20769
20775
20783
20783
20785
20786
20788
20799
20800
20804
20805
20808
20812
20816
20818
20820
20825
20826
20827
20834
20834
20835
20842
20842
20844
20845
20846
20846
20857
20859
20859
20862
20864
20867
20871
20873
20874
20879
20879
20882
20885
20886
20886
20894
20894
20897
20898
20899
20901
20911
20922
20931
20933
20934
20937
20938
20945
20949
20956
20958
20959
20959
20964
20964
20975
20977
20977
20977
20981
20988
20993
20994
21000
21006
21019
21033
21038
21046
21049
21049
21051
21053
21059
21061
21062
21062
21065
21069
21071
21071
21073
21077
21077
21079
21079
21080
21080
21080
21080
21083
21086
21097
21103
21106
21107
21113
21126
21131
21133
21133
21141
21142
21149
21152
21153
21161
21161
21164
21164
21165
21165
21166
21166
21168
21172
21172
21174
21177
21178
21179
21192
21192
21197
21198
21201
21202
21208
21212
21214
21215
21218
21219
21220
21224
21236
21238
21240
21240
21241
21243
21246
21251
21252
21252
21254
21255
21255
21259
21263
21266
21280
21287
21292
21293
21293
21294
21294
21296
21297
21301
21302
21309
21316
21317
21319
21324
21332
21334
21336
21337
21339
21340
21344
21345
21350
21352
21354
21356
21358
21359
21368
21369
21372
21373
21374
21380
21387
21389
21394
21397
21399
21400
21402
21403
21403
21409
21422
21422
21424
21425
21427
21434
21436
21445
21447
21450
21452
21454
21456
21460
21469
21478
21478
21478
21487
21488
21489
21490
21492
21493
21496
21499
21504
21509
21509
21509
21512
21516
21517
21531
21532
21537
21540
21547
21548
21548
21553
21557
21559
21559
21559
21561
21564
21565
21565
21565
21566
21574
21580
21580
21586
21592
21594
21595
21597
21603
21607
21607
21610
21620
21620
21624
21626
21628
21629
21631
21632
21633
21634
21634
21635
21636
21636
21638
21640
21655
21657
21659
21662
21664
21666
21667
21674
21676
21686
21688
21689
21690
21695
21695
21701
21701
21703
21703
21705
21705
21706
21711
21712
21713
21717
21722
21726
21728
21739
21739
21745
21746
21748
21750
21751
21753
21754
21755
21760
21761
21761
21768
21772
21773
21775
21778
21781
21785
21785
21789
21790
21791
21792
21792
21797
21798
21800
21800
21801
21803
21807
21811
21811
21814
21820
21820
21824
21832
21834
21841
21842
21846
21849
21853
21859
21866
21866
21867
21869
21873
21877
21879
21881
21884
21885
21889
21890
21897
21899
21900
21904
21905
21908
21910
21913
21919
21919
21923
21925
21929
21929
21931
21932
21934
21939
21947
21948
21952
21953
21958
21961
21962
21966
21966
21966
21974
21974
21996
21997
21997
22001
22004
22006
22009
22023
22025
22025
22034
22037
22038
22039
22040
22047
22049
22050
22068
22071
22073
22075
22077
22081
22082
22083
22084
22085
22091
22098
22109
22117
22125
22126
22127
22132
22135
22137
22140
22144
22145
22147
22149
22151
22166
22167
22169
22176
22184
22188
22191
22194
22194
22198
22211
22212
22213
22216
22220
22222
22222
22227
22232
22232
22232
22242
22249
22253
22262
22265
22276
22277
22281
22286
22290
22292
22294
22300
22301
22303
22304
22305
22305
22311
22312
22313
22316
22316
22322
22324
22326
22330
22332
22336
22336
22340
22341
22345
22360
22365
22365
22365
22367
22369
22374
22381
22381
22385
22390
22398
22418
22419
22421
22424
22426
22430
22432
22433
22435
22441
22443
22447
22448
22452
22456
22458
22459
22461
22463
22468
22469
22472
22473
22481
22484
22485
22494
22496
22497
22499
22500
22504
22506
22507
22510
22510
22511
22516
22517
22518
22522
22532
22542
22544
22550
22554
22558
22559
22563
22564
22567
22567
22572
22576
22578
22581
22584
22584
22585
22585
22585
22589
22589
22590
22591
22594
22594
22596
22600
22601
22603
22608
22609
22609
22612
22613
22614
22625
22628
22630
22634
22636
22637
22640
22642
22642
22643
22651
22655
22660
22660
22662
22663
22669
22676
22681
22682
22685
22690
22699
22703
22711
22716
22729
22735
22735
22740
22743
22747
22754
22757
22762
22765
22765
22768
22771
22772
22772
22776
22780
22785
22787
22787
22789
22793
22794
22798
22801
22803
22807
22813
22814
22814
22815
22817
22822
22824
22825
22830
22836
22837
22839
22839
22846
22857
22858
22862
22864
22867
22874
22875
22878
22882
22883
22884
22889
22891
22895
22900
22900
22908
22909
22909
22910
22925
22927
22928
22935
22938
22945
22946
22946
22946
22948
22952
22952
22954
22955
22959
22960
22961
22962
22962
22963
22968
22971
22976
22976
22977
22978
22984
22985
22986
22986
22987
22992
22992
22993
22997
22999
23000
23001
23016
23018
23025
23030
23030
23031
23032
23037
23037
23042
23045
23048
23049
23052
23053
23060
23062
23062
23065
23069
23073
23075
23081
23081
23084
23084
23086
23088
23091
23092
23097
23097
23097
23100
23101
23103
23103
23106
23107
23109
23111
23113
23114
23117
23122
23123
23126
23127
23131
23138
23143
23145
23149
23152
23152
23158
23159
23160
23164
23166
23166
23180
23188
23193
23197
23201
23203
23205
23205
23211
23217
23220
23222
23222
23224
23229
23234
23236
23236
23239
23239
23247
23248
23249
23252
23255
23255
23257
23263
23270
23274
23277
23277
23291
23291
23296
23297
23298
23298
23301
23303
23308
23309
23309
23312
23314
23322
23323
23324
23327
23328
23334
23334
23336
23337
23338
23353
23360
23363
23381
23391
23401
23402
23407
23409
23410
23410
23413
23414
23415
23416
23417
23419
23420
23423
23425
23431
23439
23439
23442
23444
23448
23449
23456
23466
23475
23477
23478
23486
23492
23499
23515
23522
23523
23523
23523
23526
23531
23533
23536
23548
23550
23556
23558
23562
23563
23564
23566
23567
23575
23578
23580
23585
23588
23589
23594
23594
23595
23599
23602
23605
23607
23612
23612
23612
23617
23621
23624
23631
23636
23651
23651
23652
23655
23655
23657
23665
23672
23673
23674
23687
23691
23694
23703
23703
23703
23707
23710
23726
23728
23729
23731
23732
23735
23740
23740
23741
23752
23755
23757
23758
23764
23767
23772
23773
23773
23774
23775
23775
23777
23779
23782
23785
23789
23792
23797
23799
23804
23809
23821
23830
23833
23841
23845
23847
23848
23848
23853
23862
23866
23868
23874
23875
23881
23883
23884
23893
23896
23897
23907
23907
23914
23952
23952
23967
23970
23971
23974
23978
23978
23978
23982
23986
23988
23990
23996
24000
24002
24002
24005
24008
24010
24012
24014
24018
24020
24024
24026
24028
24030
24036
24044
24049
24054
24055
24056
24058
24059
24059
24059
24062
24062
24068
24069
24070
24070
24071
24077
24077
24078
24094
24108
24109
24110
24111
24115
24118
24118
24126
24129
24139
24145
24145
24146
24149
24156
24157
24160
24170
24179
24185
24188
24188
24192
24195
24196
24197
24198
24210
24211
24211
24213
24215
24220
24221
24223
24224
24226
24227
24227
24227
24228
24231
24239
24243
24243
24250
24252
24254
24257
24261
24281
24283
24284
24285
24297
24303
24305
24306
24308
24309
24313
24314
24323
24327
24330
24330
24333
24335
24337
24343
24347
24348
24353
24354
24356
24357
24360
24367
24370
24373
24375
24379
24397
24404
24407
24408
24413
24420
24425
24426
24426
24426
24432
24438
24439
24440
24442
24443
24452
24455
24456
24459
24466
24467
24472
24474
24478
24482
24484
24493
24497
24497
24506
24509
24509
24515
24515
24535
24536
24541
24543
24545
24546
24550
24556
24559
24559
24560
24567
24576
24580
24583
24585
24589
24595
24596
24597
24598
24600
24607
24607
24611
24611
24612
24614
24616
24619
24622
24628
24631
24631
24634
24644
24651
24657
24660
24660
24661
24665
24665
24666
24681
24687
24690
24690
24691
24693
24699
24701
24703
24705
24706
24708
24710
24712
24720
24724
24728
24734
24734
24745
24748
24751
24753
24757
24758
24760
24762
24766
24770
24776
24788
24794
24795
24796
24797
24798
24799
24806
24807
24808
24812
24817
24818
24824
24827
24827
24835
24839
24841
24854
24856
24858
24859
24860
24866
24867
24867
24870
24873
24877
24877
24882
24883
24889
24890
24890
24894
24898
24898
24898
24903
24904
24912
24918
24922
24923
24924
24927
24935
24936
24939
24947
24951
24951
24954
24956
24959
24961
24967
24971
24974
24975
24976
24981
24992
24993
24996
25003
25007
25008
25015
25016
25018
25025
25025
25034
25037
25039
25042
25042
25044
25045
25046
25046
25048
25050
25051
25057
25061
25063
25070
25076
25084
25086
25094
25098
25099
25099
25101
25104
25108
25113
25113
25117
25121
25123
25126
25128
25132
25132
25136
25137
25139
25139
25145
25151
25155
25158
25159
25161
25164
25166
25175
25175
25181
25182
25188
25188
25188
25194
25212
25217
25218
25222
25232
25234
25234
25240
25244
25247
25252
25254
25258
25259
25262
25262
25263
25265
25266
25273
25274
25275
25279
25279
25281
25281
25290
25293
25293
25294
25295
25295
25300
25307
25313
25317
25324
25325
25327
25328
25329
25331
25334
25334
25343
25347
25350
25352
25352
25354
25361
25364
25367
25370
25371
25373
25374
25378
25379
25381
25382
25388
25395
25395
25397
25398
25399
25400
25400
25408
25409
25410
25413
25415
25424
25427
25430
25433
25436
25436
25438
25442
25443
25443
25444
25445
25454
25460
25462
25462
25468
25468
25471
25473
25479
25482
25486
25495
25495
25497
25497
25511
25511
25515
25516
25516
25522
25525
25527
25527
25531
25533
25535
25540
25542
25543
25543
25545
25547
25553
25554
25555
25556
25556
25557
25563
25563
25575
25576
25581
25586
25589
25591
25592
25598
25600
25601
25606
25607
25610
25611
25612
25614
25617
25632
25632
25635
25646
25650
25657
25668
25672
25676
25676
25676
25678
25678
25685
25688
25690
25690
25702
25703
25706
25712
25713
25719
25720
25722
25724
25725
25729
25731
25732
25734
25735
25736
25738
25739
25748
25748
25751
25753
25754
25754
25757
25760
25762
25763
25764
25768
25769
25770
25775
25777
25777
25787
25788
25789
25790
25790
25801
25808
25817
25819
25819
25822
25822
25827
25830
25832
25833
25835
25844
25845
25847
25848
25855
25855
25856
25884
25891
25895
25898
25901
25902
25903
25906
25907
25907
25908
25909
25915
25919
25921
25922
25934
25936
25941
25942
25945
25945
25952
25957
25960
25960
25961
25963
25965
25974
25988
25989
25992
25998
26008
26010
26018
26019
26020
26021
26022
26026
26029
26030
26032
26043
26047
26049
26051
26052
26056
26057
26058
26064
26067
26070
26071
26071
26074
26078
26082
26083
26087
26088
26088
26088
26089
26093
26094
26095
26096
26097
26099
26099
26102
26104
26111
26113
26116
26117
26117
26119
26120
26124
26127
26128
26129
26130
26130
26132
26138
26144
26144
26146
26151
26158
26161
26167
26170
26170
26177
26178
26180
26183
26188
26193
26204
26207
26214
26222
26226
26230
26246
26253
26262
26266
26268
26272
26280
26282
26285
26289
26298
26301
26302
26306
26307
26308
26309
26315
26328
26330
26332
26342
26353
26356
26357
26363
26363
26366
26368
26369
26374
26374
26377
26382
26383
26387
26388
26393
26394
26400
26402
26403
26405
26410
26413
26414
26418
26418
26421
26424
26435
26437
26455
26457
26459
26462
26462
26470
26471
26475
26479
26479
26481
26481
26483
26484
26489
26491
26494
26496
26496
26502
26503
26503
26508
26511
26512
26517
26522
26528
26532
26534
26539
26545
26551
26554
26563
26563
26564
26565
26571
26575
26577
26577
26586
26590
26596
26601
26615
26616
26622
26622
26630
26633
26637
26644
26647
26650
26653
26654
26657
26660
26660
26662
26665
26666
26670
26675
26685
26685
26690
26693
26697
26711
26714
26715
26718
26718
26720
26735
26743
26743
26745
26745
26749
26751
26751
26761
26765
26766
26771
26772
26772
26775
26777
26778
26784
26785
26785
26788
26795
26798
26801
26801
26803
26809
26810
26810
26811
26816
26818
26821
26830
26832
26833
26836
26842
26843
26843
26844
26845
26849
26851
26859
26862
26864
26867
26867
26868
26869
26870
26870
26874
26887
26889
26892
26892
26895
26896
26901
26906
26913
26914
26921
26922
26922
26927
26927
26928
26930
26930
26931
26931
26935
26936
26946
26951
26953
26956
26957
26959
26965
26967
26969
26976
26977
26978
26985
26993
26995
27002
27003
27010
27014
27024
27031
27036
27038
27042
27042
27049
27052
27056
27056
27061
27061
27061
27063
27064
27065
27068
27074
27077
27083
27085
27091
27095
27100
27101
27103
27107
27115
27119
27120
27130
27133
27144
27150
27165
27167
27170
27173
27174
27181
27186
27188
27191
27193
27196
27196
27202
27202
27207
27210
27215
27217
27218
27218
27220
27221
27225
27226
27229
27233
27240
27242
27251
27251
27252
27254
27261
27263
27265
27267
27267
27275
27288
27289
27292
27293
27293
27295
27296
27301
27305
27305
27306
27306
27309
27320
27325
27328
27341
27342
27344
27347
27347
27350
27355
27362
27363
27365
27372
27374
27374
27376
27385
27385
27386
27388
27394
27396
27400
27401
27407
27409
27415
27416
27420
27421
27424
27427
27428
27430
27431
27432
27442
27451
27452
27456
27460
27467
27469
27480
27480
27481
27486
27491
27491
27495
27497
27500
27501
27504
27504
27505
27506
27511
27513
27513
27518
27529
27531
27532
27533
27533
27542
27546
27546
27553
27553
27556
27557
27560
27563
27563
27566
27569
27573
27573
27574
27577
27578
27582
27583
27585
27587
27589
27592
27594
27595
27601
27604
27606
27616
27618
27619
27626
27626
27628
27630
27631
27641
27646
27651
27652
27654
27655
27661
27672
27687
27687
27691
27696
27697
27698
27701
27711
27712
27718
27721
27723
27723
27725
27726
27726
27730
27735
27736
27740
27741
27748
27751
27751
27754
27759
27763
27767
27770
27775
27776
27780
27783
27786
27789
27790
27797
27799
27806
27808
27812
27812
27816
27816
27817
27819
27824
27827
27829
27830
27833
27837
27838
27841
27843
27846
27850
27850
27858
27858
27860
27863
27864
27865
27872
27873
27876
27877
27879
27886
27889
27893
27895
27901
27912
27921
27947
27947
27953
27955
27957
27962
27969
27969
27970
27972
27975
27975
27991
27997
28004
28008
28010
28011
28014
28017
28023
28029
28030
28032
28032
28033
28044
28053
28060
28063
28065
28068
28070
28084
28089
28104
28108
28111
28112
28112
28113
28116
28118
28118
28123
28125
28128
28132
28133
28139
28141
28144
28146
28148
28148
28151
28157
28163
28166
28166
28174
28174
28178
28180
28180
28181
28194
28194
28198
28206
28211
28213
28214
28216
28217
28217
28227
28228
28229
28235
28239
28243
28246
28246
28249
28254
28256
28259
28260
28261
28262
28262
28267
28275
28288
28291
28293
28293
28294
28296
28299
28300
28305
28309
28313
28314
28317
28318
28321
28333
28334
28334
28336
28337
28339
28340
28341
28341
28342
28342
28348
28349
28352
28357
28367
28371
28372
28372
28378
28378
28379
28384
28387
28387
28388
28389
28396
28401
28402
28404
28409
28423
28425
28426
28428
28430
28431
28436
28442
28442
28444
28449
28450
28452
28458
28462
28463
28468
28470
28485
28485
28488
28493
28500
28502
28503
28515
28516
28524
28545
28545
28546
28547
28550
28553
28556
28556
28559
28559
28560
28564
28564
28568
28569
28573
28575
28578
28579
28579
28581
28584
28585
28587
28591
28598
28600
28606
28612
28613
28622
28625
28625
28628
28629
28633
28639
28642
28642
28643
28644
28647
28648
28649
28651
28674
28676
28680
28684
28690
28692
28692
28695
28699
28699
28699
28703
28703
28704
28705
28705
28706
28707
28721
28723
28732
28737
28742
28746
28750
28753
28754
28764
28769
28769
28770
28773
28787
28789
28789
28789
28791
28796
28800
28802
28806
28807
28808
28810
28811
28811
28820
28823
28828
28828
28840
28844
28849
28857
28858
28862
28866
28868
28882
28890
28890
28892
28898
28900
28900
28903
28906
28914
28914
28921
28926
28926
28926
28929
28929
28934
28936
28939
28941
28947
28950
28953
28954
28955
28955
28956
28956
28966
28969
28969
28971
28976
28976
28982
28982
28988
28988
28988
28992
28994
28997
28999
28999
29009
29016
29018
29021
29022
29023
29028
29028
29031
29031
29033
29039
29045
29050
29052
29058
29058
29061
29068
29068
29069
29073
29084
29084
29084
29086
29087
29091
29092
29094
29095
29098
29102
29106
29112
29119
29121
29129
29130
29137
29140
29144
29145
29154
29157
29157
29157
29163
29164
29166
29173
29175
29179
29180
29181
29185
29193
29194
29201
29203
29217
29231
29234
29234
29234
29239
29246
29247
29247
29252
29252
29255
29256
29260
29261
29261
29266
29268
29270
29279
29284
29289
29290
29291
29293
29294
29295
29296
29300
29301
29308
29312
29317
29323
29324
29325
29328
29329
29335
29337
29343
29344
29357
29362
29364
29376
29378
29385
29387
29387
29391
29392
29393
29396
29404
29405
29406
29407
29407
29410
29412
29413
29413
29414
29415
29417
29418
29421
29424
29424
29428
29433
29433
29436
29437
29440
29440
29443
29444
29452
29453
29455
29458
29458
29458
29459
29461
29470
29473
29481
29483
29485
29486
29487
29490
29493
29496
29503
29504
29505
29509
29516
29519
29520
29523
29523
29524
29526
29527
29532
29533
29534
29536
29538
29545
29547
29548
29549
29549
29551
29551
29551
29552
29556
29561
29562
29566
29567
29570
29572
29575
29577
29582
29582
29586
29587
29590
29591
29595
29600
29603
29605
29606
29621
29622
29629
29630
29643
29649
29652
29658
29676
29678
29680
29685
29690
29693
29696
29697
29699
29700
29700
29701
29702
29707
29713
29715
29734
29735
29738
29740
29742
29747
29757
29757
29764
29766
29767
29770
29772
29779
29786
29788
29788
29794
29796
29799
29803
29808
29816
29832
29833
29834
29835
29841
29841
29842
29843
29847
29847
29855
29856
29858
29864
29864
29872
29876
29887
29888
29888
29889
29893
29896
29896
29911
29921
29928
29939
29940
29941
29948
29955
29966
29967
29967
29973
29977
29978
29984
29986
29989
29992
29999
30000
30010
30010
30013
30019
30025
30025
30030
30033
30034
30039
30047
30051
30052
30053
30057
30066
30071
30072
30083
30085
30092
30095
30097
30100
30103
30104
30106
30107
30107
30109
30112
30112
30113
30118
30119
30120
30121
30121
30125
30127
30128
30129
30129
30138
30139
30151
30154
30169
30171
30178
30193
30200
30208
30209
30215
30220
30224
30230
30239
30240
30242
30247
30248
30248
30268
30272
30281
30281
30281
30281
30282
30283
30287
30287
30288
30289
30293
30295
30302
30303
30306
30308
30309
30314
30317
30317
30321
30321
30322
30323
30329
30333
30334
30335
30335
30338
30338
30340
30341
30343
30350
30350
30352
30357
30366
30367
30368
30371
30378
30381
30385
30387
30388
30401
30409
30411
30420
30421
30428
30434
30435
30440
30440
30446
30451
30454
30455
30463
30473
30473
30476
30477
30478
30478
30479
30487
30491
30495
30496
30502
30507
30508
30508
30515
30518
30521
30526
30531
30536
30537
30538
30542
30546
30547
30547
30549
30559
30562
30564
30566
30568
30570
30575
30580
30584
30584
30586
30588
30589
30595
30597
30606
30607
30607
30608
30609
30613
30614
30618
30622
30625
30635
30635
30642
30645
30646
30653
30661
30663
30666
30667
30667
30670
30673
30680
30681
30684
30694
30698
30703
30709
30709
30715
30722
30724
30728
30730
30731
30736
30746
30753
30753
30754
30763
30765
30767
30769
30772
30773
30775
30780
30782
30784
30789
30792
30793
30794
30797
30798
30800
30803
30806
30811
30812
30817
30819
30826
30831
30837
30845
30845
30848
30848
30849
30850
30853
30858
30861
30861
30862
30866
30866
30867
30872
30877
30889
30895
30902
30914
30915
30918
30923
30925
30929
30937
30938
30943
30955
30958
30962
30962
30966
30972
30974
30979
30982
30983
30993
30993
30996
31001
31003
31008
31010
31015
31019
31020
31023
31025
31033
31037
31039
31040
31042
31044
31044
31047
31054
31055
31060
31062
31065
31065
31067
31073
31084
31094
31098
31102
31103
31104
31104
31104
31108
31110
31112
31114
31114
31115
31115
31117
31120
31120
31121
31122
31123
31126
31126
31129
31130
31132
31135
31143
31155
31155
31157
31157
31166
31174
31176
31177
31178
31179
31180
31184
31195
31199
31204
31206
31208
31214
31215
31220
31222
31224
31225
31229
31234
31234
31239
31242
31243
31250
31252
31253
31259
31266
31270
31272
31275
31281
31284
31285
31287
31292
31295
31295
31300
31300
31300
31306
31306
31307
31307
31312
31315
31324
31326
31331
31337
31337
31339
31343
31345
31348
31352
31356
31357
31362
31367
31376
31381
31381
31389
31391
31393
31396
31414
31416
31421
31422
31423
31427
31429
31430
31431
31431
31433
31433
31435
31436
31437
31443
31443
31443
31446
31447
31454
31454
31454
31455
31459
31459
31470
31478
31484
31488
31492
31497
31511
31514
31516
31516
31516
31520
31524
31528
31532
31533
31540
31546
31547
31551
31553
31557
31577
31582
31584
31587
31593
31593
31599
31599
31600
31603
31605
31606
31606
31614
31631
31637
31638
31642
31644
31649
31649
31652
31656
31656
31662
31666
31675
31676
31681
31684
31685
31686
31688
31693
31694
31695
31696
31697
31704
31707
31707
31708
31711
31718
31719
31719
31721
31726
31728
31729
31739
31742
31744
31750
31751
31753
31758
31762
31764
31769
31772
31772
31773
31778
31779
31779
31786
31787
31789
31792
31793
31794
31802
31804
31808
31808
31814
31821
31824
31829
31829
31834
31842
31843
31844
31847
31849
31850
31850
31851
31861
31862
31864
31865
31867
31873
31884
31884
31886
31895
31896
31906
31911
31918
31924
31925
31926
31928
31929
31937
31942
31943
31944
31946
31948
31950
31953
31954
31955
31960
31964
31965
31965
31968
31972
31987
31989
31999
32009
32012
32017
32025
32026
32037
32038
32042
32051
32057
32061
32061
32063
32063
32063
32069
32072
32074
32082
32091
32092
32101
32108
32109
32124
32124
32125
32126
32129
32132
32137
32138
32138
32146
32147
32150
32153
32162
32178
32180
32181
32185
32193
32194
32196
32200
32207
32210
32213
32227
32228
32231
32231
32238
32239
32242
32247
32247
32248
32248
32255
32259
32259
32267
32269
32269
32276
32277
32277
32279
32280
32281
32286
32287
32289
32290
32296
32298
32301
32302
32302
32303
32308
32309
32310
32311
32314
32317
32320
32322
32326
32331
32334
32337
32342
32342
32345
32346
32348
32353
32356
32358
32359
32371
32373
32376
32377
32380
32390
32391
32391
32391
32393
32399
32400
32401
32405
32406
32406
32408
32408
32413
32414
32418
32418
32420
32421
32423
32433
32436
32449
32450
32454
32457
32461
32461
32464
32465
32478
32480
32481
32481
32483
32493
32499
32502
32517
32518
32519
32520
32521
32526
32527
32529
32532
32544
32546
32560
32564
32564
32565
32565
32568
32569
32570
32578
32584
32585
32586
32588
32590
32597
32598
32598
32601
32611
32614
32615
32619
32620
32621
32624
32627
32634
32635
32636
32636
32637
32638
32639
32649
32650
32657
32657
32658
32660
32661
32666
32670
32678
32680
32683
32686
32686
32689
32691
32704
32707
32710
32710
32715
32716
32722
32729
32738
32738
32745
32746
32746
32748
32749
32750
32753
32756
32760
32764
32766
