9
13
21
23
27
29
30
30
31
40
43
50
55
58
68
69
79
80
85
89
91
96
99
101
107
115
116
118
122
127
129
138
138
140
148
148
151
155
161
173
181
183
191
191
196
198
209
218
219
221
224
230
234
236
236
237
239
243
245
245
246
249
252
252
263
265
267
274
275
275
277
279
282
286
286
297
298
299
301
303
304
304
307
310
311
312
313
314
314
318
325
329
330
334
337
342
346
347
351
351
352
355
356
357
360
361
361
362
372
375
384
386
391
394
395
397
399
399
400
402
403
405
406
409
412
413
413
413
414
414
417
417
420
423
426
427
427
431
431
432
436
436
437
438
440
448
450
461
463
465
471
472
474
480
484
490
491
492
495
497
497
501
512
513
517
518
521
523
525
527
527
529
532
532
537
537
543
549
550
551
552
569
571
576
579
583
586
587
588
589
591
597
598
600
607
609
611
612
618
620
632
632
632
635
639
642
643
644
648
651
652
657
658
662
662
665
667
671
676
681
684
688
689
693
693
703
705
711
712
718
725
725
728
729
734
738
740
749
752
757
761
764
771
771
776
782
783
785
786
786
798
809
809
812
814
819
825
825
827
831
832
833
834
843
845
845
849
850
851
852
853
856
857
858
860
861
861
865
866
868
869
870
871
885
886
887
893
894
908
908
908
914
921
923
926
927
930
932
933
943
949
950
951
957
966
968
968
973
974
977
979
980
989
993
995
996
1004
1008
1015
1015
1017
1018
1022
1026
1033
1034
1038
1039
1040
1042
1043
1046
1051
1052
1055
1060
1060
1062
1071
1071
1071
1075
1079
1083
1084
1096
1097
1101
1101
1104
1105
1110
1110
1110
1114
1116
1131
1133
1142
1142
1143
1148
1149
1151
1152
1154
1154
1155
1157
1165
1166
1171
1172
1172
1173
1179
1181
1184
1186
1190
1195
1195
1196
1200
1203
1205
1206
1209
1214
1215
1216
1217
1218
1219
1220
1232
1239
1239
1247
1248
1251
1253
1256
1265
1273
1281
1284
1285
1288
1297
1299
1299
1301
1306
1307
1307
1324
1328
1330
1336
1340
1355
1364
1365
1366
1368
1373
1374
1377
1380
1382
1388
1390
1393
1395
1402
1407
1410
1413
1415
1419
1422
1423
1423
1425
1426
1426
1429
1430
1431
1434
1435
1438
1441
1444
1446
1447
1448
1449
1450
1454
1459
1459
1461
1464
1465
1466
1468
1469
1496
1500
1504
1504
1512
1514
1516
1516
1523
1528
1528
1530
1531
1536
1537
1538
1540
1541
1544
1546
1547
1549
1550
1550
1552
1557
1571
1573
1580
1584
1587
1590
1594
1594
1598
1602
1602
1602
1604
1605
1606
1606
1607
1610
1612
1616
1621
1624
1628
1628
1636
1638
1648
1648
1653
1656
1663
1669
1671
1673
1676
1680
1685
1690
1694
1702
1704
1709
1718
1719
1720
1723
1726
1728
1729
1729
1734
1736
1740
1745
1746
1748
1749
1752
1752
1755
1765
1766
1771
1777
1792
1794
1797
1801
1802
1804
1811
1814
1835
1836
1836
1839
1840
1844
1846
1846
1851
1854
1855
1860
1863
1863
1867
1870
1871
1874
1879
1879
1881
1882
1883
1884
1888
1893
1906
1908
1910
1910
1911
1918
1921
1922
1925
1926
1929
1931
1933
1936
1940
1947
1960
1961
1966
1966
1967
1971
1973
1977
1981
1987
1990
1991
1992
1994
1995
1995
1996
2000
2002
2002
2005
2005
2010
2011
2013
2022
2023
2028
2035
2042
2044
2044
2045
2061
2068
2069
2076
2077
2078
2079
2087
2093
2094
2094
2099
2105
2116
2127
2140
2146
2146
2149
2151
2160
2164
2167
2168
2171
2174
2176
2177
2178
2180
2185
2191
2202
2203
2208
2210
2220
2220
2220
2221
2221
2229
2231
2235
2242
2245
2248
2248
2250
2250
2255
2256
2259
2262
2265
2274
2275
2275
2280
2284
2291
2309
2319
2326
2326
2331
2334
2344
2346
2349
2350
2350
2352
2355
2357
2357
2362
2366
2371
2371
2372
2384
2384
2387
2389
2390
2390
2393
2398
2398
2399
2403
2404
2404
2405
2409
2413
2416
2416
2429
2429
2430
2435
2436
2438
2439
2440
2441
2450
2451
2453
2453
2456
2458
2458
2460
2461
2461
2467
2468
2475
2478
2481
2481
2487
2494
2498
2501
2510
2511
2514
2523
2529
2534
2543
2544
2545
2556
2559
2562
2582
2586
2586
2591
2592
2593
2596
2597
2599
2602
2606
2606
2616
2619
2620
2620
2623
2626
2628
2629
2629
2633
2639
2639
2641
2641
2650
2650
2654
2656
2662
2662
2663
2667
2668
2682
2687
2691
2692
2694
2696
2697
2702
2708
2709
2713
2717
2722
2723
2724
2730
2731
2731
2735
2738
2739
2742
2743
2744
2749
2752
2755
2756
2757
2764
2768
2770
2771
2772
2774
2774
2785
2786
2788
2791
2792
2793
2793
2801
2801
2802
2805
2814
2816
2825
2827
2830
2831
2831
2833
2837
2842
2845
2854
2855
2858
2866
2867
2869
2869
2877
2880
2881
2892
2901
2907
2910
2919
2920
2924
2930
2931
2934
2936
2936
2939
2940
2945
2946
2947
2948
2949
2953
2954
2957
2959
2966
2969
2969
2970
2970
2976
2978
2981
2987
2987
2990
2991
2991
2991
2991
2992
2999
3002
3003
3005
3005
3005
3006
3008
3017
3021
3022
3022
3023
3027
3036
3046
3047
3050
3051
3054
3059
3064
3064
3070
3071
3071
3073
3080
3080
3080
3081
3086
3092
3095
3101
3102
3109
3109
3118
3118
3121
3122
3125
3127
3130
3134
3136
3137
3138
3139
3139
3144
3148
3150
3151
3152
3153
3158
3161
3168
3169
3171
3172
3173
3173
3173
3177
3179
3180
3181
3182
3183
3195
3195
3205
3208
3209
3210
3212
3214
3214
3216
3218
3218
3221
3229
3230
3237
3240
3244
3245
3246
3247
3256
3257
3261
3262
3264
3269
3272
3274
3275
3278
3278
3290
3291
3291
3292
3303
3306
3310
3310
3312
3312
3315
3319
3323
3325
3326
3327
3331
3332
3334
3339
3351
3357
3357
3361
3366
3368
3371
3372
3372
3388
3390
3392
3394
3394
3401
3401
3402
3404
3405
3410
3415
3423
3426
3431
3432
3435
3435
3436
3441
3443
3445
3445
3445
3448
3449
3450
3452
3454
3456
3457
3458
3476
3477
3479
3497
3497
3501
3503
3504
3510
3514
3516
3517
3524
3525
3535
3540
3542
3545
3547
3551
3552
3554
3554
3555
3558
3561
3570
3573
3575
3583
3583
3586
3587
3591
3592
3597
3602
3603
3610
3611
3612
3616
3619
3622
3623
3624
3628
3636
3640
3641
3649
3649
3654
3656
3656
3661
3665
3667
3678
3683
3685
3687
3687
3688
3689
3690
3700
3701
3709
3712
3715
3721
3724
3726
3728
3730
3732
3732
3735
3738
3747
3748
3748
3749
3749
3750
3754
3754
3758
3759
3763
3767
3769
3769
3774
3784
3787
3790
3793
3793
3795
3797
3797
3797
3804
3810
3811
3815
3821
3823
3826
3827
3831
3837
3838
3839
3844
3847
3849
3856
3863
3863
3864
3864
3864
3866
3869
3870
3872
3873
3874
3874
3874
3875
3877
3882
3883
3884
3893
3896
3898
3899
3903
3906
3912
3913
3914
3914
3919
3921
3923
3925
3928
3931
3931
3937
3946
3946
3953
3956
3956
3958
3958
3959
3962
3963
3964
3965
3966
3972
3972
3984
3989
3990
3993
3995
3996
3996
4003
4004
4006
4012
4012
4014
4014
4014
4015
4016
4017
4021
4023
4028
4034
4036
4037
4037
4038
4040
4042
4047
4049
4051
4051
4056
4058
4059
4065
4066
4069
4069
4071
4072
4072
4073
4075
4077
4082
4082
4082
4084
4088
4088
4088
4097
4101
4102
4102
4102
4104
4104
4113
4114
4123
4131
4137
4141
4142
4142
4142
4146
4150
4153
4156
4164
4170
4181
4188
4190
4191
4195
4198
4198
4216
4217
4219
4220
4220
4230
4236
4236
4237
4239
4241
4241
4245
4246
4253
4253
4254
4256
4260
4266
4269
4273
4274
4275
4276
4279
4281
4282
4286
4287
4287
4287
4289
4290
4294
4296
4297
4297
4307
4310
4314
4331
4331
4334
4339
4342
4348
4348
4350
4358
4363
4366
4367
4367
4370
4371
4373
4373
4375
4379
4380
4381
4387
4387
4388
4388
4388
4392
4400
4406
4413
4422
4423
4425
4427
4427
4434
4434
4435
4435
4453
4458
4461
4462
4463
4464
4464
4466
4468
4477
4480
4492
4496
4499
4500
4500
4504
4504
4508
4509
4510
4516
4516
4518
4518
4519
4521
4526
4528
4529
4529
4533
4534
4538
4541
4541
4555
4562
4570
4576
4580
4585
4603
4604
4604
4604
4606
4619
4619
4620
4622
4628
4632
4632
4635
4635
4638
4644
4644
4651
4653
4653
4654
4656
4661
4668
4670
4673
4687
4692
4699
4708
4709
4713
4713
4714
4716
4717
4722
4725
4727
4732
4732
4733
4735
4736
4740
4741
4741
4743
4745
4745
4747
4750
4752
4754
4763
4765
4770
4770
4773
4774
4775
4776
4778
4783
4783
4784
4785
4786
4787
4793
4795
4795
4800
4803
4805
4807
4808
4810
4814
4814
4815
4816
4829
4830
4830
4831
4835
4836
4843
4845
4845
4846
4847
4847
4848
4853
4853
4853
4860
4864
4864
4865
4865
4869
4873
4875
4875
4879
4880
4887
4888
4888
4897
4899
4899
4901
4902
4903
4909
4909
4911
4913
4918
4919
4925
4926
4928
4929
4929
4935
4935
4936
4936
4936
4937
4939
4945
4947
4951
4955
4955
4959
4964
4967
4968
4971
4977
4981
4982
4986
4992
4992
4993
4996
5001
5002
5006
5010
5013
5019
5021
5025
5026
5026
5027
5028
5028
5032
5043
5044
5044
5047
5055
5058
5058
5060
5070
5078
5080
5083
5088
5093
5093
5100
5102
5103
5109
5116
5127
5133
5145
5149
5155
5165
5169
5170
5170
5170
5172
5175
5175
5176
5177
5179
5180
5181
5181
5182
5187
5200
5202
5204
5205
5210
5212
5213
5214
5217
5219
5220
5223
5233
5239
5242
5243
5243
5244
5250
5250
5250
5251
5253
5254
5264
5270
5270
5272
5272
5274
5280
5282
5284
5285
5292
5294
5298
5299
5304
5305
5308
5309
5310
5315
5315
5316
5328
5340
5344
5345
5349
5349
5353
5353
5355
5358
5362
5374
5378
5387
5388
5390
5393
5393
5395
5397
5399
5400
5403
5404
5404
5411
5411
5413
5415
5415
5425
5426
5432
5444
5448
5450
5488
5493
5496
5497
5515
5529
5536
5540
5541
5547
5549
5554
5555
5557
5560
5561
5563
5566
5569
5572
5573
5573
5573
5581
5586
5594
5597
5605
5605
5609
5610
5612
5614
5614
5616
5624
5625
5625
5634
5635
5638
5647
5651
5653
5656
5658
5660
5666
5666
5671
5681
5681
5685
5689
5693
5694
5698
5700
5709
5727
5727
5738
5742
5742
5747
5754
5756
5758
5767
5768
5770
5770
5770
5771
5771
5772
5780
5787
5788
5790
5792
5793
5803
5804
5814
5821
5824
5826
5832
5835
5836
5837
5840
5841
5842
5843
5846
5853
5853
5860
5864
5870
5875
5879
5881
5885
5889
5891
5892
5893
5900
5905
5906
5910
5910
5911
5912
5913
5917
5930
5933
5933
5935
5940
5946
5954
5956
5958
5968
5969
5970
5973
5975
5981
5983
5986
5986
5993
5993
5999
6007
6008
6018
6019
6019
6021
6024
6033
6038
6041
6046
6068
6075
6076
6081
6081
6081
6084
6085
6089
6095
6100
6101
6102
6105
6107
6112
6115
6122
6124
6125
6129
6133
6134
6136
6139
6140
6141
6146
6148
6149
6150
6158
6160
6161
6162
6163
6164
6171
6179
6186
6189
6191
6195
6198
6202
6204
6216
6217
6222
6222
6223
6226
6230
6234
6237
6238
6241
6242
6246
6247
6253
6256
6258
6262
6269
6271
6272
6280
6283
6283
6284
6286
6289
6290
6295
6299
6299
6300
6302
6316
6321
6325
6329
6329
6332
6334
6335
6338
6345
6349
6351
6353
6360
6366
6368
6372
6374
6375
6379
6384
6388
6389
6395
6406
6411
6413
6415
6415
6417
6421
6433
6434
6435
6435
6435
6436
6436
6443
6443
6445
6447
6456
6465
6473
6476
6480
6485
6486
6488
6495
6498
6499
6503
6505
6510
6511
6511
6514
6521
6523
6527
6527
6528
6540
6549
6552
6554
6563
6568
6571
6576
6577
6578
6579
6580
6582
6582
6588
6588
6592
6594
6595
6599
6602
6603
6608
6608
6613
6614
6623
6626
6631
6631
6637
6642
6642
6645
6650
6650
6651
6651
6652
6664
6665
6666
6676
6684
6688
6693
6695
6700
6708
6710
6713
6716
6723
6729
6732
6733
6734
6737
6738
6741
6745
6747
6755
6755
6756
6756
6757
6762
6764
6766
6768
6771
6773
6780
6782
6785
6787
6788
6792
6793
6803
6808
6813
6815
6816
6823
6832
6834
6835
6836
6837
6840
6857
6862
6863
6866
6870
6878
6878
6889
6890
6897
6899
6899
6900
6904
6906
6911
6911
6926
6929
6933
6942
6948
6951
6953
6954
6958
6962
6962
6965
6966
6969
6975
6975
6987
6990
6991
7003
7005
7006
7006
7011
7022
7023
7026
7033
7036
7038
7040
7041
7043
7048
7050
7051
7051
7053
7058
7062
7063
7068
7071
7074
7076
7084
7099
7099
7105
7106
7109
7110
7111
7113
7119
7122
7122
7127
7128
7128
7130
7132
7133
7135
7137
7155
7164
7181
7185
7185
7187
7188
7190
7190
7195
7197
7197
7202
7203
7206
7207
7207
7217
7221
7225
7239
7240
7242
7243
7252
7253
7254
7256
7267
7267
7268
7270
7278
7288
7294
7295
7295
7300
7301
7301
7303
7304
7304
7306
7311
7313
7313
7319
7323
7326
7329
7330
7332
7338
7339
7343
7352
7359
7359
7359
7359
7362
7364
7365
7370
7370
7379
7382
7391
7396
7397
7397
7401
7401
7403
7403
7408
7409
7411
7413
7414
7427
7431
7432
7435
7443
7444
7447
7461
7461
7465
7467
7484
7487
7492
7494
7509
7509
7513
7514
7520
7522
7523
7523
7528
7528
7529
7531
7532
7533
7535
7535
7537
7543
7554
7557
7558
7567
7568
7574
7574
7576
7577
7579
7579
7580
7581
7590
7594
7597
7599
7606
7607
7609
7615
7622
7626
7627
7630
7640
7640
7640
7664
7666
7667
7676
7679
7684
7687
7688
7688
7699
7701
7704
7714
7718
7719
7720
7720
7721
7721
7723
7731
7737
7740
7740
7745
7746
7748
7751
7755
7766
7769
7772
7776
7777
7785
7787
7790
7790
7796
7806
7810
7818
7819
7822
7830
7831
7844
7846
7850
7851
7858
7860
7867
7871
7874
7874
7876
7881
7884
7888
7890
7896
7898
7898
7900
7904
7905
7906
7918
7919
7921
7925
7926
7926
7929
7930
7932
7933
7938
7944
7945
7948
7957
7958
7958
7961
7965
7965
7973
7973
7981
7982
7983
7987
7995
7998
8008
8015
8016
8017
8017
8020
8023
8024
8025
8029
8031
8042
8050
8051
8055
8056
8057
8058
8060
8063
8064
8067
8070
8070
8073
8073
8087
8092
8096
8100
8103
8103
8106
8110
8115
8118
8121
8123
8124
8125
8134
8135
8136
8140
8145
8145
8145
8149
8153
8154
8155
8157
8163
8164
8166
8169
8169
8169
8176
8179
8191
8191
8196
8198
8201
8205
8208
8214
8216
8222
8222
8227
8230
8237
8241
8242
8242
8250
8252
8257
8260
8262
8264
8272
8277
8279
8286
8291
8292
8299
8300
8301
8302
8314
8316
8318
8319
8321
8322
8322
8330
8335
8341
8354
8360
8362
8365
8370
8372
8373
8374
8377
8378
8384
8388
8390
8391
8393
8395
8399
8401
8402
8403
8407
8408
8418
8421
8422
8424
8426
8429
8435
8438
8446
8447
8447
8448
8451
8455
8455
8461
8462
8466
8468
8469
8476
8478
8490
8492
8498
8503
8506
8520
8521
8524
8524
8525
8527
8532
8533
8536
8542
8553
8554
8555
8558
8561
8566
8569
8570
8573
8582
8583
8585
8587
8589
8593
8593
8596
8597
8603
8603
8604
8609
8609
8612
8613
8625
8627
8628
8629
8633
8633
8634
8636
8636
8638
8640
8642
8642
8647
8650
8655
8665
8677
8683
8686
8691
8691
8694
8694
8694
8695
8696
8697
8697
8703
8703
8704
8706
8708
8713
8715
8722
8724
8729
8732
8740
8742
8742
8743
8745
8749
8752
8755
8757
8758
8758
8760
8764
8767
8770
8772
8780
8782
8782
8782
8786
8790
8790
8791
8801
8807
8814
8816
8817
8818
8825
8840
8841
8842
8866
8871
8879
8884
8887
8888
8892
8894
8896
8902
8904
8913
8915
8922
8924
8930
8938
8950
8952
8952
8956
8959
8962
8965
8970
8971
8979
8981
8985
8985
8986
8987
8988
8992
8998
9001
9006
9015
9016
9021
9025
9038
9041
9043
9046
9048
9051
9054
9060
9061
9062
9064
9068
9073
9074
9079
9084
9086
9089
9098
9105
9108
9110
9111
9112
9115
9115
9119
9120
9120
9124
9126
9129
9129
9134
9137
9141
9143
9146
9149
9149
9150
9152
9153
9159
9159
9160
9161
9161
9164
9166
9169
9170
9171
9185
9186
9188
9194
9196
9197
9197
9201
9203
9203
9205
9205
9205
9206
9207
9207
9208
9210
9217
9219
9220
9222
9222
9227
9228
9228
9233
9234
9234
9234
9236
9243
9246
9246
9255
9256
9262
9264
9272
9294
9294
9296
9296
9297
9300
9302
9304
9311
9313
9313
9321
9322
9323
9334
9334
9349
9350
9350
9351
9352
9353
9357
9358
9359
9366
9366
9367
9370
9372
9372
9375
9375
9376
9377
9385
9386
9387
9387
9387
9390
9393
9395
9398
9400
9403
9407
9422
9423
9424
9427
9428
9430
9433
9439
9440
9445
9451
9451
9456
9458
9460
9466
9467
9467
9469
9471
9475
9475
9476
9493
9494
9496
9498
9500
9507
9508
9509
9510
9522
9525
9525
9525
9526
9526
9526
9530
9535
9535
9536
9538
9547
9549
9577
9578
9580
9592
9610
9612
9613
9619
9624
9626
9635
9644
9644
9645
9645
9647
9647
9649
9649
9650
9653
9653
9654
9655
9657
9658
9658
9660
9661
9662
9667
9667
9669
9674
9689
9693
9697
9697
9698
9701
9706
9716
9717
9720
9722
9724
9725
9725
9725
9733
9733
9733
9734
9736
9738
9739
9739
9743
9744
9744
9750
9750
9751
9754
9757
9758
9759
9763
9767
9770
9776
9777
9786
9787
9787
9789
9790
9794
9800
9800
9801
9801
9810
9810
9812
9816
9819
9820
9820
9828
9835
9838
9841
9843
9845
9847
9849
9854
9855
9858
9860
9860
9861
9863
9864
9868
9868
9873
9874
9879
9882
9883
9890
9891
9902
9912
9914
9920
9928
9930
9933
9935
9938
9950
9952
9954
9972
9975
9977
9979
9983
9983
9987
9991
9991
9993
9994
10002
10003
10008
10009
10010
10012
10018
10021
10022
10034
10038
10046
10058
10059
10062
10063
10064
10065
10067
10071
10083
10087
10091
10093
10095
10095
10102
10103
10110
10111
10115
10119
10120
10122
10122
10123
10129
10134
10141
10163
10164
10168
10168
10170
10179
10180
10187
10191
10200
10204
10209
10209
10213
10218
10220
10222
10225
10225
10231
10237
10237
10240
10241
10241
10245
10251
10253
10256
10259
10259
10261
10264
10264
10274
10277
10281
10281
10282
10287
10291
10298
10306
10308
10309
10311
10321
10323
10328
10330
10330
10331
10331
10331
10340
10341
10342
10352
10352
10357
10357
10364
10368
10379
10381
10389
10396
10397
10397
10401
10402
10403
10404
10408
10417
10419
10420
10421
10424
10425
10429
10432
10432
10433
10433
10437
10439
10444
10446
10447
10448
10450
10450
10458
10463
10464
10468
10470
10476
10477
10478
10479
10481
10482
10483
10484
10488
10488
10494
10496
10505
10508
10509
10512
10513
10519
10525
10525
10541
10542
10544
10545
10549
10551
10555
10560
10562
10565
10566
10567
10574
10574
10579
10582
10584
10585
10586
10590
10595
10596
10597
10601
10602
10605
10608
10609
10611
10611
10612
10624
10626
10636
10636
10640
10645
10647
10652
10655
10667
10671
10679
10690
10692
10692
10695
10700
10701
10701
10704
10706
10707
10708
10711
10714
10717
10718
10724
10727
10730
10731
10735
10741
10744
10744
10747
10751
10757
10759
10761
10763
10764
10777
10777
10778
10783
10784
10785
10793
10796
10799
10808
10825
10826
10829
10829
10830
10831
10832
10833
10834
10838
10839
10840
10842
10842
10856
10861
10862
10867
10869
10871
10872
10873
10874
10881
10887
10888
10890
10890
10896
10897
10905
10905
10905
10905
10914
10916
10926
10929
10931
10931
10931
10934
10936
10937
10940
10940
10943
10946
10947
10949
10957
10964
10965
10970
10972
10973
10980
10980
10980
10984
10987
10988
10989
10993
10998
11000
11002
11003
11006
11009
11009
11015
11016
11026
11028
11035
11041
11042
11044
11046
11049
11050
11052
11052
11055
11056
11062
11063
11065
11065
11070
11076
11077
11078
11084
11084
11088
11092
11104
11109
11112
11112
11115
11115
11117
11124
11127
11140
11147
11149
11152
11161
11161
11164
11165
11173
11173
11177
11179
11182
11186
11187
11187
11188
11191
11191
11193
11200
11209
11210
11211
11214
11218
11219
11219
11220
11223
11224
11224
11226
11227
11229
11229
11230
11230
11237
11247
11247
11248
11249
11250
11250
11251
11253
11253
11259
11269
11270
11272
11280
11291
11292
11303
11308
11309
11318
11318
11326
11326
11332
11339
11340
11345
11349
11357
11366
11367
11368
11368
11374
11374
11375
11378
11381
11386
11401
11402
11403
11407
11408
11410
11412
11413
11413
11413
11421
11422
11437
11437
11441
11442
11443
11443
11447
11447
11455
11457
11457
11457
11459
11462
11463
11464
11469
11475
11476
11477
11477
11478
11480
11483
11487
11491
11493
11494
11495
11499
11502
11502
11504
11504
11505
11508
11512
11515
11523
11525
11532
11543
11546
11564
11567
11569
11571
11572
11577
11583
11585
11589
11592
11594
11596
11599
11602
11602
11605
11606
11616
11618
11621
11625
11625
11629
11629
11629
11636
11640
11640
11640
11643
11646
11652
11659
11665
11667
11671
11672
11673
11676
11684
11686
11687
11688
11691
11695
11699
11699
11701
11702
11704
11705
11709
11717
11721
11723
11725
11726
11733
11735
11737
11741
11741
11745
11750
11754
11759
11765
11766
11767
11768
11771
11771
11774
11776
11783
11784
11788
11798
11798
11800
11801
11808
11812
11815
11817
11818
11819
11825
11827
11827
11828
11831
11835
11840
11843
11846
11850
11851
11857
11857
11859
11866
11867
11869
11876
11881
11886
11898
11899
11900
11903
11904
11904
11905
11906
11906
11907
11911
11919
11919
11925
11931
11932
11936
11940
11947
11953
11955
11957
11962
11963
11970
11971
11972
11981
11989
11992
12000
12017
12019
12022
12022
12025
12037
12040
12044
12047
12048
12059
12060
12066
12069
12070
12072
12072
12075
12076
12083
12087
12088
12088
12090
12095
12097
12109
12112
12117
12121
12125
12136
12146
12146
12146
12147
12148
12153
12153
12155
12158
12167
12168
12171
12177
12179
12180
12185
12186
12188
12188
12188
12189
12192
12197
12197
12198
12205
12207
12208
12208
12221
12227
12227
12229
12234
12237
12245
12247
12255
12258
12260
12261
12262
12265
12267
12267
12268
12268
12273
12273
12273
12281
12282
12283
12283
12290
12306
12308
12308
12309
12312
12321
12325
12328
12329
12333
12337
12340
12341
12342
12342
12346
12346
12347
12348
12353
12359
12359
12361
12363
12367
12367
12367
12368
12368
12370
12373
12375
12382
12385
12389
12389
12391
12395
12397
12399
12400
12404
12410
12410
12414
12416
12418
12418
12428
12428
12428
12429
12429
12445
12448
12449
12450
12457
12460
12463
12465
12467
12469
12470
12473
12476
12481
12485
12489
12492
12494
12494
12495
12495
12497
12499
12499
12503
12508
12509
12511
12511
12520
12522
12522
12525
12528
12529
12544
12546
12547
12548
12549
12551
12553
12560
12561
12567
12568
12570
12572
12573
12574
12574
12579
12584
12585
12586
12588
12600
12609
12612
12613
12613
12619
12622
12625
12626
12626
12628
12632
12633
12637
12642
12646
12650
12653
12654
12655
12657
12658
12660
12669
12678
12679
12682
12684
12685
12686
12687
12688
12691
12691
12691
12695
12699
12701
12712
12713
12720
12720
12721
12725
12731
12740
12742
12742
12744
12746
12750
12750
12755
12757
12764
12765
12765
12766
12784
12785
12794
12794
12800
12801
12802
12803
12811
12811
12816
12816
12820
12829
12829
12831
12833
12834
12836
12838
12848
12848
12849
12850
12853
12859
12861
12869
12878
12878
12879
12884
12891
12900
12903
12907
12907
12907
12911
12913
12914
12916
12916
12923
12925
12926
12927
12931
12933
12933
12936
12938
12943
12944
12944
12947
12952
12953
12954
12957
12957
12958
12964
12967
12971
12972
12973
12974
12979
12985
12998
12998
13001
13007
13021
13026
13035
13035
13036
13042
13052
13052
13059
13062
13066
13068
13068
13069
13071
13074
13076
13079
13080
13087
13088
13092
13096
13097
13098
13101
13101
13103
13105
13108
13110
13115
13122
13124
13124
13145
13166
13170
13171
13181
13184
13190
13193
13193
13210
13212
13213
13215
13216
13217
13218
13221
13231
13249
13250
13252
13253
13253
13257
13259
13261
13262
13266
13278
13279
13282
13287
13287
13289
13294
13295
13296
13302
13304
13304
13306
13311
13320
13322
13324
13333
13337
13343
13343
13345
13346
13352
13357
13357
13363
13366
13368
13377
13383
13386
13390
13393
13394
13397
13402
13403
13407
13411
13416
13418
13420
13422
13423
13424
13429
13430
13431
13437
13441
13461
13462
13462
13471
13474
13474
13477
13479
13479
13481
13484
13495
13496
13496
13501
13513
13514
13515
13515
13519
13524
13533
13533
13540
13542
13547
13550
13556
13564
13565
13570
13581
13581
13582
13583
13595
13609
13609
13612
13616
13617
13619
13620
13623
13623
13625
13625
13628
13630
13632
13633
13638
13639
13640
13642
13643
13644
13650
13662
13664
13665
13667
13668
13675
13680
13681
13682
13683
13684
13684
13689
13692
13693
13694
13696
13699
13702
13703
13704
13705
13707
13714
13715
13716
13720
13727
13728
13728
13735
13746
13747
13754
13754
13763
13765
13770
13771
13774
13781
13790
13802
13803
13805
13812
13821
13824
13833
13837
13840
13840
13841
13846
13848
13849
13858
13858
13862
13863
13864
13871
13872
13872
13873
13877
13878
13884
13896
13900
13902
13903
13909
13910
13916
13916
13917
13919
13925
13928
13936
13936
13936
13944
13947
13948
13951
13964
13967
13970
13970
13971
13974
13974
13976
13979
13980
13988
13990
13991
13992
13993
13994
13997
13997
13998
14006
14008
14008
14011
14014
14018
14024
14041
14057
14057
14058
14061
14062
14068
14075
14076
14077
14078
14079
14084
14095
14096
14099
14102
14111
14114
14117
14118
14118
14120
14122
14130
14131
14132
14140
14142
14142
14143
14146
14152
14153
14153
14157
14159
14161
14166
14170
14177
14178
14179
14180
14180
14181
14182
14183
14184
14188
14190
14191
14196
14199
14206
14208
14211
14215
14218
14228
14234
14239
14239
14242
14246
14248
14248
14254
14256
14259
14263
14269
14271
14274
14280
14280
14282
14286
14289
14307
14310
14313
14315
14316
14319
14322
14326
14330
14334
14335
14339
14344
14347
14347
14349
14353
14356
14360
14362
14369
14374
14375
14380
14380
14382
14386
14387
14391
14396
14398
14399
14405
14411
14414
14429
14439
14441
14442
14444
14445
14447
14454
14467
14468
14469
14469
14476
14477
14482
14484
14488
14492
14503
14507
14509
14514
14516
14519
14522
14526
14530
14531
14533
14535
14543
14543
14546
14548
14554
14558
14560
14565
14567
14569
14570
14573
14577
14578
14578
14579
14581
14583
14587
14589
14598
14608
14608
14612
14622
14623
14624
14627
14630
14632
14635
14636
14643
14644
14649
14657
14665
14668
14670
14675
14678
14681
14683
14684
14687
14695
14699
14700
14700
14702
14709
14709
14711
14713
14729
14732
14738
14741
14741
14747
14751
14752
14752
14767
14769
14773
14775
14778
14784
14786
14789
14793
14798
14798
14808
14819
14825
14827
14828
14829
14832
14837
14838
14848
14852
14858
14860
14866
14868
14874
14878
14879
14881
14886
14886
14887
14889
14891
14893
14896
14896
14897
14898
14905
14907
14909
14911
14917
14918
14919
14924
14925
14926
14928
14931
14932
14932
14934
14936
14937
14938
14938
14939
14941
14941
14944
14945
14947
14948
14956
14965
14969
14974
14978
14984
14984
14987
14991
14991
14992
14993
14994
14997
15001
15001
15003
15009
15010
15015
15015
15023
15028
15032
15035
15038
15039
15043
15052
15052
15053
15053
15053
15058
15060
15061
15064
15075
15084
15098
15099
15110
15112
15113
15114
15117
15122
15123
15134
15140
15144
15145
15147
15148
15151
15158
15162
15162
15164
15167
15168
15168
15171
15180
15181
15186
15190
15191
15193
15198
15199
15200
15210
15214
15215
15218
15224
15229
15231
15232
15233
15240
15243
15245
15245
15249
15261
15261
15271
15274
15274
15275
15276
15280
15280
15281
15285
15287
15288
15292
15302
15303
15303
15310
15319
15323
15327
15330
15330
15331
15335
15337
15337
15338
15341
15354
15359
15366
15370
15373
15376
15379
15381
15383
15386
15388
15390
15391
15394
15397
15401
15403
15409
15411
15417
15425
15426
15426
15429
15433
15434
15436
15442
15445
15452
15456
15466
15471
15483
15487
15490
15493
15494
15494
15494
15495
15498
15503
15513
15514
15515
15517
15518
15520
15522
15522
15524
15526
15535
15538
15545
15548
15549
15552
15555
15557
15571
15576
15585
15589
15590
15600
15606
15607
15608
15610
15610
15617
15634
15634
15643
15647
15650
15654
15658
15659
15659
15666
15666
15686
15687
15692
15713
15723
15728
15728
15736
15737
15739
15739
15747
15755
15755
15756
15760
15765
15766
15768
15772
15772
15777
15778
15779
15785
15790
15793
15799
15817
15823
15825
15826
15826
15827
15827
15829
15838
15838
15842
15847
15852
15875
15879
15890
15892
15904
15909
15910
15917
15918
15919
15922
15925
15929
15936
15946
15948
15949
15955
15955
15961
15962
15964
15965
15969
15969
15971
15973
15977
15980
15980
15983
15983
15984
15985
15991
15994
15995
15997
16001
16005
16009
16009
16009
16010
16013
16013
16015
16018
16020
16020
16030
16033
16040
16040
16051
16053
16054
16059
16059
16061
16075
16076
16077
16078
16080
16081
16088
16092
16092
16096
16098
16100
16103
16111
16112
16114
16121
16134
16135
16139
16142
16142
16144
16147
16148
16150
16153
16155
16156
16163
16167
16169
16176
16182
16182
16182
16182
16182
16185
16186
16189
16191
16193
16199
16203
16205
16208
16211
16214
16214
16214
16217
16222
16223
16229
16231
16235
16236
16240
16247
16248
16253
16257
16263
16263
16263
16272
16275
16282
16295
16297
16302
16307
16309
16310
16311
16312
16325
16326
16326
16337
16341
16342
16348
16348
16358
16359
16359
16362
16365
16366
16377
16379
16384
16388
16389
16390
16391
16394
16394
16400
16405
16410
16412
16415
16415
16417
16423
16428
16430
16434
16439
16439
16444
16446
16446
16446
16447
16449
16449
16450
16453
16460
16460
16463
16464
16465
16465
16467
16468
16468
16471
16471
16481
16481
16487
16491
16493
16503
16505
16509
16517
16517
16517
16520
16520
16520
16527
16527
16529
16532
16539
16539
16547
16547
16547
16548
16548
16558
16559
16559
16566
16566
16569
16569
16577
16580
16581
16586
16587
16587
16588
16592
16596
16601
16601
16605
16609
16610
16610
16613
16616
16616
16617
16625
16628
16629
16631
16631
16636
16636
16638
16642
16642
16642
16645
16647
16651
16655
16656
16656
16663
16665
16670
16671
16676
16676
16678
16678
16686
16687
16687
16691
16694
16700
16702
16711
16713
16723
16723
16728
16734
16738
16741
16741
16751
16753
16753
16754
16754
16755
16760
16763
16765
16769
16769
16773
16774
16775
16777
16783
16784
16785
16786
16791
16791
16795
16796
16798
16801
16805
16809
16810
16811
16819
16821
16832
16833
16835
16839
16842
16843
16844
16853
16854
16857
16859
16859
16861
16861
16863
16866
16867
16868
16874
16876
16880
16881
16887
16887
16891
16892
16894
16898
16902
16904
16913
16915
16918
16920
16924
16925
16926
16934
16937
16945
16951
16961
16962
16972
16973
16974
16977
16977
16980
16981
16983
16984
17003
17005
17007
17011
17014
17014
17019
17020
17021
17028
17028
17029
17030
17032
17033
17033
17036
17038
17038
17047
17049
17052
17053
17055
17055
17062
17063
17066
17067
17068
17069
17069
17072
17072
17082
17084
17085
17085
17088
17089
17089
17090
17094
17098
17100
17100
17101
17102
17106
17126
17132
17140
17141
17149
17149
17150
17150
17157
17161
17162
17165
17165
17165
17166
17166
17171
17172
17175
17179
17180
17181
17181
17184
17187
17188
17190
17193
17195
17199
17200
17207
17213
17213
17214
17216
17216
17219
17224
17226
17228
17231
17232
17241
17243
17251
17252
17257
17257
17266
17268
17271
17277
17280
17286
17286
17286
17287
17299
17299
17308
17313
17317
17317
17319
17321
17325
17336
17340
17340
17348
17349
17352
17360
17361
17362
17367
17369
17374
17380
17387
17389
17392
17393
17395
17399
17402
17402
17403
17407
17415
17416
17416
17419
17425
17430
17437
17439
17444
17451
17454
17461
17470
17476
17480
17482
17484
17487
17496
17497
17500
17502
17508
17510
17510
17512
17512
17521
17524
17528
17529
17532
17532
17534
17535
17536
17537
17538
17539
17541
17546
17557
17564
17571
17575
17598
17603
17603
17607
17607
17613
17613
17619
17620
17623
17624
17625
17626
17637
17637
17639
17650
17651
17652
17654
17654
17654
17659
17664
17668
17672
17674
17674
17678
17678
17683
17684
17689
17691
17696
17699
17705
17709
17710
17711
17712
17713
17718
17723
17723
17723
17726
17731
17731
17733
17734
17737
17738
17738
17743
17747
17747
17748
17749
17755
17756
17758
17758
17763
17769
17770
17776
17777
17779
17779
17780
17783
17785
17796
17798
17799
17801
17809
17809
17817
17820
17822
17823
17827
17827
17829
17836
17836
17838
17838
17838
17839
17843
17845
17849
17851
17858
17859
17862
17869
17869
17870
17874
17874
17883
17885
17886
17899
17907
17908
17911
17911
17916
17921
17922
17924
17932
17933
17936
17938
17940
17942
17944
17950
17952
17953
17954
17957
17964
17968
17968
17973
17976
17978
17979
17983
17986
17993
17997
17999
18003
18004
18009
18013
18019
18027
18028
18035
18039
18041
18043
18044
18046
18049
18054
18054
18054
18058
18070
18073
18074
18074
18076
18081
18087
18089
18090
18098
18099
18103
18105
18106
18109
18113
18125
18126
18128
18137
18150
18151
18154
18159
18159
18160
18166
18171
18175
18177
18177
18179
18182
18192
18196
18198
18203
18205
18205
18206
18207
18211
18211
18217
18222
18224
18224
18227
18228
18233
18237
18237
18239
18245
18248
18251
18251
18256
18259
18262
18266
18276
18279
18280
18280
18282
18284
18289
18289
18290
18304
18304
18305
18305
18311
18313
18313
18318
18318
18326
18338
18342
18347
18348
18353
18357
18361
18364
18366
18368
18370
18370
18371
18374
18376
18381
18382
18382
18383
18387
18389
18390
18397
18397
18406
18407
18409
18417
18419
18419
18420
18431
18441
18443
18444
18457
18461
18464
18468
18474
18475
18477
18483
18488
18493
18493
18500
18500
18501
18501
18502
18517
18519
18520
18526
18527
18532
18538
18543
18554
18555
18556
18556
18563
18566
18567
18570
18572
18576
18579
18586
18588
18589
18598
18600
18601
18606
18607
18609
18612
18614
18615
18616
18617
18624
18625
18631
18643
18644
18650
18652
18654
18657
18657
18661
18663
18664
18675
18677
18678
18678
18682
18683
18683
18685
18685
18686
18688
18690
18692
18694
18700
18702
18707
18709
18709
18714
18717
18718
18721
18724
18727
18735
18746
18749
18755
18767
18772
18773
18777
18791
18797
18800
18803
18804
18807
18813
18818
18821
18825
18830
18830
18835
18838
18838
18839
18841
18849
18849
18850
18850
18850
18851
18851
18854
18864
18866
18867
18869
18869
18869
18872
18873
18881
18883
18884
18884
18898
18902
18907
18912
18914
18914
18914
18916
18917
18919
18924
18931
18932
18932
18937
18937
18941
18944
18945
18946
18949
18952
18952
18955
18955
18955
18972
18977
18977
18979
18980
18985
18987
18994
18997
19002
19002
19003
19005
19007
19010
19010
19012
19018
19022
19027
19031
19037
19041
19044
19046
19050
19051
19053
19059
19076
19082
19098
19099
19100
19102
19108
19116
19118
19138
19139
19140
19145
19146
19151
19162
19172
19178
19179
19182
19182
19182
19186
19191
19194
19197
19199
19201
19208
19218
19220
19222
19223
19235
19237
19239
19240
19242
19246
19247
19252
19254
19259
19264
19269
19275
19279
19279
19281
19285
19287
19287
19289
19294
19298
19309
19313
19325
19327
19330
19331
19333
19333
19335
19343
19351
19352
19352
19353
19359
19370
19371
19376
19379
19380
19380
19384
19386
19388
19395
19397
19406
19410
19410
19412
19414
19417
19424
19431
19433
19434
19435
19436
19450
19451
19456
19457
19458
19462
19464
19465
19468
19469
19474
19479
19480
19480
19482
19482
19487
19488
19488
19489
19489
19490
19503
19504
19506
19510
19510
19511
19514
19515
19518
19520
19522
19526
19526
19529
19529
19531
19531
19532
19534
19537
19542
19544
19545
19547
19548
19550
19550
19556
19557
19557
19561
19561
19563
19563
19564
19565
19566
19569
19572
19573
19573
19576
19591
19595
19598
19601
19602
19613
19614
19621
19627
19628
19632
19640
19641
19644
19649
19650
19656
19664
19669
19672
19672
19676
19676
19677
19680
19684
19691
19702
19703
19703
19703
19704
19706
19709
19714
19723
19727
19733
19734
19740
19741
19745
19749
19751
19752
19762
19764
19765
19770
19771
19771
19771
19777
19780
19781
19785
19791
19797
19803
19804
19804
19806
19808
19808
19808
19809
19814
19820
19823
19824
19825
19825
19831
19838
19838
19840
19842
19854
19857
19858
19859
19862
19872
19878
19879
19880
19884
19884
19889
19893
19895
19895
19901
19903
19904
19907
19911
19911
19923
19924
19925
19930
19931
19932
19933
19934
19936
19937
19937
19938
19941
19944
19946
19953
19959
19960
19967
19970
19971
19973
19973
19978
19979
19982
19982
19986
19989
19990
19993
19993
19995
19997
19997
19999
19999
20001
20006
20013
20014
20016
20021
20023
20026
20036
20037
20040
20041
20044
20046
20046
20048
20052
20054
20059
20061
20061
20062
20071
20071
20077
20080
20085
20085
20092
20101
20104
20105
20107
20115
20121
20124
20128
20132
20134
20137
20140
20142
20142
20142
20143
20145
20146
20150
20151
20154
20160
20164
20165
20165
20174
20180
20185
20185
20189
20190
20191
20193
20195
20201
20201
20202
20204
20205
20206
20208
20210
20212
20214
20220
20225
20228
20238
20240
20247
20250
20251
20251
20255
20268
20275
20286
20289
20294
20295
20302
20304
20306
20309
20315
20315
20316
20323
20328
20332
20332
20335
20339
20339
20348
20354
20354
20356
20358
20359
20362
20377
20379
20382
20383
20389
20392
20398
20405
20405
20409
20417
20421
20423
20424
20434
20442
20443
20457
20461
20472
20479
20483
20484
20484
20484
20488
20500
20502
20504
20504
20509
20516
20516
20519
20520
20523
20523
20524
20525
20525
20529
20530
20535
20536
20540
20540
20546
20548
20550
20553
20555
20558
20558
20561
20563
20564
20564
20568
20569
20570
20571
20576
20581
20581
20588
20592
20601
20604
20607
20610
20611
20612
20615
20616
20617
20619
20623
20626
20627
20629
20639
20640
20643
20644
20645
20652
20655
20655
20656
20661
20661
20664
20667
20669
20672
20675
20676
20681
20682
20685
20686
20687
20690
20694
20696
20699
20702
20706
20708
20709
20710
20712
20721
20722
20724
20725
20725
20727
20735
20741
20741
20742
20748
20756
20756
20764
20769
20781
20789
20794
20799
20810
20810
20816
20816
20818
20822
20822
20831
20835
20841
20846
20846
20847
20850
20852
20857
20858
20861
20862
20866
20871
20876
20882
20882
20885
20885
20885
20892
20900
20901
20908
20913
20914
20916
20916
20918
20924
20928
20930
20933
20935
20941
20944
20950
20952
20952
20960
20960
20962
20964
20964
20970
20976
20985
20995
21005
21012
21018
21020
21020
21022
21026
21027
21029
21031
21038
21039
21040
21051
21061
21063
21068
21074
21079
21082
21084
21086
21087
21090
21090
21094
21095
21104
21111
21118
21120
21126
21126
21130
21130
21133
21137
21141
21146
21151
21152
21154
21157
21159
21167
21168
21170
21170
21172
21173
21174
21175
21176
21178
21191
21199
21200
21201
21203
21203
21204
21209
21210
21220
21224
21224
21228
21234
21241
21260
21260
21261
21265
21265
21267
21268
21272
21279
21283
21288
21293
21297
21300
21309
21310
21312
21314
21317
21321
21323
21330
21334
21340
21348
21352
21352
21354
21356
21358
21362
21365
21366
21366
21367
21368
21369
21371
21380
21382
21384
21400
21401
21402
21403
21405
21409
21414
21414
21417
21427
21431
21438
21438
21440
21440
21443
21450
21453
21454
21458
21461
21464
21465
21471
21471
21481
21486
21487
21497
21505
21506
21513
21514
21522
21524
21527
21530
21532
21537
21541
21542
21544
21549
21553
21557
21559
21563
21569
21573
21574
21574
21576
21578
21579
21582
21582
21591
21591
21593
21600
21601
21602
21606
21608
21609
21613
21613
21620
21622
21632
21643
21643
21644
21644
21645
21655
21656
21657
21662
21665
21670
21671
21680
21685
21685
21686
21687
21687
21689
21694
21697
21700
21706
21707
21707
21709
21714
21717
21723
21727
21733
21737
21741
21748
21754
21756
21759
21762
21766
21767
21768
21769
21770
21770
21771
21773
21775
21779
21781
21793
21795
21797
21798
21800
21810
21814
21818
21824
21826
21833
21834
21835
21836
21844
21845
21845
21845
21846
21849
21856
21859
21860
21868
21875
21878
21878
21879
21879
21881
21885
21887
21889
21889
21891
21892
21895
21901
21902
21905
21905
21909
21910
21915
21915
21919
21921
21925
21926
21932
21938
21938
21943
21945
21949
21953
21954
21957
21957
21962
21963
21965
21969
21969
21979
21989
21991
21999
22000
22000
22002
22003
22005
22008
22008
22009
22016
22023
22024
22026
22028
22036
22039
22055
22055
22056
22065
22075
22076
22081
22086
22090
22092
22094
22097
22113
22117
22124
22125
22127
22127
22130
22130
22142
22146
22152
22154
22154
22160
22161
22167
22167
22169
22171
22172
22173
22181
22192
22192
22193
22198
22199
22204
22204
22214
22216
22218
22221
22221
22221
22223
22233
22233
22234
22254
22256
22263
22265
22266
22272
22283
22285
22286
22289
22289
22289
22298
22308
22328
22329
22329
22330
22330
22333
22336
22337
22337
22340
22347
22356
22359
22369
22370
22375
22377
22378
22379
22380
22381
22382
22386
22387
22392
22394
22394
22397
22400
22407
22410
22411
22415
22421
22425
22426
22427
22428
22429
22433
22438
22444
22444
22446
22448
22453
22453
22455
22458
22459
22467
22471
22472
22476
22483
22483
22484
22484
22491
22493
22494
22496
22496
22497
22500
22503
22504
22506
22506
22514
22517
22519
22527
22532
22533
22534
22535
22536
22539
22546
22550
22552
22555
22556
22557
22559
22569
22575
22582
22582
22586
22586
22589
22592
22595
22598
22602
22606
22609
22610
22619
22619
22621
22623
22629
22631
22633
22634
22651
22655
22656
22657
22666
22666
22671
22672
22681
22682
22684
22687
22687
22693
22694
22696
22699
22700
22708
22708
22708
22712
22720
22726
22736
22741
22752
22762
22766
22768
22771
22773
22777
22777
22777
22785
22786
22787
22787
22793
22802
22803
22807
22807
22821
22828
22829
22835
22836
22839
22840
22841
22854
22856
22859
22862
22868
22870
22871
22872
22875
22876
22880
22882
22884
22891
22893
22896
22901
22901
22901
22908
22910
22916
22917
22918
22932
22939
22941
22941
22941
22942
22951
22955
22956
22957
22958
22967
22968
22968
22972
22974
22980
22980
22981
22984
22987
22988
22991
22993
22994
22998
23001
23004
23005
23010
23011
23017
23017
23021
23022
23025
23029
23032
23041
23042
23044
23044
23049
23051
23053
23053
23056
23058
23060
23063
23074
23075
23080
23081
23092
23096
23099
23106
23108
23108
23109
23110
23114
23117
23128
23129
23134
23136
23137
23142
23150
23151
23155
23156
23159
23160
23165
23167
23175
23175
23178
23179
23181
23186
23187
23187
23192
23197
23198
23201
23204
23211
23214
23216
23218
23220
23223
23223
23224
23225
23225
23238
23238
23240
23241
23250
23253
23262
23268
23269
23269
23271
23272
23279
23291
23294
23295
23297
23300
23304
23305
23311
23318
23319
23329
23331
23337
23338
23342
23346
23346
23350
23350
23351
23353
23357
23358
23359
23360
23365
23366
23369
23372
23381
23382
23386
23390
23392
23394
23398
23412
23416
23424
23430
23431
23431
23431
23432
23437
23438
23451
23451
23451
23452
23458
23458
23465
23467
23468
23470
23475
23475
23478
23478
23479
23482
23490
23496
23504
23515
23519
23530
23533
23534
23542
23546
23558
23562
23563
23567
23576
23577
23579
23580
23581
23582
23583
23585
23592
23593
23594
23596
23603
23608
23608
23610
23611
23616
23629
23632
23637
23638
23640
23644
23651
23651
23662
23663
23667
23668
23668
23676
23681
23684
23685
23685
23686
23689
23690
23692
23693
23695
23700
23707
23707
23710
23714
23714
23715
23716
23723
23724
23735
23736
23737
23737
23740
23742
23742
23747
23749
23750
23751
23751
23753
23758
23763
23768
23769
23770
23771
23779
23779
23785
23789
23791
23803
23805
23807
23809
23810
23811
23811
23815
23817
23818
23818
23819
23819
23823
23824
23829
23829
23831
23835
23852
23858
23859
23859
23873
23874
23875
23879
23880
23882
23883
23888
23890
23892
23896
23896
23902
23903
23905
23905
23905
23910
23911
23914
23915
23916
23917
23920
23925
23926
23929
23930
23931
23932
23936
23940
23947
23947
23951
23957
23964
23969
23970
23970
23972
23974
23984
23988
23990
23991
23999
24001
24003
24006
24012
24013
24016
24016
24017
24019
24021
24022
24023
24027
24028
24039
24042
24049
24050
24051
24053
24053
24055
24058
24063
24065
24071
24074
24078
24078
24083
24083
24083
24085
24086
24092
24096
24097
24098
24100
24100
24104
24105
24106
24109
24109
24110
24111
24111
24125
24127
24127
24129
24131
24132
24137
24139
24149
24149
24149
24152
24153
24156
24156
24166
24167
24171
24181
24182
24186
24186
24192
24197
24198
24199
24201
24202
24206
24207
24209
24211
24212
24214
24218
24220
24225
24226
24233
24233
24234
24245
24245
24250
24250
24254
24261
24270
24272
24272
24272
24277
24281
24287
24287
24288
24293
24293
24295
24298
24306
24307
24311
24317
24318
24321
24321
24325
24332
24341
24341
24344
24347
24347
24348
24351
24357
24359
24361
24364
24365
24366
24367
24370
24372
24377
24379
24381
24382
24384
24384
24384
24400
24402
24406
24406
24406
24407
24408
24409
24411
24413
24431
24432
24436
24445
24447
24452
24453
24457
24460
24467
24468
24468
24468
24477
24486
24487
24487
24489
24494
24498
24501
24505
24506
24508
24509
24511
24513
24515
24516
24518
24518
24520
24520
24524
24528
24532
24540
24541
24542
24544
24544
24553
24553
24553
24554
24557
24560
24562
24562
24562
24571
24578
24583
24593
24605
24616
24621
24626
24627
24635
24636
24647
24650
24651
24652
24652
24658
24660
24671
24673
24681
24682
24685
24690
24693
24704
24705
24709
24710
24710
24712
24712
24713
24715
24716
24721
24722
24726
24727
24731
24736
24743
24749
24752
24760
24770
24771
24776
24779
24779
24783
24791
24794
24795
24799
24800
24801
24802
24802
24802
24817
24823
24823
24824
24825
24828
24831
24832
24834
24835
24837
24842
24842
24843
24843
24859
24859
24861
24863
24871
24872
24874
24874
24876
24877
24880
24881
24882
24883
24886
24889
24893
24895
24896
24899
24909
24909
24910
24916
24917
24922
24924
24930
24930
24931
24937
24941
24942
24944
24947
24948
24953
24955
24956
24957
24958
24964
24970
24972
24972
24975
24986
24986
24989
24989
25001
25002
25003
25006
25007
25007
25010
25013
25017
25030
25031
25037
25040
25044
25045
25046
25047
25050
25050
25052
25057
25059
25063
25065
25071
25074
25076
25078
25078
25079
25080
25088
25091
25094
25099
25103
25109
25114
25118
25118
25120
25122
25122
25125
25127
25128
25130
25135
25138
25141
25142
25142
25150
25152
25158
25162
25162
25163
25171
25172
25175
25178
25178
25182
25185
25187
25187
25187
25197
25198
25202
25213
25215
25217
25217
25217
25219
25222
25223
25231
25238
25240
25241
25241
25242
25245
25246
25250
25260
25261
25262
25265
25270
25273
25275
25276
25278
25288
25293
25306
25313
25315
25317
25322
25328
25334
25335
25339
25346
25346
25354
25354
25356
25359
25365
25372
25372
25375
25376
25378
25385
25386
25389
25392
25398
25399
25401
25406
25410
25411
25419
25429
25431
25431
25437
25437
25440
25443
25446
25454
25455
25460
25475
25475
25478
25479
25480
25480
25480
25483
25484
25484
25488
25492
25494
25504
25522
25526
25526
25526
25527
25531
25534
25536
25536
25537
25542
25546
25547
25551
25553
25559
25565
25572
25572
25573
25573
25574
25583
25584
25586
25587
25590
25590
25594
25597
25598
25609
25609
25615
25616
25617
25617
25620
25622
25625
25629
25630
25631
25631
25632
25637
25639
25640
25641
25645
25645
25648
25663
25663
25670
25671
25672
25682
25685
25688
25697
25699
25701
25708
25709
25713
25720
25724
25729
25730
25732
25732
25735
25739
25739
25741
25744
25754
25758
25760
25760
25770
25779
25788
25789
25791
25798
25805
25806
25806
25807
25807
25808
25819
25819
25823
25825
25825
25826
25829
25831
25834
25836
25838
25841
25842
25845
25846
25851
25851
25853
25861
25866
25871
25879
25879
25888
25892
25893
25899
25911
25911
25916
25917
25919
25919
25920
25924
25925
25927
25942
25943
25945
25947
25949
25952
25953
25956
25959
25962
25965
25966
25971
25973
25974
25975
25977
25984
25984
25991
25999
26002
26009
26023
26023
26029
26031
26035
26036
26044
26045
26047
26053
26069
26077
26077
26079
26080
26085
26086
26086
26095
26099
26099
26100
26105
26106
26107
26118
26120
26124
26125
26126
26126
26127
26132
26132
26138
26138
26139
26145
26147
26151
26152
26154
26154
26162
26165
26170
26171
26172
26179
26190
26192
26193
26196
26198
26198
26203
26206
26207
26224
26232
26232
26234
26234
26236
26238
26248
26251
26252
26253
26257
26266
26269
26271
26273
26278
26283
26283
26290
26293
26296
26300
26308
26309
26311
26313
26315
26316
26316
26323
26326
26326
26339
26344
26352
26353
26354
26355
26356
26361
26364
26366
26370
26372
26379
26380
26385
26385
26386
26390
26390
26395
26400
26402
26402
26402
26405
26406
26413
26415
26423
26424
26429
26431
26435
26435
26440
26441
26447
26454
26456
26458
26458
26459
26460
26462
26473
26474
26477
26479
26486
26489
26494
26494
26495
26499
26503
26510
26511
26514
26515
26519
26520
26522
26525
26530
26530
26536
26550
26552
26553
26556
26565
26573
26574
26574
26578
26580
26592
26593
26595
26596
26598
26604
26612
26616
26616
26630
26632
26635
26642
26644
26649
26649
26650
26651
26656
26657
26659
26673
26674
26676
26679
26682
26685
26686
26690
26690
26691
26695
26696
26696
26716
26717
26717
26718
26718
26721
26726
26731
26732
26732
26733
26737
26740
26740
26741
26748
26763
26765
26776
26777
26778
26781
26787
26787
26791
26792
26797
26805
26805
26807
26808
26815
26820
26824
26842
26852
26852
26853
26859
26859
26863
26864
26875
26881
26882
26883
26886
26889
26898
26902
26904
26909
26911
26912
26914
26920
26929
26931
26931
26932
26936
26937
26940
26942
26947
26950
26960
26960
26962
26967
26968
26976
26980
26984
26987
26992
26993
26993
26995
27001
27002
27010
27010
27012
27014
27018
27024
27025
27030
27032
27035
27037
27041
27042
27046
27051
27051
27054
27054
27055
27056
27056
27065
27069
27076
27076
27078
27082
27084
27091
27092
27102
27105
27109
27111
27114
27115
27120
27124
27126
27132
27132
27132
27134
27138
27141
27142
27152
27157
27160
27162
27180
27188
27190
27192
27202
27202
27205
27212
27214
27217
27218
27223
27226
27227
27234
27234
27240
27242
27242
27242
27243
27243
27246
27248
27268
27277
27277
27290
27291
27294
27296
27304
27304
27305
27307
27308
27323
27323
27330
27331
27337
27341
27346
27347
27351
27351
27353
27354
27356
27363
27364
27369
27371
27372
27386
27388
27394
27394
27395
27396
27400
27404
27405
27416
27420
27420
27423
27423
27431
27433
27437
27437
27441
27447
27452
27453
27456
27462
27464
27471
27475
27476
27477
27486
27487
27494
27501
27517
27519
27522
27522
27526
27527
27529
27529
27532
27546
27546
27549
27550
27554
27562
27565
27574
27576
27576
27577
27588
27591
27593
27596
27600
27605
27607
27607
27608
27616
27617
27620
27622
27627
27632
27635
27639
27641
27641
27643
27659
27660
27663
27667
27668
27674
27683
27689
27689
27690
27693
27695
27697
27698
27699
27701
27702
27710
27710
27719
27722
27723
27723
27728
27732
27733
27735
27736
27740
27742
27743
27746
27752
27756
27759
27762
27765
27766
27772
27776
27779
27781
27790
27791
27795
27798
27801
27801
27805
27806
27808
27811
27812
27815
27818
27822
27824
27825
27825
27829
27832
27838
27840
27840
27846
27853
27860
27861
27867
27867
27869
27871
27877
27885
27895
27896
27897
27900
27901
27905
27909
27909
27916
27921
27923
27924
27931
27931
27932
27947
27947
27948
27952
27954
27956
27957
27962
27962
27963
27968
27971
27973
27980
27984
27986
27988
28003
28005
28015
28018
28022
28022
28022
28024
28026
28027
28031
28032
28032
28034
28034
28034
28037
28042
28043
28044
28045
28045
28045
28046
28048
28051
28056
28061
28066
28070
28072
28082
28091
28092
28102
28103
28106
28110
28113
28114
28119
28121
28121
28122
28122
28123
28125
28131
28131
28132
28139
28141
28142
28143
28144
28149
28152
28154
28157
28162
28165
28170
28173
28174
28176
28180
28180
28183
28186
28191
28193
28194
28197
28198
28204
28208
28218
28224
28224
28230
28232
28235
28236
28238
28239
28241
28242
28249
28253
28254
28257
28260
28262
28264
28265
28266
28266
28267
28271
28280
28283
28283
28283
28288
28292
28293
28294
28296
28297
28298
28298
28301
28303
28303
28308
28311
28314
28317
28317
28319
28324
28331
28331
28334
28335
28337
28338
28343
28352
28356
28367
28368
28374
28380
28382
28387
28387
28388
28392
28394
28396
28396
28397
28398
28400
28401
28401
28402
28405
28406
28415
28415
28428
28429
28432
28433
28434
28448
28449
28449
28451
28452
28453
28458
28471
28472
28473
28477
28480
28486
28489
28491
28491
28492
28495
28495
28500
28502
28506
28508
28509
28510
28511
28511
28512
28524
28524
28531
28535
28542
28542
28543
28548
28550
28552
28553
28555
28557
28559
28561
28562
28563
28564
28569
28570
28571
28585
28587
28590
28593
28595
28599
28600
28601
28602
28605
28608
28610
28617
28619
28624
28625
28627
28630
28631
28633
28634
28642
28643
28644
28661
28663
28664
28666
28668
28671
28678
28680
28683
28689
28690
28691
28702
28705
28709
28711
28713
28718
28720
28722
28724
28724
28725
28725
28726
28732
28733
28736
28737
28740
28743
28744
28747
28751
28759
28760
28761
28762
28762
28765
28766
28769
28771
28775
28777
28780
28781
28784
28787
28787
28792
28796
28802
28804
28809
28810
28817
28817
28821
28823
28831
28844
28846
28847
28848
28855
28864
28865
28876
28878
28880
28882
28882
28884
28892
28893
28893
28895
28897
28899
28904
28904
28907
28908
28911
28917
28921
28938
28938
28948
28949
28949
28950
28955
28957
28964
28967
28969
28973
28975
28980
28981
28987
28994
28997
29000
29004
29005
29006
29006
29009
29013
29021
29023
29029
29032
29038
29041
29042
29042
29046
29048
29051
29052
29056
29059
29060
29063
29063
29064
29064
29074
29077
29082
29085
29089
29094
29095
29096
29098
29100
29108
29118
29125
29126
29134
29136
29139
29148
29148
29154
29154
29160
29161
29166
29166
29168
29169
29170
29171
29171
29171
29172
29173
29177
29177
29182
29182
29185
29188
29191
29192
29195
29195
29196
29206
29206
29208
29210
29213
29213
29213
29217
29221
29223
29233
29234
29235
29236
29240
29241
29249
29250
29254
29254
29259
29259
29260
29261
29264
29265
29266
29266
29271
29273
29275
29276
29280
29282
29282
29283
29284
29284
29285
29288
29294
29294
29299
29302
29304
29309
29310
29312
29314
29314
29316
29317
29318
29318
29319
29327
29327
29327
29330
29333
29333
29345
29346
29347
29350
29351
29355
29358
29366
29368
29368
29370
29373
29375
29377
29377
29379
29382
29385
29386
29393
29393
29394
29400
29402
29404
29407
29410
29412
29419
29419
29423
29430
29435
29439
29442
29456
29460
29461
29463
29471
29474
29476
29478
29480
29484
29494
29494
29495
29501
29502
29502
29504
29510
29511
29525
29526
29531
29537
29537
29539
29541
29545
29550
29563
29565
29567
29569
29570
29578
29578
29580
29589
29597
29599
29599
29603
29608
29608
29612
29615
29616
29616
29617
29618
29621
29621
29623
29626
29629
29631
29632
29634
29637
29644
29645
29646
29661
29663
29663
29667
29673
29676
29678
29679
29686
29694
29702
29704
29708
29709
29717
29718
29725
29726
29727
29730
29734
29737
29744
29751
29753
29754
29760
29762
29763
29764
29769
29770
29776
29780
29780
29787
29790
29802
29805
29812
29814
29816
29817
29818
29819
29823
29828
29829
29832
29835
29838
29840
29841
29845
29847
29847
29849
29853
29858
29865
29866
29868
29868
29868
29874
29884
29891
29892
29897
29898
29898
29902
29904
29908
29910
29917
29920
29928
29931
29936
29939
29940
29941
29942
29944
29947
29957
29965
29970
29970
29972
29972
29975
29979
29983
29985
29994
29999
30003
30014
30019
30020
30028
30030
30032
30033
30036
30043
30050
30052
30054
30056
30060
30067
30070
30075
30075
30077
30091
30092
30095
30097
30099
30102
30109
30113
30113
30130
30130
30133
30137
30138
30146
30146
30149
30154
30156
30159
30161
30162
30163
30163
30168
30170
30171
30175
30181
30184
30190
30190
30192
30194
30205
30207
30212
30213
30214
30214
30215
30227
30229
30231
30234
30236
30239
30250
30250
30253
30254
30254
30262
30263
30265
30272
30278
30282
30285
30286
30286
30287
30288
30292
30293
30297
30301
30304
30307
30307
30316
30325
30329
30330
30336
30344
30344
30345
30346
30347
30348
30349
30349
30352
30353
30356
30359
30360
30367
30372
30375
30375
30376
30376
30379
30387
30389
30392
30392
30401
30401
30403
30404
30406
30424
30425
30427
30427
30427
30428
30429
30429
30435
30440
30446
30451
30461
30462
30462
30464
30466
30468
30474
30480
30481
30481
30483
30485
30485
30488
30490
30492
30495
30497
30498
30503
30512
30519
30526
30527
30536
30545
30545
30547
30570
30571
30574
30574
30577
30577
30579
30582
30584
30586
30586
30586
30589
30592
30594
30596
30596
30603
30613
30618
30619
30621
30626
30630
30641
30642
30644
30652
30653
30658
30661
30661
30663
30664
30679
30680
30680
30682
30693
30697
30697
30701
30702
30706
30707
30710
30711
30712
30716
30720
30729
30737
30739
30740
30740
30742
30744
30744
30745
30747
30754
30761
30763
30773
30775
30775
30775
30777
30783
30791
30814
30817
30819
30821
30821
30822
30825
30826
30826
30827
30827
30829
30837
30839
30860
30861
30866
30872
30874
30878
30885
30890
30901
30906
30914
30914
30921
30921
30923
30925
30928
30929
30931
30935
30938
30940
30941
30944
30944
30953
30967
30969
30973
30974
30986
30995
30999
31001
31003
31007
31009
31012
31014
31014
31017
31020
31021
31033
31041
31046
31047
31048
31049
31054
31057
31058
31059
31059
31060
31060
31063
31065
31067
31071
31071
31076
31078
31082
31082
31087
31092
31095
31096
31101
31103
31106
31107
31112
31116
31117
31118
31122
31127
31127
31134
31137
31139
31142
31143
31148
31149
31150
31152
31160
31163
31163
31163
31164
31166
31170
31171
31171
31171
31174
31179
31190
31197
31201
31205
31206
31212
31213
31217
31220
31220
31222
31225
31227
31229
31236
31238
31248
31257
31258
31260
31267
31276
31286
31288
31291
31292
31297
31299
31320
31320
31324
31325
31333
31337
31338
31339
31339
31342
31350
31351
31352
31359
31365
31367
31372
31375
31377
31379
31393
31395
31395
31399
31405
31405
31406
31407
31408
31411
31412
31413
31423
31423
31425
31427
31429
31435
31436
31437
31439
31442
31447
31448
31450
31452
31458
31458
31461
31462
31466
31477
31481
31490
31493
31494
31503
31503
31508
31518
31523
31524
31528
31529
31540
31541
31541
31542
31545
31546
31548
31549
31550
31552
31557
31568
31574
31575
31577
31579
31580
31584
31584
31587
31588
31597
31600
31607
31612
31615
31622
31623
31625
31627
31629
31630
31640
31642
31645
31646
31649
31651
31653
31654
31654
31656
31663
31664
31672
31674
31675
31677
31677
31679
31682
31687
31690
31696
31698
31699
31703
31708
31709
31712
31722
31724
31727
31728
31728
31734
31737
31737
31738
31743
31744
31747
31747
31753
31755
31756
31767
31768
31775
31776
31778
31782
31794
31796
31809
31811
31821
31821
31821
31825
31839
31846
31850
31851
31853
31856
31857
31861
31865
31865
31865
31872
31873
31876
31880
31886
31890
31891
31895
31895
31898
31900
31900
31901
31903
31903
31904
31912
31914
31918
31921
31922
31924
31925
31926
31928
31931
31935
31936
31939
31939
31945
31945
31947
31949
31949
31949
31950
31956
31956
31962
31973
31974
31979
31981
31986
31986
31986
31991
31995
31995
31999
32000
32000
32001
32002
32010
32038
32041
32059
32059
32061
32062
32065
32070
32076
32081
32081
32086
32088
32093
32098
32099
32100
32103
32104
32114
32115
32116
32120
32125
32128
32133
32137
32140
32152
32166
32169
32170
32173
32178
32179
32187
32189
32190
32198
32203
32210
32214
32218
32222
32223
32223
32224
32225
32225
32226
32227
32228
32241
32242
32242
32249
32253
32253
32264
32265
32268
32273
32275
32277
32282
32283
32284
32285
32286
32287
32287
32300
32301
32308
32318
32325
32326
32329
32329
32329
32334
32336
32342
32349
32354
32359
32360
32360
32362
32365
32365
32365
32368
32368
32369
32369
32373
32373
32375
32377
32381
32389
32389
32390
32393
32393
32393
32396
32398
32399
32405
32406
32411
32412
32415
32422
32423
32423
32432
32447
32448
32452
32455
32462
32464
32469
32471
32474
32474
32477
32479
32480
32480
32483
32483
32485
32486
32487
32492
32494
32505
32507
32509
32512
32513
32514
32518
32521
32522
32527
32527
32541
32546
32547
32548
32556
32559
32564
32565
32569
32574
32575
32586
32589
32591
32594
32605
32606
32611
32613
32618
32624
32629
32632
32644
32646
32647
32647
32648
32649
32650
32650
32665
32669
32673
32673
32681
32683
32684
32686
32689
32690
32695
32696
32697
32709
32711
32717
32719
32719
32721
32722
32722
32724
32726
32726
32728
32730
32732
32734
32739
32740
32751
32755
32760
32761
32762
32762
