0
0
0
4
6
7
8
14
15
17
24
28
28
38
38
45
48
53
58
64
65
66
69
79
80
86
97
103
109
112
117
119
122
128
129
131
140
145
149
151
160
164
165
165
167
170
177
178
186
194
196
197
198
201
203
206
207
209
215
217
217
220
225
226
228
230
236
237
242
243
243
246
247
251
254
257
260
263
273
277
279
281
283
287
293
295
297
298
298
302
307
311
311
313
321
325
327
328
329
333
334
335
341
342
345
350
353
358
369
370
371
374
375
399
401
402
403
403
406
409
414
416
419
421
426
428
431
441
442
442
444
447
450
457
458
461
468
468
476
477
480
484
490
492
494
495
499
506
506
512
515
518
518
520
524
525
532
540
542
545
548
548
549
549
550
551
551
552
557
563
567
571
572
574
576
584
594
596
597
599
602
604
606
611
611
615
618
619
620
621
626
628
631
637
649
662
664
669
675
676
677
679
683
684
686
690
691
696
702
704
705
705
710
711
713
719
722
729
729
736
736
742
744
744
745
749
750
765
768
771
781
782
782
786
789
795
795
796
799
813
815
821
831
834
837
840
849
851
852
858
868
871
875
882
886
887
889
890
892
893
894
896
907
908
918
920
921
925
925
931
932
934
934
937
938
939
940
945
951
954
960
961
963
966
971
977
977
978
987
993
999
999
1000
1001
1003
1006
1011
1017
1025
1025
1026
1031
1032
1033
1035
1038
1043
1047
1049
1051
1054
1057
1057
1057
1059
1068
1068
1074
1074
1076
1080
1082
1084
1087
1091
1094
1096
1099
1099
1102
1104
1108
1112
1113
1113
1127
1129
1131
1136
1141
1145
1150
1154
1156
1156
1161
1161
1162
1163
1163
1164
1168
1171
1174
1175
1180
1183
1193
1198
1204
1205
1210
1210
1211
1213
1214
1216
1219
1221
1223
1225
1227
1227
1230
1239
1242
1257
1258
1259
1261
1262
1264
1267
1269
1273
1276
1277
1283
1287
1292
1295
1296
1298
1302
1302
1307
1309
1313
1315
1315
1320
1326
1329
1331
1334
1339
1342
1342
1343
1343
1343
1344
1347
1348
1350
1353
1355
1355
1361
1361
1368
1368
1373
1376
1377
1380
1382
1385
1386
1394
1399
1401
1409
1412
1412
1413
1414
1416
1416
1416
1417
1421
1423
1432
1437
1444
1455
1456
1462
1470
1472
1475
1477
1478
1484
1489
1489
1498
1501
1501
1507
1509
1514
1521
1522
1525
1527
1539
1541
1544
1546
1552
1554
1560
1563
1566
1567
1567
1567
1570
1573
1578
1583
1588
1589
1594
1596
1600
1606
1608
1611
1617
1619
1622
1627
1628
1632
1636
1639
1641
1646
1662
1663
1663
1665
1667
1668
1672
1674
1675
1675
1678
1682
1682
1683
1686
1687
1695
1698
1699
1699
1707
1708
1709
1712
1713
1714
1719
1719
1722
1734
1737
1737
1740
1741
1744
1745
1747
1748
1749
1749
1750
1750
1751
1752
1758
1762
1766
1768
1771
1775
1776
1776
1777
1780
1784
1786
1792
1803
1804
1808
1811
1812
1813
1817
1819
1820
1823
1834
1838
1842
1842
1842
1848
1848
1850
1850
1850
1857
1874
1880
1883
1884
1884
1885
1888
1889
1891
1899
1907
1909
1914
1917
1919
1923
1926
1929
1931
1931
1931
1933
1941
1950
1957
1967
1969
1974
1976
1978
1979
1982
1983
1999
2013
2014
2015
2020
2021
2022
2023
2023
2024
2027
2031
2032
2035
2039
2047
2048
2049
2049
2055
2055
2057
2059
2074
2076
2081
2083
2085
2087
2088
2096
2099
2102
2109
2114
2119
2121
2126
2127
2127
2130
2135
2136
2143
2145
2145
2150
2156
2166
2166
2174
2176
2178
2178
2183
2183
2185
2187
2190
2197
2200
2206
2207
2207
2210
2211
2217
2217
2217
2219
2221
2222
2222
2225
2225
2226
2238
2238
2240
2243
2245
2245
2250
2252
2252
2252
2256
2257
2258
2269
2279
2285
2285
2290
2292
2293
2293
2293
2295
2296
2300
2302
2304
2306
2308
2309
2311
2315
2322
2325
2325
2334
2338
2340
2352
2359
2362
2374
2386
2387
2396
2397
2398
2399
2400
2401
2403
2406
2407
2408
2409
2412
2420
2425
2425
2427
2430
2431
2437
2444
2445
2450
2457
2459
2462
2463
2468
2468
2471
2476
2480
2488
2490
2493
2511
2513
2514
2514
2524
2528
2531
2539
2543
2546
2548
2551
2552
2557
2557
2558
2564
2568
2574
2575
2587
2589
2590
2592
2593
2594
2599
2601
2605
2619
2622
2623
2630
2633
2637
2643
2647
2650
2650
2652
2652
2653
2654
2655
2660
2664
2670
2671
2671
2698
2706
2711
2728
2732
2739
2743
2748
2750
2754
2755
2756
2757
2759
2761
2765
2773
2776
2776
2777
2777
2782
2782
2783
2784
2792
2795
2796
2799
2800
2805
2806
2811
2815
2822
2823
2826
2827
2828
2828
2835
2843
2846
2851
2854
2861
2863
2864
2865
2866
2871
2879
2879
2884
2893
2900
2903
2904
2905
2909
2911
2916
2919
2922
2924
2935
2948
2949
2959
2960
2967
2969
2974
2975
2977
2981
2983
2987
2987
2992
2993
2997
2999
3001
3001
3010
3012
3023
3025
3026
3027
3031
3034
3041
3047
3049
3058
3063
3064
3066
3067
3068
3069
3073
3075
3075
3076
3076
3081
3083
3084
3085
3089
3095
3105
3106
3114
3116
3116
3117
3117
3119
3119
3120
3123
3131
3140
3140
3145
3148
3149
3157
3165
3166
3166
3169
3177
3183
3185
3186
3189
3192
3201
3202
3215
3221
3241
3245
3246
3248
3251
3251
3258
3261
3262
3267
3267
3270
3270
3272
3275
3275
3281
3284
3289
3290
3292
3292
3296
3296
3300
3303
3306
3309
3311
3319
3322
3324
3325
3328
3333
3341
3343
3343
3343
3355
3357
3361
3363
3366
3368
3368
3370
3379
3380
3383
3395
3406
3412
3420
3421
3422
3423
3428
3432
3435
3441
3441
3445
3446
3446
3453
3456
3457
3461
3465
3466
3468
3483
3485
3486
3486
3486
3498
3498
3500
3504
3505
3514
3515
3516
3519
3537
3538
3540
3540
3540
3542
3544
3546
3558
3558
3559
3561
3565
3567
3570
3579
3581
3587
3588
3588
3592
3597
3601
3605
3611
3617
3627
3633
3633
3637
3641
3647
3657
3664
3669
3670
3677
3678
3679
3684
3685
3687
3688
3691
3691
3697
3698
3699
3701
3708
3713
3713
3714
3716
3725
3738
3738
3741
3746
3747
3755
3756
3758
3759
3759
3764
3768
3769
3770
3773
3775
3775
3775
3780
3783
3783
3784
3788
3792
3794
3798
3800
3805
3805
3811
3812
3815
3820
3820
3820
3821
3822
3826
3827
3832
3832
3835
3843
3848
3850
3853
3854
3859
3862
3870
3873
3878
3886
3890
3892
3893
3898
3900
3903
3904
3907
3917
3919
3919
3921
3922
3925
3925
3925
3941
3944
3946
3955
3957
3958
3959
3962
3974
3981
3981
3985
3987
3990
3998
3998
4008
4009
4014
4021
4028
4028
4030
4036
4039
4039
4040
4046
4046
4048
4050
4053
4053
4055
4057
4061
4062
4067
4071
4079
4085
4086
4086
4089
4097
4100
4100
4101
4104
4106
4111
4127
4131
4140
4152
4153
4160
4163
4172
4179
4186
4190
4194
4196
4200
4204
4206
4212
4220
4220
4222
4223
4227
4229
4231
4231
4235
4235
4236
4239
4243
4245
4246
4248
4256
4258
4264
4279
4292
4297
4303
4311
4314
4315
4323
4325
4329
4333
4334
4351
4353
4354
4354
4356
4357
4358
4361
4367
4369
4371
4371
4373
4397
4397
4399
4403
4406
4417
4417
4422
4434
4435
4437
4439
4447
4448
4457
4458
4458
4461
4463
4467
4471
4474
4474
4476
4478
4480
4483
4486
4492
4505
4506
4506
4507
4507
4508
4509
4512
4512
4514
4517
4520
4522
4525
4525
4527
4528
4531
4539
4545
4551
4553
4555
4557
4558
4560
4561
4565
4565
4571
4575
4576
4577
4579
4580
4586
4588
4589
4590
4592
4595
4595
4598
4601
4603
4604
4618
4618
4621
4624
4625
4628
4628
4635
4636
4641
4648
4657
4665
4666
4668
4668
4669
4675
4676
4681
4682
4684
4685
4693
4693
4694
4697
4697
4698
4699
4701
4712
4739
4742
4742
4746
4747
4747
4748
4749
4752
4758
4769
4771
4771
4777
4784
4784
4784
4795
4796
4805
4811
4815
4841
4845
4846
4846
4852
4853
4856
4856
4857
4858
4859
4874
4877
4882
4882
4887
4888
4889
4894
4896
4896
4897
4901
4904
4904
4912
4916
4918
4926
4926
4930
4933
4945
4946
4954
4956
4963
4965
4969
4978
4979
4980
4983
4990
5001
5008
5010
5012
5017
5018
5021
5023
5024
5025
5026
5026
5029
5037
5052
5056
5058
5060
5064
5070
5072
5073
5074
5074
5076
5083
5087
5088
5092
5096
5104
5104
5108
5110
5110
5119
5127
5131
5135
5136
5136
5145
5158
5158
5159
5161
5161
5163
5164
5166
5170
5174
5179
5179
5184
5186
5190
5193
5197
5197
5198
5200
5202
5203
5206
5210
5211
5220
5226
5231
5231
5233
5236
5238
5242
5244
5245
5249
5251
5255
5260
5261
5261
5266
5268
5270
5270
5271
5277
5278
5281
5281
5287
5291
5292
5292
5293
5295
5299
5301
5305
5320
5326
5326
5327
5330
5330
5334
5337
5337
5340
5350
5354
5355
5360
5365
5373
5374
5375
5376
5377
5378
5379
5382
5384
5385
5391
5398
5407
5408
5408
5408
5414
5417
5424
5425
5426
5428
5439
5440
5445
5447
5448
5455
5456
5459
5463
5468
5469
5474
5476
5476
5478
5479
5485
5486
5488
5488
5494
5494
5499
5502
5503
5503
5504
5504
5505
5505
5506
5509
5511
5514
5514
5516
5518
5519
5520
5525
5527
5528
5529
5529
5537
5539
5541
5542
5546
5549
5554
5555
5555
5556
5559
5560
5565
5570
5576
5581
5588
5590
5592
5605
5611
5615
5619
5625
5626
5628
5632
5640
5640
5645
5647
5650
5650
5651
5652
5658
5661
5667
5669
5671
5671
5675
5678
5681
5682
5689
5693
5694
5700
5705
5706
5707
5708
5709
5710
5714
5721
5724
5724
5726
5726
5728
5733
5738
5742
5743
5748
5756
5757
5758
5761
5762
5762
5762
5769
5775
5778
5782
5787
5789
5791
5791
5796
5797
5822
5828
5829
5830
5833
5836
5840
5845
5850
5851
5855
5858
5859
5860
5863
5866
5867
5870
5878
5881
5882
5884
5893
5894
5896
5902
5908
5911
5912
5914
5918
5921
5923
5929
5929
5936
5937
5938
5939
5940
5943
5945
5950
5950
5952
5953
5954
5957
5961
5966
5967
5967
5968
5971
5973
5975
5975
5977
5982
5986
5988
5988
5998
6000
6005
6005
6016
6017
6021
6023
6023
6025
6027
6031
6031
6033
6035
6044
6045
6055
6056
6058
6069
6074
6074
6080
6085
6085
6089
6107
6110
6111
6114
6116
6119
6122
6122
6123
6131
6138
6142
6144
6146
6156
6157
6158
6158
6160
6161
6174
6176
6187
6188
6192
6194
6194
6196
6199
6200
6200
6204
6204
6208
6212
6215
6215
6217
6217
6221
6228
6236
6238
6249
6250
6252
6252
6254
6256
6259
6261
6261
6264
6269
6272
6272
6273
6273
6274
6277
6287
6296
6300
6305
6309
6313
6315
6325
6325
6333
6334
6350
6350
6351
6351
6360
6362
6363
6367
6367
6368
6372
6376
6379
6385
6388
6391
6393
6394
6397
6397
6399
6403
6404
6409
6418
6420
6426
6429
6438
6439
6442
6450
6464
6476
6489
6495
6498
6499
6500
6503
6511
6514
6517
6527
6531
6532
6535
6535
6548
6555
6556
6563
6566
6569
6572
6572
6573
6578
6578
6586
6586
6587
6595
6602
6603
6607
6612
6617
6618
6619
6620
6622
6624
6627
6634
6639
6644
6647
6656
6658
6658
6660
6662
6662
6670
6674
6678
6683
6683
6688
6688
6694
6695
6696
6696
6699
6710
6711
6714
6721
6728
6731
6745
6749
6754
6765
6772
6775
6780
6781
6783
6791
6791
6796
6797
6798
6801
6805
6807
6809
6816
6818
6826
6837
6839
6839
6840
6842
6847
6861
6863
6869
6869
6869
6870
6872
6873
6881
6887
6889
6891
6892
6895
6898
6900
6900
6910
6910
6913
6916
6919
6920
6921
6923
6950
6958
6960
6968
6974
6993
6995
6996
6996
6998
7000
7000
7001
7006
7010
7012
7015
7016
7019
7025
7031
7033
7035
7044
7048
7050
7051
7061
7072
7073
7073
7076
7076
7077
7077
7088
7098
7099
7109
7114
7115
7116
7119
7125
7128
7135
7141
7142
7143
7164
7172
7177
7179
7182
7193
7193
7197
7206
7207
7214
7219
7222
7223
7227
7228
7228
7229
7232
7232
7233
7236
7239
7241
7244
7245
7255
7265
7266
7266
7271
7283
7283
7284
7288
7290
7291
7293
7294
7294
7295
7296
7299
7308
7310
7310
7313
7313
7316
7318
7324
7325
7332
7336
7339
7340
7341
7350
7351
7352
7354
7361
7366
7367
7368
7370
7371
7375
7378
7382
7383
7385
7385
7387
7390
7392
7393
7396
7400
7401
7402
7402
7403
7404
7406
7409
7409
7411
7413
7418
7419
7420
7424
7433
7435
7438
7441
7443
7443
7446
7448
7450
7450
7452
7453
7456
7457
7457
7457
7458
7463
7468
7468
7468
7470
7471
7472
7476
7480
7485
7486
7497
7499
7501
7505
7511
7512
7513
7514
7521
7526
7527
7533
7541
7541
7549
7553
7560
7573
7575
7578
7579
7583
7588
7590
7594
7603
7605
7606
7607
7609
7610
7614
7616
7621
7621
7622
7623
7625
7626
7628
7629
7635
7641
7642
7645
7645
7645
7648
7650
7652
7658
7659
7660
7663
7665
7676
7685
7688
7691
7692
7692
7695
7695
7699
7700
7701
7708
7710
7712
7713
7715
7725
7737
7738
7739
7763
7764
7769
7770
7771
7791
7796
7808
7808
7812
7814
7814
7815
7816
7817
7821
7829
7829
7830
7834
7840
7841
7841
7851
7858
7860
7863
7865
7866
7881
7886
7888
7889
7889
7890
7894
7895
7896
7897
7903
7904
7907
7910
7913
7917
7924
7926
7927
7927
7929
7929
7930
7930
7945
7945
7946
7951
7952
7954
7956
7958
7959
7959
7965
7971
7974
7976
7984
7985
7993
7993
7994
7997
7998
7999
8004
8008
8009
8016
8016
8023
8025
8030
8035
8037
8042
8046
8046
8052
8055
8056
8058
8058
8059
8063
8066
8067
8070
8078
8078
8080
8082
8084
8086
8105
8115
8119
8122
8129
8130
8134
8136
8147
8147
8154
8156
8156
8165
8167
8170
8170
8179
8180
8180
8183
8185
8185
8186
8193
8196
8204
8205
8212
8214
8217
8217
8221
8222
8222
8223
8233
8237
8239
8240
8243
8246
8248
8252
8255
8257
8258
8258
8260
8262
8263
8270
8271
8275
8281
8281
8285
8286
8306
8322
8323
8323
8327
8328
8331
8339
8346
8349
8350
8352
8356
8365
8365
8367
8368
8368
8369
8370
8372
8373
8377
8379
8385
8386
8389
8406
8419
8421
8423
8425
8433
8434
8437
8438
8439
8439
8439
8441
8443
8445
8447
8448
8450
8451
8457
8457
8458
8459
8460
8463
8471
8472
8477
8483
8484
8487
8488
8488
8496
8502
8504
8519
8519
8525
8526
8527
8527
8527
8532
8533
8539
8539
8540
8544
8547
8547
8555
8560
8560
8569
8577
8581
8581
8581
8583
8586
8588
8602
8605
8608
8609
8610
8611
8615
8615
8616
8617
8620
8621
8626
8629
8638
8639
8640
8643
8649
8652
8656
8663
8666
8667
8667
8669
8671
8673
8675
8675
8677
8679
8680
8682
8683
8684
8692
8693
8693
8695
8698
8699
8700
8700
8701
8707
8710
8713
8716
8716
8717
8721
8730
8731
8732
8733
8735
8738
8740
8743
8743
8744
8748
8749
8759
8761
8769
8774
8776
8777
8778
8784
8797
8804
8806
8806
8807
8807
8812
8817
8825
8825
8830
8831
8833
8833
8837
8851
8853
8853
8863
8864
8867
8880
8883
8883
8890
8890
8892
8893
8900
8900
8902
8903
8904
8904
8914
8916
8929
8932
8935
8936
8938
8940
8940
8940
8944
8947
8949
8957
8963
8964
8964
8967
8968
8975
8976
8982
8984
8987
8987
8995
8996
8999
9001
9003
9006
9012
9019
9021
9025
9026
9026
9028
9031
9032
9039
9051
9054
9062
9064
9070
9072
9075
9091
9091
9092
9097
9099
9103
9105
9112
9116
9122
9123
9123
9127
9131
9131
9134
9134
9142
9144
9147
9150
9159
9159
9161
9163
9164
9168
9170
9176
9189
9192
9194
9194
9195
9195
9196
9197
9199
9201
9202
9203
9205
9213
9214
9216
9217
9220
9222
9228
9228
9235
9241
9245
9246
9247
9251
9252
9253
9255
9258
9265
9271
9275
9275
9278
9286
9286
9288
9292
9301
9301
9305
9305
9306
9309
9310
9310
9315
9319
9329
9333
9336
9338
9338
9339
9344
9348
9349
9357
9358
9361
9372
9373
9375
9376
9379
9381
9385
9390
9390
9400
9402
9403
9404
9407
9410
9410
9412
9416
9418
9419
9420
9420
9422
9423
9425
9425
9425
9427
9432
9433
9438
9440
9441
9441
9441
9444
9446
9446
9453
9454
9455
9458
9459
9463
9466
9469
9478
9480
9483
9484
9488
9490
9502
9503
9516
9518
9521
9525
9528
9531
9536
9544
9545
9552
9555
9559
9559
9560
9561
9564
9568
9568
9585
9589
9592
9594
9595
9608
9614
9615
9628
9635
9642
9642
9649
9654
9659
9660
9663
9664
9667
9668
9669
9672
9672
9673
9674
9677
9679
9681
9681
9684
9689
9689
9693
9698
9699
9703
9704
9705
9705
9706
9716
9719
9723
9728
9729
9730
9731
9740
9742
9745
9745
9750
9752
9752
9756
9758
9769
9770
9782
9783
9785
9785
9785
9789
9797
9800
9802
9811
9812
9817
9818
9818
9820
9829
9832
9836
9839
9840
9850
9850
9855
9861
9862
9866
9870
9873
9873
9878
9879
9881
9884
9887
9893
9893
9895
9897
9900
9901
9902
9912
9912
9918
9921
9928
9931
9936
9941
9942
9949
9953
9953
9954
9958
9960
9964
9967
9974
9979
9982
9984
9991
9992
9995
9996
10000
10003
10003
10003
10005
10018
10019
10026
10030
10035
10038
10040
10044
10044
10045
10046
10047
10047
10048
10068
10069
10074
10075
10077
10079
10084
10090
10094
10096
10104
10105
10109
10111
10113
10114
10124
10129
10130
10131
10140
10143
10143
10145
10146
10148
10151
10154
10154
10157
10158
10160
10166
10166
10174
10177
10179
10181
10184
10189
10194
10196
10196
10209
10222
10222
10225
10228
10229
10229
10230
10232
10237
10237
10237
10238
10243
10243
10246
10255
10256
10257
10262
10265
10267
10269
10277
10294
10298
10301
10302
10308
10309
10315
10316
10320
10324
10325
10329
10331
10332
10333
10335
10342
10342
10345
10353
10356
10356
10357
10368
10368
10370
10374
10377
10378
10379
10380
10381
10387
10388
10394
10395
10396
10401
10418
10418
10419
10422
10423
10426
10428
10428
10429
10430
10438
10441
10443
10446
10447
10449
10452
10452
10457
10464
10465
10471
10475
10475
10476
10482
10484
10487
10491
10497
10498
10504
10506
10514
10516
10518
10544
10549
10553
10555
10556
10563
10564
10564
10566
10567
10570
10571
10575
10576
10576
10579
10581
10587
10588
10589
10592
10595
10607
10612
10613
10615
10616
10625
10630
10631
10632
10636
10642
10647
10648
10649
10650
10650
10650
10653
10654
10665
10668
10671
10674
10675
10679
10680
10682
10683
10683
10688
10693
10693
10694
10695
10696
10698
10702
10707
10708
10712
10715
10716
10717
10719
10727
10730
10730
10733
10739
10752
10754
10756
10756
10789
10792
10796
10797
10797
10798
10810
10817
10820
10822
10822
10824
10834
10835
10838
10841
10842
10843
10845
10856
10857
10860
10862
10863
10865
10869
10879
10882
10893
10896
10901
10902
10903
10906
10908
10914
10917
10918
10927
10949
10950
10952
10955
10958
10962
10975
10975
10981
10982
10985
10991
10994
10996
10996
10999
11001
11004
11005
11006
11007
11009
11011
11015
11017
11019
11022
11023
11023
11024
11026
11035
11042
11045
11045
11045
11047
11057
11063
11067
11068
11081
11081
11082
11084
11092
11094
11095
11098
11110
11122
11123
11126
11138
11149
11159
11159
11162
11163
11166
11168
11168
11172
11179
11181
11194
11197
11200
11206
11209
11210
11211
11217
11217
11222
11222
11223
11230
11232
11233
11234
11237
11254
11262
11266
11277
11278
11283
11283
11286
11287
11294
11297
11304
11306
11307
11308
11311
11313
11317
11317
11319
11320
11321
11328
11329
11330
11336
11338
11343
11347
11348
11351
11352
11354
11362
11364
11365
11369
11371
11372
11378
11380
11382
11383
11384
11389
11390
11393
11395
11396
11396
11399
11401
11404
11408
11408
11410
11412
11413
11417
11420
11422
11425
11428
11429
11433
11436
11446
11449
11451
11457
11461
11465
11469
11480
11484
11486
11489
11489
11494
11495
11501
11503
11503
11527
11530
11535
11538
11539
11541
11545
11549
11549
11552
11557
11569
11572
11578
11584
11591
11593
11595
11603
11604
11609
11612
11612
11615
11617
11618
11625
11626
11629
11630
11632
11634
11638
11641
11646
11647
11648
11650
11654
11661
11665
11666
11667
11668
11670
11673
11673
11676
11686
11686
11690
11691
11691
11693
11697
11699
11702
11706
11713
11724
11725
11725
11726
11727
11727
11732
11737
11738
11740
11744
11744
11759
11762
11762
11763
11766
11770
11777
11778
11782
11782
11784
11784
11789
11792
11793
11794
11796
11797
11800
11815
11817
11821
11827
11827
11849
11853
11857
11861
11870
11874
11879
11884
11887
11887
11894
11897
11897
11899
11900
11902
11903
11906
11910
11911
11913
11915
11931
11931
11936
11936
11938
11943
11947
11956
11957
11958
11959
11967
11973
11978
11980
11981
11983
11984
11984
11985
11985
11989
11992
11993
11995
11995
11996
11998
12005
12006
12008
12016
12019
12019
12019
12021
12022
12023
12025
12026
12033
12035
12036
12046
12048
12049
12053
12055
12055
12059
12063
12064
12065
12069
12071
12071
12072
12077
12080
12081
12082
12083
12084
12084
12090
12092
12094
12097
12102
12102
12104
12108
12111
12116
12121
12122
12123
12141
12144
12145
12145
12149
12149
12152
12154
12156
12160
12160
12161
12166
12167
12168
12170
12176
12179
12182
12184
12185
12188
12189
12192
12193
12193
12194
12195
12197
12201
12203
12203
12205
12216
12224
12227
12232
12232
12238
12241
12245
12247
12253
12254
12260
12264
12267
12274
12274
12277
12278
12279
12287
12289
12306
12307
12325
12327
12329
12329
12331
12333
12336
12337
12340
12340
12347
12359
12361
12371
12379
12380
12382
12383
12386
12391
12400
12400
12408
12408
12410
12411
12412
12413
12414
12420
12426
12432
12433
12435
12435
12440
12446
12448
12449
12451
12452
12458
12461
12464
12467
12471
12474
12482
12486
12486
12488
12488
12493
12495
12501
12502
12504
12504
12521
12524
12525
12530
12531
12533
12534
12541
12546
12553
12554
12557
12559
12561
12561
12568
12569
12572
12573
12576
12577
12578
12579
12579
12581
12584
12585
12586
12589
12618
12619
12619
12621
12624
12626
12628
12628
12640
12640
12644
12648
12651
12652
12653
12655
12655
12656
12660
12661
12661
12663
12668
12669
12673
12680
12680
12683
12685
12695
12696
12696
12702
12702
12703
12706
12708
12718
12718
12726
12728
12730
12731
12732
12738
12752
12754
12754
12756
12758
12760
12767
12767
12771
12774
12775
12775
12779
12780
12780
12780
12781
12788
12800
12803
12805
12811
12812
12816
12816
12818
12823
12824
12827
12828
12829
12831
12833
12837
12842
12846
12846
12848
12849
12851
12855
12856
12865
12868
12869
12871
12876
12877
12878
12882
12884
12887
12887
12889
12895
12901
12902
12905
12914
12916
12916
12924
12926
12930
12932
12936
12938
12944
12946
12947
12949
12950
12952
12954
12956
12956
12956
12962
12962
12963
12965
12966
12968
12972
12975
12981
12981
12981
12990
12992
12992
12993
12995
12998
12998
13000
13002
13002
13003
13003
13007
13016
13018
13019
13024
13027
13034
13042
13043
13045
13049
13053
13056
13060
13061
13063
13068
13072
13074
13076
13076
13076
13077
13080
13082
13083
13087
13090
13094
13097
13098
13100
13107
13108
13113
13119
13128
13129
13134
13141
13150
13151
13152
13152
13159
13160
13165
13174
13179
13181
13182
13183
13183
13192
13193
13194
13196
13197
13198
13199
13205
13213
13216
13225
13225
13236
13241
13251
13256
13256
13264
13266
13267
13269
13273
13280
13282
13282
13294
13298
13299
13299
13300
13304
13310
13317
13321
13322
13324
13328
13336
13338
13339
13341
13342
13343
13354
13356
13358
13362
13364
13372
13374
13376
13379
13379
13381
13385
13391
13391
13392
13404
13405
13416
13418
13419
13432
13433
13435
13440
13440
13448
13450
13451
13452
13452
13464
13467
13467
13470
13471
13472
13473
13474
13477
13477
13487
13489
13490
13491
13491
13493
13494
13495
13495
13496
13501
13504
13513
13514
13517
13517
13521
13524
13527
13532
13538
13540
13544
13546
13556
13560
13561
13562
13562
13564
13565
13570
13574
13576
13580
13583
13583
13585
13587
13588
13592
13596
13605
13618
13621
13623
13629
13633
13639
13641
13642
13642
13643
13652
13652
13658
13659
13660
13662
13668
13669
13674
13685
13685
13687
13691
13692
13699
13700
13700
13702
13704
13708
13711
13714
13715
13719
13719
13720
13721
13722
13724
13729
13740
13749
13753
13755
13759
13762
13764
13765
13768
13777
13782
13783
13788
13792
13799
13804
13805
13807
13807
13816
13825
13827
13828
13836
13838
13850
13854
13854
13855
13859
13859
13860
13861
13863
13865
13869
13873
13875
13875
13881
13886
13888
13888
13897
13899
13902
13904
13908
13909
13910
13918
13920
13924
13924
13924
13927
13941
13941
13944
13946
13946
13954
13956
13956
13958
13972
13972
13973
13981
13983
13985
13991
13992
13993
13995
13996
14000
14001
14006
14009
14011
14016
14030
14034
14034
14035
14036
14042
14044
14048
14050
14051
14054
14060
14063
14065
14067
14068
14068
14077
14080
14090
14090
14092
14101
14104
14110
14111
14122
14122
14122
14123
14124
14127
14128
14133
14134
14136
14150
14162
14166
14174
14175
14182
14188
14202
14203
14203
14209
14213
14214
14223
14223
14224
14228
14232
14237
14237
14241
14243
14244
14246
14249
14251
14251
14256
14274
14279
14283
14294
14297
14301
14302
14302
14307
14309
14312
14314
14319
14323
14331
14334
14342
14348
14361
14362
14368
14368
14369
14376
14379
14383
14386
14387
14390
14391
14396
14398
14400
14415
14415
14425
14435
14438
14438
14443
14443
14444
14448
14450
14452
14453
14455
14458
14458
14460
14461
14461
14463
14466
14466
14487
14487
14489
14489
14490
14491
14491
14492
14492
14500
14505
14507
14507
14512
14517
14517
14517
14519
14521
14528
14528
14532
14534
14538
14541
14546
14551
14555
14557
14558
14560
14565
14565
14567
14569
14575
14578
14580
14581
14581
14583
14586
14592
14592
14606
14606
14608
14608
14609
14616
14616
14619
14621
14622
14627
14628
14631
14633
14634
14637
14649
14651
14651
14653
14655
14656
14670
14672
14675
14675
14675
14676
14683
14686
14689
14690
14693
14696
14697
14700
14702
14704
14705
14705
14708
14720
14721
14722
14724
14729
14729
14729
14734
14740
14746
14748
14750
14756
14757
14759
14764
14764
14766
14770
14774
14776
14777
14782
14784
14785
14794
14809
14810
14817
14819
14820
14823
14826
14834
14836
14844
14850
14860
14864
14864
14866
14870
14873
14873
14874
14884
14890
14893
14894
14898
14902
14903
14904
14908
14909
14911
14914
14916
14917
14920
14925
14932
14933
14934
14937
14945
14946
14958
14960
14965
14965
14966
14967
14967
14969
14975
14979
14986
14986
14987
14990
14990
14992
14997
14997
14998
15000
15011
15014
15015
15016
15022
15022
15022
15024
15034
15035
15036
15037
15038
15040
15040
15042
15043
15045
15050
15053
15056
15060
15062
15062
15063
15069
15071
15072
15073
15079
15079
15080
15082
15083
15084
15084
15085
15087
15088
15089
15089
15090
15090
15095
15096
15102
15103
15112
15115
15121
15122
15123
15125
15125
15129
15134
15135
15137
15145
15146
15150
15151
15152
15159
15165
15172
15181
15186
15189
15208
15209
15215
15220
15222
15223
15225
15226
15226
15227
15228
15231
15236
15237
15238
15243
15249
15257
15260
15262
15263
15265
15267
15267
15268
15272
15272
15273
15279
15284
15286
15291
15292
15298
15303
15306
15307
15311
15312
15312
15313
15315
15318
15325
15328
15336
15337
15338
15339
15344
15345
15348
15352
15353
15357
15363
15363
15364
15371
15377
15380
15384
15387
15393
15399
15400
15410
15411
15413
15415
15416
15419
15424
15429
15432
15437
15438
15443
15447
15450
15455
15458
15466
15469
15479
15480
15487
15493
15507
15512
15518
15519
15519
15521
15525
15529
15534
15534
15536
15536
15537
15538
15540
15541
15542
15546
15547
15549
15550
15552
15552
15554
15555
15555
15556
15559
15566
15573
15578
15578
15579
15582
15584
15584
15585
15597
15597
15597
15600
15601
15603
15609
15612
15616
15616
15617
15621
15621
15627
15635
15636
15648
15649
15651
15661
15661
15670
15674
15674
15677
15678
15689
15690
15691
15697
15703
15704
15705
15707
15708
15709
15714
15717
15718
15720
15722
15728
15728
15730
15731
15738
15745
15749
15756
15756
15758
15759
15768
15771
15771
15776
15779
15781
15793
15794
15796
15796
15800
15801
15802
15805
15807
15813
15813
15822
15825
15828
15832
15834
15837
15839
15845
15858
15864
15864
15864
15865
15866
15867
15868
15875
15875
15887
15887
15887
15890
15891
15892
15900
15900
15904
15911
15913
15918
15922
15923
15923
15929
15933
15939
15940
15941
15941
15943
15945
15955
15967
15977
15978
15985
15987
15987
15989
15991
15991
16008
16009
16009
16010
16041
16046
16050
16053
16064
16064
16066
16077
16085
16086
16088
16089
16093
16097
16100
16101
16106
16107
16108
16113
16114
16116
16117
16118
16129
16130
16137
16138
16139
16139
16142
16147
16151
16151
16165
16166
16166
16168
16170
16170
16171
16176
16176
16177
16180
16185
16192
16192
16197
16197
16200
16200
16200
16201
16203
16205
16206
16210
16211
16218
16220
16221
16224
16228
16228
16229
16231
16232
16235
16242
16246
16247
16249
16257
16258
16259
16270
16271
16272
16277
16288
16300
16306
16308
16311
16318
16322
16323
16328
16333
16334
16336
16336
16338
16339
16340
16345
16346
16349
16351
16362
16363
16366
16366
16373
16377
16379
16381
16381
16388
16393
16394
16396
16405
16418
16418
16426
16436
16439
16442
16443
16445
16448
16450
16450
16452
16452
16462
16463
16463
16469
16471
16472
16481
16483
16492
16499
16500
16502
16505
16506
16506
16506
16507
16511
16511
16512
16513
16513
16517
16519
16520
16524
16530
16548
16551
16553
16559
16562
16563
16568
16570
16575
16577
16581
16584
16588
16588
16592
16594
16594
16594
16595
16600
16600
16603
16603
16605
16607
16608
16610
16611
16615
16615
16618
16619
16623
16625
16628
16631
16640
16642
16642
16643
16645
16648
16652
16657
16658
16658
16666
16669
16671
16677
16679
16681
16681
16685
16686
16687
16687
16694
16695
16697
16700
16701
16706
16707
16708
16712
16713
16714
16714
16719
16721
16722
16723
16738
16739
16744
16745
16750
16753
16755
16756
16758
16763
16765
16770
16775
16777
16779
16783
16783
16786
16788
16789
16789
16791
16794
16794
16796
16803
16805
16810
16813
16817
16821
16827
16831
16832
16840
16840
16840
16844
16845
16847
16848
16850
16852
16854
16854
16860
16861
16863
16864
16865
16866
16869
16878
16880
16887
16891
16893
16898
16912
16915
16916
16918
16923
16924
16928
16931
16936
16938
16938
16940
16944
16945
16956
16960
16962
16964
16964
16966
16967
16969
16971
16976
16982
16984
16990
16992
16998
17001
17002
17003
17004
17004
17010
17011
17012
17016
17019
17023
17029
17035
17037
17038
17045
17053
17055
17057
17059
17066
17066
17069
17069
17073
17074
17082
17089
17091
17095
17104
17113
17114
17119
17122
17123
17124
17126
17129
17131
17131
17136
17138
17149
17160
17163
17163
17164
17168
17171
17172
17173
17175
17175
17176
17177
17178
17179
17180
17181
17187
17191
17192
17197
17198
17199
17204
17205
17208
17210
17210
17213
17214
17214
17215
17219
17222
17223
17225
17234
17235
17238
17239
17247
17255
17266
17268
17271
17278
17285
17287
17296
17299
17299
17299
17304
17306
17316
17317
17319
17321
17325
17325
17325
17326
17329
17330
17336
17336
17349
17351
17353
17360
17360
17362
17370
17371
17372
17373
17373
17377
17387
17389
17391
17392
17393
17401
17401
17407
17408
17408
17411
17414
17415
17423
17427
17427
17432
17438
17439
17440
17441
17445
17448
17452
17454
17466
17469
17472
17483
17483
17491
17493
17496
17504
17509
17511
17511
17514
17514
17519
17521
17521
17525
17525
17526
17528
17532
17537
17542
17546
17551
17557
17563
17564
17568
17570
17578
17580
17586
17586
17588
17590
17593
17595
17597
17605
17606
17609
17609
17614
17622
17624
17624
17625
17625
17627
17627
17630
17630
17635
17637
17641
17643
17645
17646
17651
17654
17654
17655
17659
17661
17665
17666
17669
17670
17670
17672
17685
17686
17687
17696
17699
17703
17705
17708
17710
17722
17722
17723
17725
17729
17734
17734
17738
17739
17741
17766
17770
17782
17783
17783
17783
17785
17789
17792
17796
17796
17796
17801
17803
17804
17806
17806
17806
17814
17817
17817
17819
17824
17832
17835
17836
17836
17852
17854
17858
17871
17873
17876
17876
17883
17884
17884
17885
17887
17888
17888
17893
17893
17895
17897
17897
17898
17899
17900
17904
17907
17908
17908
17918
17919
17922
17927
17935
17936
17939
17944
17946
17953
17958
17959
17961
17971
17972
17972
17976
17976
17976
17977
17977
17980
17980
17982
17983
17984
17989
17990
17991
17991
17993
17996
18001
18003
18004
18006
18015
18021
18034
18040
18043
18044
18055
18055
18070
18071
18071
18073
18079
18080
18091
18096
18097
18097
18101
18101
18103
18107
18107
18108
18109
18115
18115
18117
18121
18122
18122
18123
18126
18126
18127
18130
18130
18130
18143
18147
18151
18152
18156
18161
18161
18161
18165
18166
18169
18173
18174
18177
18183
18192
18193
18194
18197
18198
18211
18213
18217
18218
18219
18222
18229
18231
18231
18236
18243
18244
18244
18251
18265
18268
18275
18280
18283
18293
18293
18296
18297
18300
18302
18308
18314
18318
18326
18331
18336
18345
18348
18350
18358
18364
18365
18370
18377
18386
18387
18390
18396
18400
18403
18405
18406
18412
18413
18415
18423
18425
18425
18428
18429
18430
18430
18434
18434
18434
18436
18439
18440
18440
18443
18443
18460
18460
18461
18467
18472
18475
18485
18485
18489
18489
18492
18502
18503
18503
18506
18514
18516
18520
18540
18540
18544
18558
18561
18561
18563
18566
18568
18571
18572
18575
18576
18576
18579
18588
18589
18593
18594
18600
18605
18611
18614
18619
18620
18620
18623
18624
18624
18629
18629
18632
18638
18640
18643
18646
18647
18647
18648
18654
18658
18660
18664
18669
18672
18674
18676
18677
18685
18686
18689
18691
18692
18693
18693
18703
18709
18710
18721
18721
18721
18724
18729
18733
18735
18740
18742
18744
18745
18757
18757
18758
18758
18759
18761
18762
18763
18763
18764
18765
18766
18773
18774
18777
18780
18782
18791
18794
18796
18796
18797
18797
18797
18797
18797
18798
18798
18801
18806
18807
18809
18812
18814
18814
18818
18819
18825
18827
18828
18833
18835
18837
18843
18844
18845
18846
18847
18848
18855
18856
18859
18866
18868
18875
18877
18885
18887
18888
18890
18890
18895
18896
18899
18900
18911
18919
18921
18924
18924
18924
18924
18930
18933
18949
18953
18955
18960
18962
18963
18965
18969
18981
18982
18986
18989
18993
18996
18996
18998
19003
19007
19007
19010
19012
19015
19019
19019
19027
19029
19039
19043
19044
19044
19048
19050
19057
19057
19060
19062
19063
19071
19073
19076
19077
19078
19080
19086
19091
19091
19103
19109
19113
19113
19116
19121
19125
19131
19138
19139
19144
19148
19150
19152
19152
19152
19155
19162
19167
19173
19174
19179
19180
19181
19189
19190
19201
19203
19205
19206
19208
19211
19211
19212
19214
19216
19220
19221
19224
19227
19229
19229
19234
19240
19243
19249
19250
19254
19259
19263
19275
19278
19281
19284
19286
19288
19291
19294
19296
19298
19303
19304
19304
19306
19306
19312
19317
19319
19321
19326
19332
19340
19346
19346
19347
19355
19358
19362
19366
19372
19376
19385
19399
19400
19405
19409
19413
19414
19415
19416
19419
19420
19421
19425
19427
19427
19428
19447
19450
19452
19453
19463
19463
19464
19466
19470
19477
19487
19489
19491
19498
19500
19501
19503
19507
19507
19517
19518
19519
19521
19526
19532
19536
19542
19543
19552
19552
19556
19557
19558
19558
19566
19567
19569
19570
19571
19572
19578
19583
19585
19588
19592
19593
19600
19610
19611
19614
19618
19621
19631
19635
19639
19639
19640
19641
19642
19642
19650
19650
19651
19652
19657
19661
19671
19672
19672
19672
19672
19678
19681
19681
19683
19687
19690
19692
19692
19697
19698
19701
19705
19707
19715
19722
19729
19731
19733
19733
19735
19735
19741
19742
19744
19746
19761
19763
19763
19767
19768
19768
19775
19776
19779
19788
19789
19792
19792
19797
19798
19800
19804
19805
19810
19811
19816
19819
19820
19823
19824
19827
19835
19835
19837
19839
19845
19847
19847
19847
19848
19848
19850
19851
19851
19853
19859
19863
19865
19867
19869
19873
19876
19879
19880
19882
19884
19890
19896
19897
19902
19907
19908
19913
19914
19934
19939
19940
19942
19942
19943
19945
19953
19953
19955
19955
19960
19962
19967
19969
19970
19976
19976
19979
19985
19987
19991
19991
19993
19993
19996
20001
20007
20010
20015
20017
20018
20019
20019
20021
20022
20025
20027
20028
20029
20030
20032
20032
20038
20039
20041
20041
20042
20045
20053
20055
20056
20058
20061
20062
20065
20069
20069
20071
20075
20077
20080
20082
20086
20086
20092
20093
20097
20102
20105
20111
20113
20114
20117
20117
20119
20123
20126
20126
20132
20132
20134
20134
20135
20135
20136
20137
20138
20142
20142
20145
20145
20147
20147
20156
20157
20165
20169
20170
20179
20179
20180
20182
20184
20186
20194
20195
20197
20198
20199
20200
20200
20201
20206
20206
20209
20212
20215
20219
20221
20222
20231
20235
20236
20243
20244
20244
20246
20250
20260
20270
20276
20277
20283
20283
20290
20300
20305
20311
20318
20318
20321
20328
20330
20331
20348
20349
20353
20354
20355
20355
20356
20358
20358
20362
20367
20368
20371
20376
20378
20378
20380
20381
20385
20386
20387
20390
20399
20401
20404
20409
20417
20420
20424
20427
20428
20439
20441
20444
20448
20453
20456
20457
20458
20471
20480
20497
20503
20506
20516
20517
20517
20519
20521
20521
20523
20525
20531
20533
20534
20535
20536
20537
20537
20543
20543
20544
20549
20549
20558
20558
20563
20565
20569
20571
20577
20582
20585
20587
20588
20588
20603
20605
20616
20621
20622
20622
20622
20623
20627
20629
20631
20638
20645
20645
20649
20654
20659
20661
20664
20666
20667
20668
20669
20671
20672
20674
20674
20676
20678
20678
20681
20686
20687
20690
20691
20692
20700
20708
20710
20714
20724
20725
20725
20733
20734
20734
20739
20740
20746
20748
20750
20757
20770
20770
20775
20776
20779
20779
20780
20781
20782
20788
20790
20792
20793
20798
20803
20806
20806
20807
20813
20821
20826
20826
20829
20829
20830
20834
20835
20845
20847
20851
20852
20853
20854
20857
20858
20860
20867
20870
20870
20880
20882
20884
20886
20889
20904
20907
20923
20924
20924
20924
20925
20925
20927
20934
20944
20945
20946
20952
20960
20960
20965
20967
20972
20973
20977
20993
20999
21000
21006
21007
21022
21026
21030
21038
21040
21046
21048
21050
21052
21057
21057
21058
21062
21067
21072
21073
21075
21085
21085
21093
21093
21095
21097
21106
21111
21117
21119
21120
21120
21121
21121
21123
21127
21128
21132
21132
21136
21136
21137
21139
21139
21140
21145
21147
21151
21151
21151
21153
21154
21158
21161
21168
21173
21174
21176
21177
21181
21185
21193
21194
21194
21201
21204
21204
21205
21208
21208
21210
21212
21221
21221
21235
21236
21237
21241
21242
21246
21246
21248
21250
21252
21252
21253
21254
21256
21258
21261
21265
21266
21267
21269
21270
21274
21274
21275
21275
21284
21285
21292
21293
21294
21302
21303
21303
21305
21306
21307
21312
21312
21315
21317
21317
21321
21322
21323
21326
21328
21332
21334
21335
21336
21337
21337
21339
21339
21343
21347
21350
21354
21355
21355
21371
21371
21373
21374
21377
21378
21381
21383
21390
21390
21391
21396
21397
21399
21400
21400
21407
21410
21415
21417
21427
21429
21430
21432
21433
21434
21455
21465
21466
21471
21473
21476
21484
21486
21497
21506
21513
21514
21515
21516
21519
21520
21524
21524
21526
21532
21535
21536
21545
21545
21545
21545
21548
21549
21552
21552
21564
21571
21571
21574
21575
21584
21590
21593
21597
21599
21602
21603
21604
21611
21623
21625
21632
21633
21634
21646
21652
21654
21661
21662
21662
21665
21669
21670
21671
21678
21679
21690
21692
21695
21698
21700
21700
21706
21707
21707
21712
21713
21724
21727
21736
21739
21740
21741
21741
21743
21743
21749
21752
21754
21757
21760
21760
21762
21762
21768
21777
21778
21786
21787
21787
21788
21789
21791
21793
21794
21794
21795
21800
21805
21810
21814
21819
21825
21828
21831
21839
21839
21845
21849
21855
21856
21856
21857
21859
21862
21875
21881
21888
21890
21896
21900
21904
21908
21909
21914
21918
21919
21920
21923
21926
21926
21927
21930
21931
21933
21933
21934
21938
21948
21948
21967
21970
21971
21975
21981
21983
21983
21983
21985
21986
21987
21988
21989
21995
21999
22005
22005
22006
22023
22023
22024
22027
22028
22041
22047
22050
22052
22052
22052
22060
22066
22074
22084
22087
22091
22091
22091
22096
22099
22104
22110
22113
22118
22121
22126
22127
22129
22136
22137
22140
22143
22154
22155
22156
22158
22161
22161
22163
22166
22171
22172
22176
22177
22182
22185
22188
22191
22199
22213
22217
22221
22223
22225
22228
22230
22232
22232
22233
22234
22236
22237
22238
22242
22247
22248
22248
22253
22255
22258
22260
22262
22264
22266
22266
22266
22266
22278
22283
22285
22286
22290
22294
22298
22300
22300
22305
22305
22309
22311
22314
22318
22320
22322
22325
22326
22327
22338
22339
22340
22355
22357
22360
22363
22364
22367
22371
22372
22376
22377
22379
22380
22382
22382
22384
22384
22387
22389
22391
22391
22393
22398
22403
22404
22407
22410
22413
22415
22421
22421
22422
22424
22424
22431
22441
22445
22463
22467
22469
22471
22471
22480
22481
22488
22489
22490
22496
22496
22500
22512
22513
22514
22528
22532
22535
22535
22544
22549
22549
22557
22567
22568
22568
22569
22573
22574
22575
22581
22583
22584
22590
22592
22594
22602
22605
22609
22610
22611
22619
22624
22627
22637
22640
22642
22643
22644
22650
22656
22657
22659
22660
22662
22665
22667
22674
22675
22680
22684
22698
22699
22700
22701
22709
22709
22711
22716
22724
22726
22729
22733
22733
22734
22735
22743
22743
22749
22750
22753
22753
22756
22759
22763
22765
22768
22774
22775
22776
22782
22783
22795
22808
22811
22812
22814
22817
22818
22822
22825
22826
22832
22832
22839
22841
22848
22850
22850
22853
22856
22856
22858
22861
22862
22867
22867
22867
22871
22873
22874
22877
22880
22888
22892
22893
22894
22896
22904
22905
22909
22911
22916
22917
22924
22927
22933
22939
22948
22951
22958
22964
22969
22971
22981
22982
22991
22991
22991
22998
22999
23000
23001
23002
23018
23025
23026
23030
23030
23034
23035
23038
23039
23040
23048
23048
23051
23052
23053
23055
23061
23063
23066
23072
23079
23083
23090
23091
23095
23096
23104
23109
23109
23115
23125
23127
23132
23133
23144
23144
23147
23147
23154
23158
23159
23159
23161
23175
23175
23176
23176
23182
23186
23189
23194
23196
23196
23200
23200
23203
23207
23213
23216
23218
23219
23221
23222
23225
23225
23230
23236
23236
23242
23249
23249
23250
23258
23258
23265
23271
23273
23275
23282
23287
23289
23290
23290
23297
23311
23319
23324
23324
23330
23331
23334
23343
23360
23363
23370
23374
23376
23389
23395
23395
23396
23396
23400
23408
23412
23416
23420
23422
23430
23435
23438
23442
23447
23453
23458
23460
23460
23467
23475
23476
23480
23482
23485
23487
23500
23500
23503
23512
23518
23523
23523
23526
23527
23529
23529
23537
23543
23546
23547
23548
23552
23557
23564
23565
23565
23576
23582
23586
23588
23588
23592
23593
23593
23595
23598
23602
23604
23604
23607
23608
23609
23610
23610
23620
23622
23625
23628
23633
23635
23638
23645
23648
23648
23649
23650
23653
23653
23657
23662
23670
23681
23682
23683
23685
23693
23694
23696
23699
23702
23704
23705
23708
23716
23716
23720
23721
23723
23723
23725
23726
23728
23729
23731
23732
23733
23738
23741
23745
23747
23748
23754
23756
23760
23761
23763
23763
23783
23785
23786
23789
23793
23795
23798
23803
23805
23812
23814
23815
23822
23825
23826
23827
23831
23833
23836
23841
23844
23847
23852
23854
23859
23862
23869
23870
23871
23871
23881
23883
23889
23895
23897
23903
23906
23906
23910
23912
23915
23922
23926
23927
23927
23930
23936
23937
23938
23944
23946
23960
23964
23968
23969
23969
23972
23973
23976
23979
23980
23990
23992
23992
23994
24002
24006
24007
24011
24025
24028
24029
24034
24035
24035
24035
24043
24045
24051
24051
24052
24057
24063
24069
24074
24078
24086
24094
24108
24111
24114
24114
24126
24128
24130
24137
24138
24139
24143
24144
24146
24148
24148
24149
24152
24154
24157
24158
24160
24173
24176
24177
24180
24180
24182
24182
24185
24191
24192
24192
24193
24194
24197
24199
24205
24209
24211
24213
24217
24225
24227
24232
24233
24237
24238
24239
24242
24247
24256
24260
24262
24264
24265
24267
24267
24269
24271
24271
24275
24276
24280
24282
24283
24289
24293
24299
24304
24307
24312
24319
24323
24323
24324
24327
24329
24337
24338
24340
24349
24349
24355
24355
24359
24360
24362
24366
24370
24370
24373
24374
24379
24380
24383
24385
24388
24390
24397
24400
24401
24402
24408
24408
24410
24410
24410
24411
24413
24416
24418
24418
24425
24425
24431
24434
24436
24438
24439
24441
24442
24442
24442
24444
24444
24447
24449
24451
24453
24459
24466
24469
24475
24483
24485
24487
24489
24498
24504
24507
24511
24511
24516
24517
24518
24520
24521
24522
24526
24527
24534
24535
24537
24540
24552
24557
24558
24561
24568
24572
24575
24581
24582
24588
24590
24591
24593
24594
24598
24600
24605
24612
24613
24613
24621
24622
24632
24633
24638
24640
24642
24648
24651
24652
24657
24671
24671
24673
24681
24685
24692
24694
24703
24703
24707
24710
24713
24715
24718
24722
24722
24723
24725
24728
24729
24732
24733
24736
24739
24740
24745
24746
24749
24750
24757
24761
24764
24765
24769
24770
24770
24774
24777
24780
24784
24793
24797
24799
24799
24801
24805
24809
24816
24816
24818
24819
24821
24821
24832
24833
24834
24834
24835
24837
24843
24844
24847
24850
24856
24857
24862
24862
24866
24869
24869
24874
24876
24878
24881
24881
24885
24887
24888
24890
24891
24897
24899
24907
24910
24911
24912
24913
24914
24914
24915
24921
24928
24929
24932
24935
24939
24944
24948
24948
24955
24957
24959
24962
24966
24968
24976
24976
24979
24980
24983
24984
24996
25000
25001
25006
25008
25010
25015
25017
25023
25024
25028
25028
25029
25034
25034
25035
25038
25042
25044
25044
25045
25048
25051
25052
25055
25058
25062
25064
25076
25086
25094
25097
25099
25100
25105
25111
25112
25113
25123
25123
25125
25126
25126
25127
25127
25129
25130
25136
25146
25148
25151
25151
25155
25156
25162
25166
25175
25176
25178
25179
25184
25184
25186
25189
25195
25196
25197
25203
25209
25211
25211
25214
25217
25221
25227
25230
25235
25237
25237
25243
25244
25255
25257
25257
25259
25259
25266
25269
25270
25271
25271
25275
25276
25281
25282
25283
25286
25286
25288
25289
25290
25295
25295
25297
25304
25312
25319
25321
25335
25335
25337
25347
25350
25356
25358
25364
25364
25365
25370
25375
25379
25380
25381
25382
25393
25394
25397
25399
25399
25402
25402
25424
25425
25427
25429
25431
25437
25437
25437
25438
25439
25439
25440
25443
25445
25456
25465
25470
25471
25473
25473
25473
25475
25484
25485
25486
25487
25487
25489
25498
25498
25498
25506
25507
25508
25510
25511
25515
25517
25517
25518
25525
25527
25534
25535
25537
25543
25549
25551
25552
25561
25561
25564
25564
25567
25571
25572
25574
25578
25579
25579
25586
25588
25588
25590
25596
25596
25602
25609
25626
25632
25633
25634
25651
25652
25654
25655
25656
25665
25665
25668
25674
25676
25676
25678
25681
25683
25685
25686
25690
25693
25697
25700
25700
25703
25703
25705
25706
25713
25714
25715
25720
25722
25737
25739
25745
25751
25751
25758
25762
25771
25773
25775
25776
25781
25785
25786
25787
25791
25795
25796
25798
25799
25800
25802
25805
25812
25813
25815
25815
25816
25817
25818
25819
25823
25825
25825
25830
25832
25833
25836
25838
25839
25840
25841
25844
25845
25845
25849
25850
25851
25852
25857
25862
25866
25869
25872
25874
25880
25883
25888
25888
25889
25890
25896
25897
25912
25914
25918
25922
25930
25939
25942
25942
25945
25946
25956
25956
25961
25961
25967
25971
25976
25981
25983
25985
25990
25994
25994
25996
25999
26016
26017
26018
26020
26022
26027
26029
26029
26030
26034
26038
26039
26040
26044
26047
26048
26051
26056
26057
26058
26063
26065
26067
26069
26072
26073
26075
26075
26080
26080
26081
26081
26087
26091
26093
26099
26099
26104
26105
26109
26110
26115
26118
26125
26126
26127
26128
26132
26133
26135
26136
26138
26138
26140
26148
26163
26163
26166
26167
26170
26172
26173
26173
26177
26180
26182
26190
26192
26192
26195
26205
26205
26206
26206
26208
26225
26227
26228
26229
26229
26229
26231
26231
26231
26235
26244
26247
26251
26257
26265
26265
26265
26268
26272
26273
26274
26279
26285
26288
26291
26294
26298
26302
26303
26306
26307
26310
26314
26314
26318
26322
26330
26331
26332
26338
26341
26343
26344
26362
26364
26374
26376
26376
26377
26379
26382
26384
26387
26389
26394
26395
26396
26396
26403
26404
26404
26413
26416
26416
26418
26421
26422
26431
26431
26434
26435
26439
26441
26452
26453
26466
26469
26470
26472
26474
26484
26489
26491
26499
26501
26504
26505
26509
26513
26515
26523
26525
26528
26529
26530
26533
26535
26537
26548
26548
26548
26551
26554
26559
26564
26574
26577
26579
26582
26590
26595
26596
26596
26597
26600
26602
26606
26607
26607
26613
26615
26617
26623
26625
26626
26636
26640
26641
26646
26647
26649
26655
26658
26662
26668
26671
26677
26679
26684
26687
26688
26690
26692
26698
26704
26705
26706
26711
26711
26714
26714
26724
26727
26727
26728
26730
26735
26740
26742
26745
26749
26754
26757
26757
26763
26765
26766
26767
26771
26775
26776
26777
26786
26789
26793
26794
26794
26797
26797
26799
26801
26801
26804
26805
26806
26807
26809
26812
26812
26821
26822
26826
26827
26828
26828
26829
26829
26831
26833
26837
26838
26839
26844
26845
26845
26846
26848
26852
26855
26859
26860
26862
26862
26870
26872
26873
26873
26877
26882
26886
26887
26888
26892
26896
26897
26907
26908
26921
26925
26930
26934
26935
26935
26936
26939
26941
26947
26949
26952
26954
26954
26957
26965
26967
26974
26984
26987
26989
26990
26993
26998
27002
27002
27011
27013
27014
27019
27019
27023
27025
27026
27031
27031
27033
27053
27053
27054
27058
27061
27072
27078
27081
27081
27081
27081
27082
27085
27091
27095
27096
27099
27105
27106
27106
27111
27111
27112
27117
27119
27124
27127
27128
27134
27135
27137
27140
27144
27144
27145
27149
27153
27154
27154
27162
27168
27171
27172
27176
27176
27186
27188
27190
27191
27192
27198
27200
27201
27205
27205
27207
27213
27216
27221
27229
27231
27231
27237
27243
27244
27246
27249
27250
27251
27260
27260
27267
27285
27285
27287
27288
27292
27303
27312
27312
27315
27320
27324
27325
27335
27338
27340
27340
27342
27343
27343
27346
27354
27356
27356
27358
27358
27363
27365
27372
27378
27379
27386
27387
27396
27396
27398
27399
27405
27407
27409
27412
27412
27413
27416
27426
27430
27432
27437
27438
27443
27450
27452
27456
27457
27459
27462
27463
27464
27465
27471
27474
27482
27483
27485
27486
27487
27488
27490
27499
27502
27503
27509
27510
27512
27518
27527
27528
27533
27535
27536
27547
27549
27566
27566
27572
27573
27575
27581
27584
27586
27586
27587
27589
27590
27592
27601
27604
27604
27604
27607
27608
27608
27613
27616
27617
27621
27624
27639
27640
27641
27643
27644
27663
27669
27672
27675
27677
27682
27685
27687
27689
27694
27697
27697
27698
27705
27707
27707
27712
27714
27715
27716
27716
27721
27731
27735
27739
27742
27751
27752
27756
27763
27766
27769
27770
27771
27771
27776
27778
27779
27782
27782
27785
27787
27791
27792
27797
27800
27804
27805
27808
27808
27815
27816
27817
27817
27817
27822
27824
27827
27827
27827
27828
27829
27832
27834
27837
27839
27844
27845
27847
27861
27862
27865
27866
27866
27867
27876
27878
27882
27887
27892
27894
27896
27896
27897
27919
27929
27929
27930
27932
27935
27937
27938
27945
27946
27947
27947
27948
27948
27954
27955
27956
27956
27957
27958
27961
27961
27967
27982
27983
27984
27984
27984
27985
27986
27988
27994
27996
27998
27999
28005
28009
28010
28015
28019
28020
28021
28023
28023
28025
28032
28037
28037
28037
28040
28046
28051
28051
28053
28055
28058
28059
28060
28061
28061
28062
28065
28067
28072
28075
28077
28079
28080
28086
28092
28093
28094
28097
28097
28101
28101
28106
28109
28113
28114
28114
28116
28119
28123
28123
28124
28128
28133
28137
28137
28137
28142
28144
28145
28145
28148
28149
28150
28155
28156
28158
28158
28159
28162
28166
28168
28175
28175
28177
28177
28180
28188
28190
28195
28196
28202
28208
28215
28216
28217
28220
28222
28233
28236
28239
28247
28251
28252
28261
28264
28265
28276
28277
28278
28280
28281
28283
28284
28284
28287
28289
28292
28293
28296
28299
28300
28302
28303
28307
28310
28311
28318
28319
28322
28322
28324
28332
28334
28335
28337
28337
28344
28345
28351
28352
28352
28363
28365
28368
28369
28382
28383
28387
28389
28389
28391
28391
28394
28399
28409
28418
28428
28432
28434
28434
28435
28438
28438
28439
28442
28444
28448
28450
28456
28469
28471
28475
28482
28489
28491
28505
28508
28508
28511
28512
28515
28519
28520
28520
28526
28527
28535
28535
28536
28539
28539
28543
28543
28548
28548
28552
28556
28560
28560
28563
28567
28567
28569
28569
28570
28571
28571
28571
28572
28575
28578
28579
28581
28590
28592
28594
28594
28594
28598
28602
28603
28603
28612
28613
28626
28626
28631
28633
28633
28634
28634
28637
28639
28643
28647
28647
28649
28653
28654
28655
28656
28656
28672
28673
28675
28680
28682
28684
28687
28695
28708
28708
28710
28715
28716
28719
28730
28735
28736
28740
28748
28750
28750
28756
28759
28760
28761
28763
28764
28768
28774
28790
28791
28791
28791
28801
28809
28815
28816
28817
28820
28820
28833
28839
28849
28849
28850
28863
28866
28867
28868
28869
28877
28878
28881
28885
28893
28902
28904
28906
28908
28911
28913
28924
28924
28926
28927
28930
28937
28941
28944
28946
28951
28960
28964
28967
28969
28969
28971
28973
28974
28974
28978
28981
28985
28987
28994
29006
29007
29008
29028
29030
29030
29030
29031
29034
29035
29038
29046
29046
29049
29054
29059
29061
29062
29067
29073
29075
29079
29081
29083
29088
29092
29096
29099
29109
29118
29120
29124
29143
29144
29146
29148
29151
29152
29153
29160
29162
29162
29163
29170
29171
29172
29173
29181
29181
29183
29185
29194
29194
29195
29197
29203
29204
29207
29212
29214
29221
29224
29224
29226
29226
29226
29229
29229
29231
29233
29233
29242
29242
29244
29248
29249
29249
29269
29271
29272
29278
29286
29291
29297
29298
29303
29310
29310
29311
29313
29319
29320
29321
29330
29334
29335
29337
29344
29349
29351
29352
29359
29361
29364
29365
29367
29368
29369
29371
29376
29379
29381
29385
29387
29389
29390
29392
29402
29403
29412
29412
29416
29416
29418
29421
29423
29428
29437
29437
29445
29449
29459
29460
29465
29467
29468
29475
29476
29477
29480
29484
29488
29490
29494
29494
29497
29501
29509
29524
29528
29529
29530
29530
29537
29538
29540
29542
29542
29543
29544
29545
29554
29557
29561
29562
29574
29578
29581
29582
29585
29586
29587
29588
29591
29595
29597
29599
29602
29608
29610
29610
29611
29615
29617
29622
29622
29623
29623
29624
29629
29630
29631
29632
29634
29637
29638
29639
29642
29644
29647
29648
29650
29651
29656
29660
29668
29669
29676
29677
29685
29685
29687
29692
29694
29697
29698
29700
29708
29712
29715
29718
29719
29720
29722
29722
29723
29724
29727
29729
29731
29732
29736
29737
29740
29744
29748
29757
29762
29762
29766
29772
29776
29777
29778
29786
29787
29789
29793
29794
29798
29804
29808
29810
29812
29817
29829
29831
29832
29832
29835
29838
29841
29851
29856
29866
29868
29868
29869
29874
29876
29878
29879
29879
29881
29882
29887
29897
29899
29901
29911
29916
29925
29930
29935
29936
29940
29942
29943
29949
29953
29954
29954
29955
29957
29965
29965
29971
29973
29975
29975
29975
29981
29981
29983
29990
29996
29999
29999
30001
30008
30017
30020
30026
30028
30037
30040
30040
30044
30055
30056
30056
30057
30063
30065
30067
30070
30071
30072
30076
30076
30083
30084
30087
30088
30097
30097
30099
30101
30111
30114
30114
30115
30117
30119
30119
30121
30125
30127
30139
30146
30149
30149
30153
30154
30170
30175
30181
30182
30184
30184
30185
30185
30191
30197
30203
30203
30204
30206
30212
30213
30216
30216
30217
30218
30220
30223
30224
30229
30245
30257
30264
30271
30273
30274
30276
30280
30281
30283
30291
30291
30295
30295
30297
30302
30303
30304
30305
30309
30317
30317
30318
30318
30320
30320
30322
30324
30332
30338
30339
30341
30346
30347
30350
30361
30364
30365
30374
30382
30383
30390
30391
30392
30393
30397
30399
30400
30407
30408
30408
30415
30427
30428
30432
30433
30435
30436
30437
30439
30442
30449
30450
30450
30456
30457
30463
30467
30467
30468
30469
30472
30474
30485
30489
30492
30499
30500
30500
30505
30508
30512
30540
30540
30540
30540
30542
30544
30549
30552
30555
30556
30560
30561
30564
30567
30567
30585
30589
30590
30590
30592
30598
30598
30599
30603
30605
30607
30610
30615
30619
30620
30622
30623
30626
30629
30632
30632
30633
30639
30641
30642
30645
30655
30663
30666
30667
30668
30674
30675
30676
30677
30683
30689
30696
30696
30700
30703
30711
30711
30712
30712
30717
30719
30720
30722
30728
30735
30743
30743
30749
30750
30752
30752
30770
30773
30776
30777
30777
30777
30779
30785
30788
30793
30796
30798
30801
30802
30806
30806
30808
30808
30813
30816
30818
30822
30830
30835
30835
30837
30837
30845
30856
30856
30859
30865
30867
30870
30875
30877
30878
30879
30883
30890
30890
30894
30895
30896
30910
30911
30911
30914
30916
30927
30929
30931
30933
30934
30936
30936
30938
30939
30947
30950
30950
30954
30955
30956
30956
30957
30958
30964
30965
30967
30967
30968
30969
30979
30983
30984
30988
30988
30989
30989
30995
30999
31001
31001
31001
31002
31007
31010
31014
31016
31017
31020
31021
31023
31024
31025
31028
31031
31035
31038
31038
31039
31039
31040
31040
31042
31047
31055
31060
31068
31068
31070
31076
31078
31080
31082
31084
31086
31086
31088
31089
31097
31100
31100
31103
31103
31113
31118
31118
31122
31125
31126
31127
31131
31133
31134
31143
31152
31156
31157
31159
31160
31165
31168
31169
31169
31176
31181
31191
31192
31198
31201
31206
31208
31216
31217
31217
31225
31232
31233
31233
31236
31236
31237
31241
31242
31250
31255
31258
31259
31261
31262
31265
31271
31274
31275
31276
31281
31282
31282
31287
31289
31293
31294
31303
31304
31310
31316
31320
31322
31324
31324
31324
31329
31329
31334
31337
31339
31342
31342
31345
31352
31360
31367
31368
31372
31372
31380
31380
31382
31390
31391
31397
31399
31401
31404
31405
31406
31414
31423
31427
31430
31431
31434
31438
31440
31444
31445
31445
31448
31458
31458
31460
31481
31486
31488
31492
31493
31496
31503
31504
31508
31510
31510
31516
31519
31523
31524
31527
31533
31537
31538
31544
31548
31549
31550
31557
31558
31559
31561
31566
31567
31569
31571
31579
31581
31585
31589
31596
31596
31604
31610
31610
31613
31613
31616
31619
31620
31621
31626
31633
31634
31635
31638
31639
31644
31651
31652
31652
31654
31655
31669
31672
31676
31681
31683
31686
31687
31694
31695
31699
31704
31718
31722
31730
31731
31735
31736
31737
31741
31745
31752
31752
31756
31757
31762
31770
31793
31798
31798
31799
31801
31802
31802
31805
31808
31811
31820
31825
31827
31827
31832
31836
31840
31849
31851
31855
31856
31857
31860
31861
31867
31871
31873
31879
31880
31881
31883
31888
31907
31910
31916
31918
31920
31922
31923
31925
31928
31929
31930
31933
31934
31934
31938
31942
31943
31944
31945
31946
31949
31954
31959
31965
31966
31970
31975
31976
31981
31982
31983
31986
31993
31993
31996
31998
32002
32003
32005
32007
32024
32025
32028
32028
32034
32037
32038
32043
32044
32052
32054
32060
32065
32076
32078
32085
32086
32086
32094
32104
32105
32114
32116
32118
32118
32119
32119
32122
32127
32130
32131
32132
32133
32139
32140
32140
32144
32155
32164
32165
32166
32167
32172
32180
32180
32181
32188
32200
32201
32206
32210
32211
32212
32217
32219
32221
32222
32226
32227
32228
32230
32232
32238
32243
32244
32247
32248
32250
32252
32254
32256
32260
32260
32261
32266
32269
32276
32277
32283
32284
32285
32288
32294
32295
32296
32299
32309
32313
32316
32318
32319
32323
32326
32326
32327
32328
32328
32329
32333
32337
32342
32344
32345
32350
32351
32357
32363
32372
32374
32374
32375
32375
32379
32384
32395
32398
32399
32400
32404
32406
32412
32412
32413
32414
32416
32416
32417
32422
32429
32430
32433
32435
32435
32437
32443
32444
32447
32451
32451
32452
32454
32458
32459
32459
32460
32465
32469
32470
32471
32472
32474
32483
32486
32489
32492
32495
32497
32500
32504
32507
32522
32530
32530
32540
32544
32555
32557
32560
32562
32567
32579
32583
32584
32585
32588
32589
32589
32592
32592
32593
32598
32599
32603
32606
32606
32611
32621
32634
32635
32639
32640
32642
32651
32660
32661
32668
32669
32670
32677
32678
32681
32690
32694
32703
32717
32719
32719
32721
32722
32729
32739
32742
32752
32753
32755
32756
32761
32762
