0
4
8
11
15
15
18
26
30
32
34
40
41
43
49
54
54
57
57
61
64
64
72
74
76
79
82
84
85
86
94
96
98
99
102
103
115
118
120
124
124
126
128
132
132
132
136
138
139
142
143
154
155
160
162
165
169
169
172
176
176
185
188
190
197
198
199
210
210
220
224
233
234
242
246
248
253
258
273
287
289
295
296
298
304
305
308
309
311
312
313
320
325
327
328
341
341
348
351
363
369
370
374
376
378
381
384
385
385
386
391
392
397
399
400
402
402
404
405
406
406
410
410
412
429
434
458
458
459
463
467
483
485
488
490
491
491
492
495
497
499
499
501
503
503
506
506
507
508
510
519
523
525
525
527
530
536
540
542
546
548
554
558
561
570
570
571
572
572
573
576
579
581
588
589
590
591
595
595
607
608
609
609
610
612
617
625
626
630
630
633
643
649
649
651
651
653
656
660
661
661
663
671
672
674
677
679
683
686
688
689
694
700
702
709
714
714
718
726
727
727
733
743
744
754
764
770
771
779
780
782
783
784
788
793
799
801
803
803
805
807
816
817
819
835
837
842
845
848
858
863
871
876
881
885
886
894
901
909
913
916
917
918
923
924
925
925
926
926
928
929
931
931
931
932
933
933
934
939
939
941
941
941
942
944
948
955
955
956
959
960
960
963
968
968
973
975
976
978
978
984
992
993
995
995
998
1001
1006
1012
1013
1017
1017
1017
1019
1021
1023
1023
1029
1038
1045
1053
1054
1055
1056
1058
1059
1072
1092
1092
1093
1105
1106
1106
1108
1110
1111
1116
1117
1118
1119
1120
1122
1123
1123
1125
1130
1141
1148
1150
1159
1168
1171
1173
1174
1176
1178
1184
1194
1197
1199
1200
1208
1213
1215
1218
1220
1221
1226
1228
1228
1229
1232
1241
1248
1249
1250
1252
1252
1261
1261
1262
1263
1263
1270
1271
1276
1276
1277
1284
1285
1288
1289
1292
1298
1298
1307
1307
1313
1319
1325
1328
1336
1341
1344
1350
1351
1353
1357
1358
1359
1362
1362
1368
1369
1376
1378
1380
1387
1395
1395
1399
1400
1403
1404
1409
1412
1413
1427
1431
1432
1433
1436
1440
1449
1451
1460
1462
1464
1470
1473
1473
1473
1482
1493
1494
1499
1500
1502
1508
1508
1509
1512
1519
1520
1533
1534
1536
1537
1538
1542
1544
1547
1552
1552
1552
1554
1561
1561
1563
1569
1570
1571
1572
1574
1574
1579
1583
1584
1587
1591
1593
1593
1595
1599
1605
1607
1607
1609
1609
1611
1612
1613
1618
1620
1622
1622
1622
1626
1627
1628
1636
1636
1637
1638
1639
1640
1646
1651
1669
1674
1675
1676
1679
1688
1689
1691
1697
1704
1705
1706
1706
1712
1714
1723
1733
1735
1739
1739
1741
1745
1745
1746
1748
1753
1758
1761
1762
1763
1774
1775
1779
1782
1783
1785
1792
1792
1795
1796
1799
1804
1806
1809
1819
1819
1823
1824
1829
1837
1838
1845
1851
1852
1852
1853
1854
1855
1856
1858
1862
1863
1867
1881
1882
1887
1889
1889
1890
1891
1896
1907
1909
1909
1930
1936
1937
1937
1938
1943
1944
1947
1952
1954
1960
1960
1961
1963
1976
1977
1979
1979
1980
1983
1987
1993
1993
1998
2015
2019
2022
2036
2037
2039
2042
2044
2054
2058
2059
2059
2062
2063
2070
2070
2072
2073
2074
2075
2081
2083
2084
2085
2086
2086
2089
2094
2097
2100
2105
2106
2113
2113
2114
2114
2122
2131
2138
2146
2146
2147
2147
2149
2152
2153
2154
2157
2161
2163
2163
2179
2180
2181
2183
2186
2186
2187
2190
2193
2194
2194
2200
2201
2201
2211
2216
2216
2219
2225
2228
2235
2236
2245
2245
2246
2247
2247
2250
2253
2256
2256
2257
2268
2269
2273
2273
2276
2278
2279
2280
2286
2288
2291
2293
2295
2299
2300
2306
2309
2314
2317
2323
2323
2326
2328
2329
2332
2336
2336
2341
2347
2348
2349
2350
2358
2359
2360
2361
2362
2364
2366
2371
2374
2379
2381
2389
2391
2397
2397
2402
2409
2428
2434
2439
2443
2444
2449
2450
2454
2456
2457
2460
2464
2465
2474
2476
2478
2478
2487
2491
2492
2495
2497
2515
2517
2528
2533
2535
2538
2538
2552
2554
2555
2567
2571
2571
2574
2574
2576
2577
2579
2581
2582
2592
2594
2597
2597
2598
2600
2604
2604
2613
2616
2618
2620
2623
2627
2630
2640
2642
2645
2649
2653
2657
2658
2658
2661
2661
2667
2668
2670
2671
2674
2674
2676
2681
2687
2691
2692
2695
2700
2701
2701
2713
2714
2715
2720
2723
2725
2726
2729
2729
2732
2740
2744
2745
2752
2757
2763
2765
2766
2771
2776
2778
2782
2782
2786
2788
2790
2802
2802
2802
2804
2807
2812
2816
2821
2821
2822
2829
2835
2843
2845
2845
2851
2855
2862
2865
2865
2870
2870
2874
2877
2882
2883
2889
2889
2890
2892
2892
2896
2896
2898
2898
2902
2903
2903
2905
2906
2910
2917
2918
2923
2929
2930
2937
2939
2941
2941
2942
2942
2943
2952
2957
2960
2973
2974
2974
2978
2978
2982
2991
2996
2997
3003
3011
3018
3023
3025
3027
3035
3043
3044
3045
3049
3051
3058
3058
3070
3079
3082
3087
3108
3111
3115
3127
3132
3133
3135
3136
3136
3138
3141
3145
3149
3150
3155
3159
3164
3174
3174
3176
3177
3178
3181
3189
3191
3191
3192
3193
3195
3201
3203
3204
3212
3212
3216
3217
3226
3236
3238
3251
3261
3262
3265
3267
3269
3271
3272
3274
3277
3286
3297
3303
3304
3308
3308
3315
3317
3323
3324
3327
3327
3328
3330
3333
3335
3340
3342
3346
3360
3362
3368
3377
3378
3381
3389
3393
3412
3415
3418
3419
3420
3421
3422
3428
3432
3432
3433
3434
3434
3435
3435
3436
3436
3439
3440
3446
3454
3461
3464
3471
3472
3472
3479
3480
3481
3486
3490
3496
3500
3500
3503
3506
3509
3510
3511
3512
3515
3517
3523
3524
3534
3534
3535
3536
3537
3539
3539
3545
3556
3556
3557
3560
3565
3570
3570
3570
3571
3573
3577
3577
3582
3582
3585
3591
3593
3598
3603
3603
3605
3609
3610
3610
3613
3629
3638
3640
3642
3645
3647
3650
3656
3657
3662
3662
3665
3667
3668
3671
3673
3675
3677
3678
3682
3699
3712
3714
3716
3718
3719
3723
3723
3726
3730
3736
3736
3737
3738
3739
3740
3741
3742
3749
3749
3752
3752
3759
3760
3761
3765
3766
3766
3770
3774
3774
3776
3778
3783
3784
3784
3786
3790
3794
3797
3797
3800
3807
3809
3812
3817
3818
3820
3823
3825
3826
3833
3835
3854
3868
3869
3875
3881
3881
3889
3893
3894
3896
3904
3907
3908
3917
3924
3932
3943
3943
3948
3955
3956
3958
3961
3965
3968
3971
3971
3972
3974
3977
3977
3980
3981
3985
3985
3985
3987
3996
3996
3999
3999
4006
4006
4009
4009
4010
4010
4014
4019
4022
4022
4025
4031
4032
4039
4044
4044
4047
4053
4065
4065
4073
4073
4074
4076
4077
4083
4097
4100
4101
4101
4103
4107
4110
4116
4122
4124
4127
4133
4133
4135
4141
4145
4146
4146
4148
4150
4152
4153
4154
4154
4156
4162
4163
4165
4173
4178
4178
4178
4179
4183
4186
4191
4197
4198
4198
4199
4210
4211
4213
4220
4232
4233
4237
4242
4253
4255
4261
4268
4271
4276
4276
4288
4289
4299
4305
4305
4312
4316
4316
4317
4323
4329
4330
4332
4333
4337
4341
4346
4346
4347
4348
4350
4355
4355
4360
4365
4367
4368
4371
4378
4379
4384
4387
4394
4398
4403
4403
4414
4416
4424
4426
4431
4433
4434
4436
4440
4442
4444
4449
4457
4458
4474
4478
4479
4481
4488
4491
4492
4499
4499
4503
4505
4506
4506
4508
4513
4516
4517
4527
4549
4549
4557
4559
4559
4561
4562
4563
4569
4573
4574
4575
4578
4582
4585
4592
4592
4594
4602
4604
4608
4610
4611
4620
4631
4632
4634
4638
4640
4642
4647
4651
4652
4654
4661
4675
4686
4689
4701
4701
4703
4706
4719
4721
4723
4727
4729
4730
4734
4744
4754
4756
4757
4760
4766
4771
4771
4773
4775
4777
4784
4786
4790
4795
4799
4804
4807
4812
4816
4817
4817
4824
4825
4827
4828
4832
4833
4835
4837
4840
4841
4845
4850
4864
4868
4870
4872
4872
4881
4882
4888
4888
4890
4892
4893
4895
4896
4904
4905
4908
4909
4909
4913
4924
4925
4925
4929
4938
4946
4949
4951
4952
4957
4960
4965
4965
4975
4979
4979
4981
4985
4992
4993
4995
4996
5001
5005
5008
5009
5024
5025
5029
5031
5037
5039
5048
5056
5057
5059
5059
5072
5073
5080
5081
5081
5086
5093
5109
5113
5125
5126
5127
5131
5135
5138
5152
5159
5160
5161
5161
5165
5170
5174
5181
5182
5187
5188
5193
5197
5202
5205
5209
5219
5219
5237
5240
5241
5243
5245
5247
5247
5250
5251
5254
5260
5260
5269
5271
5272
5277
5284
5294
5298
5303
5305
5307
5309
5309
5310
5317
5319
5325
5325
5330
5348
5352
5359
5359
5360
5361
5361
5362
5362
5365
5366
5367
5368
5370
5370
5380
5385
5386
5389
5395
5397
5404
5404
5405
5414
5420
5423
5423
5431
5435
5439
5439
5440
5443
5449
5449
5457
5458
5470
5474
5477
5477
5478
5482
5486
5491
5504
5507
5509
5513
5514
5528
5532
5533
5536
5537
5538
5538
5539
5546
5547
5551
5552
5555
5556
5556
5558
5558
5560
5562
5564
5572
5574
5576
5577
5578
5580
5586
5586
5587
5590
5594
5598
5599
5600
5605
5608
5608
5611
5620
5620
5625
5628
5629
5634
5636
5637
5637
5638
5652
5653
5655
5659
5659
5659
5660
5663
5665
5666
5672
5673
5673
5676
5681
5682
5683
5689
5697
5699
5701
5708
5709
5710
5721
5723
5724
5727
5729
5735
5737
5737
5739
5740
5742
5749
5749
5757
5759
5761
5761
5762
5765
5768
5772
5773
5781
5782
5782
5783
5786
5790
5794
5794
5800
5802
5810
5814
5817
5819
5829
5842
5842
5844
5847
5853
5862
5862
5862
5865
5870
5870
5870
5874
5880
5881
5882
5882
5884
5886
5886
5889
5893
5894
5901
5901
5902
5904
5906
5908
5909
5921
5925
5929
5931
5932
5935
5935
5939
5941
5941
5946
5951
5954
5962
5965
5967
5973
5977
5977
5981
5981
5982
5984
5984
5987
5992
5999
6003
6004
6006
6010
6016
6030
6050
6052
6052
6055
6059
6063
6064
6066
6067
6071
6072
6076
6076
6081
6082
6085
6086
6088
6089
6092
6094
6095
6097
6100
6100
6104
6113
6115
6116
6118
6118
6123
6129
6130
6131
6131
6132
6134
6137
6138
6138
6138
6141
6142
6147
6153
6160
6161
6163
6166
6167
6172
6176
6176
6179
6185
6185
6185
6190
6190
6191
6193
6193
6195
6196
6196
6200
6202
6208
6215
6216
6216
6218
6218
6218
6218
6219
6220
6223
6226
6237
6242
6246
6258
6265
6266
6269
6275
6281
6297
6298
6300
6301
6318
6320
6323
6327
6330
6330
6336
6341
6345
6345
6349
6358
6366
6369
6377
6379
6383
6384
6385
6386
6386
6387
6387
6387
6393
6396
6397
6410
6411
6412
6420
6425
6427
6433
6437
6437
6447
6453
6454
6456
6459
6473
6479
6481
6481
6483
6483
6485
6489
6495
6495
6503
6509
6510
6511
6524
6528
6530
6534
6536
6539
6539
6543
6547
6547
6548
6550
6555
6557
6564
6569
6574
6575
6576
6580
6583
6584
6588
6595
6597
6602
6604
6605
6606
6611
6613
6613
6625
6638
6645
6645
6647
6647
6651
6653
6653
6657
6664
6665
6667
6668
6669
6674
6675
6676
6677
6677
6682
6693
6696
6698
6701
6706
6706
6710
6712
6726
6727
6733
6747
6751
6755
6772
6775
6781
6781
6784
6789
6791
6792
6797
6799
6802
6802
6802
6819
6822
6822
6825
6827
6828
6831
6834
6836
6839
6842
6842
6842
6845
6847
6847
6849
6853
6854
6861
6863
6868
6869
6871
6878
6883
6885
6887
6892
6893
6899
6903
6903
6904
6905
6906
6910
6911
6915
6939
6941
6947
6947
6947
6949
6949
6951
6955
6965
6966
6972
6978
6978
6978
6980
6982
6984
6988
6991
6992
6992
6992
6993
6994
6998
7001
7007
7008
7009
7014
7020
7022
7023
7026
7032
7037
7043
7044
7045
7047
7050
7055
7056
7057
7065
7077
7081
7084
7088
7096
7098
7100
7103
7110
7111
7112
7115
7117
7120
7123
7138
7142
7143
7146
7149
7150
7150
7155
7156
7160
7160
7160
7161
7165
7170
7171
7176
7179
7183
7185
7190
7193
7195
7197
7201
7203
7210
7213
7217
7218
7221
7225
7230
7230
7235
7235
7236
7240
7242
7243
7244
7248
7250
7250
7251
7255
7260
7263
7271
7273
7274
7274
7277
7281
7286
7287
7290
7293
7293
7294
7297
7298
7300
7300
7304
7308
7314
7320
7329
7330
7331
7338
7341
7342
7343
7344
7347
7347
7352
7355
7356
7368
7370
7371
7373
7377
7377
7381
7387
7389
7391
7397
7399
7401
7401
7412
7419
7422
7424
7424
7433
7435
7435
7435
7439
7445
7448
7452
7456
7458
7460
7464
7465
7472
7472
7473
7478
7478
7479
7483
7487
7487
7488
7494
7494
7496
7499
7510
7517
7530
7532
7532
7536
7539
7548
7549
7553
7556
7570
7575
7576
7577
7579
7588
7590
7596
7598
7604
7604
7605
7605
7609
7617
7617
7620
7621
7624
7624
7625
7632
7632
7633
7634
7634
7635
7640
7644
7649
7650
7651
7652
7653
7661
7663
7663
7665
7665
7668
7670
7670
7675
7675
7676
7676
7676
7680
7683
7684
7686
7688
7692
7698
7700
7700
7703
7706
7714
7716
7719
7720
7722
7726
7731
7731
7732
7740
7740
7744
7744
7750
7752
7759
7778
7779
7786
7787
7792
7794
7803
7806
7808
7808
7813
7815
7818
7821
7826
7826
7827
7830
7832
7841
7844
7845
7845
7849
7851
7855
7856
7859
7859
7863
7866
7871
7877
7877
7878
7880
7880
7881
7881
7883
7884
7892
7892
7900
7901
7904
7908
7911
7914
7914
7918
7918
7919
7925
7931
7933
7937
7940
7941
7944
7945
7945
7949
7954
7957
7958
7958
7959
7963
7966
7967
7970
7972
7977
7980
7982
7983
7989
7995
8001
8002
8005
8015
8020
8022
8023
8027
8027
8029
8030
8033
8039
8042
8043
8046
8056
8058
8064
8070
8073
8078
8088
8090
8098
8099
8100
8101
8103
8109
8115
8117
8125
8126
8130
8133
8139
8141
8142
8143
8147
8148
8155
8156
8167
8167
8172
8172
8177
8181
8187
8188
8189
8190
8190
8194
8196
8198
8198
8199
8203
8213
8213
8216
8216
8220
8226
8226
8232
8232
8240
8246
8249
8249
8253
8254
8259
8263
8288
8288
8288
8291
8291
8292
8293
8295
8301
8304
8304
8304
8321
8323
8327
8327
8327
8328
8333
8334
8335
8336
8337
8338
8338
8348
8351
8351
8358
8359
8366
8367
8371
8373
8374
8377
8382
8383
8388
8391
8393
8394
8402
8406
8407
8409
8414
8416
8420
8424
8427
8428
8429
8431
8431
8434
8436
8437
8437
8442
8445
8450
8454
8463
8465
8467
8470
8472
8472
8474
8476
8488
8488
8490
8495
8501
8504
8504
8505
8507
8510
8523
8528
8531
8533
8536
8542
8553
8555
8558
8559
8563
8566
8573
8574
8577
8578
8579
8582
8590
8591
8595
8597
8605
8605
8608
8608
8610
8615
8620
8629
8632
8635
8636
8638
8640
8643
8643
8648
8649
8661
8664
8669
8674
8678
8682
8682
8683
8684
8686
8687
8689
8690
8692
8694
8699
8707
8711
8725
8726
8732
8732
8732
8734
8742
8746
8746
8750
8758
8760
8763
8768
8769
8775
8775
8777
8787
8789
8789
8792
8797
8801
8802
8806
8808
8810
8811
8815
8815
8822
8827
8831
8834
8838
8839
8839
8839
8841
8841
8860
8860
8865
8872
8877
8878
8886
8897
8901
8903
8905
8920
8922
8923
8923
8928
8935
8937
8938
8939
8941
8946
8947
8949
8954
8961
8971
8981
8986
8986
8986
8987
8993
8993
8998
9002
9017
9019
9024
9024
9028
9028
9029
9033
9038
9043
9046
9050
9053
9059
9061
9062
9063
9065
9076
9080
9092
9098
9105
9107
9107
9107
9112
9115
9121
9124
9125
9128
9133
9144
9144
9148
9148
9153
9153
9158
9158
9160
9164
9164
9165
9172
9173
9174
9177
9180
9180
9181
9182
9188
9195
9197
9199
9200
9202
9205
9206
9210
9214
9216
9219
9220
9230
9231
9231
9232
9232
9235
9238
9243
9245
9250
9251
9254
9254
9255
9258
9260
9261
9263
9264
9268
9270
9271
9278
9280
9285
9288
9294
9300
9302
9304
9304
9307
9308
9313
9319
9323
9324
9324
9327
9329
9330
9332
9333
9340
9349
9352
9354
9357
9359
9359
9361
9373
9376
9380
9385
9388
9393
9394
9396
9406
9409
9411
9411
9412
9412
9415
9419
9419
9424
9424
9427
9430
9435
9443
9448
9450
9450
9451
9456
9469
9470
9471
9478
9478
9479
9481
9483
9484
9489
9490
9492
9493
9494
9495
9497
9498
9499
9501
9501
9512
9513
9514
9515
9518
9520
9525
9526
9528
9533
9534
9538
9543
9543
9546
9547
9547
9548
9555
9557
9568
9570
9573
9576
9579
9581
9582
9584
9588
9589
9592
9600
9602
9603
9607
9608
9615
9617
9617
9617
9619
9621
9629
9631
9631
9639
9644
9647
9651
9654
9656
9661
9667
9673
9673
9673
9676
9677
9679
9682
9682
9685
9687
9690
9691
9696
9710
9710
9712
9717
9722
9726
9728
9728
9741
9741
9742
9744
9749
9752
9761
9762
9767
9767
9767
9769
9770
9772
9778
9784
9786
9792
9795
9801
9806
9809
9809
9814
9826
9827
9834
9838
9838
9845
9851
9863
9865
9870
9883
9892
9897
9900
9903
9904
9905
9916
9918
9922
9926
9928
9929
9936
9940
9955
9957
9963
9964
9973
9990
9993
10001
10002
10006
10010
10011
10012
10018
10021
10024
10030
10032
10033
10033
10037
10038
10041
10043
10048
10051
10059
10064
10065
10067
10074
10080
10083
10083
10085
10096
10097
10099
10100
10101
10101
10103
10105
10108
10112
10122
10128
10131
10134
10141
10148
10151
10158
10160
10161
10165
10166
10167
10168
10170
10175
10176
10176
10180
10182
10184
10186
10188
10191
10195
10205
10210
10213
10217
10217
10221
10221
10222
10222
10223
10227
10228
10231
10238
10238
10238
10239
10242
10244
10246
10248
10249
10253
10256
10257
10257
10258
10259
10259
10263
10266
10278
10285
10289
10289
10294
10294
10301
10304
10307
10308
10311
10313
10314
10314
10314
10314
10316
10319
10325
10329
10330
10332
10334
10338
10339
10341
10342
10346
10349
10352
10356
10360
10366
10369
10374
10376
10382
10385
10406
10406
10408
10409
10412
10417
10417
10418
10420
10425
10427
10427
10431
10432
10438
10451
10452
10457
10461
10461
10462
10464
10470
10485
10492
10494
10495
10517
10518
10518
10531
10534
10536
10537
10538
10538
10544
10548
10552
10558
10558
10563
10564
10567
10572
10573
10582
10583
10584
10586
10588
10591
10591
10592
10595
10601
10602
10602
10604
10609
10610
10612
10623
10625
10625
10630
10636
10636
10640
10642
10644
10645
10646
10647
10648
10649
10649
10649
10653
10655
10659
10661
10664
10667
10668
10670
10670
10671
10678
10681
10691
10699
10702
10705
10706
10710
10712
10717
10718
10732
10744
10745
10750
10753
10754
10755
10761
10763
10770
10773
10776
10776
10778
10778
10781
10782
10784
10787
10801
10802
10802
10806
10813
10817
10820
10822
10827
10830
10831
10833
10833
10836
10839
10843
10844
10848
10848
10855
10855
10857
10863
10864
10865
10867
10873
10873
10875
10876
10881
10886
10891
10898
10900
10901
10902
10902
10905
10907
10907
10914
10915
10917
10919
10927
10929
10930
10948
10949
10951
10951
10953
10961
10961
10966
10967
10968
10968
10973
10974
10974
10975
10976
10979
10984
10984
10984
10985
10986
10987
10988
10988
10990
10994
10994
10995
10995
10997
10998
10999
11000
11004
11005
11006
11007
11007
11009
11011
11012
11015
11016
11018
11021
11026
11027
11031
11031
11034
11038
11039
11039
11040
11041
11044
11048
11050
11054
11054
11055
11060
11061
11062
11062
11070
11070
11072
11076
11076
11089
11091
11091
11095
11103
11105
11119
11121
11122
11126
11126
11127
11127
11128
11129
11133
11134
11137
11141
11143
11145
11145
11145
11149
11149
11150
11151
11152
11155
11156
11156
11157
11159
11161
11163
11168
11177
11179
11180
11180
11181
11189
11199
11203
11203
11206
11210
11212
11218
11219
11221
11225
11230
11230
11232
11237
11241
11246
11249
11251
11254
11255
11257
11258
11272
11276
11276
11277
11286
11286
11287
11287
11294
11297
11299
11306
11314
11318
11320
11320
11322
11323
11324
11329
11332
11334
11336
11340
11341
11344
11353
11353
11355
11364
11366
11366
11369
11369
11377
11380
11380
11380
11385
11386
11393
11399
11402
11402
11412
11413
11419
11422
11426
11431
11432
11434
11436
11446
11453
11454
11460
11460
11464
11464
11472
11475
11478
11482
11482
11490
11493
11493
11493
11495
11503
11505
11508
11512
11519
11520
11525
11531
11532
11532
11533
11537
11540
11548
11550
11555
11556
11558
11565
11569
11571
11576
11578
11582
11583
11596
11600
11601
11609
11614
11614
11622
11622
11626
11627
11631
11633
11636
11637
11643
11644
11646
11646
11651
11654
11656
11658
11670
11674
11680
11682
11683
11688
11692
11695
11699
11703
11703
11713
11713
11717
11718
11721
11722
11725
11727
11728
11729
11737
11738
11738
11739
11739
11753
11757
11759
11765
11768
11769
11779
11788
11801
11801
11801
11809
11810
11813
11814
11815
11819
11827
11829
11833
11834
11842
11863
11866
11867
11871
11874
11874
11880
11882
11885
11885
11888
11898
11902
11904
11906
11907
11918
11924
11929
11931
11931
11935
11944
11944
11952
11955
11956
11967
11973
11974
11976
11978
11980
11981
11983
11985
11987
11987
11992
11997
12000
12004
12010
12015
12016
12016
12019
12022
12027
12027
12035
12035
12037
12042
12042
12043
12047
12050
12053
12056
12059
12060
12065
12073
12075
12079
12083
12084
12085
12086
12086
12088
12090
12092
12093
12099
12100
12102
12105
12107
12109
12116
12117
12120
12128
12136
12138
12138
12141
12142
12147
12148
12152
12152
12153
12153
12162
12166
12167
12172
12175
12176
12178
12178
12179
12179
12184
12195
12200
12201
12202
12203
12205
12208
12214
12215
12218
12219
12220
12221
12229
12231
12231
12233
12233
12237
12240
12241
12241
12244
12246
12249
12255
12265
12266
12269
12270
12277
12278
12279
12280
12281
12282
12283
12284
12285
12289
12289
12290
12290
12305
12313
12322
12325
12327
12328
12333
12334
12334
12343
12345
12349
12351
12355
12359
12366
12367
12368
12369
12373
12375
12376
12380
12385
12388
12392
12403
12404
12406
12407
12413
12418
12419
12421
12423
12424
12424
12437
12440
12441
12451
12452
12454
12459
12466
12471
12473
12473
12477
12477
12486
12495
12498
12502
12506
12517
12519
12521
12523
12524
12529
12530
12537
12537
12539
12541
12550
12551
12554
12555
12559
12565
12570
12572
12573
12574
12575
12576
12577
12577
12578
12582
12599
12600
12601
12604
12605
12607
12607
12608
12608
12609
12618
12619
12622
12632
12633
12633
12635
12641
12644
12654
12657
12657
12658
12660
12665
12665
12666
12668
12669
12676
12678
12679
12679
12682
12684
12685
12685
12688
12691
12692
12694
12701
12704
12708
12712
12713
12714
12717
12719
12720
12722
12722
12723
12723
12729
12730
12733
12736
12746
12750
12752
12752
12762
12764
12766
12768
12768
12769
12772
12776
12780
12782
12782
12783
12787
12798
12798
12800
12801
12805
12805
12814
12815
12816
12820
12826
12830
12834
12836
12837
12844
12844
12845
12848
12848
12849
12849
12853
12855
12856
12867
12877
12878
12888
12897
12908
12908
12908
12909
12914
12917
12925
12931
12933
12934
12936
12937
12938
12942
12946
12948
12952
12956
12957
12963
12963
12970
12984
12984
12986
12989
12993
12998
13008
13008
13008
13011
13011
13019
13024
13026
13031
13032
13035
13036
13037
13040
13050
13053
13062
13064
13069
13069
13073
13074
13077
13082
13084
13102
13112
13118
13128
13128
13129
13132
13143
13144
13147
13147
13151
13166
13168
13170
13172
13181
13184
13185
13196
13200
13209
13211
13213
13217
13221
13222
13226
13230
13233
13238
13240
13244
13250
13252
13259
13259
13263
13271
13273
13273
13281
13285
13288
13289
13293
13294
13299
13300
13303
13306
13308
13308
13319
13320
13327
13328
13328
13330
13334
13336
13336
13338
13339
13347
13356
13358
13363
13366
13368
13378
13384
13387
13389
13391
13393
13395
13398
13398
13400
13404
13407
13407
13408
13410
13412
13415
13415
13416
13416
13418
13419
13425
13431
13431
13435
13440
13440
13445
13446
13450
13450
13453
13453
13455
13456
13459
13459
13460
13466
13470
13474
13485
13487
13487
13488
13490
13492
13494
13500
13503
13507
13509
13510
13513
13515
13515
13521
13523
13527
13527
13531
13536
13537
13537
13545
13549
13554
13564
13565
13566
13567
13575
13576
13578
13579
13580
13584
13586
13590
13590
13594
13598
13600
13601
13602
13602
13605
13606
13609
13613
13621
13630
13633
13635
13636
13637
13638
13644
13648
13648
13652
13656
13663
13667
13672
13673
13674
13677
13681
13683
13684
13691
13692
13692
13699
13700
13701
13704
13706
13712
13715
13718
13719
13724
13733
13735
13738
13741
13744
13744
13745
13745
13748
13750
13755
13755
13762
13763
13770
13771
13777
13785
13786
13788
13791
13792
13796
13800
13804
13808
13812
13814
13814
13816
13817
13820
13822
13825
13827
13829
13838
13841
13842
13850
13850
13852
13855
13857
13859
13866
13868
13870
13872
13873
13876
13876
13880
13885
13888
13892
13894
13901
13903
13909
13912
13920
13924
13926
13927
13928
13928
13930
13934
13936
13943
13944
13947
13948
13952
13952
13953
13957
13959
13963
13973
13973
13975
13988
13991
13992
13993
13995
13996
13998
13999
14010
14011
14012
14012
14013
14013
14032
14032
14033
14033
14039
14042
14043
14048
14054
14056
14057
14057
14057
14058
14062
14067
14069
14073
14074
14087
14087
14088
14089
14095
14096
14097
14097
14100
14101
14102
14104
14104
14112
14121
14128
14129
14135
14136
14137
14138
14145
14150
14157
14165
14165
14166
14173
14181
14182
14187
14188
14192
14197
14200
14202
14208
14213
14214
14221
14225
14228
14229
14233
14233
14235
14236
14236
14247
14259
14264
14265
14271
14273
14277
14280
14280
14284
14284
14285
14289
14289
14289
14297
14297
14302
14307
14307
14307
14309
14310
14320
14323
14361
14361
14364
14367
14367
14374
14376
14376
14382
14394
14399
14399
14410
14415
14417
14425
14428
14431
14432
14432
14439
14443
14445
14446
14454
14456
14458
14459
14460
14463
14465
14474
14479
14484
14484
14486
14500
14500
14502
14504
14514
14518
14520
14520
14522
14523
14533
14538
14540
14540
14541
14542
14543
14548
14550
14562
14565
14582
14584
14588
14589
14591
14591
14594
14599
14608
14611
14612
14617
14621
14622
14623
14628
14628
14632
14641
14642
14644
14649
14652
14652
14653
14654
14673
14674
14683
14684
14692
14695
14698
14700
14709
14719
14731
14741
14747
14749
14754
14755
14762
14762
14765
14767
14768
14768
14771
14774
14775
14776
14776
14783
14785
14786
14786
14789
14795
14802
14808
14819
14828
14834
14835
14836
14842
14863
14865
14868
14872
14879
14886
14887
14891
14891
14896
14897
14898
14900
14902
14908
14910
14915
14917
14918
14919
14919
14921
14922
14927
14928
14932
14939
14952
14953
14963
14966
14972
14972
14973
14977
14981
14988
14988
14995
14996
14999
15006
15007
15007
15010
15012
15013
15019
15020
15023
15025
15025
15030
15030
15040
15047
15047
15048
15048
15050
15054
15056
15059
15062
15063
15063
15064
15071
15076
15077
15084
15086
15087
15091
15092
15096
15102
15103
15106
15107
15108
15109
15113
15117
15117
15118
15118
15118
15123
15127
15131
15134
15135
15136
15143
15145
15145
15148
15153
15159
15167
15180
15185
15186
15188
15190
15194
15196
15198
15198
15199
15202
15205
15206
15207
15208
15210
15213
15213
15214
15216
15222
15228
15231
15232
15237
15239
15242
15243
15245
15247
15247
15248
15253
15264
15267
15270
15273
15274
15280
15288
15295
15297
15299
15309
15312
15315
15317
15321
15321
15323
15325
15334
15336
15339
15341
15348
15349
15351
15352
15362
15364
15366
15366
15371
15373
15376
15379
15381
15382
15387
15392
15396
15398
15400
15401
15402
15403
15403
15406
15407
15407
15408
15410
15414
15415
15416
15420
15427
15428
15431
15434
15435
15446
15447
15450
15452
15453
15454
15454
15459
15460
15460
15461
15475
15478
15479
15481
15488
15500
15522
15523
15524
15525
15536
15536
15544
15544
15545
15546
15550
15550
15551
15551
15557
15564
15564
15570
15576
15579
15581
15581
15582
15582
15586
15596
15600
15602
15604
15604
15606
15608
15621
15622
15630
15636
15639
15646
15646
15652
15659
15665
15666
15668
15668
15669
15670
15671
15672
15679
15683
15686
15687
15688
15693
15693
15699
15701
15702
15706
15706
15706
15707
15710
15711
15712
15713
15714
15720
15720
15736
15750
15753
15754
15754
15759
15760
15768
15769
15777
15779
15783
15786
15786
15792
15792
15792
15794
15800
15802
15807
15810
15813
15815
15825
15834
15835
15840
15842
15855
15858
15866
15866
15875
15878
15879
15879
15879
15880
15880
15883
15885
15886
15886
15892
15892
15893
15894
15895
15896
15900
15902
15904
15907
15912
15923
15926
15926
15928
15938
15941
15948
15954
15957
15958
15959
15966
15974
15976
15981
15986
15991
15995
15995
15996
16003
16004
16007
16012
16014
16014
16015
16017
16017
16019
16024
16026
16030
16031
16034
16036
16036
16036
16039
16053
16056
16057
16059
16061
16064
16065
16068
16072
16072
16076
16083
16088
16096
16100
16101
16108
16110
16111
16115
16118
16121
16128
16130
16134
16135
16136
16141
16141
16142
16148
16150
16156
16156
16163
16164
16164
16165
16165
16169
16175
16177
16188
16188
16190
16192
16194
16196
16198
16201
16202
16207
16218
16226
16226
16227
16228
16229
16234
16237
16238
16249
16249
16251
16252
16264
16271
16275
16279
16282
16286
16289
16291
16292
16295
16295
16298
16298
16299
16299
16300
16301
16303
16305
16306
16310
16317
16329
16336
16339
16340
16341
16345
16346
16347
16351
16352
16352
16359
16365
16369
16370
16371
16371
16378
16378
16384
16399
16401
16408
16408
16408
16414
16418
16419
16420
16424
16425
16425
16427
16431
16433
16436
16440
16442
16443
16447
16448
16454
16458
16462
16463
16464
16468
16468
16471
16481
16482
16485
16485
16494
16498
16498
16501
16502
16502
16504
16505
16507
16513
16524
16532
16535
16543
16546
16547
16550
16557
16557
16559
16560
16561
16562
16566
16576
16581
16587
16593
16603
16604
16604
16606
16608
16610
16611
16613
16617
16618
16621
16624
16624
16630
16630
16636
16642
16649
16650
16657
16658
16658
16664
16680
16682
16683
16687
16687
16689
16696
16697
16698
16700
16701
16704
16706
16709
16711
16714
16716
16718
16719
16724
16726
16727
16728
16728
16728
16730
16734
16734
16737
16737
16738
16739
16744
16744
16745
16746
16751
16757
16758
16761
16763
16773
16774
16774
16778
16779
16784
16785
16785
16791
16794
16797
16800
16802
16802
16802
16803
16805
16806
16815
16817
16822
16831
16840
16844
16845
16848
16848
16848
16850
16854
16859
16859
16868
16876
16883
16902
16906
16918
16921
16931
16932
16937
16940
16941
16950
16951
16951
16952
16953
16957
16960
16961
16968
16969
16977
16982
16984
16986
16996
16996
16996
16996
17000
17001
17003
17004
17015
17017
17018
17021
17023
17023
17027
17028
17030
17031
17031
17039
17041
17043
17043
17055
17057
17057
17060
17062
17071
17076
17081
17083
17083
17084
17086
17090
17094
17095
17096
17098
17107
17108
17114
17118
17120
17121
17124
17129
17134
17139
17140
17143
17143
17148
17149
17152
17170
17172
17177
17185
17187
17190
17192
17194
17194
17195
17196
17196
17199
17204
17212
17213
17217
17217
17219
17219
17225
17226
17228
17238
17240
17242
17246
17248
17251
17252
17253
17256
17257
17259
17263
17268
17271
17273
17274
17275
17275
17276
17282
17290
17293
17300
17303
17303
17304
17305
17306
17306
17310
17311
17311
17312
17320
17335
17336
17340
17342
17343
17348
17349
17351
17357
17358
17361
17361
17362
17364
17364
17367
17371
17377
17378
17378
17379
17379
17379
17380
17386
17387
17393
17394
17395
17402
17407
17421
17422
17425
17425
17426
17435
17453
17456
17464
17468
17469
17472
17472
17474
17480
17482
17483
17484
17486
17491
17492
17493
17493
17493
17495
17499
17499
17502
17503
17512
17513
17514
17524
17526
17529
17529
17533
17533
17538
17540
17544
17546
17549
17553
17568
17573
17577
17577
17582
17584
17585
17588
17590
17592
17597
17599
17604
17611
17619
17619
17628
17633
17636
17637
17637
17638
17642
17642
17642
17648
17649
17652
17653
17655
17657
17659
17661
17663
17664
17668
17673
17675
17680
17680
17682
17685
17685
17689
17689
17691
17692
17696
17697
17700
17701
17707
17710
17714
17716
17720
17721
17722
17723
17723
17727
17740
17748
17748
17760
17765
17765
17765
17768
17773
17777
17779
17782
17785
17789
17793
17794
17805
17806
17812
17818
17823
17827
17827
17828
17835
17837
17837
17840
17844
17845
17849
17856
17859
17860
17866
17866
17867
17869
17873
17880
17889
17892
17893
17897
17898
17900
17906
17907
17912
17913
17913
17914
17915
17916
17918
17918
17930
17930
17935
17936
17943
17949
17949
17952
17952
17952
17953
17957
17959
17965
17965
17967
17972
17974
17977
17982
17986
17990
17991
17997
18005
18006
18007
18011
18013
18017
18033
18037
18039
18041
18042
18043
18044
18047
18047
18050
18056
18056
18057
18063
18064
18071
18078
18078
18080
18081
18081
18086
18090
18090
18092
18092
18095
18102
18103
18105
18109
18111
18112
18112
18112
18118
18118
18120
18127
18129
18129
18132
18134
18135
18141
18142
18143
18146
18152
18153
18156
18160
18163
18163
18164
18167
18168
18171
18174
18183
18185
18186
18186
18191
18198
18202
18202
18208
18208
18209
18220
18222
18227
18228
18230
18238
18244
18246
18246
18251
18253
18254
18256
18257
18257
18259
18269
18275
18279
18287
18299
18301
18302
18310
18319
18320
18321
18324
18325
18337
18337
18340
18341
18342
18346
18347
18352
18353
18354
18355
18356
18358
18359
18362
18362
18367
18369
18372
18373
18374
18377
18387
18387
18389
18391
18393
18399
18401
18409
18410
18413
18423
18429
18432
18441
18448
18452
18456
18457
18461
18461
18465
18467
18471
18473
18477
18478
18482
18486
18486
18495
18496
18503
18503
18514
18517
18519
18522
18523
18530
18537
18541
18542
18542
18545
18547
18547
18552
18561
18565
18570
18570
18572
18580
18581
18582
18583
18586
18589
18592
18593
18595
18596
18597
18597
18599
18599
18600
18607
18607
18608
18610
18610
18613
18617
18618
18618
18621
18627
18629
18633
18633
18634
18636
18637
18638
18639
18639
18640
18646
18654
18665
18666
18671
18671
18673
18674
18675
18676
18680
18683
18684
18688
18699
18701
18702
18711
18716
18717
18718
18720
18720
18721
18723
18726
18727
18727
18730
18734
18739
18740
18742
18743
18743
18743
18744
18747
18750
18753
18754
18759
18762
18775
18778
18778
18784
18786
18791
18796
18796
18799
18800
18801
18802
18803
18805
18807
18808
18808
18809
18809
18812
18815
18816
18819
18821
18828
18829
18830
18833
18834
18843
18844
18848
18852
18853
18855
18855
18857
18859
18864
18880
18882
18883
18883
18887
18894
18898
18901
18904
18905
18906
18907
18908
18909
18910
18914
18926
18933
18934
18935
18945
18945
18948
18951
18954
18959
18962
18964
18972
18972
18975
18978
18982
18986
18990
18996
19010
19011
19012
19014
19024
19025
19031
19032
19033
19033
19034
19035
19048
19049
19051
19060
19061
19068
19072
19073
19073
19076
19078
19083
19084
19087
19091
19094
19101
19107
19108
19112
19126
19128
19132
19136
19138
19141
19146
19147
19147
19153
19155
19161
19167
19168
19168
19171
19172
19173
19179
19181
19184
19191
19201
19202
19205
19207
19220
19221
19222
19226
19227
19231
19232
19232
19237
19238
19241
19241
19242
19242
19246
19249
19252
19253
19254
19254
19257
19268
19283
19294
19296
19298
19298
19302
19305
19306
19307
19308
19328
19331
19333
19334
19334
19339
19344
19346
19348
19350
19352
19361
19361
19362
19363
19365
19369
19372
19375
19377
19383
19384
19385
19389
19391
19391
19392
19394
19395
19397
19397
19402
19406
19407
19411
19412
19414
19415
19418
19424
19432
19441
19442
19442
19445
19448
19452
19456
19456
19457
19459
19461
19463
19466
19468
19482
19483
19496
19499
19499
19500
19501
19517
19520
19524
19525
19526
19528
19537
19537
19538
19542
19544
19551
19554
19555
19560
19561
19571
19579
19580
19586
19587
19589
19596
19598
19600
19600
19602
19602
19612
19613
19614
19615
19618
19619
19621
19623
19625
19629
19635
19637
19643
19645
19648
19654
19656
19665
19667
19668
19672
19672
19672
19679
19681
19687
19691
19697
19697
19699
19701
19707
19709
19709
19712
19718
19722
19724
19728
19730
19737
19742
19744
19750
19753
19754
19757
19766
19769
19773
19777
19778
19783
19787
19787
19787
19792
19794
19796
19796
19798
19800
19802
19802
19812
19812
19812
19820
19824
19829
19832
19835
19844
19847
19852
19856
19856
19857
19861
19872
19881
19885
19896
19904
19910
19916
19917
19921
19924
19924
19932
19935
19936
19939
19951
19952
19963
19964
19975
19977
19988
19990
20003
20013
20014
20015
20017
20022
20022
20030
20052
20056
20058
20061
20062
20063
20073
20076
20076
20087
20088
20092
20099
20101
20102
20102
20103
20110
20116
20118
20122
20123
20126
20132
20140
20140
20142
20143
20145
20146
20146
20147
20147
20150
20151
20157
20157
20159
20174
20174
20188
20190
20191
20200
20202
20207
20207
20208
20209
20216
20219
20223
20226
20227
20228
20228
20228
20232
20234
20235
20236
20236
20237
20238
20239
20240
20244
20247
20250
20251
20256
20263
20265
20269
20271
20273
20275
20276
20276
20279
20280
20283
20283
20284
20285
20285
20298
20299
20307
20309
20311
20319
20321
20321
20324
20327
20328
20330
20335
20337
20338
20343
20354
20357
20357
20358
20365
20369
20369
20370
20371
20371
20373
20373
20377
20384
20389
20389
20391
20392
20397
20402
20406
20408
20411
20414
20417
20421
20424
20433
20436
20436
20439
20440
20442
20452
20462
20463
20468
20474
20477
20478
20478
20483
20487
20491
20495
20498
20504
20514
20516
20518
20521
20521
20527
20530
20532
20532
20532
20536
20536
20536
20538
20538
20542
20545
20546
20549
20550
20551
20552
20553
20554
20556
20557
20558
20566
20573
20579
20580
20588
20588
20591
20595
20598
20602
20603
20604
20604
20605
20606
20609
20614
20615
20615
20624
20625
20629
20631
20637
20638
20641
20648
20649
20662
20663
20666
20667
20669
20680
20680
20680
20684
20684
20692
20693
20693
20694
20694
20694
20696
20697
20699
20701
20704
20706
20707
20709
20711
20711
20720
20729
20730
20735
20736
20738
20744
20744
20744
20747
20750
20754
20758
20762
20767
20768
20768
20769
20773
20775
20776
20780
20784
20786
20786
20789
20794
20801
20805
20805
20812
20814
20815
20816
20817
20817
20822
20822
20829
20829
20832
20835
20845
20849
20855
20856
20858
20858
20861
20863
20869
20870
20881
20889
20894
20895
20896
20900
20904
20905
20907
20909
20913
20917
20917
20918
20918
20923
20929
20938
20945
20947
20949
20955
20959
20965
20969
20969
20971
20973
20973
20976
20976
20976
20980
20982
20983
20986
20990
20992
20995
20996
21000
21001
21002
21003
21008
21011
21011
21017
21020
21021
21024
21029
21032
21033
21034
21036
21036
21039
21041
21041
21043
21044
21046
21047
21050
21053
21057
21060
21066
21068
21071
21078
21082
21088
21091
21093
21094
21096
21100
21102
21103
21103
21108
21113
21114
21116
21118
21121
21124
21125
21129
21135
21136
21148
21152
21152
21153
21154
21155
21159
21165
21168
21173
21178
21178
21180
21181
21185
21187
21187
21189
21192
21196
21204
21205
21205
21207
21209
21216
21219
21221
21221
21228
21234
21234
21241
21251
21251
21254
21256
21258
21263
21274
21277
21278
21280
21281
21282
21283
21283
21284
21287
21289
21289
21290
21303
21306
21306
21312
21312
21313
21315
21316
21320
21325
21328
21330
21331
21332
21334
21334
21340
21340
21340
21341
21343
21344
21345
21350
21353
21372
21377
21379
21380
21391
21397
21400
21404
21405
21411
21417
21417
21422
21422
21427
21431
21432
21436
21437
21442
21442
21445
21446
21447
21448
21449
21449
21450
21451
21452
21452
21453
21454
21454
21459
21461
21463
21466
21471
21472
21476
21485
21493
21500
21502
21504
21506
21509
21517
21521
21523
21529
21531
21535
21535
21539
21540
21542
21542
21544
21546
21547
21549
21553
21554
21557
21562
21565
21566
21566
21566
21567
21570
21575
21576
21580
21586
21586
21591
21597
21600
21601
21602
21606
21609
21614
21615
21616
21617
21617
21618
21618
21618
21620
21623
21623
21627
21629
21629
21631
21632
21638
21639
21642
21644
21648
21652
21652
21669
21673
21674
21679
21679
21680
21683
21686
21688
21690
21692
21696
21698
21699
21700
21703
21704
21708
21711
21712
21712
21716
21718
21718
21720
21729
21730
21735
21739
21742
21742
21750
21751
21753
21753
21756
21761
21762
21767
21771
21771
21772
21774
21776
21784
21784
21788
21793
21796
21797
21802
21809
21809
21813
21813
21820
21822
21823
21826
21826
21831
21833
21836
21841
21841
21844
21846
21847
21864
21867
21871
21874
21876
21878
21881
21883
21897
21901
21907
21908
21910
21911
21911
21911
21911
21913
21914
21915
21917
21922
21924
21929
21929
21932
21933
21937
21940
21940
21945
21949
21951
21955
21956
21958
21959
21959
21961
21969
21970
21972
21974
21987
21990
21992
21994
22002
22004
22004
22007
22009
22018
22020
22021
22024
22027
22031
22035
22045
22045
22045
22045
22046
22047
22049
22055
22062
22065
22065
22067
22069
22070
22071
22078
22080
22080
22083
22085
22085
22088
22092
22093
22093
22094
22104
22104
22107
22110
22117
22122
22128
22138
22146
22148
22153
22154
22157
22157
22160
22162
22166
22172
22180
22183
22183
22197
22200
22205
22209
22210
22211
22216
22218
22224
22231
22231
22244
22249
22251
22252
22252
22252
22260
22265
22277
22279
22281
22285
22287
22287
22294
22299
22302
22310
22310
22312
22316
22317
22319
22319
22320
22328
22334
22336
22337
22338
22340
22342
22348
22354
22356
22356
22357
22362
22362
22363
22365
22378
22382
22385
22391
22396
22400
22401
22409
22410
22414
22416
22426
22432
22440
22450
22453
22465
22466
22470
22472
22473
22474
22477
22477
22479
22488
22492
22496
22496
22499
22506
22514
22517
22519
22522
22523
22531
22534
22536
22538
22541
22546
22547
22548
22548
22555
22559
22565
22568
22571
22572
22572
22575
22575
22579
22583
22584
22589
22591
22592
22596
22606
22606
22606
22608
22610
22615
22616
22621
22623
22627
22630
22631
22633
22651
22653
22657
22659
22666
22667
22668
22668
22669
22673
22679
22680
22681
22682
22688
22695
22697
22700
22701
22712
22715
22720
22723
22723
22723
22724
22725
22725
22726
22728
22729
22732
22734
22743
22750
22750
22752
22755
22756
22760
22761
22765
22766
22766
22768
22775
22777
22785
22787
22791
22792
22797
22797
22827
22830
22831
22836
22840
22842
22844
22847
22849
22849
22851
22851
22853
22861
22862
22868
22873
22879
22881
22883
22893
22909
22910
22910
22911
22913
22915
22916
22918
22924
22926
22927
22931
22935
22936
22936
22943
22944
22945
22958
22958
22966
22972
22973
22974
22974
22974
22980
22981
22990
22990
22992
22993
22994
22997
23004
23006
23007
23007
23008
23010
23014
23016
23017
23022
23023
23026
23031
23033
23034
23034
23036
23036
23039
23044
23045
23046
23048
23049
23054
23054
23056
23058
23062
23075
23077
23082
23089
23091
23093
23098
23103
23106
23107
23107
23109
23113
23115
23118
23119
23125
23126
23130
23136
23137
23138
23140
23144
23148
23151
23151
23154
23157
23162
23181
23183
23186
23187
23187
23188
23195
23197
23197
23202
23206
23206
23211
23211
23217
23217
23219
23221
23222
23222
23225
23227
23228
23229
23230
23235
23235
23237
23240
23245
23247
23248
23249
23254
23255
23261
23262
23266
23266
23273
23273
23274
23285
23285
23287
23289
23291
23297
23298
23301
23307
23308
23308
23311
23314
23315
23316
23318
23332
23334
23340
23343
23344
23352
23354
23359
23362
23364
23366
23373
23381
23384
23386
23399
23403
23407
23411
23419
23419
23419
23425
23427
23427
23434
23441
23444
23448
23453
23453
23460
23461
23462
23463
23467
23468
23474
23474
23475
23475
23476
23479
23482
23485
23485
23488
23493
23496
23507
23512
23515
23516
23516
23520
23521
23522
23522
23526
23528
23531
23534
23535
23535
23542
23543
23546
23552
23559
23570
23572
23579
23580
23584
23588
23590
23590
23592
23595
23596
23601
23612
23622
23622
23625
23630
23633
23645
23652
23652
23670
23673
23675
23676
23677
23678
23680
23680
23686
23686
23688
23691
23692
23693
23701
23725
23726
23726
23732
23733
23734
23745
23746
23749
23762
23762
23766
23772
23774
23778
23779
23781
23785
23789
23797
23800
23801
23807
23807
23809
23810
23812
23816
23823
23828
23843
23845
23848
23849
23850
23851
23855
23858
23867
23868
23872
23880
23883
23887
23888
23895
23895
23897
23905
23913
23914
23914
23931
23932
23933
23937
23942
23943
23944
23945
23949
23953
23954
23954
23956
23956
23960
23972
23976
23981
23981
23984
23985
23990
23995
23998
23998
23998
24007
24009
24012
24012
24013
24017
24018
24022
24028
24032
24032
24036
24039
24039
24047
24047
24048
24052
24055
24056
24057
24057
24057
24060
24061
24063
24071
24079
24081
24090
24091
24094
24099
24106
24106
24109
24124
24128
24134
24136
24136
24139
24144
24147
24149
24150
24154
24156
24163
24166
24167
24178
24183
24184
24186
24186
24186
24187
24191
24192
24202
24220
24221
24222
24226
24226
24227
24232
24232
24235
24238
24244
24253
24253
24257
24257
24257
24258
24261
24265
24268
24274
24276
24277
24277
24288
24288
24289
24290
24291
24291
24292
24295
24298
24310
24317
24320
24321
24336
24336
24343
24345
24346
24348
24349
24354
24355
24358
24362
24370
24371
24375
24379
24386
24392
24393
24399
24399
24399
24400
24402
24406
24409
24410
24414
24419
24426
24427
24428
24430
24431
24434
24437
24438
24439
24441
24443
24443
24449
24450
24450
24460
24462
24463
24463
24465
24472
24472
24476
24480
24495
24497
24500
24504
24512
24514
24528
24532
24532
24533
24533
24538
24543
24548
24551
24552
24553
24554
24557
24561
24564
24573
24575
24575
24579
24579
24581
24583
24591
24592
24593
24596
24597
24606
24608
24615
24615
24617
24619
24619
24625
24625
24634
24637
24639
24640
24640
24642
24643
24653
24658
24660
24664
24666
24667
24667
24674
24676
24679
24683
24689
24695
24699
24703
24704
24713
24714
24716
24731
24732
24734
24734
24736
24738
24740
24743
24745
24750
24751
24752
24755
24756
24760
24769
24772
24776
24777
24783
24786
24788
24789
24789
24792
24792
24797
24799
24800
24805
24806
24808
24810
24813
24813
24816
24822
24828
24829
24843
24843
24859
24862
24864
24865
24882
24888
24890
24893
24895
24897
24898
24903
24909
24916
24920
24921
24921
24925
24927
24930
24936
24942
24945
24947
24951
24953
24956
24964
24966
24970
24974
24975
24979
24982
24983
24985
24985
24986
24989
24990
24992
24993
24995
24996
24999
25005
25006
25006
25007
25014
25016
25024
25024
25024
25026
25034
25039
25041
25057
25058
25062
25068
25070
25084
25088
25091
25114
25115
25116
25127
25130
25133
25144
25145
25147
25150
25152
25156
25157
25165
25165
25168
25172
25174
25179
25181
25183
25183
25184
25189
25190
25190
25191
25198
25199
25200
25206
25216
25220
25221
25221
25222
25222
25236
25241
25242
25244
25249
25250
25254
25255
25258
25259
25259
25270
25275
25278
25280
25281
25281
25281
25283
25291
25292
25295
25299
25308
25315
25321
25322
25323
25323
25325
25332
25334
25334
25335
25337
25340
25344
25348
25348
25349
25352
25353
25353
25362
25365
25366
25370
25374
25379
25380
25388
25391
25394
25402
25403
25405
25406
25407
25408
25409
25409
25417
25423
25432
25435
25437
25438
25444
25444
25448
25448
25458
25459
25463
25466
25473
25482
25483
25486
25489
25489
25489
25495
25496
25497
25500
25500
25504
25514
25524
25531
25537
25548
25550
25554
25559
25560
25566
25568
25570
25570
25573
25575
25576
25576
25585
25595
25598
25605
25607
25609
25611
25614
25617
25623
25624
25630
25637
25638
25640
25643
25644
25645
25652
25656
25660
25663
25667
25667
25668
25671
25675
25680
25687
25689
25694
25694
25701
25703
25710
25710
25716
25719
25722
25724
25725
25728
25731
25736
25741
25749
25764
25770
25771
25776
25776
25783
25785
25790
25792
25793
25798
25805
25805
25808
25810
25811
25812
25819
25824
25827
25830
25839
25844
25844
25844
25850
25850
25852
25855
25861
25864
25866
25869
25870
25871
25877
25880
25882
25883
25885
25885
25886
25887
25896
25898
25898
25900
25901
25912
25926
25926
25927
25930
25931
25936
25948
25948
25948
25951
25956
25957
25959
25961
25964
25965
25970
25975
25978
25978
25985
25990
25992
25997
26004
26006
26020
26030
26036
26036
26037
26039
26048
26052
26052
26055
26060
26062
26064
26072
26074
26074
26077
26080
26081
26083
26088
26088
26090
26096
26101
26110
26122
26125
26126
26128
26128
26129
26129
26129
26131
26137
26138
26145
26146
26151
26156
26158
26169
26170
26181
26185
26185
26186
26187
26187
26192
26207
26207
26208
26208
26215
26217
26217
26219
26219
26219
26223
26228
26235
26246
26251
26253
26257
26263
26265
26267
26267
26269
26273
26277
26287
26288
26307
26307
26314
26314
26315
26316
26316
26317
26318
26319
26321
26322
26323
26325
26334
26337
26339
26339
26339
26339
26343
26343
26349
26353
26360
26360
26364
26369
26373
26374
26377
26377
26380
26388
26388
26391
26392
26397
26404
26423
26433
26434
26435
26435
26437
26439
26444
26451
26451
26453
26453
26457
26459
26462
26467
26468
26469
26470
26480
26481
26481
26487
26490
26493
26494
26499
26501
26506
26508
26508
26517
26517
26525
26527
26531
26531
26539
26541
26543
26546
26548
26554
26557
26558
26560
26569
26572
26579
26581
26583
26595
26599
26600
26601
26607
26607
26617
26620
26622
26627
26627
26635
26636
26637
26644
26654
26657
26660
26662
26663
26668
26668
26672
26677
26681
26682
26685
26686
26692
26694
26694
26702
26706
26707
26710
26716
26719
26723
26732
26736
26739
26740
26742
26744
26749
26752
26758
26763
26764
26768
26771
26772
26776
26781
26781
26785
26792
26793
26794
26795
26800
26801
26802
26806
26807
26816
26818
26819
26821
26823
26823
26824
26827
26828
26833
26834
26844
26847
26863
26865
26867
26870
26876
26877
26877
26881
26881
26882
26897
26907
26907
26910
26911
26913
26914
26920
26920
26920
26924
26924
26926
26927
26928
26933
26934
26935
26937
26941
26946
26947
26950
26951
26953
26955
26956
26964
26969
26969
26970
26971
26975
26976
26978
26979
26984
26992
26994
26995
26997
26998
26998
27001
27002
27003
27004
27015
27017
27018
27023
27024
27026
27040
27042
27051
27051
27051
27053
27059
27059
27061
27063
27066
27067
27067
27070
27082
27083
27083
27086
27094
27095
27104
27105
27108
27121
27122
27127
27133
27135
27136
27144
27150
27152
27152
27154
27155
27155
27158
27160
27163
27163
27165
27170
27171
27173
27173
27176
27177
27179
27181
27186
27188
27193
27194
27203
27208
27220
27220
27221
27224
27226
27226
27230
27230
27234
27238
27239
27242
27247
27254
27255
27263
27270
27272
27277
27278
27278
27283
27295
27296
27301
27302
27305
27309
27309
27314
27320
27321
27323
27324
27325
27326
27327
27333
27336
27344
27345
27347
27350
27351
27354
27355
27363
27364
27365
27365
27367
27368
27368
27369
27378
27382
27386
27387
27401
27402
27403
27410
27414
27414
27420
27422
27423
27436
27437
27441
27444
27444
27445
27445
27447
27447
27448
27452
27454
27456
27464
27464
27466
27468
27468
27471
27483
27491
27493
27495
27497
27500
27502
27511
27512
27516
27517
27520
27524
27526
27527
27534
27547
27549
27553
27553
27554
27560
27563
27563
27573
27582
27585
27586
27586
27602
27602
27604
27605
27607
27612
27616
27618
27621
27621
27636
27656
27659
27667
27675
27676
27676
27677
27693
27695
27697
27704
27709
27713
27724
27726
27731
27737
27738
27738
27742
27743
27746
27746
27748
27751
27752
27754
27756
27757
27761
27768
27775
27784
27791
27796
27797
27798
27801
27803
27807
27807
27811
27813
27815
27816
27821
27845
27848
27852
27852
27861
27862
27869
27870
27872
27873
27880
27881
27887
27888
27889
27890
27893
27896
27898
27902
27902
27902
27903
27908
27910
27912
27912
27914
27914
27916
27917
27917
27918
27918
27920
27927
27930
27931
27933
27936
27939
27941
27941
27944
27945
27949
27951
27953
27953
27954
27955
27959
27962
27964
27973
27976
27979
27981
27981
27983
27992
27993
27996
27998
28000
28008
28008
28011
28012
28013
28017
28021
28021
28033
28037
28045
28046
28056
28058
28058
28063
28064
28071
28076
28077
28077
28077
28080
28081
28083
28084
28085
28088
28090
28090
28098
28099
28100
28101
28102
28103
28103
28108
28110
28116
28116
28120
28123
28123
28126
28130
28140
28145
28155
28160
28164
28166
28174
28179
28179
28182
28183
28187
28189
28194
28195
28195
28196
28196
28197
28197
28200
28202
28207
28208
28208
28210
28215
28217
28217
28218
28219
28220
28221
28224
28227
28227
28234
28236
28237
28243
28243
28244
28245
28254
28257
28264
28266
28267
28268
28269
28274
28279
28285
28289
28298
28300
28304
28312
28322
28326
28328
28330
28332
28332
28338
28344
28345
28355
28358
28366
28368
28371
28372
28374
28378
28383
28385
28389
28389
28389
28393
28393
28403
28403
28404
28407
28407
28418
28421
28421
28424
28426
28436
28436
28440
28442
28443
28445
28447
28451
28452
28455
28455
28461
28462
28467
28476
28484
28486
28486
28487
28488
28489
28495
28500
28503
28506
28516
28520
28520
28524
28526
28527
28527
28530
28537
28538
28541
28544
28547
28552
28554
28555
28560
28560
28560
28562
28562
28567
28567
28569
28570
28581
28581
28581
28582
28586
28590
28595
28598
28599
28601
28602
28603
28612
28615
28619
28635
28636
28644
28653
28656
28656
28660
28660
28661
28670
28673
28679
28681
28687
28689
28691
28692
28694
28697
28701
28704
28709
28712
28713
28718
28723
28727
28728
28731
28742
28742
28744
28748
28751
28754
28754
28754
28761
28762
28774
28776
28777
28778
28785
28789
28794
28797
28798
28802
28804
28806
28809
28810
28816
28818
28831
28834
28835
28852
28856
28860
28861
28867
28873
28873
28883
28883
28887
28888
28891
28891
28894
28900
28905
28908
28909
28909
28912
28913
28914
28915
28924
28925
28929
28932
28935
28936
28948
28952
28952
28955
28970
28971
28972
28972
28973
28976
28977
28984
28985
28986
28993
29002
29006
29009
29009
29019
29020
29025
29029
29033
29038
29038
29043
29047
29047
29048
29051
29051
29054
29061
29061
29071
29073
29083
29093
29096
29098
29099
29106
29107
29107
29109
29109
29112
29113
29114
29114
29115
29119
29129
29136
29146
29148
29149
29150
29172
29173
29175
29180
29186
29190
29191
29195
29196
29197
29201
29204
29205
29210
29213
29221
29227
29227
29232
29236
29240
29241
29243
29246
29248
29250
29255
29255
29256
29257
29257
29258
29258
29259
29261
29271
29276
29277
29284
29286
29290
29292
29292
29293
29294
29299
29301
29302
29303
29305
29315
29315
29315
29319
29321
29325
29328
29328
29331
29333
29334
29337
29343
29343
29344
29346
29346
29349
29349
29350
29357
29359
29364
29372
29378
29379
29383
29384
29386
29388
29393
29393
29393
29399
29401
29401
29401
29410
29415
29419
29431
29431
29432
29435
29444
29451
29452
29452
29454
29455
29460
29461
29461
29481
29489
29491
29491
29497
29497
29500
29500
29502
29502
29503
29504
29507
29529
29536
29541
29544
29559
29565
29565
29569
29570
29573
29584
29584
29585
29586
29589
29590
29590
29593
29594
29594
29596
29603
29605
29607
29609
29611
29620
29629
29638
29647
29651
29652
29653
29658
29668
29670
29670
29676
29676
29679
29690
29696
29699
29701
29701
29711
29718
29718
29721
29734
29736
29743
29753
29753
29754
29759
29766
29768
29775
29781
29783
29786
29792
29797
29798
29799
29800
29801
29806
29809
29813
29818
29821
29825
29827
29829
29830
29836
29838
29841
29845
29861
29862
29862
29863
29863
29866
29878
29883
29888
29890
29891
29891
29892
29894
29896
29908
29909
29911
29911
29912
29912
29913
29913
29919
29926
29926
29931
29936
29936
29936
29937
29942
29942
29947
29955
29963
29963
29965
29970
29972
29973
29988
29994
29995
29996
30000
30004
30009
30014
30015
30017
30021
30021
30027
30027
30032
30034
30034
30041
30043
30047
30048
30051
30052
30058
30059
30060
30063
30076
30076
30082
30083
30089
30090
30093
30096
30101
30102
30105
30109
30112
30114
30115
30116
30119
30121
30123
30128
30130
30139
30142
30146
30148
30149
30150
30151
30152
30153
30154
30154
30156
30158
30159
30159
30161
30165
30170
30170
30173
30174
30175
30178
30181
30185
30186
30192
30193
30198
30208
30209
30211
30212
30212
30216
30217
30222
30227
30227
30231
30235
30236
30243
30244
30245
30248
30248
30253
30255
30256
30257
30264
30271
30271
30275
30277
30278
30279
30280
30289
30290
30301
30301
30302
30304
30304
30304
30305
30306
30317
30319
30320
30321
30324
30344
30345
30349
30356
30361
30362
30366
30368
30380
30382
30386
30386
30390
30394
30406
30414
30416
30417
30425
30426
30429
30431
30434
30437
30452
30453
30453
30466
30471
30476
30476
30478
30480
30484
30484
30484
30487
30488
30488
30492
30494
30503
30503
30503
30513
30514
30517
30520
30525
30525
30529
30534
30536
30549
30550
30557
30558
30558
30560
30567
30568
30575
30576
30580
30580
30581
30582
30584
30587
30591
30592
30594
30597
30600
30601
30601
30606
30610
30612
30615
30628
30631
30637
30641
30641
30642
30642
30646
30648
30649
30657
30666
30672
30673
30676
30677
30679
30683
30692
30693
30700
30706
30711
30712
30713
30714
30714
30716
30717
30721
30721
30721
30723
30730
30732
30738
30740
30742
30744
30745
30747
30748
30749
30750
30752
30752
30758
30760
30760
30762
30765
30767
30768
30768
30770
30771
30774
30774
30776
30778
30782
30786
30789
30789
30790
30791
30803
30804
30811
30812
30812
30819
30826
30829
30834
30838
30841
30844
30846
30853
30855
30859
30865
30866
30869
30876
30888
30889
30889
30894
30900
30900
30911
30917
30921
30927
30927
30930
30931
30932
30936
30937
30940
30944
30952
30953
30954
30955
30956
30957
30957
30964
30967
30968
30971
30993
30993
30993
30995
30996
31002
31006
31009
31014
31018
31025
31027
31028
31033
31038
31039
31042
31042
31044
31048
31053
31064
31065
31077
31078
31079
31084
31088
31091
31092
31100
31101
31105
31109
31113
31115
31122
31128
31135
31145
31152
31152
31160
31163
31163
31166
31167
31174
31185
31186
31186
31189
31193
31195
31197
31199
31200
31201
31202
31203
31207
31209
31211
31220
31222
31225
31227
31228
31231
31236
31239
31243
31243
31244
31247
31249
31250
31250
31254
31254
31261
31265
31266
31273
31275
31278
31282
31282
31291
31295
31309
31311
31314
31315
31318
31322
31325
31326
31327
31330
31332
31332
31336
31342
31346
31348
31354
31359
31362
31363
31363
31365
31366
31366
31369
31369
31370
31375
31376
31377
31381
31383
31384
31386
31386
31388
31391
31392
31392
31393
31395
31396
31399
31406
31408
31409
31412
31416
31416
31422
31432
31432
31432
31432
31435
31438
31440
31443
31443
31448
31454
31455
31458
31462
31467
31474
31478
31483
31483
31485
31485
31485
31492
31509
31511
31516
31516
31518
31520
31521
31522
31523
31523
31525
31525
31532
31535
31536
31545
31551
31552
31554
31556
31564
31568
31572
31572
31577
31581
31595
31596
31596
31596
31598
31602
31603
31603
31606
31617
31618
31623
31626
31626
31630
31631
31633
31635
31640
31645
31646
31653
31654
31655
31655
31659
31662
31665
31665
31666
31667
31671
31678
31685
31686
31686
31690
31690
31691
31701
31705
31707
31710
31713
31713
31713
31720
31727
31733
31736
31736
31741
31742
31743
31746
31752
31755
31755
31758
31765
31775
31779
31779
31787
31792
31794
31794
31794
31795
31798
31800
31802
31807
31813
31813
31815
31819
31824
31829
31833
31841
31842
31844
31863
31868
31870
31872
31874
31875
31877
31879
31883
31887
31890
31890
31895
31896
31898
31900
31900
31901
31902
31903
31909
31909
31911
31912
31914
31914
31926
31932
31941
31946
31947
31949
31951
31958
31959
31965
31968
31971
31975
31980
31980
31986
31987
31992
31995
31999
32005
32024
32024
32031
32032
32032
32032
32035
32041
32043
32044
32056
32058
32061
32061
32061
32064
32080
32081
32083
32084
32085
32085
32086
32086
32087
32088
32090
32096
32100
32106
32111
32113
32115
32115
32116
32118
32118
32120
32125
32129
32145
32146
32148
32150
32156
32163
32164
32167
32167
32169
32172
32175
32178
32185
32193
32198
32200
32203
32203
32205
32209
32215
32223
32229
32231
32232
32239
32240
32241
32244
32247
32254
32257
32259
32263
32264
32264
32266
32269
32272
32276
32277
32284
32285
32289
32294
32295
32296
32300
32300
32304
32307
32309
32311
32311
32312
32313
32317
32321
32322
32331
32333
32336
32336
32336
32337
32337
32349
32355
32357
32360
32360
32363
32365
32366
32368
32369
32374
32378
32382
32386
32387
32390
32396
32396
32405
32409
32410
32414
32417
32422
32425
32426
32426
32427
32434
32434
32436
32437
32442
32450
32450
32450
32451
32453
32455
32461
32463
32464
32467
32471
32473
32474
32479
32481
32486
32488
32492
32507
32507
32507
32510
32519
32521
32523
32527
32532
32532
32532
32534
32536
32542
32552
32557
32558
32561
32562
32562
32564
32565
32568
32575
32579
32581
32585
32595
32597
32603
32619
32619
32628
32640
32648
32648
32657
32660
32662
32662
32665
32665
32674
32675
32677
32678
32680
32682
32684
32687
32699
32702
32702
32705
32705
32711
32714
32718
32722
32723
32728
32732
32732
32738
32739
32740
32740
32742
32744
32747
32756
32767
