2
4
4
4
7
10
12
12
13
14
18
24
27
32
36
41
41
44
46
50
55
57
63
66
67
67
75
75
75
76
80
90
92
95
97
98
103
105
106
106
109
116
125
126
127
130
134
135
137
140
144
150
154
157
159
161
161
166
173
181
184
184
187
190
193
206
209
209
211
211
213
214
218
220
226
229
236
237
239
242
243
244
247
247
251
251
258
259
260
262
266
279
279
282
284
284
287
289
307
307
308
311
325
327
331
336
336
336
339
344
344
346
350
350
350
356
359
360
361
366
369
370
377
382
383
383
385
390
390
391
392
399
400
405
410
413
414
416
420
423
423
424
425
426
434
434
444
448
451
456
457
464
468
473
474
478
481
484
487
494
495
499
505
513
515
519
526
530
534
536
537
540
544
551
559
563
569
585
588
602
603
607
608
609
611
614
614
614
616
616
622
628
628
636
636
637
638
642
644
645
646
648
650
654
656
658
660
661
662
672
674
677
677
679
684
685
686
689
689
690
692
692
693
695
703
705
706
710
712
712
714
722
725
728
730
733
734
739
739
740
741
751
751
751
756
757
763
768
768
774
775
776
780
781
781
790
791
794
794
801
801
801
804
809
813
816
817
821
823
827
832
832
846
850
859
866
866
872
873
873
880
883
886
891
893
895
897
900
900
901
902
905
906
908
913
914
914
915
923
925
929
941
944
948
955
959
961
962
963
963
966
968
971
972
987
988
989
991
992
994
996
1006
1007
1017
1017
1030
1030
1031
1033
1035
1036
1039
1045
1047
1050
1052
1054
1055
1058
1061
1061
1062
1065
1068
1075
1078
1080
1083
1092
1093
1098
1100
1109
1113
1113
1125
1125
1135
1135
1136
1138
1139
1139
1144
1161
1163
1163
1165
1165
1166
1168
1174
1176
1179
1179
1181
1190
1193
1198
1201
1202
1205
1210
1218
1219
1220
1222
1222
1224
1224
1226
1231
1232
1232
1236
1237
1242
1242
1253
1264
1266
1269
1275
1280
1283
1289
1290
1291
1293
1293
1293
1294
1301
1305
1308
1319
1327
1328
1330
1337
1346
1346
1351
1353
1354
1355
1358
1360
1369
1371
1374
1377
1384
1385
1386
1388
1402
1404
1421
1421
1422
1424
1424
1428
1430
1430
1433
1436
1443
1452
1452
1454
1455
1458
1461
1463
1466
1467
1468
1469
1471
1473
1474
1478
1479
1480
1490
1500
1500
1514
1515
1523
1523
1527
1529
1533
1537
1539
1539
1546
1547
1547
1551
1553
1554
1561
1569
1571
1578
1578
1581
1583
1585
1588
1596
1596
1601
1602
1604
1618
1618
1620
1625
1630
1633
1635
1635
1637
1641
1641
1641
1643
1643
1648
1652
1655
1655
1659
1659
1663
1664
1667
1677
1683
1686
1688
1688
1694
1696
1699
1701
1702
1703
1703
1715
1718
1721
1723
1725
1725
1729
1730
1731
1734
1737
1744
1745
1753
1753
1760
1762
1764
1769
1773
1779
1785
1789
1790
1790
1797
1799
1799
1801
1810
1812
1815
1816
1833
1835
1837
1838
1841
1842
1846
1850
1852
1853
1853
1856
1858
1862
1867
1867
1869
1876
1878
1884
1887
1890
1898
1899
1904
1909
1910
1913
1918
1921
1922
1925
1926
1926
1929
1938
1939
1943
1945
1954
1957
1959
1962
1977
1978
1982
1983
1994
1994
1994
1996
1999
2000
2007
2012
2018
2020
2020
2028
2030
2030
2032
2032
2034
2038
2045
2045
2050
2053
2056
2056
2062
2065
2074
2076
2077
2078
2083
2087
2087
2088
2095
2098
2099
2113
2115
2119
2126
2134
2137
2138
2139
2149
2156
2156
2161
2171
2172
2178
2181
2184
2184
2192
2192
2192
2202
2204
2212
2213
2215
2215
2215
2218
2224
2229
2237
2239
2241
2244
2244
2246
2253
2255
2258
2260
2261
2265
2265
2267
2268
2269
2271
2273
2274
2277
2283
2283
2287
2296
2301
2301
2301
2304
2304
2308
2309
2310
2311
2316
2318
2325
2326
2341
2343
2344
2344
2351
2354
2354
2358
2360
2365
2367
2371
2371
2374
2374
2377
2378
2379
2380
2386
2387
2390
2392
2392
2395
2396
2401
2401
2402
2403
2407
2409
2415
2416
2421
2422
2426
2428
2437
2438
2449
2451
2452
2456
2456
2457
2459
2462
2463
2463
2465
2465
2472
2473
2479
2482
2494
2494
2495
2502
2502
2503
2504
2512
2523
2525
2529
2530
2530
2532
2536
2536
2539
2540
2542
2542
2542
2543
2546
2546
2547
2551
2554
2556
2556
2560
2569
2576
2576
2576
2578
2579
2583
2586
2592
2593
2599
2603
2603
2608
2611
2616
2620
2620
2620
2628
2629
2636
2639
2642
2645
2649
2652
2653
2656
2657
2660
2664
2664
2664
2666
2667
2668
2668
2668
2671
2675
2681
2682
2692
2696
2699
2704
2704
2707
2708
2712
2727
2728
2728
2730
2733
2733
2733
2734
2737
2742
2746
2748
2749
2755
2756
2762
2764
2769
2772
2774
2775
2776
2781
2799
2802
2807
2811
2815
2817
2826
2838
2839
2840
2843
2847
2852
2858
2867
2869
2869
2872
2874
2876
2877
2883
2884
2885
2892
2900
2903
2908
2918
2921
2923
2925
2925
2927
2928
2929
2930
2931
2932
2935
2936
2946
2947
2947
2950
2950
2951
2951
2957
2963
2988
2992
2992
2995
2996
3006
3006
3016
3016
3021
3027
3030
3030
3032
3033
3046
3052
3053
3060
3060
3074
3074
3074
3077
3084
3088
3089
3090
3090
3092
3093
3096
3097
3103
3103
3105
3110
3113
3114
3120
3121
3121
3122
3122
3127
3128
3130
3135
3142
3143
3149
3151
3155
3163
3167
3177
3179
3185
3189
3190
3192
3193
3196
3198
3201
3201
3203
3207
3207
3209
3210
3210
3218
3219
3230
3231
3231
3235
3235
3235
3237
3240
3240
3262
3262
3262
3267
3267
3268
3268
3270
3273
3274
3287
3293
3297
3298
3308
3309
3312
3318
3322
3323
3323
3325
3328
3331
3332
3332
3334
3336
3337
3342
3349
3362
3362
3362
3370
3370
3374
3378
3378
3380
3385
3386
3388
3388
3388
3389
3391
3391
3392
3393
3393
3393
3393
3396
3400
3401
3402
3407
3409
3411
3416
3416
3418
3419
3425
3431
3435
3436
3436
3439
3440
3441
3442
3448
3452
3456
3458
3461
3465
3466
3471
3472
3474
3476
3476
3481
3487
3493
3495
3503
3510
3512
3517
3521
3523
3523
3526
3526
3527
3529
3532
3536
3540
3546
3546
3552
3555
3559
3566
3570
3572
3585
3589
3593
3593
3594
3601
3602
3603
3603
3604
3612
3613
3613
3614
3615
3617
3620
3621
3624
3627
3629
3636
3638
3639
3640
3643
3649
3661
3661
3662
3664
3666
3668
3672
3672
3681
3685
3694
3695
3696
3697
3701
3707
3707
3715
3717
3725
3725
3727
3738
3738
3747
3747
3748
3749
3751
3751
3754
3762
3764
3766
3769
3776
3776
3777
3778
3780
3786
3789
3800
3812
3814
3816
3822
3822
3825
3826
3827
3831
3832
3834
3837
3839
3842
3847
3848
3850
3852
3855
3858
3879
3883
3883
3884
3885
3887
3890
3904
3904
3905
3907
3912
3913
3916
3919
3922
3928
3930
3931
3932
3935
3936
3937
3941
3942
3952
3962
3965
3968
3971
3972
3973
3973
3976
3983
3990
3991
3996
3997
3999
4000
4000
4001
4005
4009
4019
4020
4028
4035
4036
4040
4041
4043
4043
4045
4045
4051
4051
4059
4060
4064
4074
4084
4086
4087
4090
4098
4102
4106
4108
4108
4113
4121
4123
4126
4129
4130
4132
4143
4145
4154
4164
4171
4174
4175
4183
4184
4188
4193
4197
4209
4210
4212
4213
4214
4224
4233
4234
4235
4236
4237
4241
4249
4249
4250
4251
4253
4254
4257
4258
4261
4261
4264
4267
4273
4274
4276
4281
4282
4283
4289
4289
4297
4305
4306
4307
4309
4310
4317
4317
4321
4326
4329
4337
4339
4339
4341
4341
4345
4356
4363
4367
4367
4368
4371
4372
4374
4377
4377
4378
4383
4383
4385
4387
4389
4390
4395
4395
4396
4396
4398
4399
4404
4406
4406
4409
4409
4409
4412
4413
4413
4421
4422
4424
4426
4429
4435
4438
4442
4445
4446
4447
4453
4458
4461
4466
4472
4483
4486
4486
4492
4497
4499
4502
4503
4505
4506
4511
4516
4526
4543
4543
4544
4546
4548
4550
4555
4556
4560
4560
4562
4562
4562
4563
4563
4563
4564
4565
4571
4578
4580
4581
4586
4587
4589
4592
4593
4601
4610
4612
4617
4627
4628
4628
4629
4629
4629
4631
4631
4639
4646
4653
4653
4660
4665
4665
4668
4669
4676
4677
4680
4682
4690
4696
4697
4700
4703
4703
4704
4709
4709
4712
4718
4719
4719
4720
4725
4729
4731
4736
4736
4739
4740
4743
4745
4746
4746
4748
4749
4750
4750
4758
4767
4771
4776
4780
4782
4782
4782
4784
4787
4794
4805
4806
4809
4810
4816
4819
4820
4823
4824
4829
4831
4836
4837
4840
4858
4859
4859
4860
4861
4864
4865
4865
4865
4869
4880
4880
4892
4893
4898
4903
4912
4916
4922
4927
4932
4933
4933
4934
4934
4943
4945
4945
4946
4950
4951
4954
4955
4956
4957
4958
4959
4959
4965
4970
4972
4974
4976
4978
4979
4981
4983
4993
5003
5010
5010
5014
5017
5021
5026
5027
5027
5031
5035
5038
5042
5042
5042
5052
5056
5061
5061
5068
5072
5075
5078
5079
5087
5095
5099
5100
5101
5103
5108
5111
5112
5113
5114
5114
5118
5120
5121
5123
5124
5124
5130
5131
5133
5135
5135
5140
5143
5145
5145
5154
5169
5170
5170
5176
5178
5179
5187
5189
5200
5203
5210
5213
5214
5216
5220
5225
5232
5234
5236
5246
5248
5252
5256
5258
5260
5262
5265
5265
5267
5267
5271
5278
5284
5292
5294
5297
5297
5302
5303
5308
5310
5312
5313
5315
5317
5318
5320
5322
5322
5330
5339
5340
5341
5341
5342
5343
5345
5356
5361
5362
5366
5369
5370
5372
5372
5375
5378
5385
5385
5391
5394
5406
5412
5414
5416
5417
5418
5420
5420
5421
5423
5430
5434
5435
5437
5439
5441
5456
5456
5459
5462
5465
5467
5470
5474
5475
5475
5476
5478
5488
5489
5491
5492
5494
5495
5505
5505
5506
5507
5512
5520
5521
5521
5522
5523
5524
5531
5532
5533
5535
5536
5541
5544
5544
5548
5550
5551
5552
5555
5555
5558
5560
5562
5562
5566
5567
5567
5568
5571
5575
5579
5581
5582
5583
5583
5584
5585
5585
5586
5590
5597
5600
5602
5602
5610
5611
5613
5616
5620
5622
5624
5627
5628
5631
5632
5635
5639
5640
5647
5647
5647
5657
5660
5664
5669
5673
5674
5679
5682
5684
5686
5686
5688
5689
5692
5694
5695
5701
5702
5703
5703
5705
5711
5712
5712
5719
5725
5727
5728
5730
5731
5733
5736
5742
5742
5742
5743
5744
5745
5752
5752
5754
5764
5768
5772
5777
5777
5788
5791
5793
5801
5805
5806
5806
5808
5811
5815
5817
5821
5828
5829
5829
5830
5831
5833
5835
5843
5845
5847
5847
5848
5849
5859
5859
5860
5864
5865
5867
5877
5879
5882
5886
5900
5902
5902
5903
5911
5917
5919
5921
5929
5932
5932
5934
5934
5936
5937
5945
5945
5954
5956
5956
5973
5974
5975
5985
5986
5987
5988
5994
6008
6010
6017
6018
6018
6023
6027
6032
6033
6035
6036
6039
6039
6040
6045
6045
6050
6050
6053
6059
6060
6069
6079
6082
6082
6086
6086
6086
6086
6090
6090
6092
6094
6094
6101
6105
6107
6108
6108
6111
6114
6114
6121
6123
6124
6127
6131
6131
6133
6134
6135
6138
6144
6150
6151
6154
6159
6164
6171
6175
6179
6182
6187
6188
6193
6196
6205
6209
6213
6220
6220
6221
6223
6225
6226
6231
6233
6234
6236
6239
6239
6249
6258
6259
6261
6268
6272
6273
6274
6277
6285
6287
6288
6289
6290
6290
6303
6307
6314
6315
6317
6320
6320
6321
6322
6327
6328
6332
6335
6336
6338
6338
6341
6342
6345
6357
6378
6379
6384
6390
6394
6395
6395
6396
6396
6399
6400
6414
6414
6420
6421
6421
6424
6426
6428
6432
6434
6435
6437
6437
6443
6445
6449
6450
6453
6455
6470
6473
6477
6479
6482
6484
6489
6492
6495
6497
6502
6503
6505
6518
6523
6527
6531
6535
6536
6537
6540
6543
6544
6546
6547
6548
6550
6553
6555
6557
6562
6563
6563
6566
6570
6575
6579
6581
6581
6585
6597
6598
6600
6606
6614
6615
6617
6619
6621
6623
6625
6625
6625
6628
6630
6631
6634
6635
6637
6640
6644
6648
6649
6651
6655
6656
6657
6671
6673
6673
6675
6677
6683
6708
6709
6714
6731
6731
6744
6745
6745
6753
6756
6758
6761
6763
6764
6780
6782
6785
6786
6791
6793
6802
6805
6808
6813
6814
6815
6817
6817
6817
6817
6817
6822
6837
6839
6840
6842
6852
6855
6861
6863
6866
6866
6868
6872
6873
6875
6875
6878
6880
6880
6882
6882
6882
6903
6904
6910
6911
6915
6921
6923
6924
6924
6930
6934
6936
6938
6941
6943
6943
6956
6957
6958
6961
6964
6964
6974
6976
6977
6992
6994
6994
6994
6999
7002
7012
7012
7013
7013
7021
7022
7024
7024
7031
7032
7032
7034
7035
7047
7051
7056
7056
7060
7060
7061
7063
7073
7077
7077
7078
7078
7079
7080
7084
7091
7091
7096
7096
7096
7101
7103
7111
7113
7113
7119
7120
7126
7129
7140
7144
7147
7150
7158
7159
7168
7169
7175
7182
7183
7183
7185
7187
7194
7196
7216
7217
7217
7226
7233
7235
7235
7243
7249
7249
7259
7261
7262
7263
7266
7273
7274
7275
7284
7287
7288
7288
7289
7298
7298
7300
7302
7304
7310
7312
7312
7313
7318
7319
7321
7327
7330
7332
7333
7333
7337
7338
7340
7342
7344
7346
7346
7348
7348
7349
7361
7363
7365
7365
7368
7375
7385
7387
7388
7389
7396
7404
7408
7411
7416
7420
7423
7425
7427
7428
7432
7439
7443
7443
7445
7449
7451
7458
7459
7459
7464
7470
7474
7477
7477
7480
7485
7496
7498
7500
7504
7507
7507
7510
7518
7522
7525
7525
7528
7531
7542
7543
7544
7546
7555
7563
7582
7583
7584
7586
7589
7589
7590
7593
7594
7594
7594
7594
7597
7599
7602
7604
7606
7607
7609
7611
7616
7617
7620
7621
7623
7623
7630
7631
7635
7635
7637
7644
7646
7647
7649
7652
7653
7653
7654
7656
7660
7661
7667
7672
7675
7682
7685
7685
7688
7694
7699
7700
7707
7707
7708
7711
7718
7718
7719
7720
7724
7724
7725
7726
7729
7729
7730
7735
7744
7747
7748
7753
7757
7759
7764
7766
7767
7770
7773
7774
7783
7786
7786
7788
7792
7798
7800
7802
7803
7803
7812
7814
7815
7816
7820
7824
7824
7826
7830
7831
7832
7833
7833
7835
7837
7840
7844
7845
7853
7855
7862
7871
7872
7872
7873
7875
7880
7881
7883
7889
7890
7905
7907
7910
7910
7911
7917
7917
7918
7919
7921
7921
7933
7935
7935
7937
7945
7953
7955
7959
7961
7964
7965
7966
7967
7968
7969
7973
7976
7978
7978
7981
7984
7992
7993
8001
8002
8002
8011
8015
8018
8020
8021
8022
8023
8027
8029
8036
8036
8039
8042
8042
8043
8044
8049
8051
8057
8059
8068
8071
8071
8072
8075
8080
8084
8084
8088
8090
8091
8092
8094
8097
8102
8104
8104
8108
8108
8110
8116
8117
8118
8120
8122
8129
8134
8135
8136
8141
8145
8152
8152
8154
8155
8155
8159
8160
8160
8162
8164
8164
8177
8179
8192
8197
8198
8201
8203
8203
8212
8213
8213
8218
8219
8221
8222
8225
8226
8228
8234
8235
8235
8240
8246
8246
8255
8258
8258
8259
8259
8266
8266
8266
8267
8268
8273
8277
8282
8301
8303
8308
8312
8314
8318
8319
8320
8324
8324
8328
8331
8344
8355
8355
8357
8360
8365
8366
8366
8367
8370
8370
8373
8374
8377
8379
8383
8385
8393
8408
8408
8409
8415
8417
8424
8439
8445
8452
8452
8455
8458
8459
8459
8465
8467
8470
8471
8473
8479
8480
8481
8484
8484
8486
8487
8490
8490
8491
8496
8499
8500
8504
8504
8506
8507
8510
8524
8529
8530
8532
8533
8542
8543
8544
8544
8562
8569
8571
8572
8574
8577
8580
8589
8592
8592
8593
8595
8596
8597
8601
8604
8604
8604
8607
8608
8614
8614
8616
8632
8635
8639
8643
8644
8647
8647
8655
8656
8656
8666
8667
8674
8676
8678
8680
8688
8695
8699
8700
8702
8707
8707
8709
8713
8714
8723
8724
8725
8725
8725
8729
8745
8747
8755
8755
8759
8759
8763
8767
8771
8773
8790
8794
8797
8800
8803
8805
8810
8812
8812
8816
8816
8820
8832
8839
8839
8840
8846
8850
8857
8861
8862
8863
8871
8878
8878
8886
8893
8902
8904
8907
8914
8916
8920
8922
8923
8925
8926
8927
8927
8928
8931
8931
8933
8933
8938
8939
8940
8940
8940
8955
8959
8962
8969
8979
8981
8991
8992
8997
9005
9012
9029
9030
9037
9045
9046
9055
9055
9056
9057
9062
9084
9087
9088
9094
9094
9099
9101
9102
9103
9107
9108
9110
9114
9120
9125
9135
9138
9139
9140
9142
9155
9161
9163
9164
9169
9171
9176
9179
9189
9191
9191
9195
9200
9200
9202
9213
9215
9216
9220
9226
9238
9243
9244
9245
9252
9257
9257
9257
9259
9262
9273
9279
9282
9284
9287
9299
9299
9309
9309
9311
9314
9317
9317
9322
9326
9328
9331
9332
9333
9335
9336
9337
9347
9348
9348
9352
9353
9356
9356
9360
9367
9369
9370
9371
9373
9375
9378
9381
9385
9387
9388
9391
9392
9398
9409
9414
9419
9422
9422
9424
9440
9441
9443
9449
9452
9457
9460
9463
9464
9469
9474
9476
9477
9479
9480
9482
9485
9491
9493
9498
9505
9512
9518
9520
9521
9527
9527
9531
9532
9538
9543
9545
9548
9553
9554
9559
9564
9570
9570
9577
9581
9586
9591
9591
9596
9604
9604
9606
9609
9615
9616
9618
9622
9622
9623
9625
9626
9629
9632
9639
9651
9656
9661
9661
9664
9665
9665
9673
9674
9684
9687
9696
9706
9714
9722
9728
9729
9731
9736
9739
9741
9744
9762
9764
9773
9775
9779
9787
9791
9791
9792
9793
9800
9806
9810
9813
9815
9821
9827
9827
9828
9837
9843
9848
9852
9854
9855
9855
9857
9859
9861
9862
9864
9870
9873
9876
9877
9878
9880
9882
9883
9887
9888
9890
9899
9907
9909
9920
9921
9924
9926
9931
9933
9943
9945
9948
9950
9961
9962
9962
9963
9975
9987
9989
9990
9991
9994
9999
10001
10016
10020
10023
10028
10031
10032
10032
10035
10039
10051
10061
10067
10068
10072
10077
10079
10079
10081
10084
10089
10090
10094
10097
10097
10102
10103
10107
10109
10111
10114
10120
10123
10123
10123
10125
10127
10129
10131
10131
10131
10132
10140
10145
10146
10148
10150
10155
10155
10155
10156
10157
10159
10159
10160
10161
10163
10164
10179
10180
10180
10181
10186
10198
10198
10200
10200
10203
10206
10210
10211
10214
10222
10222
10227
10228
10233
10234
10235
10236
10241
10243
10251
10254
10257
10258
10262
10264
10266
10269
10272
10274
10276
10278
10278
10279
10281
10283
10284
10290
10294
10295
10296
10305
10306
10309
10309
10312
10315
10316
10317
10323
10328
10333
10336
10339
10344
10349
10351
10354
10354
10356
10357
10360
10360
10365
10371
10372
10373
10375
10375
10376
10378
10382
10384
10388
10390
10397
10405
10408
10411
10413
10414
10415
10417
10420
10438
10441
10445
10447
10448
10451
10453
10456
10462
10468
10475
10475
10477
10478
10479
10484
10485
10487
10498
10507
10511
10512
10518
10522
10523
10524
10527
10533
10538
10543
10544
10547
10560
10565
10570
10571
10571
10574
10578
10579
10587
10588
10600
10604
10611
10612
10614
10626
10630
10632
10637
10639
10646
10650
10652
10663
10664
10672
10673
10680
10688
10691
10694
10698
10704
10705
10711
10720
10721
10721
10723
10730
10731
10731
10742
10747
10748
10758
10759
10761
10761
10762
10763
10764
10770
10776
10777
10778
10779
10780
10781
10785
10788
10795
10796
10800
10800
10802
10803
10810
10817
10827
10827
10831
10834
10838
10845
10845
10851
10852
10853
10854
10856
10864
10865
10867
10873
10873
10874
10876
10877
10877
10882
10888
10890
10897
10901
10903
10905
10918
10921
10922
10928
10933
10935
10942
10943
10949
10951
10959
10959
10967
10970
10972
10974
10976
10982
10985
10987
11000
11005
11006
11010
11013
11014
11015
11022
11024
11026
11032
11041
11052
11054
11054
11056
11058
11061
11062
11063
11064
11071
11072
11075
11078
11078
11078
11096
11105
11105
11106
11106
11107
11107
11108
11112
11116
11121
11129
11138
11139
11145
11152
11153
11155
11156
11157
11157
11157
11157
11161
11162
11164
11165
11167
11171
11172
11173
11174
11174
11174
11175
11178
11183
11185
11188
11189
11189
11191
11192
11194
11195
11196
11208
11209
11215
11219
11221
11222
11228
11232
11239
11241
11249
11250
11251
11254
11254
11264
11266
11266
11267
11268
11268
11269
11270
11271
11272
11274
11278
11282
11284
11289
11293
11293
11297
11300
11308
11309
11311
11311
11316
11333
11339
11341
11345
11347
11349
11349
11351
11351
11356
11360
11367
11367
11372
11373
11374
11376
11383
11386
11388
11393
11398
11398
11402
11404
11406
11406
11407
11408
11413
11415
11420
11424
11426
11432
11433
11433
11435
11435
11443
11448
11451
11455
11458
11463
11468
11471
11471
11478
11479
11480
11482
11486
11487
11487
11488
11489
11495
11497
11498
11505
11505
11506
11507
11507
11509
11517
11518
11519
11521
11522
11522
11529
11536
11537
11541
11543
11550
11562
11568
11582
11587
11592
11595
11598
11601
11606
11608
11609
11610
11614
11618
11618
11622
11629
11632
11635
11637
11640
11641
11641
11642
11645
11646
11649
11666
11669
11669
11675
11675
11681
11681
11682
11683
11684
11685
11689
11689
11692
11693
11697
11700
11709
11713
11714
11714
11725
11726
11727
11732
11733
11734
11740
11747
11747
11747
11752
11758
11758
11761
11764
11775
11777
11778
11781
11782
11788
11789
11789
11791
11799
11800
11804
11807
11813
11816
11817
11826
11827
11829
11831
11840
11841
11844
11844
11845
11846
11847
11847
11848
11855
11858
11862
11865
11866
11867
11869
11870
11871
11872
11873
11880
11884
11885
11885
11892
11892
11894
11897
11901
11901
11909
11910
11914
11915
11915
11932
11935
11939
11944
11944
11945
11946
11958
11965
11966
11972
11974
11981
11983
11984
11992
11994
11995
11996
11997
12000
12003
12005
12005
12007
12008
12009
12010
12011
12012
12017
12017
12018
12022
12022
12028
12035
12045
12046
12050
12050
12053
12057
12059
12060
12061
12062
12065
12066
12066
12067
12084
12087
12089
12090
12094
12105
12107
12107
12110
12111
12112
12116
12117
12124
12127
12135
12136
12136
12139
12140
12141
12145
12146
12152
12152
12159
12160
12161
12162
12163
12163
12165
12166
12172
12177
12180
12189
12189
12194
12195
12197
12199
12205
12206
12206
12208
12208
12212
12212
12214
12216
12219
12219
12226
12233
12236
12240
12248
12251
12251
12261
12261
12267
12270
12278
12281
12284
12291
12297
12298
12302
12304
12306
12307
12320
12327
12327
12327
12329
12331
12332
12333
12334
12335
12337
12338
12342
12346
12346
12347
12353
12354
12355
12355
12360
12365
12367
12368
12368
12371
12374
12379
12381
12382
12383
12385
12388
12394
12395
12395
12397
12397
12399
12399
12401
12405
12406
12406
12409
12413
12414
12421
12423
12424
12424
12428
12430
12435
12436
12437
12442
12444
12444
12446
12447
12449
12449
12450
12457
12457
12465
12466
12467
12467
12471
12471
12474
12476
12478
12479
12483
12488
12499
12501
12501
12502
12508
12514
12514
12518
12518
12521
12522
12522
12524
12524
12526
12526
12529
12532
12536
12549
12551
12557
12562
12566
12567
12574
12578
12579
12584
12588
12591
12592
12596
12602
12607
12608
12608
12610
12613
12630
12631
12631
12631
12633
12637
12642
12645
12646
12652
12652
12659
12664
12673
12673
12690
12691
12693
12700
12702
12712
12712
12714
12722
12726
12727
12735
12736
12743
12743
12748
12755
12758
12763
12764
12765
12767
12771
12785
12789
12789
12795
12805
12807
12810
12811
12819
12825
12825
12833
12836
12843
12845
12847
12848
12853
12853
12859
12860
12861
12861
12862
12866
12871
12871
12874
12875
12879
12887
12889
12891
12892
12893
12894
12902
12902
12903
12905
12905
12906
12909
12912
12912
12914
12918
12919
12920
12921
12923
12924
12929
12932
12932
12936
12940
12942
12944
12945
12951
12952
12952
12952
12955
12957
12960
12964
12968
12970
12979
12981
12985
13014
13017
13020
13023
13026
13030
13034
13037
13038
13039
13042
13045
13047
13049
13051
13053
13064
13074
13081
13081
13084
13093
13096
13098
13099
13105
13107
13108
13111
13116
13119
13123
13123
13126
13128
13130
13140
13141
13155
13157
13157
13163
13176
13186
13186
13188
13194
13194
13201
13202
13204
13205
13215
13217
13224
13225
13225
13228
13228
13230
13232
13243
13255
13261
13261
13262
13266
13271
13272
13275
13279
13280
13297
13298
13301
13302
13302
13314
13319
13326
13329
13335
13336
13337
13339
13340
13343
13344
13345
13350
13354
13355
13355
13355
13356
13356
13364
13370
13373
13381
13382
13390
13393
13394
13398
13400
13400
13400
13402
13405
13417
13425
13427
13428
13432
13434
13439
13439
13440
13441
13445
13447
13455
13456
13456
13464
13464
13467
13467
13470
13471
13491
13492
13494
13496
13497
13499
13503
13503
13504
13505
13513
13527
13534
13541
13545
13547
13547
13549
13549
13551
13552
13553
13554
13554
13566
13569
13573
13584
13591
13594
13594
13609
13613
13614
13614
13615
13628
13633
13634
13637
13648
13649
13650
13650
13652
13655
13656
13658
13659
13664
13666
13669
13677
13681
13683
13684
13685
13697
13704
13704
13706
13707
13710
13710
13710
13716
13719
13720
13722
13732
13735
13737
13744
13746
13760
13761
13764
13772
13772
13778
13778
13784
13795
13795
13797
13799
13805
13811
13812
13814
13819
13825
13838
13840
13844
13848
13849
13851
13851
13852
13856
13857
13858
13860
13868
13868
13871
13873
13875
13877
13878
13887
13893
13894
13900
13908
13909
13909
13918
13919
13925
13925
13935
13942
13945
13950
13950
13952
13954
13954
13957
13957
13960
13971
13972
13972
13974
13974
13974
13977
13985
13989
13992
13993
13994
13997
13998
13999
14000
14006
14008
14009
14009
14014
14017
14019
14024
14025
14035
14040
14040
14041
14046
14047
14048
14050
14051
14055
14056
14058
14060
14067
14067
14068
14078
14082
14082
14085
14088
14088
14088
14089
14091
14091
14094
14095
14099
14103
14103
14104
14105
14105
14106
14113
14124
14128
14131
14134
14134
14135
14137
14142
14151
14169
14176
14177
14178
14180
14183
14184
14191
14192
14193
14197
14198
14206
14208
14221
14226
14235
14237
14239
14247
14254
14257
14257
14258
14263
14264
14273
14275
14277
14282
14283
14283
14290
14291
14292
14292
14292
14294
14296
14298
14301
14303
14313
14315
14316
14317
14330
14342
14345
14351
14354
14354
14357
14357
14360
14366
14367
14368
14372
14391
14391
14395
14397
14400
14402
14404
14407
14409
14410
14412
14415
14415
14418
14422
14427
14430
14431
14433
14436
14437
14440
14441
14442
14444
14449
14450
14456
14457
14458
14464
14468
14472
14472
14486
14489
14493
14494
14500
14507
14507
14514
14515
14516
14524
14525
14526
14529
14531
14545
14547
14559
14562
14563
14564
14568
14569
14573
14576
14576
14577
14578
14578
14581
14585
14586
14588
14589
14591
14596
14597
14599
14600
14601
14604
14607
14610
14614
14619
14629
14629
14630
14630
14637
14639
14639
14642
14642
14643
14645
14657
14657
14659
14662
14665
14669
14670
14671
14672
14689
14689
14692
14696
14697
14698
14699
14700
14707
14713
14723
14723
14725
14738
14741
14743
14744
14746
14750
14755
14762
14763
14764
14770
14771
14784
14784
14787
14787
14790
14791
14798
14799
14801
14802
14805
14811
14811
14813
14819
14819
14821
14823
14829
14830
14832
14835
14837
14841
14844
14844
14846
14852
14858
14862
14868
14869
14871
14877
14878
14878
14881
14887
14888
14893
14894
14895
14898
14904
14906
14908
14912
14912
14915
14916
14922
14927
14927
14929
14929
14931
14933
14933
14934
14935
14938
14944
14946
14946
14947
14954
14959
14965
14968
14968
14970
14972
14976
14980
14982
14986
14987
14987
14987
14988
14988
14997
14997
15003
15006
15007
15017
15021
15023
15026
15027
15032
15034
15036
15037
15042
15047
15059
15068
15068
15069
15072
15073
15079
15080
15088
15089
15095
15099
15100
15106
15106
15120
15120
15120
15126
15127
15132
15137
15141
15142
15144
15146
15152
15153
15154
15157
15158
15160
15168
15169
15169
15187
15190
15190
15190
15190
15199
15200
15201
15201
15205
15206
15219
15222
15226
15230
15230
15231
15231
15237
15247
15251
15253
15259
15265
15268
15269
15275
15275
15276
15276
15279
15284
15284
15294
15296
15297
15302
15303
15305
15310
15312
15312
15315
15321
15325
15328
15329
15331
15338
15339
15341
15343
15344
15345
15352
15353
15357
15357
15358
15362
15369
15370
15372
15376
15385
15390
15395
15396
15399
15406
15415
15415
15418
15419
15426
15430
15440
15443
15443
15449
15452
15453
15453
15455
15461
15472
15472
15474
15477
15481
15483
15484
15487
15489
15491
15496
15498
15502
15503
15505
15507
15508
15512
15516
15521
15525
15528
15530
15531
15537
15541
15544
15552
15552
15554
15557
15559
15562
15564
15565
15568
15570
15579
15587
15587
15596
15603
15616
15618
15618
15619
15626
15631
15634
15634
15637
15637
15641
15642
15644
15650
15651
15653
15653
15653
15666
15668
15668
15669
15669
15671
15673
15680
15683
15684
15688
15690
15692
15694
15695
15696
15696
15696
15698
15704
15705
15710
15717
15722
15722
15722
15724
15731
15736
15738
15745
15746
15749
15755
15757
15759
15764
15765
15766
15766
15771
15775
15782
15787
15791
15802
15802
15802
15803
15804
15806
15806
15806
15808
15812
15817
15820
15822
15822
15829
15834
15840
15840
15842
15846
15850
15852
15860
15865
15869
15870
15876
15880
15881
15884
15885
15887
15887
15891
15904
15909
15910
15914
15919
15923
15923
15927
15930
15939
15939
15943
15944
15945
15946
15950
15950
15954
15981
15982
15987
15987
15989
15996
15997
15997
15998
15999
16003
16004
16004
16007
16013
16017
16019
16024
16024
16033
16034
16040
16041
16044
16045
16049
16054
16056
16058
16061
16064
16066
16067
16072
16075
16075
16076
16080
16086
16089
16101
16101
16103
16104
16105
16113
16131
16132
16132
16133
16133
16133
16135
16136
16146
16152
16153
16155
16157
16158
16161
16171
16177
16179
16182
16187
16191
16192
16194
16202
16212
16214
16222
16222
16224
16225
16228
16229
16239
16242
16245
16253
16257
16260
16260
16262
16264
16265
16269
16271
16275
16282
16285
16289
16292
16292
16293
16294
16300
16300
16301
16308
16313
16315
16316
16317
16317
16320
16332
16333
16334
16334
16337
16337
16338
16343
16343
16345
16349
16351
16351
16353
16355
16357
16359
16360
16368
16377
16384
16394
16406
16415
16418
16424
16429
16431
16432
16433
16436
16440
16441
16443
16450
16452
16458
16462
16464
16466
16466
16467
16472
16472
16474
16488
16500
16501
16505
16506
16507
16513
16517
16519
16520
16524
16526
16527
16537
16538
16539
16543
16545
16548
16549
16551
16551
16555
16559
16560
16566
16573
16575
16579
16579
16584
16585
16588
16592
16593
16593
16597
16597
16599
16609
16616
16623
16624
16626
16629
16630
16642
16644
16644
16654
16655
16658
16662
16666
16666
16667
16673
16678
16681
16683
16688
16694
16699
16699
16702
16714
16714
16715
16724
16727
16729
16734
16736
16744
16748
16749
16752
16763
16768
16770
16774
16775
16781
16784
16786
16788
16791
16802
16803
16803
16806
16808
16813
16816
16816
16817
16823
16823
16827
16829
16831
16833
16836
16837
16837
16849
16852
16854
16855
16861
16873
16877
16879
16881
16883
16884
16887
16888
16889
16890
16893
16894
16895
16906
16915
16917
16932
16934
16938
16943
16944
16946
16946
16952
16952
16959
16959
16960
16961
16961
16962
16971
16973
16989
16991
16999
17000
17008
17011
17012
17012
17015
17018
17019
17022
17032
17047
17049
17049
17053
17055
17055
17061
17064
17065
17070
17070
17071
17078
17079
17088
17099
17100
17105
17109
17111
17117
17119
17122
17123
17125
17126
17133
17136
17137
17138
17140
17140
17144
17144
17149
17163
17164
17174
17176
17177
17182
17199
17199
17202
17205
17212
17214
17217
17222
17225
17225
17229
17233
17237
17239
17240
17242
17246
17246
17251
17251
17256
17257
17261
17263
17264
17265
17267
17268
17272
17277
17291
17294
17294
17296
17301
17303
17304
17304
17318
17321
17321
17324
17328
17329
17330
17333
17338
17338
17338
17339
17341
17342
17345
17348
17350
17353
17356
17363
17391
17394
17395
17399
17404
17406
17409
17410
17414
17416
17419
17420
17427
17432
17433
17433
17439
17442
17449
17453
17457
17459
17460
17465
17467
17469
17470
17472
17473
17479
17482
17489
17494
17495
17497
17502
17503
17508
17513
17517
17518
17529
17530
17533
17533
17541
17542
17561
17581
17581
17589
17592
17594
17605
17609
17616
17621
17622
17623
17627
17631
17632
17634
17643
17645
17655
17657
17665
17668
17668
17669
17682
17691
17694
17700
17703
17704
17708
17708
17708
17717
17723
17730
17736
17739
17743
17745
17746
17747
17752
17756
17761
17762
17767
17768
17769
17772
17774
17780
17783
17786
17787
17788
17794
17795
17797
17800
17806
17809
17811
17814
17819
17820
17822
17828
17830
17831
17831
17835
17835
17838
17840
17843
17852
17855
17858
17865
17866
17866
17867
17867
17873
17877
17886
17893
17896
17903
17904
17907
17911
17912
17917
17918
17921
17922
17922
17923
17926
17931
17931
17947
17949
17950
17955
17960
17961
17965
17970
17984
17985
17992
18002
18005
18006
18012
18016
18022
18025
18031
18033
18038
18046
18050
18054
18056
18061
18070
18071
18072
18076
18076
18086
18088
18089
18089
18091
18099
18100
18100
18100
18101
18101
18103
18115
18127
18132
18133
18139
18140
18151
18151
18157
18157
18160
18166
18175
18175
18181
18181
18183
18184
18187
18193
18202
18207
18212
18222
18228
18236
18240
18249
18255
18259
18260
18261
18266
18268
18275
18283
18287
18288
18291
18296
18303
18305
18309
18310
18311
18316
18320
18322
18332
18346
18353
18363
18378
18387
18389
18391
18399
18406
18409
18409
18415
18420
18425
18432
18437
18438
18439
18441
18443
18445
18448
18454
18468
18470
18471
18474
18474
18477
18479
18481
18485
18485
18486
18487
18488
18490
18495
18496
18502
18504
18506
18507
18519
18520
18520
18522
18529
18531
18538
18540
18541
18542
18542
18547
18548
18549
18561
18564
18568
18568
18575
18579
18584
18587
18592
18593
18595
18597
18602
18617
18621
18630
18631
18640
18650
18652
18656
18658
18665
18667
18668
18668
18672
18679
18684
18684
18685
18688
18689
18690
18690
18701
18702
18704
18705
18705
18710
18712
18713
18717
18720
18720
18723
18725
18730
18731
18732
18733
18736
18740
18743
18745
18747
18748
18749
18751
18752
18754
18755
18756
18757
18757
18758
18759
18761
18767
18767
18774
18774
18776
18781
18785
18787
18792
18793
18796
18796
18800
18802
18806
18811
18812
18816
18818
18819
18822
18823
18823
18830
18832
18834
18835
18838
18840
18852
18854
18854
18856
18857
18860
18862
18863
18864
18866
18869
18871
18871
18872
18876
18884
18888
18888
18889
18892
18894
18894
18904
18924
18926
18929
18934
18934
18939
18942
18965
18966
18967
18970
18975
18977
18977
18993
18995
18995
19016
19021
19022
19028
19030
19031
19038
19044
19046
19055
19066
19072
19074
19075
19076
19087
19088
19090
19091
19103
19106
19120
19122
19134
19138
19143
19144
19148
19150
19158
19159
19161
19162
19166
19166
19173
19175
19176
19178
19180
19184
19187
19189
19191
19201
19208
19211
19213
19215
19218
19220
19226
19232
19234
19235
19237
19238
19241
19242
19245
19246
19250
19250
19254
19256
19257
19258
19258
19259
19259
19263
19264
19277
19281
19288
19291
19298
19300
19306
19308
19308
19323
19325
19326
19328
19330
19334
19335
19349
19351
19353
19356
19359
19360
19366
19367
19376
19376
19376
19380
19385
19385
19386
19388
19391
19394
19404
19406
19407
19409
19418
19428
19430
19431
19435
19436
19437
19438
19439
19443
19452
19458
19462
19464
19473
19484
19485
19488
19489
19489
19492
19493
19498
19498
19501
19503
19508
19513
19523
19528
19530
19534
19541
19541
19541
19546
19554
19557
19561
19564
19571
19577
19579
19581
19587
19591
19591
19598
19600
19600
19612
19613
19614
19619
19620
19621
19621
19626
19627
19629
19632
19632
19639
19642
19643
19651
19657
19658
19660
19661
19663
19666
19673
19680
19683
19685
19687
19691
19692
19694
19696
19699
19700
19700
19707
19708
19713
19717
19718
19723
19727
19730
19731
19731
19732
19732
19734
19734
19734
19734
19738
19739
19739
19742
19744
19744
19749
19755
19756
19757
19758
19759
19769
19772
19774
19778
19783
19785
19791
19802
19802
19803
19804
19812
19815
19816
19826
19830
19833
19833
19833
19840
19840
19851
19855
19855
19855
19856
19858
19858
19862
19863
19866
19870
19872
19873
19873
19876
19884
19890
19892
19894
19902
19902
19903
19905
19905
19908
19912
19912
19920
19923
19927
19933
19943
19945
19950
19956
19965
19966
19967
19967
19970
19971
19971
19976
19977
19982
19984
19985
19985
19987
19988
19989
19989
19992
19994
19995
19999
19999
20005
20011
20013
20013
20023
20027
20028
20030
20042
20042
20043
20043
20043
20047
20049
20054
20057
20058
20065
20074
20084
20085
20092
20100
20105
20108
20109
20110
20112
20113
20116
20130
20135
20136
20138
20140
20142
20144
20150
20157
20162
20172
20174
20178
20180
20182
20183
20183
20195
20195
20202
20202
20204
20204
20204
20204
20208
20214
20224
20225
20226
20230
20231
20237
20245
20248
20248
20251
20254
20254
20258
20260
20260
20264
20270
20270
20272
20277
20278
20279
20285
20287
20292
20292
20296
20297
20301
20303
20306
20307
20312
20316
20318
20319
20324
20327
20335
20335
20335
20338
20338
20338
20351
20355
20359
20376
20376
20378
20380
20382
20382
20384
20390
20393
20393
20397
20400
20401
20405
20406
20410
20413
20413
20417
20419
20419
20422
20423
20429
20431
20436
20436
20439
20450
20451
20452
20454
20457
20460
20464
20467
20468
20469
20472
20473
20477
20483
20484
20490
20490
20490
20495
20497
20504
20506
20509
20510
20511
20517
20517
20520
20521
20524
20531
20533
20537
20540
20541
20543
20544
20545
20547
20549
20551
20553
20553
20556
20558
20558
20558
20560
20562
20563
20564
20568
20576
20579
20585
20590
20592
20592
20601
20608
20616
20616
20617
20619
20620
20626
20629
20630
20633
20639
20640
20641
20642
20646
20647
20650
20651
20651
20653
20658
20660
20660
20663
20664
20666
20668
20671
20671
20672
20677
20678
20687
20691
20693
20693
20695
20698
20704
20707
20710
20711
20715
20718
20718
20719
20722
20727
20728
20731
20731
20731
20731
20732
20733
20736
20736
20749
20750
20753
20753
20754
20754
20754
20754
20756
20758
20758
20759
20760
20763
20764
20773
20775
20777
20779
20779
20779
20782
20783
20792
20793
20797
20799
20803
20809
20810
20812
20818
20821
20824
20827
20829
20830
20831
20837
20841
20841
20844
20845
20850
20859
20861
20862
20864
20866
20868
20868
20869
20870
20870
20870
20885
20886
20894
20895
20898
20902
20904
20904
20908
20912
20917
20918
20918
20921
20937
20943
20946
20949
20954
20954
20958
20964
20967
20967
20977
20989
20989
21005
21008
21009
21011
21012
21018
21035
21037
21042
21055
21064
21075
21084
21087
21093
21095
21096
21097
21101
21104
21114
21124
21126
21127
21132
21134
21135
21141
21146
21149
21150
21151
21154
21155
21158
21167
21167
21173
21174
21174
21178
21181
21182
21184
21188
21191
21192
21193
21195
21195
21197
21198
21203
21204
21205
21206
21207
21210
21211
21215
21216
21219
21225
21226
21231
21237
21240
21243
21247
21251
21257
21259
21267
21270
21270
21275
21279
21280
21281
21281
21282
21282
21289
21294
21294
21296
21299
21300
21302
21303
21307
21309
21309
21310
21310
21313
21314
21314
21318
21322
21323
21325
21330
21337
21337
21340
21340
21343
21350
21351
21362
21363
21369
21372
21372
21376
21379
21381
21381
21381
21387
21395
21398
21400
21405
21407
21408
21410
21412
21420
21422
21426
21430
21431
21431
21439
21440
21442
21449
21450
21451
21457
21459
21462
21462
21468
21471
21472
21478
21478
21481
21484
21486
21489
21495
21496
21501
21503
21506
21507
21508
21511
21513
21515
21517
21519
21523
21524
21528
21531
21534
21535
21536
21552
21553
21554
21555
21560
21561
21565
21570
21573
21573
21579
21585
21587
21588
21589
21590
21591
21592
21597
21597
21599
21611
21616
21618
21623
21624
21625
21628
21630
21636
21637
21638
21640
21640
21642
21642
21650
21652
21656
21658
21662
21666
21668
21671
21673
21675
21676
21679
21681
21685
21686
21687
21687
21688
21700
21700
21702
21702
21708
21708
21720
21723
21725
21725
21725
21729
21742
21746
21753
21755
21759
21759
21761
21767
21774
21775
21777
21778
21779
21779
21781
21782
21782
21782
21782
21783
21791
21793
21795
21796
21799
21799
21800
21805
21811
21827
21830
21838
21840
21848
21848
21849
21854
21863
21870
21871
21871
21880
21891
21891
21894
21913
21915
21918
21920
21927
21928
21929
21929
21931
21933
21933
21938
21942
21943
21943
21945
21946
21956
21959
21960
21964
21964
21965
21972
21976
21978
21978
21983
21985
21988
21988
21991
21991
21993
21997
22004
22007
22007
22010
22011
22026
22034
22047
22049
22056
22062
22063
22073
22073
22075
22075
22076
22078
22082
22085
22085
22093
22094
22097
22098
22100
22103
22111
22113
22118
22120
22123
22133
22144
22149
22149
22151
22152
22155
22157
22157
22163
22165
22166
22168
22168
22169
22175
22177
22196
22197
22201
22210
22213
22213
22216
22225
22228
22229
22232
22236
22241
22243
22245
22247
22248
22254
22255
22256
22259
22262
22267
22274
22279
22279
22282
22287
22287
22289
22292
22294
22295
22296
22297
22303
22306
22311
22324
22324
22325
22329
22329
22330
22331
22331
22332
22333
22334
22340
22341
22342
22348
22348
22359
22362
22362
22365
22368
22370
22372
22373
22373
22379
22379
22389
22391
22397
22400
22405
22405
22406
22406
22407
22409
22412
22412
22415
22416
22426
22428
22439
22440
22445
22446
22448
22454
22456
22456
22460
22464
22464
22466
22470
22471
22471
22473
22474
22474
22477
22479
22479
22482
22482
22482
22488
22488
22497
22497
22503
22512
22515
22517
22518
22525
22529
22538
22544
22546
22546
22549
22550
22550
22552
22555
22558
22564
22565
22566
22571
22574
22574
22574
22576
22577
22581
22598
22601
22602
22603
22606
22608
22609
22616
22629
22630
22630
22630
22634
22636
22638
22638
22645
22647
22651
22655
22657
22661
22661
22663
22665
22678
22685
22685
22685
22690
22693
22694
22694
22695
22696
22696
22699
22706
22707
22710
22712
22716
22722
22723
22727
22728
22730
22752
22753
22753
22755
22759
22761
22763
22765
22765
22765
22770
22771
22780
22781
22783
22785
22788
22791
22797
22802
22803
22824
22825
22829
22833
22835
22839
22839
22844
22846
22852
22852
22854
22854
22857
22858
22858
22859
22859
22864
22866
22868
22871
22872
22875
22876
22877
22884
22888
22896
22899
22899
22903
22903
22905
22909
22913
22914
22914
22916
22919
22931
22936
22936
22939
22941
22944
22946
22950
22950
22950
22952
22957
22963
22964
22973
22974
22974
22974
22982
22984
22992
22997
23002
23003
23008
23010
23011
23018
23021
23026
23034
23045
23046
23047
23048
23066
23066
23069
23072
23072
23072
23076
23078
23080
23081
23082
23083
23085
23085
23088
23092
23093
23096
23096
23097
23102
23116
23117
23118
23123
23125
23135
23139
23143
23145
23146
23150
23151
23153
23158
23159
23163
23164
23164
23172
23172
23174
23178
23181
23182
23186
23188
23191
23192
23198
23216
23220
23221
23224
23231
23235
23243
23243
23245
23248
23264
23271
23276
23286
23288
23288
23297
23300
23302
23305
23310
23311
23312
23323
23323
23329
23331
23333
23336
23339
23339
23340
23341
23343
23343
23344
23344
23349
23353
23361
23363
23368
23372
23380
23381
23386
23389
23389
23397
23402
23405
23405
23410
23415
23421
23427
23433
23434
23434
23442
23446
23447
23448
23452
23455
23456
23457
23461
23470
23480
23491
23492
23496
23496
23497
23500
23502
23503
23504
23504
23507
23510
23511
23512
23518
23546
23547
23547
23550
23556
23558
23561
23564
23566
23573
23576
23577
23578
23578
23579
23585
23590
23592
23592
23593
23593
23596
23604
23608
23610
23613
23623
23634
23635
23637
23642
23643
23645
23649
23655
23660
23660
23661
23663
23666
23666
23670
23671
23671
23672
23673
23679
23679
23680
23680
23684
23685
23693
23696
23701
23705
23710
23710
23717
23719
23719
23721
23722
23726
23736
23742
23744
23746
23749
23749
23751
23757
23766
23766
23767
23767
23774
23777
23778
23783
23785
23786
23793
23795
23803
23804
23805
23805
23806
23817
23825
23826
23829
23831
23836
23844
23849
23850
23851
23858
23863
23866
23872
23874
23876
23893
23895
23904
23905
23906
23921
23925
23927
23928
23933
23933
23936
23938
23941
23942
23945
23946
23947
23948
23950
23953
23958
23959
23959
23962
23966
23970
23973
23979
23979
23982
23982
23982
23989
23997
23998
24003
24004
24005
24015
24027
24030
24032
24033
24038
24040
24043
24043
24045
24046
24047
24050
24052
24052
24054
24068
24072
24078
24080
24084
24088
24089
24090
24091
24096
24100
24101
24105
24106
24109
24109
24112
24113
24113
24113
24115
24118
24123
24125
24126
24127
24132
24137
24143
24143
24144
24145
24148
24152
24154
24157
24159
24165
24165
24165
24175
24179
24183
24185
24185
24188
24196
24199
24199
24200
24200
24203
24216
24227
24227
24234
24236
24237
24238
24239
24240
24253
24253
24261
24263
24269
24273
24275
24292
24293
24293
24305
24312
24317
24322
24324
24327
24329
24338
24339
24350
24356
24363
24364
24368
24368
24373
24374
24377
24378
24379
24382
24387
24387
24388
24391
24401
24402
24420
24421
24422
24432
24439
24440
24443
24444
24445
24449
24450
24452
24452
24454
24454
24460
24465
24467
24467
24468
24469
24472
24477
24479
24479
24488
24491
24494
24494
24494
24496
24498
24502
24503
24504
24506
24506
24506
24516
24520
24522
24530
24531
24532
24536
24537
24537
24538
24539
24551
24554
24556
24557
24564
24574
24576
24581
24582
24583
24588
24597
24600
24603
24605
24612
24612
24612
24619
24619
24624
24625
24626
24629
24629
24630
24632
24634
24639
24643
24648
24651
24653
24658
24660
24661
24662
24664
24666
24672
24675
24681
24682
24689
24690
24691
24691
24707
24708
24708
24709
24712
24715
24717
24721
24722
24725
24725
24727
24730
24735
24739
24744
24745
24751
24756
24757
24759
24761
24762
24764
24765
24766
24767
24768
24772
24775
24777
24777
24777
24781
24781
24785
24785
24787
24788
24797
24798
24798
24799
24802
24804
24806
24807
24811
24817
24818
24818
24823
24829
24830
24833
24834
24846
24848
24851
24853
24858
24860
24861
24863
24865
24866
24868
24868
24872
24874
24876
24877
24883
24888
24888
24889
24890
24892
24897
24900
24900
24901
24905
24906
24910
24914
24916
24920
24922
24923
24930
24937
24946
24947
24949
24956
24958
24959
24962
24970
24970
24972
24973
24973
24973
24975
24983
24989
24991
24996
25000
25006
25011
25013
25016
25023
25027
25028
25029
25030
25038
25046
25047
25053
25061
25065
25066
25067
25068
25085
25092
25093
25094
25100
25104
25105
25109
25110
25115
25127
25127
25129
25134
25135
25137
25145
25148
25153
25156
25156
25160
25161
25166
25168
25170
25171
25172
25176
25177
25177
25181
25182
25184
25185
25185
25189
25194
25195
25200
25208
25211
25212
25220
25226
25227
25230
25232
25233
25241
25244
25248
25249
25253
25258
25259
25260
25261
25262
25266
25272
25275
25277
25277
25281
25282
25285
25287
25294
25306
25313
25319
25321
25323
25327
25329
25330
25331
25347
25349
25352
25352
25354
25356
25357
25358
25362
25367
25372
25373
25376
25381
25381
25383
25388
25388
25394
25394
25395
25396
25396
25398
25402
25402
25409
25413
25416
25416
25416
25418
25423
25428
25428
25429
25432
25432
25433
25438
25441
25444
25445
25451
25452
25452
25457
25457
25459
25467
25467
25477
25483
25486
25490
25491
25494
25501
25501
25503
25514
25515
25517
25517
25518
25523
25525
25530
25531
25534
25537
25540
25545
25545
25549
25550
25552
25556
25557
25560
25564
25564
25566
25566
25585
25587
25593
25596
25597
25599
25604
25607
25609
25610
25620
25620
25623
25628
25631
25634
25645
25649
25650
25650
25650
25654
25659
25661
25662
25663
25664
25668
25674
25682
25687
25690
25695
25696
25700
25704
25705
25706
25710
25716
25717
25721
25721
25721
25724
25727
25727
25728
25735
25737
25740
25741
25745
25751
25751
25756
25757
25758
25759
25761
25763
25766
25777
25782
25784
25786
25787
25790
25792
25794
25794
25798
25799
25803
25805
25805
25807
25808
25809
25811
25814
25820
25833
25835
25842
25846
25857
25871
25878
25880
25881
25882
25885
25885
25887
25897
25899
25900
25904
25908
25910
25914
25921
25921
25922
25926
25926
25927
25931
25934
25935
25947
25954
25957
25960
25961
25967
25968
25972
25972
25974
25986
25988
25989
25989
25992
25993
25995
25999
26004
26005
26007
26008
26012
26016
26016
26019
26021
26022
26023
26024
26030
26038
26038
26038
26041
26042
26045
26047
26056
26062
26068
26068
26080
26084
26086
26088
26090
26099
26104
26107
26110
26112
26112
26118
26122
26129
26130
26136
26141
26154
26165
26167
26173
26174
26175
26177
26178
26187
26192
26194
26201
26208
26209
26210
26211
26214
26218
26220
26221
26226
26226
26227
26228
26229
26232
26233
26239
26245
26250
26260
26266
26269
26269
26269
26274
26289
26289
26298
26298
26299
26303
26310
26314
26315
26325
26326
26328
26329
26329
26330
26334
26340
26343
26348
26362
26364
26366
26367
26368
26375
26375
26397
26406
26407
26410
26411
26419
26420
26425
26426
26427
26427
26430
26435
26437
26440
26445
26446
26454
26454
26461
26463
26464
26464
26464
26468
26469
26470
26470
26472
26475
26476
26478
26480
26482
26486
26490
26494
26494
26495
26496
26497
26499
26499
26506
26509
26510
26513
26515
26524
26525
26527
26531
26531
26534
26539
26539
26545
26546
26546
26547
26549
26550
26550
26551
26557
26559
26560
26562
26572
26575
26575
26577
26586
26587
26588
26588
26590
26592
26593
26599
26599
26599
26600
26603
26605
26606
26607
26612
26617
26618
26619
26621
26622
26622
26623
26628
26634
26637
26645
26648
26648
26650
26653
26662
26663
26665
26675
26678
26682
26684
26688
26689
26692
26693
26695
26702
26718
26719
26719
26721
26721
26725
26728
26730
26737
26743
26744
26745
26749
26750
26750
26759
26761
26767
26771
26772
26772
26775
26775
26775
26777
26777
26778
26781
26792
26799
26803
26807
26811
26815
26816
26817
26818
26819
26825
26826
26827
26828
26834
26842
26845
26853
26856
26859
26864
26866
26868
26869
26871
26874
26882
26885
26885
26886
26890
26893
26902
26910
26910
26912
26914
26918
26922
26922
26924
26925
26929
26935
26936
26940
26940
26958
26974
26974
26976
26977
26977
26977
26980
26986
26987
26992
27000
27002
27009
27009
27015
27015
27017
27023
27024
27031
27033
27033
27039
27040
27052
27054
27060
27067
27067
27068
27078
27079
27086
27094
27097
27099
27100
27100
27102
27103
27105
27108
27109
27111
27111
27112
27126
27130
27131
27133
27133
27138
27138
27150
27158
27161
27165
27169
27170
27174
27175
27182
27187
27188
27191
27193
27194
27194
27194
27199
27207
27211
27213
27214
27215
27215
27216
27217
27218
27221
27224
27226
27226
27231
27234
27236
27239
27241
27242
27245
27248
27248
27250
27260
27262
27265
27267
27270
27280
27282
27291
27293
27294
27298
27302
27302
27302
27305
27305
27306
27306
27309
27311
27316
27318
27320
27324
27324
27324
27326
27327
27327
27337
27338
27339
27343
27343
27346
27347
27352
27353
27361
27365
27387
27390
27395
27396
27399
27402
27405
27406
27407
27409
27409
27412
27413
27416
27416
27423
27424
27431
27434
27439
27444
27444
27447
27454
27461
27463
27464
27465
27469
27474
27489
27489
27496
27497
27504
27520
27522
27527
27527
27531
27534
27537
27538
27540
27541
27548
27552
27553
27555
27560
27560
27560
27561
27562
27563
27565
27580
27588
27599
27599
27600
27600
27601
27604
27607
27610
27617
27631
27632
27636
27636
27639
27641
27643
27647
27651
27662
27663
27663
27666
27671
27677
27680
27682
27692
27692
27706
27709
27709
27712
27713
27713
27713
27715
27715
27718
27724
27725
27731
27732
27740
27740
27745
27745
27745
27752
27757
27757
27758
27759
27763
27764
27771
27773
27774
27779
27781
27789
27791
27791
27796
27796
27797
27801
27803
27807
27817
27821
27822
27827
27830
27841
27848
27852
27855
27857
27858
27868
27874
27874
27882
27885
27889
27897
27898
27905
27911
27916
27918
27919
27924
27926
27942
27948
27957
27961
27965
27968
27968
27970
27971
27982
27984
27991
27992
27995
27997
27997
27998
28002
28007
28009
28009
28012
28018
28026
28030
28033
28040
28041
28041
28042
28043
28045
28049
28052
28056
28059
28064
28064
28068
28072
28083
28085
28087
28089
28092
28093
28094
28095
28100
28103
28106
28109
28112
28115
28124
28125
28126
28133
28135
28144
28144
28148
28152
28157
28158
28165
28166
28167
28172
28174
28175
28175
28186
28187
28189
28196
28201
28202
28213
28214
28219
28241
28249
28252
28255
28257
28257
28258
28262
28266
28269
28272
28274
28275
28279
28287
28288
28293
28293
28294
28294
28295
28298
28309
28312
28317
28319
28322
28331
28336
28338
28339
28342
28354
28355
28358
28358
28372
28376
28376
28379
28383
28385
28388
28390
28401
28407
28408
28413
28418
28423
28429
28430
28432
28434
28446
28451
28451
28455
28455
28458
28458
28462
28466
28467
28468
28484
28486
28492
28492
28503
28505
28506
28506
28507
28513
28515
28516
28516
28521
28533
28537
28544
28548
28549
28549
28557
28562
28564
28569
28570
28572
28581
28584
28594
28604
28608
28609
28610
28612
28615
28622
28628
28629
28630
28631
28632
28638
28639
28639
28644
28651
28652
28663
28668
28671
28674
28680
28685
28691
28692
28696
28698
28700
28712
28714
28715
28715
28717
28720
28722
28732
28744
28747
28747
28749
28750
28752
28756
28757
28761
28770
28776
28783
28783
28787
28791
28797
28801
28804
28805
28806
28806
28806
28806
28808
28813
28817
28819
28822
28823
28825
28826
28829
28833
28834
28835
28838
28839
28850
28850
28850
28863
28864
28865
28865
28866
28866
28892
28896
28906
28910
28934
28935
28938
28943
28946
28957
28960
28963
28964
28966
28971
28971
28976
28976
28985
28985
28985
28986
28993
28993
28994
28996
28999
29000
29001
29001
29001
29009
29009
29010
29028
29029
29036
29045
29045
29048
29049
29051
29058
29065
29068
29072
29076
29079
29087
29091
29092
29095
29102
29103
29105
29107
29110
29117
29119
29123
29126
29127
29129
29134
29134
29134
29141
29142
29142
29145
29149
29152
29153
29156
29158
29161
29168
29180
29180
29184
29184
29189
29201
29205
29207
29208
29214
29217
29218
29219
29231
29231
29239
29248
29251
29252
29253
29258
29259
29261
29263
29264
29268
29269
29270
29272
29275
29275
29276
29290
29292
29294
29299
29303
29306
29306
29308
29309
29310
29319
29321
29330
29332
29332
29338
29341
29345
29347
29349
29349
29350
29368
29370
29372
29372
29373
29373
29377
29377
29381
29383
29385
29386
29389
29391
29393
29397
29399
29401
29403
29404
29406
29409
29412
29415
29416
29420
29427
29428
29430
29430
29431
29441
29452
29458
29461
29462
29468
29470
29472
29473
29484
29484
29485
29487
29488
29495
29497
29497
29502
29503
29508
29517
29520
29524
29525
29530
29535
29541
29543
29551
29553
29554
29571
29572
29572
29577
29578
29583
29584
29584
29594
29598
29598
29599
29604
29619
29619
29620
29620
29624
29624
29624
29625
29629
29633
29635
29636
29648
29653
29656
29662
29666
29667
29667
29671
29672
29677
29679
29681
29682
29684
29686
29686
29690
29692
29699
29702
29704
29704
29706
29707
29708
29709
29713
29714
29716
29720
29727
29733
29744
29745
29746
29751
29754
29755
29756
29761
29761
29765
29765
29767
29769
29777
29780
29783
29788
29789
29791
29802
29804
29807
29809
29814
29815
29818
29830
29830
29834
29835
29840
29845
29847
29849
29849
29850
29851
29852
29854
29854
29855
29856
29862
29862
29864
29867
29868
29870
29879
29882
29883
29883
29883
29884
29885
29886
29886
29887
29899
29899
29905
29905
29905
29910
29911
29918
29919
29921
29922
29928
29928
29930
29932
29935
29935
29937
29937
29940
29954
29957
29959
29964
29969
29970
29975
29980
29983
29986
29993
29994
29999
30003
30004
30014
30014
30015
30019
30024
30029
30029
30030
30031
30033
30035
30038
30059
30059
30065
30065
30079
30087
30091
30091
30103
30103
30126
30128
30128
30139
30145
30145
30146
30150
30151
30157
30171
30174
30175
30180
30180
30182
30184
30185
30186
30188
30188
30192
30197
30199
30200
30211
30211
30212
30215
30215
30220
30222
30222
30225
30226
30226
30226
30229
30230
30233
30233
30237
30241
30245
30251
30255
30260
30262
30262
30262
30263
30263
30267
30270
30274
30276
30280
30283
30284
30286
30288
30290
30291
30292
30293
30294
30298
30310
30312
30314
30334
30336
30336
30340
30344
30352
30352
30353
30353
30354
30355
30356
30361
30366
30368
30368
30371
30373
30375
30381
30382
30382
30385
30390
30393
30397
30401
30407
30410
30410
30413
30423
30428
30429
30430
30432
30438
30448
30455
30457
30461
30462
30468
30475
30484
30486
30497
30497
30507
30508
30510
30511
30511
30512
30516
30516
30522
30523
30524
30525
30527
30531
30532
30533
30536
30538
30541
30543
30547
30549
30549
30552
30553
30558
30564
30564
30568
30569
30571
30585
30585
30586
30590
30591
30592
30593
30593
30593
30600
30606
30607
30612
30615
30617
30619
30619
30625
30625
30625
30630
30636
30641
30646
30653
30656
30657
30665
30666
30670
30673
30675
30675
30677
30684
30687
30689
30692
30693
30694
30698
30702
30704
30704
30708
30710
30726
30730
30730
30734
30736
30738
30747
30748
30753
30756
30756
30760
30760
30762
30766
30769
30780
30782
30789
30792
30799
30805
30805
30807
30812
30815
30823
30825
30830
30833
30833
30834
30835
30837
30843
30848
30848
30852
30852
30854
30860
30861
30863
30865
30871
30871
30872
30873
30884
30884
30898
30903
30907
30907
30910
30913
30916
30927
30932
30932
30936
30939
30939
30940
30944
30954
30956
30959
30959
30962
30962
30963
30967
30968
30973
30973
30973
30980
30980
30984
30985
30985
30986
30987
30993
30996
31000
31007
31011
31013
31015
31018
31018
31018
31025
31030
31034
31045
31047
31048
31050
31050
31051
31057
31071
31072
31074
31076
31078
31082
31087
31088
31089
31093
31104
31112
31114
31115
31116
31117
31118
31119
31121
31123
31126
31131
31131
31135
31138
31138
31143
31148
31152
31158
31162
31165
31169
31171
31179
31179
31180
31182
31186
31191
31193
31194
31194
31199
31200
31201
31203
31206
31208
31210
31216
31219
31219
31220
31227
31230
31232
31234
31238
31239
31241
31242
31242
31247
31248
31249
31250
31250
31251
31258
31262
31268
31270
31270
31275
31278
31280
31284
31285
31293
31305
31305
31312
31315
31317
31322
31334
31339
31340
31341
31348
31353
31359
31366
31368
31373
31378
31381
31382
31386
31387
31387
31388
31394
31394
31398
31400
31401
31404
31406
31406
31407
31407
31407
31412
31415
31420
31428
31435
31439
31442
31443
31450
31451
31452
31452
31453
31457
31457
31460
31464
31466
31473
31473
31476
31476
31480
31480
31482
31484
31488
31509
31514
31515
31515
31519
31528
31529
31532
31533
31533
31535
31543
31543
31544
31544
31544
31546
31546
31546
31547
31552
31556
31565
31569
31574
31574
31582
31583
31584
31584
31589
31589
31597
31601
31602
31608
31609
31613
31616
31623
31630
31630
31631
31634
31643
31650
31651
31652
31652
31663
31666
31674
31674
31678
31679
31681
31697
31700
31704
31705
31707
31718
31718
31722
31723
31723
31725
31736
31736
31737
31739
31744
31749
31752
31756
31759
31760
31763
31763
31765
31767
31771
31772
31772
31774
31778
31779
31780
31783
31789
31800
31804
31813
31817
31818
31826
31832
31833
31834
31838
31841
31848
31849
31853
31866
31868
31874
31876
31880
31881
31881
31884
31894
31894
31901
31902
31907
31908
31909
31912
31913
31916
31917
31920
31926
31926
31928
31928
31930
31934
31935
31942
31943
31944
31945
31947
31948
31951
31962
31962
31969
31969
31970
31971
31972
31973
31976
31978
31979
31982
31983
31983
31993
31995
31996
31998
32002
32003
32004
32010
32014
32016
32024
32031
32032
32035
32038
32041
32044
32044
32044
32046
32052
32053
32061
32064
32068
32069
32073
32081
32083
32086
32093
32095
32097
32099
32099
32110
32111
32111
32123
32124
32128
32128
32129
32131
32133
32140
32142
32144
32148
32151
32151
32152
32154
32155
32155
32161
32162
32182
32182
32183
32186
32188
32193
32194
32198
32204
32215
32218
32220
32223
32224
32226
32228
32230
32240
32241
32246
32248
32248
32249
32251
32253
32253
32255
32257
32262
32263
32271
32272
32281
32288
32290
32292
32295
32304
32304
32305
32309
32314
32315
32316
32322
32325
32327
32329
32333
32336
32341
32342
32342
32343
32344
32352
32354
32361
32362
32363
32364
32367
32367
32374
32379
32381
32382
32383
32384
32384
32387
32390
32392
32399
32400
32402
32406
32407
32410
32412
32413
32422
32423
32427
32428
32433
32433
32437
32438
32438
32443
32445
32450
32460
32468
32472
32474
32475
32481
32484
32485
32486
32490
32496
32500
32502
32506
32509
32516
32518
32520
32520
32521
32524
32526
32527
32529
32532
32533
32537
32540
32542
32546
32547
32553
32554
32560
32561
32561
32565
32569
32570
32571
32577
32578
32578
32582
32593
32596
32602
32605
32606
32607
32609
32610
32610
32611
32611
32612
32620
32620
32625
32629
32635
32637
32639
32646
32647
32655
32661
32662
32663
32668
32670
32671
32676
32689
32697
32701
32707
32707
32707
32708
32717
32718
32724
32724
32725
32726
32728
32739
32742
32743
32750
32761
32765
