3
6
7
12
20
20
27
28
34
37
47
47
50
51
52
54
54
56
56
59
60
61
62
63
65
66
70
70
71
71
72
74
77
80
91
95
99
109
111
111
140
142
144
148
151
152
161
167
170
176
178
192
198
206
211
211
214
225
229
236
240
243
246
247
257
257
264
265
265
269
274
282
292
292
293
294
294
295
305
305
307
314
315
317
318
323
331
335
335
348
349
354
357
361
364
365
366
367
369
371
372
374
376
378
383
385
390
391
394
398
399
402
404
405
406
406
407
414
416
418
420
421
421
421
422
425
428
428
431
433
444
444
445
445
452
453
458
463
468
472
483
485
488
488
489
493
493
494
494
495
497
501
504
511
515
518
518
519
520
525
530
531
531
532
534
537
541
544
544
549
551
551
552
555
558
570
576
579
580
580
580
585
588
606
609
610
612
615
616
618
618
620
622
636
637
642
649
658
660
672
672
673
673
675
675
676
677
681
683
684
685
688
688
692
692
692
696
703
704
705
707
709
710
713
714
729
733
734
735
742
751
753
754
757
764
768
768
770
773
775
782
782
783
784
784
793
796
796
796
799
800
801
811
814
817
820
823
823
828
829
830
830
834
834
839
841
855
863
864
865
865
869
873
874
875
877
878
880
887
888
888
890
891
891
894
897
903
909
910
916
925
926
932
936
937
942
949
956
960
960
963
968
969
973
979
980
983
984
985
999
1011
1013
1017
1018
1018
1018
1022
1022
1026
1026
1027
1029
1031
1031
1038
1046
1046
1047
1047
1048
1050
1069
1080
1086
1087
1092
1092
1093
1093
1096
1102
1107
1108
1110
1114
1114
1115
1120
1122
1124
1130
1135
1135
1136
1140
1142
1145
1147
1147
1152
1154
1157
1159
1163
1164
1167
1172
1175
1176
1179
1184
1186
1190
1196
1198
1198
1204
1207
1208
1210
1212
1215
1224
1228
1229
1229
1232
1232
1233
1236
1237
1240
1242
1242
1244
1252
1267
1269
1269
1272
1275
1277
1284
1286
1293
1300
1300
1305
1306
1307
1318
1321
1324
1325
1327
1327
1330
1331
1332
1340
1342
1346
1352
1356
1368
1372
1373
1374
1375
1382
1394
1399
1400
1404
1405
1409
1412
1414
1421
1426
1432
1438
1444
1446
1450
1451
1451
1452
1453
1453
1457
1458
1468
1468
1469
1469
1470
1483
1485
1487
1493
1494
1495
1497
1497
1499
1500
1504
1505
1507
1512
1516
1516
1520
1525
1528
1532
1533
1533
1539
1542
1543
1544
1550
1552
1556
1560
1567
1578
1579
1579
1579
1581
1591
1593
1594
1598
1600
1604
1612
1621
1621
1622
1623
1631
1636
1638
1640
1641
1642
1642
1647
1648
1650
1656
1658
1663
1665
1674
1681
1684
1689
1689
1690
1701
1703
1704
1715
1716
1718
1724
1734
1739
1744
1746
1747
1750
1764
1765
1766
1770
1771
1772
1773
1776
1776
1780
1792
1796
1799
1802
1803
1803
1808
1808
1809
1815
1815
1816
1825
1825
1826
1828
1831
1831
1832
1832
1833
1835
1840
1845
1852
1856
1857
1865
1866
1873
1875
1876
1884
1891
1892
1892
1899
1916
1916
1930
1932
1938
1938
1938
1938
1940
1941
1946
1949
1952
1952
1955
1962
1963
1965
1966
1968
1981
1982
1984
1988
1990
1991
1999
2010
2010
2011
2012
2014
2020
2023
2029
2030
2033
2037
2037
2040
2042
2046
2049
2052
2053
2056
2067
2074
2074
2076
2080
2089
2089
2090
2091
2099
2101
2102
2103
2104
2107
2110
2112
2112
2115
2116
2120
2121
2121
2125
2132
2138
2143
2145
2145
2145
2148
2148
2155
2155
2157
2158
2160
2161
2165
2167
2169
2178
2179
2184
2184
2185
2185
2186
2187
2193
2195
2199
2201
2202
2202
2204
2206
2206
2210
2220
2224
2224
2233
2233
2234
2242
2245
2251
2254
2254
2254
2265
2272
2272
2277
2278
2279
2282
2285
2292
2294
2298
2299
2302
2309
2312
2315
2318
2323
2325
2327
2328
2329
2332
2343
2344
2364
2373
2380
2381
2382
2384
2384
2386
2387
2387
2388
2401
2402
2402
2404
2409
2410
2411
2415
2416
2422
2423
2425
2431
2433
2434
2437
2438
2443
2444
2445
2445
2447
2450
2451
2451
2455
2455
2455
2462
2474
2476
2480
2482
2492
2492
2496
2497
2499
2506
2507
2512
2518
2521
2521
2522
2526
2532
2535
2535
2537
2539
2540
2550
2552
2553
2553
2553
2554
2555
2558
2559
2560
2562
2564
2565
2565
2565
2566
2575
2577
2577
2580
2581
2585
2588
2592
2593
2595
2597
2598
2601
2602
2606
2607
2611
2612
2615
2615
2620
2620
2622
2626
2639
2639
2643
2644
2645
2649
2651
2658
2659
2662
2663
2673
2675
2675
2678
2682
2688
2690
2691
2692
2696
2698
2701
2715
2717
2719
2727
2729
2730
2733
2734
2736
2744
2745
2748
2755
2756
2760
2761
2764
2767
2772
2772
2777
2779
2779
2781
2782
2784
2787
2789
2790
2792
2795
2796
2797
2799
2802
2805
2807
2809
2811
2813
2823
2826
2827
2833
2834
2837
2839
2839
2842
2843
2843
2854
2855
2863
2869
2869
2870
2874
2882
2883
2884
2897
2901
2905
2908
2908
2909
2915
2928
2932
2935
2940
2940
2951
2953
2961
2965
2965
2972
2979
2979
2984
2986
2988
2990
2990
2992
2999
3000
3001
3002
3003
3004
3005
3005
3021
3022
3024
3025
3025
3029
3029
3034
3034
3039
3043
3044
3046
3050
3056
3079
3079
3083
3084
3085
3086
3090
3098
3104
3104
3108
3110
3113
3115
3116
3116
3121
3126
3132
3134
3138
3138
3139
3145
3157
3158
3169
3171
3175
3178
3178
3184
3186
3189
3190
3193
3203
3206
3207
3207
3214
3215
3218
3221
3229
3230
3230
3231
3234
3237
3243
3246
3247
3247
3247
3253
3254
3257
3257
3259
3262
3263
3266
3269
3271
3271
3274
3276
3278
3280
3281
3285
3289
3290
3300
3300
3313
3320
3323
3327
3329
3342
3343
3346
3346
3348
3355
3360
3362
3362
3363
3367
3367
3373
3375
3378
3379
3380
3386
3390
3396
3396
3398
3401
3405
3408
3409
3417
3425
3426
3428
3433
3435
3436
3438
3445
3445
3446
3447
3456
3458
3460
3463
3465
3467
3467
3470
3483
3490
3491
3491
3495
3497
3506
3509
3513
3513
3515
3519
3522
3524
3529
3530
3532
3532
3534
3536
3538
3544
3545
3551
3554
3555
3557
3559
3559
3563
3569
3569
3571
3573
3579
3587
3587
3588
3596
3600
3605
3605
3608
3610
3611
3618
3619
3620
3622
3624
3626
3631
3633
3638
3649
3649
3650
3658
3658
3661
3661
3664
3666
3669
3670
3671
3671
3678
3679
3682
3685
3685
3689
3689
3692
3694
3695
3696
3699
3701
3707
3707
3711
3712
3719
3722
3722
3726
3726
3730
3734
3737
3739
3741
3750
3750
3753
3758
3762
3764
3769
3769
3771
3771
3774
3774
3776
3778
3779
3781
3781
3781
3784
3787
3787
3799
3801
3802
3803
3804
3804
3807
3814
3816
3816
3820
3824
3826
3827
3828
3829
3836
3846
3855
3856
3859
3864
3864
3869
3872
3876
3877
3879
3884
3888
3891
3896
3899
3903
3905
3909
3920
3925
3926
3928
3937
3945
3946
3949
3949
3951
3967
3972
3974
3975
4001
4017
4018
4021
4028
4031
4031
4032
4037
4040
4043
4047
4047
4047
4048
4055
4064
4066
4067
4071
4082
4082
4084
4084
4085
4087
4087
4089
4090
4090
4090
4095
4098
4102
4102
4106
4113
4114
4119
4126
4129
4130
4131
4151
4155
4166
4169
4170
4172
4176
4177
4179
4183
4186
4203
4208
4213
4218
4219
4219
4222
4225
4226
4227
4228
4228
4234
4235
4239
4239
4243
4254
4260
4264
4265
4272
4273
4281
4283
4287
4292
4292
4295
4299
4300
4305
4308
4313
4315
4315
4320
4323
4325
4331
4341
4345
4346
4348
4350
4350
4352
4352
4353
4353
4360
4360
4362
4365
4370
4373
4374
4379
4379
4390
4391
4392
4394
4398
4405
4406
4414
4415
4417
4419
4422
4423
4430
4431
4433
4441
4444
4448
4450
4452
4455
4456
4467
4467
4467
4476
4480
4482
4483
4483
4491
4492
4494
4502
4502
4506
4507
4515
4516
4516
4524
4524
4527
4528
4530
4533
4538
4541
4548
4555
4557
4563
4568
4571
4575
4584
4586
4595
4613
4618
4620
4620
4621
4621
4623
4623
4624
4628
4639
4649
4650
4653
4654
4658
4662
4669
4674
4679
4679
4680
4685
4688
4690
4694
4696
4702
4703
4706
4707
4708
4711
4722
4725
4728
4728
4729
4729
4734
4735
4735
4737
4737
4739
4740
4741
4753
4758
4759
4760
4768
4768
4774
4779
4779
4780
4782
4785
4786
4786
4790
4797
4811
4832
4834
4837
4837
4844
4847
4848
4852
4853
4858
4859
4864
4864
4865
4866
4870
4873
4876
4878
4879
4881
4885
4887
4889
4890
4891
4893
4894
4898
4899
4904
4906
4906
4910
4914
4922
4923
4925
4928
4929
4930
4936
4943
4943
4945
4945
4946
4961
4968
4972
4975
4976
4979
4985
4986
4986
4986
4990
4995
4999
5008
5011
5017
5025
5028
5030
5036
5040
5046
5049
5050
5050
5054
5059
5067
5068
5070
5070
5075
5085
5086
5094
5099
5102
5111
5119
5123
5124
5125
5132
5136
5137
5140
5145
5148
5156
5160
5163
5163
5165
5167
5172
5181
5181
5183
5190
5192
5204
5211
5211
5212
5216
5217
5218
5223
5224
5228
5228
5228
5232
5234
5242
5247
5251
5251
5253
5255
5257
5260
5263
5264
5268
5271
5271
5273
5273
5274
5277
5280
5290
5296
5301
5301
5309
5317
5318
5318
5327
5330
5340
5341
5345
5349
5351
5352
5359
5359
5361
5363
5363
5365
5373
5375
5381
5381
5389
5402
5402
5406
5410
5411
5412
5412
5413
5418
5425
5434
5437
5437
5438
5440
5444
5444
5446
5449
5451
5453
5458
5459
5460
5463
5466
5469
5471
5471
5473
5475
5475
5476
5477
5484
5490
5490
5494
5498
5504
5506
5507
5509
5510
5510
5510
5510
5511
5511
5517
5520
5521
5525
5527
5531
5531
5532
5534
5535
5536
5540
5545
5550
5553
5557
5561
5566
5568
5572
5573
5582
5585
5587
5595
5599
5600
5602
5608
5608
5614
5617
5618
5624
5628
5628
5630
5639
5642
5643
5647
5648
5650
5658
5671
5677
5677
5679
5686
5695
5695
5702
5706
5708
5709
5710
5714
5715
5716
5721
5723
5725
5725
5736
5739
5739
5740
5743
5744
5748
5749
5749
5751
5754
5760
5760
5762
5762
5763
5764
5769
5781
5781
5783
5788
5792
5794
5797
5800
5802
5804
5806
5806
5809
5810
5810
5811
5813
5813
5815
5820
5821
5832
5835
5836
5836
5839
5845
5846
5847
5851
5853
5855
5856
5864
5865
5870
5871
5873
5879
5881
5883
5883
5885
5885
5889
5892
5893
5899
5899
5901
5906
5916
5920
5921
5922
5926
5927
5931
5935
5937
5939
5940
5953
5953
5953
5956
5967
5968
5968
5979
5980
5980
5982
5984
5986
5987
5987
5988
5988
5991
5993
5999
6000
6004
6007
6007
6008
6010
6019
6020
6021
6025
6029
6030
6036
6039
6043
6045
6045
6047
6049
6053
6055
6058
6065
6076
6077
6078
6087
6090
6095
6096
6102
6104
6105
6105
6106
6107
6120
6123
6128
6128
6129
6131
6131
6131
6137
6144
6145
6148
6155
6161
6162
6172
6175
6176
6180
6187
6195
6195
6196
6196
6198
6205
6206
6210
6211
6213
6213
6214
6214
6218
6221
6223
6224
6227
6227
6232
6233
6234
6234
6237
6239
6242
6246
6247
6253
6261
6263
6263
6267
6268
6272
6275
6275
6276
6283
6293
6293
6305
6307
6315
6320
6324
6327
6331
6331
6337
6338
6339
6342
6354
6358
6360
6366
6366
6368
6374
6378
6378
6380
6381
6382
6388
6390
6396
6399
6403
6404
6410
6413
6422
6424
6427
6427
6430
6434
6439
6441
6442
6443
6451
6456
6457
6467
6469
6469
6472
6474
6476
6476
6478
6489
6489
6491
6492
6494
6500
6500
6503
6505
6508
6510
6511
6511
6521
6526
6526
6526
6530
6532
6535
6536
6539
6544
6549
6550
6551
6553
6558
6559
6563
6565
6566
6571
6581
6584
6584
6584
6593
6594
6594
6594
6594
6600
6601
6602
6606
6607
6611
6614
6616
6624
6626
6629
6641
6645
6646
6653
6655
6655
6660
6664
6667
6670
6675
6680
6682
6685
6686
6688
6689
6696
6705
6707
6710
6710
6714
6720
6728
6733
6735
6741
6748
6749
6750
6751
6752
6752
6754
6754
6756
6766
6772
6778
6784
6787
6789
6789
6790
6791
6793
6794
6794
6795
6795
6797
6803
6804
6810
6820
6821
6821
6823
6825
6828
6828
6830
6831
6834
6837
6839
6839
6843
6844
6845
6845
6848
6853
6855
6862
6871
6871
6874
6875
6878
6879
6880
6888
6894
6897
6900
6901
6903
6903
6903
6904
6905
6916
6921
6922
6924
6925
6931
6932
6942
6961
6962
6963
6965
6968
6971
6973
6976
6978
6981
6982
6984
6984
6994
7001
7002
7003
7004
7006
7007
7009
7013
7024
7032
7034
7042
7044
7045
7046
7046
7050
7051
7053
7055
7065
7065
7068
7070
7070
7071
7078
7082
7083
7085
7086
7089
7093
7096
7097
7099
7104
7104
7107
7108
7111
7112
7120
7121
7122
7122
7124
7125
7126
7138
7140
7147
7149
7154
7154
7155
7158
7158
7159
7161
7165
7167
7167
7167
7167
7168
7169
7173
7178
7179
7185
7185
7191
7200
7203
7206
7206
7206
7207
7210
7220
7225
7236
7243
7251
7252
7259
7260
7263
7264
7270
7270
7271
7272
7279
7281
7286
7293
7296
7303
7306
7308
7310
7313
7318
7325
7325
7325
7339
7340
7341
7341
7346
7346
7348
7350
7351
7351
7359
7365
7370
7375
7375
7376
7378
7378
7379
7387
7387
7389
7390
7392
7393
7397
7397
7398
7399
7401
7407
7414
7420
7437
7439
7454
7455
7455
7456
7457
7461
7470
7476
7477
7478
7479
7488
7492
7496
7496
7505
7510
7510
7516
7516
7521
7525
7526
7527
7528
7529
7531
7537
7540
7541
7541
7542
7545
7545
7547
7550
7551
7555
7556
7562
7562
7571
7575
7580
7581
7585
7586
7588
7590
7590
7593
7597
7601
7604
7605
7606
7607
7608
7610
7612
7617
7621
7626
7627
7627
7628
7629
7633
7633
7636
7638
7643
7647
7648
7652
7655
7656
7657
7675
7678
7681
7698
7700
7703
7714
7714
7715
7715
7716
7717
7717
7722
7725
7733
7742
7743
7745
7747
7749
7749
7751
7752
7754
7757
7760
7762
7773
7777
7781
7781
7782
7785
7787
7792
7798
7799
7799
7800
7805
7810
7812
7817
7817
7819
7826
7832
7833
7835
7835
7841
7842
7849
7849
7855
7857
7858
7859
7860
7862
7862
7865
7867
7869
7869
7871
7874
7876
7877
7889
7889
7890
7893
7895
7899
7910
7911
7913
7920
7926
7943
7944
7954
7968
7970
7979
7980
7981
7981
7991
7991
7994
8003
8003
8005
8008
8019
8026
8026
8028
8030
8034
8037
8040
8045
8051
8056
8072
8073
8074
8077
8077
8081
8083
8086
8091
8092
8095
8095
8098
8103
8103
8104
8106
8114
8115
8116
8116
8116
8117
8118
8132
8133
8133
8141
8141
8146
8150
8151
8151
8152
8153
8155
8156
8159
8161
8176
8177
8185
8190
8195
8208
8210
8213
8213
8223
8225
8225
8228
8228
8231
8232
8234
8236
8239
8240
8244
8260
8262
8265
8272
8278
8278
8279
8288
8294
8304
8306
8315
8324
8334
8337
8338
8339
8339
8340
8341
8346
8346
8349
8349
8356
8360
8360
8363
8363
8364
8375
8381
8385
8387
8391
8393
8405
8407
8410
8417
8420
8423
8426
8428
8430
8433
8439
8450
8452
8454
8459
8459
8459
8460
8461
8468
8469
8473
8476
8482
8483
8485
8485
8489
8490
8492
8494
8500
8503
8512
8516
8517
8518
8519
8519
8520
8520
8522
8533
8538
8541
8546
8549
8549
8551
8551
8552
8552
8553
8567
8570
8573
8574
8578
8579
8579
8586
8588
8588
8588
8589
8594
8596
8602
8603
8604
8605
8607
8610
8614
8614
8617
8623
8627
8629
8630
8631
8631
8632
8639
8641
8643
8655
8656
8658
8664
8667
8672
8675
8676
8677
8686
8687
8692
8701
8702
8702
8708
8709
8716
8717
8717
8729
8730
8733
8739
8740
8742
8743
8745
8747
8748
8755
8758
8767
8772
8778
8787
8796
8801
8802
8806
8807
8808
8819
8822
8822
8830
8837
8842
8843
8844
8846
8849
8850
8851
8851
8851
8854
8856
8859
8862
8865
8865
8867
8874
8878
8878
8879
8884
8888
8888
8896
8900
8910
8912
8916
8918
8918
8924
8926
8927
8927
8930
8930
8933
8944
8949
8949
8951
8952
8957
8957
8958
8964
8967
8969
8971
8971
8971
8972
8975
8978
8979
8980
8981
8981
8985
8985
8987
8990
9009
9014
9019
9021
9024
9024
9034
9036
9038
9041
9045
9047
9047
9051
9052
9056
9071
9073
9081
9082
9083
9084
9084
9085
9096
9098
9109
9112
9113
9117
9123
9126
9127
9128
9130
9137
9140
9143
9144
9148
9149
9151
9152
9153
9155
9157
9159
9170
9176
9181
9183
9185
9187
9187
9189
9192
9194
9195
9197
9198
9199
9200
9201
9201
9203
9204
9204
9210
9211
9211
9212
9222
9225
9228
9234
9236
9237
9246
9250
9250
9253
9257
9258
9262
9265
9272
9276
9279
9284
9292
9294
9296
9296
9298
9299
9304
9304
9311
9315
9319
9324
9326
9331
9333
9338
9350
9353
9355
9355
9366
9367
9370
9375
9377
9378
9380
9382
9382
9386
9388
9389
9392
9394
9398
9401
9402
9404
9405
9408
9412
9413
9418
9422
9423
9425
9429
9438
9438
9438
9443
9449
9453
9457
9464
9465
9471
9472
9473
9475
9477
9478
9478
9479
9481
9490
9494
9498
9499
9501
9507
9526
9527
9531
9532
9534
9536
9547
9550
9552
9554
9565
9568
9570
9572
9591
9597
9597
9603
9609
9615
9616
9619
9620
9622
9629
9630
9631
9637
9645
9650
9650
9655
9659
9659
9664
9665
9668
9670
9675
9676
9689
9694
9694
9694
9697
9698
9699
9703
9709
9710
9721
9721
9724
9726
9727
9731
9733
9737
9742
9742
9744
9745
9748
9754
9755
9756
9764
9765
9767
9774
9774
9779
9779
9782
9783
9787
9787
9788
9790
9791
9791
9792
9794
9795
9798
9801
9808
9811
9814
9816
9821
9825
9826
9827
9828
9832
9835
9837
9838
9838
9838
9847
9848
9850
9859
9860
9863
9866
9867
9873
9881
9881
9883
9883
9887
9888
9890
9893
9909
9911
9911
9913
9914
9914
9916
9920
9921
9925
9933
9933
9937
9937
9942
9944
9946
9946
9947
9947
9965
9967
9967
9968
9980
9980
9980
9981
9982
9982
9983
9985
9985
9992
9997
9997
10001
10003
10005
10009
10013
10015
10015
10021
10022
10036
10037
10038
10041
10041
10046
10052
10052
10060
10065
10066
10067
10068
10071
10074
10081
10090
10091
10094
10094
10097
10105
10117
10121
10125
10126
10155
10158
10161
10163
10165
10172
10179
10181
10182
10190
10193
10193
10195
10203
10206
10210
10220
10222
10241
10244
10248
10249
10250
10251
10254
10255
10258
10268
10271
10273
10278
10279
10286
10289
10292
10292
10295
10296
10298
10303
10303
10306
10308
10310
10313
10317
10321
10322
10326
10328
10332
10334
10338
10340
10343
10345
10348
10348
10362
10365
10367
10369
10372
10386
10387
10391
10394
10395
10402
10413
10426
10427
10428
10429
10431
10432
10433
10434
10435
10435
10439
10440
10447
10448
10449
10452
10453
10458
10458
10459
10461
10467
10472
10472
10473
10485
10489
10495
10499
10500
10501
10503
10503
10503
10508
10509
10509
10512
10512
10513
10514
10515
10521
10526
10526
10528
10530
10539
10545
10551
10553
10559
10565
10569
10574
10584
10589
10594
10597
10604
10606
10615
10617
10622
10627
10630
10632
10638
10640
10642
10646
10648
10648
10657
10659
10659
10667
10681
10682
10682
10683
10687
10692
10692
10694
10694
10698
10702
10703
10705
10709
10710
10720
10724
10730
10732
10738
10739
10739
10741
10743
10751
10759
10762
10763
10770
10771
10773
10774
10778
10780
10780
10783
10784
10785
10787
10791
10793
10793
10800
10812
10813
10814
10818
10827
10831
10831
10839
10845
10845
10857
10863
10867
10869
10870
10870
10876
10880
10882
10885
10886
10887
10889
10889
10890
10893
10895
10903
10904
10910
10911
10915
10916
10920
10920
10921
10924
10925
10932
10935
10935
10945
10945
10951
10952
10954
10958
10959
10959
10962
10968
10973
10975
10976
10979
10984
10987
10993
10995
10999
10999
11004
11012
11013
11015
11016
11016
11020
11021
11027
11033
11037
11038
11055
11057
11066
11070
11074
11079
11083
11088
11088
11090
11091
11093
11099
11100
11107
11108
11109
11114
11115
11115
11118
11119
11122
11123
11127
11129
11130
11139
11142
11148
11150
11151
11151
11153
11154
11157
11157
11164
11167
11169
11170
11172
11172
11173
11179
11184
11186
11186
11206
11207
11208
11209
11209
11213
11214
11216
11222
11225
11230
11234
11239
11241
11248
11250
11251
11251
11252
11254
11254
11257
11261
11261
11268
11271
11278
11283
11283
11289
11293
11294
11294
11303
11305
11309
11309
11310
11316
11331
11334
11335
11342
11343
11348
11349
11355
11358
11361
11362
11363
11364
11369
11383
11389
11391
11392
11392
11393
11397
11397
11399
11399
11403
11411
11414
11417
11419
11422
11422
11424
11429
11438
11440
11448
11452
11457
11457
11457
11460
11462
11462
11465
11469
11471
11476
11480
11481
11482
11485
11489
11490
11498
11498
11499
11503
11504
11507
11507
11514
11515
11523
11523
11525
11530
11537
11541
11542
11543
11546
11547
11550
11551
11551
11552
11552
11552
11564
11567
11573
11576
11576
11582
11585
11586
11590
11595
11604
11623
11626
11626
11631
11634
11637
11643
11644
11645
11646
11655
11668
11673
11673
11676
11677
11679
11680
11688
11693
11699
11701
11701
11701
11706
11707
11718
11726
11731
11731
11735
11737
11738
11741
11743
11745
11746
11752
11754
11756
11757
11763
11764
11765
11766
11771
11777
11781
11791
11792
11799
11802
11803
11808
11813
11817
11827
11831
11832
11832
11834
11836
11844
11844
11852
11853
11856
11857
11860
11862
11868
11870
11871
11875
11878
11884
11890
11891
11895
11895
11896
11909
11916
11917
11918
11920
11923
11924
11936
11940
11940
11950
11951
11951
11956
11956
11957
11963
11968
11968
11972
11975
11975
11979
11982
11989
11989
11989
11995
11996
11996
11997
11999
11999
12001
12001
12013
12015
12015
12018
12019
12028
12033
12038
12040
12041
12043
12050
12056
12059
12059
12062
12064
12065
12067
12068
12069
12069
12071
12073
12075
12076
12078
12078
12079
12082
12083
12084
12087
12087
12099
12101
12101
12102
12103
12113
12119
12120
12121
12123
12123
12124
12127
12134
12137
12142
12142
12146
12146
12148
12149
12150
12153
12157
12157
12160
12163
12164
12167
12170
12172
12173
12175
12177
12180
12188
12189
12191
12193
12197
12200
12205
12206
12206
12210
12211
12212
12216
12217
12218
12220
12220
12221
12226
12227
12229
12234
12234
12237
12237
12239
12240
12250
12251
12255
12264
12272
12278
12278
12279
12281
12281
12286
12286
12291
12293
12293
12302
12305
12315
12317
12318
12326
12330
12333
12334
12336
12351
12353
12357
12357
12363
12367
12367
12369
12369
12372
12378
12380
12386
12388
12394
12395
12396
12400
12402
12403
12404
12409
12417
12417
12422
12423
12424
12432
12435
12440
12445
12449
12450
12455
12457
12458
12460
12465
12468
12470
12472
12478
12480
12481
12482
12482
12483
12487
12490
12492
12494
12496
12505
12508
12509
12514
12523
12523
12524
12526
12527
12529
12529
12530
12531
12532
12536
12542
12544
12547
12547
12551
12555
12555
12581
12581
12582
12590
12592
12594
12594
12597
12601
12601
12605
12612
12614
12614
12617
12619
12621
12622
12623
12623
12624
12632
12635
12639
12639
12641
12642
12645
12647
12652
12654
12655
12657
12657
12661
12670
12671
12672
12674
12676
12676
12677
12677
12692
12692
12695
12696
12698
12698
12699
12700
12700
12704
12712
12713
12721
12739
12743
12746
12752
12753
12758
12762
12762
12765
12769
12789
12794
12796
12797
12798
12815
12825
12835
12836
12837
12837
12839
12843
12845
12861
12862
12863
12867
12870
12875
12878
12882
12885
12896
12899
12903
12903
12907
12908
12911
12916
12918
12919
12923
12924
12925
12927
12928
12934
12935
12939
12942
12944
12945
12948
12950
12953
12957
12958
12961
12964
12967
12973
12975
12976
12976
12984
12985
12986
12990
12991
12993
12995
12997
12998
12998
13001
13006
13007
13009
13010
13012
13012
13012
13015
13017
13018
13019
13021
13023
13023
13024
13029
13030
13032
13032
13033
13038
13046
13053
13054
13056
13059
13059
13071
13077
13086
13091
13092
13092
13096
13099
13100
13102
13104
13104
13111
13114
13117
13121
13129
13138
13142
13144
13144
13146
13149
13161
13161
13168
13168
13169
13171
13173
13176
13176
13177
13178
13184
13186
13189
13191
13191
13199
13200
13203
13204
13204
13204
13211
13218
13219
13224
13226
13232
13242
13244
13252
13255
13259
13260
13262
13264
13264
13267
13267
13268
13285
13294
13299
13301
13302
13304
13309
13314
13320
13320
13321
13322
13325
13330
13331
13332
13336
13336
13337
13340
13340
13351
13354
13356
13363
13365
13365
13367
13371
13375
13377
13385
13389
13392
13400
13400
13403
13409
13417
13421
13421
13427
13429
13430
13443
13443
13444
13446
13446
13449
13451
13451
13453
13465
13467
13470
13474
13475
13477
13479
13482
13491
13493
13494
13496
13505
13510
13510
13510
13515
13517
13519
13520
13520
13524
13535
13536
13536
13540
13548
13558
13560
13560
13564
13564
13566
13572
13579
13580
13584
13585
13587
13589
13589
13590
13594
13596
13600
13604
13605
13609
13616
13617
13620
13621
13626
13627
13636
13647
13648
13650
13651
13651
13655
13657
13665
13669
13673
13675
13676
13679
13680
13684
13684
13688
13688
13690
13694
13695
13696
13697
13699
13702
13702
13714
13715
13717
13720
13725
13726
13729
13729
13735
13737
13742
13742
13745
13749
13754
13757
13757
13762
13765
13769
13772
13780
13781
13783
13784
13789
13795
13796
13805
13812
13814
13815
13819
13825
13826
13827
13830
13833
13844
13859
13868
13875
13877
13882
13885
13891
13891
13893
13894
13899
13901
13910
13915
13915
13918
13929
13930
13930
13933
13936
13938
13941
13942
13943
13943
13944
13946
13947
13947
13949
13950
13954
13956
13956
13957
13960
13961
13961
13965
13967
13967
13972
13974
13976
13981
13984
13985
13986
13989
13997
14001
14006
14009
14009
14021
14022
14024
14026
14026
14032
14032
14034
14036
14038
14041
14042
14042
14047
14056
14059
14060
14062
14066
14067
14071
14071
14073
14077
14083
14084
14087
14088
14093
14095
14100
14103
14106
14108
14113
14114
14119
14125
14129
14130
14133
14141
14141
14142
14147
14150
14155
14157
14159
14160
14161
14175
14176
14180
14181
14188
14188
14190
14191
14199
14209
14211
14212
14217
14220
14221
14222
14223
14224
14228
14232
14233
14235
14236
14238
14239
14240
14243
14243
14252
14254
14256
14268
14275
14279
14282
14302
14305
14310
14315
14316
14318
14318
14328
14332
14335
14343
14344
14349
14350
14351
14352
14353
14354
14355
14360
14364
14370
14373
14379
14382
14383
14383
14389
14391
14391
14393
14405
14407
14410
14411
14411
14412
14418
14420
14423
14424
14427
14431
14434
14437
14437
14439
14440
14440
14441
14448
14450
14451
14453
14456
14456
14457
14461
14463
14466
14468
14469
14472
14475
14477
14481
14489
14493
14498
14498
14503
14503
14504
14505
14507
14515
14517
14517
14518
14525
14527
14530
14536
14537
14540
14540
14544
14551
14552
14553
14557
14559
14564
14564
14565
14571
14574
14576
14578
14579
14581
14583
14589
14595
14595
14598
14598
14604
14611
14612
14615
14622
14625
14627
14627
14627
14629
14637
14640
14649
14654
14654
14655
14659
14663
14665
14675
14676
14684
14690
14697
14701
14703
14717
14719
14723
14727
14730
14730
14736
14739
14748
14750
14751
14753
14754
14755
14757
14759
14759
14762
14768
14773
14779
14780
14785
14805
14805
14807
14808
14812
14813
14813
14819
14822
14835
14836
14836
14837
14843
14845
14846
14846
14854
14854
14854
14856
14859
14859
14861
14867
14868
14868
14880
14883
14884
14886
14887
14891
14891
14893
14902
14911
14919
14921
14921
14931
14934
14934
14936
14937
14938
14938
14940
14940
14943
14945
14952
14955
14957
14964
14969
14971
14975
14977
14981
14989
14994
14996
14996
14996
14999
15001
15013
15013
15015
15017
15017
15019
15019
15020
15020
15025
15027
15028
15032
15034
15037
15042
15043
15043
15048
15049
15052
15054
15055
15057
15058
15059
15060
15071
15081
15083
15089
15090
15099
15109
15110
15111
15111
15114
15116
15118
15120
15123
15133
15134
15134
15134
15134
15135
15144
15148
15151
15152
15154
15157
15158
15161
15162
15163
15166
15166
15168
15172
15177
15179
15182
15184
15193
15194
15196
15211
15212
15217
15222
15223
15224
15233
15234
15235
15235
15236
15240
15240
15242
15242
15244
15245
15246
15251
15262
15266
15267
15271
15272
15274
15286
15286
15286
15288
15290
15290
15292
15298
15298
15300
15300
15301
15302
15305
15306
15313
15316
15317
15318
15319
15322
15323
15325
15327
15327
15329
15330
15335
15338
15340
15340
15341
15345
15346
15355
15358
15364
15364
15369
15370
15374
15376
15380
15383
15385
15391
15398
15400
15403
15403
15408
15408
15409
15412
15413
15423
15426
15429
15430
15431
15444
15448
15450
15452
15458
15461
15466
15480
15483
15484
15484
15489
15491
15492
15494
15496
15500
15509
15512
15518
15521
15522
15530
15540
15545
15547
15552
15554
15557
15558
15562
15565
15566
15570
15582
15583
15586
15587
15588
15588
15589
15593
15595
15597
15604
15608
15611
15613
15627
15630
15631
15636
15641
15644
15645
15647
15650
15652
15652
15653
15653
15659
15660
15664
15666
15669
15672
15680
15682
15686
15689
15696
15701
15701
15701
15702
15704
15706
15707
15711
15713
15716
15716
15717
15718
15718
15718
15720
15720
15726
15728
15730
15732
15733
15738
15739
15740
15744
15744
15745
15751
15755
15758
15761
15762
15763
15773
15774
15775
15777
15778
15779
15781
15782
15782
15791
15797
15800
15806
15808
15809
15809
15809
15812
15814
15815
15817
15826
15836
15843
15847
15848
15851
15862
15874
15878
15879
15879
15883
15892
15893
15894
15895
15897
15897
15898
15899
15904
15905
15908
15908
15913
15914
15918
15919
15922
15922
15924
15929
15939
15943
15945
15953
15964
15970
15972
15982
15986
15988
15988
15989
15989
15997
16003
16004
16007
16007
16017
16019
16020
16021
16022
16027
16029
16034
16038
16040
16042
16042
16044
16046
16052
16053
16053
16055
16066
16075
16079
16080
16081
16084
16085
16088
16092
16095
16101
16102
16107
16112
16115
16118
16120
16122
16128
16129
16138
16142
16142
16144
16151
16152
16158
16158
16159
16163
16167
16168
16171
16175
16182
16189
16194
16195
16198
16200
16215
16215
16218
16221
16222
16226
16242
16243
16248
16249
16250
16251
16257
16260
16260
16265
16265
16267
16274
16275
16277
16283
16286
16287
16290
16291
16292
16293
16296
16311
16314
16314
16315
16321
16331
16332
16333
16335
16339
16343
16344
16348
16349
16351
16354
16358
16366
16368
16370
16373
16378
16386
16391
16394
16400
16401
16402
16405
16406
16409
16409
16409
16415
16418
16419
16423
16425
16428
16430
16435
16438
16441
16443
16444
16450
16451
16452
16453
16462
16462
16464
16465
16468
16471
16480
16482
16488
16489
16489
16495
16495
16496
16501
16508
16512
16515
16518
16518
16520
16521
16527
16528
16532
16533
16534
16535
16543
16546
16546
16546
16548
16554
16555
16557
16559
16561
16565
16573
16580
16580
16583
16585
16585
16590
16592
16603
16603
16609
16612
16614
16616
16616
16618
16640
16649
16650
16656
16658
16661
16664
16669
16670
16678
16681
16684
16684
16687
16694
16698
16698
16699
16704
16706
16713
16717
16718
16725
16729
16729
16732
16734
16737
16738
16739
16742
16745
16749
16749
16757
16758
16763
16765
16775
16776
16776
16786
16790
16790
16791
16795
16795
16798
16799
16799
16803
16807
16807
16811
16811
16813
16814
16821
16824
16825
16825
16830
16830
16838
16842
16842
16843
16846
16853
16854
16854
16862
16863
16883
16886
16894
16904
16905
16910
16917
16918
16919
16921
16924
16927
16927
16929
16929
16940
16943
16950
16957
16958
16959
16964
16967
16968
16976
16976
16977
16987
16988
16989
16990
17000
17002
17004
17005
17011
17014
17015
17022
17025
17027
17031
17042
17047
17057
17058
17059
17060
17064
17071
17076
17080
17093
17099
17104
17104
17108
17112
17118
17118
17128
17131
17133
17139
17155
17156
17157
17161
17164
17164
17164
17165
17185
17186
17186
17187
17199
17201
17202
17207
17212
17213
17222
17222
17225
17226
17232
17234
17238
17240
17242
17243
17244
17250
17251
17256
17257
17261
17272
17274
17280
17281
17299
17300
17303
17320
17329
17335
17336
17337
17337
17339
17340
17349
17351
17352
17355
17360
17360
17366
17366
17368
17371
17372
17376
17377
17382
17386
17390
17390
17392
17394
17400
17406
17409
17412
17420
17421
17427
17428
17429
17429
17434
17435
17441
17444
17445
17446
17446
17447
17450
17451
17454
17457
17461
17462
17462
17462
17464
17464
17466
17470
17475
17476
17484
17485
17488
17489
17495
17495
17496
17499
17504
17507
17507
17508
17514
17515
17520
17524
17530
17531
17533
17539
17544
17544
17546
17551
17552
17552
17562
17564
17564
17577
17580
17580
17580
17583
17584
17587
17588
17590
17593
17595
17595
17603
17609
17616
17616
17618
17619
17621
17626
17626
17628
17629
17629
17632
17635
17635
17639
17642
17642
17643
17657
17663
17666
17669
17674
17674
17681
17693
17696
17696
17703
17705
17706
17706
17712
17713
17719
17724
17725
17727
17728
17732
17734
17738
17741
17743
17749
17750
17752
17753
17756
17760
17762
17762
17766
17769
17770
17780
17786
17788
17791
17792
17793
17794
17798
17805
17805
17806
17807
17808
17814
17816
17823
17823
17828
17831
17834
17840
17842
17842
17843
17843
17852
17852
17854
17861
17862
17867
17868
17873
17879
17885
17886
17890
17893
17893
17897
17906
17909
17912
17912
17912
17920
17924
17928
17933
17935
17936
17940
17943
17944
17945
17947
17947
17952
17953
17954
17957
17971
17976
17978
17978
17983
17985
17986
17987
17990
17992
17994
18000
18000
18007
18008
18017
18021
18021
18022
18027
18029
18033
18039
18041
18041
18044
18045
18045
18046
18047
18052
18053
18053
18059
18060
18071
18077
18078
18083
18089
18091
18092
18094
18094
18095
18095
18095
18097
18103
18105
18105
18105
18107
18114
18119
18120
18125
18126
18129
18141
18145
18146
18149
18155
18157
18157
18161
18163
18164
18165
18167
18167
18173
18181
18181
18183
18185
18185
18186
18187
18199
18200
18200
18204
18209
18214
18230
18238
18239
18243
18251
18252
18254
18254
18257
18259
18260
18262
18265
18266
18269
18271
18276
18277
18284
18285
18290
18291
18292
18298
18299
18303
18311
18323
18323
18330
18335
18335
18340
18341
18343
18344
18347
18347
18358
18359
18362
18362
18363
18365
18367
18368
18368
18377
18381
18387
18388
18388
18389
18391
18397
18405
18413
18417
18417
18428
18431
18435
18437
18437
18453
18455
18455
18458
18461
18461
18463
18465
18465
18466
18471
18477
18478
18485
18485
18500
18504
18505
18509
18512
18516
18520
18523
18525
18525
18537
18542
18551
18553
18564
18569
18569
18573
18587
18601
18603
18604
18604
18604
18605
18607
18608
18610
18610
18617
18619
18625
18633
18635
18635
18636
18637
18639
18641
18643
18652
18659
18660
18662
18662
18673
18675
18681
18687
18687
18698
18702
18706
18708
18719
18720
18727
18728
18732
18732
18740
18742
18746
18752
18757
18758
18763
18767
18768
18773
18777
18780
18787
18790
18793
18805
18809
18810
18812
18817
18823
18823
18825
18832
18836
18839
18839
18844
18844
18845
18845
18847
18849
18850
18853
18853
18855
18855
18856
18857
18862
18865
18866
18868
18886
18890
18890
18893
18898
18899
18902
18905
18907
18912
18918
18919
18925
18931
18937
18939
18944
18946
18950
18956
18961
18971
18977
18982
18985
18986
19005
19007
19012
19012
19016
19019
19020
19021
19026
19027
19030
19034
19035
19040
19041
19042
19048
19051
19055
19056
19057
19057
19063
19070
19073
19074
19078
19078
19082
19083
19084
19089
19091
19105
19108
19112
19118
19120
19121
19121
19122
19133
19137
19137
19138
19139
19140
19145
19145
19151
19154
19156
19162
19169
19169
19173
19183
19183
19184
19188
19190
19190
19192
19193
19196
19203
19204
19205
19207
19207
19212
19217
19217
19227
19229
19230
19231
19234
19242
19242
19243
19248
19249
19253
19259
19261
19269
19271
19273
19273
19283
19284
19287
19291
19295
19296
19309
19313
19316
19322
19323
19325
19326
19332
19336
19337
19337
19342
19344
19356
19356
19358
19358
19365
19367
19369
19372
19374
19375
19376
19378
19379
19380
19381
19384
19385
19389
19391
19392
19399
19401
19401
19403
19406
19406
19415
19418
19419
19427
19428
19432
19434
19437
19445
19446
19450
19450
19457
19461
19462
19473
19474
19476
19480
19482
19486
19487
19491
19496
19497
19498
19502
19503
19504
19504
19507
19509
19509
19515
19517
19522
19527
19528
19530
19530
19535
19536
19537
19542
19543
19544
19544
19545
19546
19547
19561
19564
19564
19565
19565
19573
19575
19577
19577
19579
19580
19584
19588
19594
19597
19598
19602
19606
19607
19612
19613
19617
19620
19622
19622
19623
19625
19626
19627
19629
19630
19639
19642
19644
19652
19653
19655
19656
19660
19660
19660
19663
19666
19670
19671
19677
19678
19679
19688
19690
19691
19691
19691
19692
19692
19693
19693
19698
19706
19709
19711
19713
19717
19719
19721
19735
19735
19738
19742
19744
19744
19746
19751
19752
19755
19759
19767
19768
19769
19771
19773
19777
19777
19783
19791
19791
19799
19804
19805
19810
19812
19813
19817
19817
19823
19826
19833
19834
19837
19838
19842
19847
19848
19849
19851
19851
19852
19853
19857
19861
19863
19863
19869
19869
19872
19875
19880
19880
19887
19889
19896
19899
19899
19900
19900
19901
19903
19908
19912
19915
19916
19919
19920
19926
19930
19936
19936
19951
19952
19952
19955
19956
19959
19960
19966
19970
19970
19978
19982
19984
19987
19993
19993
19994
19999
19999
20000
20003
20007
20009
20010
20017
20019
20024
20034
20036
20036
20038
20046
20047
20047
20047
20050
20051
20051
20054
20054
20055
20056
20067
20068
20072
20073
20074
20076
20086
20091
20091
20095
20096
20098
20099
20099
20100
20114
20117
20117
20120
20128
20134
20144
20147
20148
20149
20149
20159
20161
20165
20169
20181
20181
20184
20186
20191
20193
20193
20201
20208
20210
20213
20215
20221
20222
20225
20226
20230
20231
20234
20236
20237
20239
20244
20250
20251
20253
20259
20259
20259
20282
20282
20283
20294
20294
20297
20305
20310
20310
20313
20317
20319
20319
20324
20335
20340
20343
20350
20351
20352
20355
20359
20369
20374
20379
20394
20396
20397
20398
20400
20401
20404
20405
20405
20405
20406
20406
20411
20415
20418
20429
20433
20438
20442
20443
20445
20447
20447
20457
20458
20466
20468
20471
20472
20473
20483
20486
20486
20488
20497
20499
20503
20506
20506
20508
20512
20512
20515
20518
20519
20520
20520
20521
20523
20525
20526
20535
20535
20537
20538
20543
20549
20552
20554
20561
20561
20563
20563
20577
20582
20584
20590
20591
20593
20595
20596
20597
20600
20603
20603
20613
20617
20620
20623
20634
20635
20640
20641
20644
20646
20648
20648
20649
20653
20653
20653
20654
20658
20659
20660
20663
20668
20670
20677
20677
20681
20682
20683
20692
20695
20699
20701
20702
20703
20708
20709
20711
20714
20717
20717
20721
20722
20724
20724
20727
20727
20733
20747
20747
20754
20757
20761
20763
20764
20769
20770
20773
20774
20775
20776
20781
20785
20787
20789
20796
20796
20796
20798
20798
20799
20805
20811
20811
20814
20814
20815
20816
20816
20819
20820
20821
20824
20829
20832
20837
20839
20844
20844
20873
20885
20891
20893
20896
20899
20902
20902
20903
20904
20905
20912
20913
20920
20923
20924
20925
20931
20939
20944
20945
20947
20951
20951
20955
20973
20975
20978
20979
20979
20981
20983
20984
20989
20995
21000
21012
21013
21013
21021
21022
21030
21039
21040
21041
21049
21052
21066
21075
21076
21079
21080
21080
21080
21082
21082
21084
21084
21099
21100
21103
21117
21119
21120
21128
21131
21131
21139
21143
21144
21146
21148
21148
21153
21157
21159
21159
21161
21171
21171
21172
21175
21177
21178
21180
21180
21181
21185
21192
21195
21201
21202
21208
21210
21216
21216
21220
21222
21225
21227
21228
21229
21230
21232
21244
21245
21247
21248
21248
21253
21253
21254
21254
21254
21258
21266
21270
21270
21271
21272
21273
21277
21279
21284
21297
21304
21305
21306
21309
21318
21321
21324
21327
21327
21329
21330
21333
21343
21344
21346
21347
21348
21353
21353
21355
21358
21362
21363
21364
21367
21369
21377
21383
21385
21387
21391
21391
21393
21396
21399
21400
21401
21406
21413
21413
21415
21418
21419
21421
21429
21429
21430
21430
21432
21437
21443
21445
21448
21454
21455
21457
21460
21464
21469
21472
21473
21474
21477
21485
21492
21493
21502
21502
21502
21503
21503
21508
21509
21514
21517
21518
21519
21526
21527
21530
21532
21535
21546
21553
21562
21563
21564
21564
21568
21569
21573
21577
21578
21582
21594
21597
21598
21598
21607
21607
21623
21623
21626
21628
21630
21633
21644
21646
21653
21659
21672
21677
21677
21678
21678
21679
21679
21682
21688
21691
21697
21702
21705
21707
21708
21708
21709
21716
21717
21718
21720
21720
21722
21729
21730
21731
21731
21740
21752
21777
21777
21778
21785
21785
21786
21790
21793
21796
21805
21807
21807
21816
21817
21819
21822
21822
21826
21826
21827
21838
21839
21840
21842
21844
21846
21850
21851
21855
21857
21858
21861
21865
21871
21876
21876
21889
21889
21890
21892
21899
21899
21910
21915
21918
21918
21919
21923
21933
21939
21941
21943
21947
21950
21950
21954
21955
21958
21959
21960
21961
21965
21967
21974
21976
21982
21982
21983
21984
22001
22001
22002
22006
22008
22017
22017
22022
22023
22027
22032
22032
22039
22042
22052
22061
22069
22073
22074
22081
22087
22090
22092
22092
22092
22097
22098
22100
22103
22104
22110
22112
22113
22118
22119
22121
22122
22131
22135
22136
22138
22138
22141
22142
22155
22159
22164
22164
22167
22167
22168
22174
22178
22186
22189
22196
22201
22207
22208
22214
22215
22219
22221
22229
22234
22237
22241
22247
22249
22250
22263
22263
22265
22268
22269
22273
22283
22283
22287
22289
22289
22291
22298
22298
22304
22309
22320
22322
22324
22327
22334
22334
22346
22354
22357
22357
22364
22366
22367
22371
22371
22372
22373
22376
22380
22382
22384
22389
22390
22397
22400
22408
22410
22410
22412
22418
22419
22420
22430
22436
22437
22439
22442
22443
22444
22445
22446
22448
22448
22450
22451
22452
22453
22454
22454
22455
22456
22456
22459
22464
22464
22467
22468
22469
22470
22475
22478
22479
22483
22484
22496
22501
22503
22505
22509
22510
22513
22514
22514
22522
22525
22526
22531
22532
22534
22542
22546
22552
22558
22561
22564
22568
22574
22574
22580
22580
22584
22585
22587
22587
22589
22594
22600
22602
22602
22609
22617
22620
22626
22627
22629
22630
22633
22646
22648
22651
22651
22653
22656
22663
22670
22683
22685
22687
22688
22688
22690
22691
22694
22696
22702
22705
22705
22705
22710
22715
22721
22732
22738
22742
22742
22745
22755
22766
22781
22788
22795
22799
22801
22803
22804
22806
22812
22818
22819
22823
22827
22832
22833
22834
22835
22836
22836
22836
22839
22842
22846
22855
22856
22865
22870
22873
22877
22878
22885
22888
22897
22901
22903
22903
22905
22910
22916
22920
22922
22933
22941
22943
22944
22945
22947
22955
22970
22970
22978
22981
22985
23002
23006
23009
23009
23015
23023
23023
23024
23027
23035
23035
23035
23035
23046
23054
23057
23062
23062
23064
23065
23066
23067
23069
23071
23071
23078
23081
23083
23087
23087
23105
23105
23106
23108
23109
23110
23116
23117
23119
23123
23124
23124
23124
23124
23131
23136
23140
23141
23143
23148
23150
23166
23169
23172
23173
23182
23182
23186
23203
23204
23206
23206
23215
23215
23218
23220
23224
23227
23232
23234
23234
23236
23236
23243
23245
23252
23253
23256
23263
23271
23271
23272
23275
23282
23284
23285
23286
23293
23294
23299
23300
23300
23313
23317
23326
23331
23331
23333
23341
23344
23351
23352
23354
23356
23363
23368
23370
23373
23376
23379
23382
23382
23382
23388
23390
23392
23392
23395
23395
23397
23397
23408
23408
23408
23413
23422
23423
23423
23427
23431
23432
23434
23436
23441
23445
23449
23450
23454
23455
23455
23456
23466
23467
23469
23469
23472
23480
23481
23490
23492
23497
23499
23501
23504
23504
23508
23512
23518
23520
23526
23527
23527
23528
23532
23537
23541
23541
23546
23547
23549
23552
23554
23557
23558
23560
23560
23560
23563
23563
23566
23566
23567
23567
23570
23570
23573
23582
23596
23609
23622
23626
23630
23644
23652
23652
23657
23660
23662
23672
23677
23679
23683
23685
23686
23686
23693
23694
23695
23696
23702
23705
23706
23710
23713
23716
23717
23720
23720
23722
23722
23732
23732
23734
23737
23742
23742
23746
23749
23751
23751
23757
23758
23760
23766
23767
23768
23769
23774
23779
23780
23780
23784
23784
23799
23802
23803
23810
23815
23816
23818
23822
23825
23831
23834
23834
23846
23850
23853
23863
23865
23869
23873
23880
23882
23882
23884
23890
23891
23895
23895
23900
23910
23912
23915
23915
23916
23919
23926
23927
23928
23929
23930
23934
23944
23946
23947
23954
23978
23979
23980
23982
23998
24000
24002
24004
24008
24011
24013
24023
24024
24027
24027
24033
24035
24035
24041
24043
24051
24060
24060
24062
24063
24063
24067
24070
24072
24075
24078
24083
24094
24099
24101
24103
24106
24112
24113
24116
24117
24119
24122
24124
24128
24131
24132
24132
24133
24133
24133
24135
24136
24136
24138
24139
24148
24151
24157
24165
24166
24179
24182
24183
24185
24186
24187
24190
24190
24191
24197
24201
24203
24204
24211
24215
24215
24217
24218
24221
24223
24226
24229
24232
24236
24236
24237
24239
24246
24246
24255
24257
24262
24271
24274
24274
24279
24280
24286
24290
24290
24291
24292
24294
24295
24305
24308
24309
24315
24329
24329
24337
24339
24341
24347
24350
24351
24352
24355
24359
24360
24361
24363
24368
24371
24377
24385
24389
24394
24395
24406
24408
24412
24417
24418
24423
24424
24430
24438
24438
24441
24442
24443
24458
24459
24460
24461
24462
24464
24466
24467
24469
24469
24472
24472
24473
24473
24480
24480
24480
24481
24484
24484
24489
24495
24498
24501
24502
24505
24506
24511
24515
24515
24516
24516
24518
24520
24527
24530
24537
24544
24551
24551
24566
24578
24581
24582
24583
24587
24590
24595
24596
24597
24598
24599
24603
24607
24607
24611
24613
24613
24613
24613
24614
24615
24615
24619
24620
24621
24623
24625
24627
24628
24634
24638
24646
24657
24659
24662
24667
24667
24669
24672
24674
24676
24676
24679
24684
24684
24687
24691
24691
24693
24697
24702
24703
24703
24704
24705
24706
24710
24711
24715
24719
24720
24721
24724
24725
24727
24727
24733
24743
24746
24748
24748
24752
24752
24755
24762
24770
24775
24778
24781
24782
24796
24798
24801
24803
24808
24808
24815
24822
24823
24824
24825
24840
24840
24842
24848
24855
24857
24859
24860
24862
24870
24874
24875
24878
24879
24881
24887
24888
24898
24901
24901
24910
24915
24916
24916
24917
24928
24933
24933
24941
24946
24948
24949
24963
24967
24969
24974
24975
24976
24979
24982
24983
24988
24997
24998
25001
25003
25009
25010
25014
25015
25015
25017
25022
25024
25036
25046
25049
25054
25057
25059
25068
25070
25070
25072
25081
25082
25082
25085
25087
25088
25089
25095
25102
25106
25110
25114
25115
25115
25118
25118
25123
25128
25137
25140
25146
25151
25154
25155
25162
25164
25164
25165
25167
25169
25172
25177
25180
25181
25183
25192
25195
25198
25203
25205
25209
25215
25216
25218
25220
25222
25226
25231
25231
25232
25236
25237
25240
25244
25247
25250
25260
25266
25267
25268
25271
25273
25274
25276
25282
25285
25288
25292
25293
25296
25302
25302
25304
25305
25310
25312
25313
25316
25318
25319
25320
25322
25324
25327
25332
25334
25335
25336
25340
25344
25347
25354
25357
25362
25364
25367
25375
25378
25379
25385
25386
25391
25393
25397
25398
25405
25406
25415
25416
25419
25420
25421
25432
25432
25435
25440
25440
25449
25454
25456
25458
25463
25468
25469
25472
25474
25475
25477
25483
25491
25501
25501
25504
25507
25510
25515
25517
25517
25519
25521
25521
25524
25525
25526
25528
25528
25529
25530
25531
25536
25542
25542
25547
25547
25548
25554
25556
25566
25566
25568
25573
25574
25579
25582
25583
25584
25585
25595
25596
25598
25601
25604
25607
25610
25610
25612
25613
25617
25619
25630
25636
25638
25644
25646
25648
25648
25652
25652
25652
25657
25657
25664
25671
25674
25681
25683
25692
25695
25698
25705
25712
25716
25716
25719
25722
25724
25727
25732
25733
25740
25741
25742
25743
25748
25751
25757
25759
25759
25763
25765
25770
25770
25778
25780
25789
25793
25793
25800
25801
25804
25805
25811
25817
25819
25823
25828
25830
25830
25831
25834
25841
25844
25844
25846
25851
25856
25857
25863
25866
25869
25870
25873
25877
25884
25885
25892
25908
25921
25921
25924
25924
25924
25927
25929
25939
25942
25945
25945
25948
25950
25952
25954
25955
25962
25963
25965
25965
25973
25983
25986
25988
25989
25989
25995
26002
26003
26004
26010
26012
26014
26017
26020
26024
26026
26036
26042
26048
26050
26055
26057
26060
26060
26071
26073
26079
26080
26081
26086
26089
26090
26092
26094
26094
26095
26095
26100
26100
26104
26106
26106
26108
26111
26117
26119
26119
26119
26121
26122
26125
26127
26135
26140
26147
26150
26156
26157
26157
26161
26162
26165
26166
26167
26167
26168
26170
26171
26171
26176
26178
26184
26192
26192
26199
26213
26214
26224
26229
26238
26242
26242
26250
26259
26266
26267
26276
26277
26284
26285
26289
26290
26291
26292
26299
26305
26309
26309
26311
26314
26317
26318
26319
26324
26324
26329
26330
26333
26338
26342
26344
26346
26354
26358
26359
26359
26361
26369
26372
26374
26380
26388
26390
26392
26395
26397
26407
26413
26418
26420
26421
26422
26424
26427
26427
26428
26428
26431
26431
26434
26434
26437
26440
26443
26444
26449
26449
26452
26458
26466
26469
26473
26476
26480
26487
26488
26488
26493
26504
26511
26517
26518
26529
26531
26534
26541
26544
26547
26549
26550
26550
26551
26551
26564
26566
26571
26578
26593
26599
26600
26603
26605
26610
26612
26617
26618
26618
26625
26629
26630
26631
26639
26640
26641
26647
26652
26657
26659
26663
26667
26669
26670
26673
26676
26678
26678
26678
26680
26684
26685
26686
26691
26693
26700
26709
26714
26714
26716
26718
26722
26722
26723
26727
26730
26736
26738
26747
26747
26750
26752
26755
26756
26759
26760
26761
26761
26764
26765
26766
26770
26770
26771
26772
26785
26785
26789
26793
26815
26820
26828
26829
26835
26838
26846
26851
26854
26857
26862
26866
26871
26874
26886
26892
26893
26895
26897
26900
26904
26904
26908
26909
26909
26912
26914
26918
26920
26921
26925
26927
26933
26936
26939
26947
26951
26951
26955
26957
26962
26967
26967
26970
26971
26976
26976
26981
26987
26988
26998
26999
26999
27000
27006
27009
27011
27013
27013
27014
27017
27018
27019
27020
27025
27027
27027
27029
27033
27038
27042
27044
27048
27052
27053
27060
27061
27062
27075
27077
27084
27085
27086
27088
27092
27093
27093
27100
27100
27107
27108
27110
27111
27113
27114
27114
27117
27121
27125
27129
27132
27135
27137
27138
27150
27153
27157
27157
27162
27166
27170
27173
27176
27178
27179
27184
27188
27193
27193
27197
27200
27202
27203
27208
27212
27212
27213
27215
27223
27223
27230
27232
27233
27235
27237
27241
27246
27253
27254
27255
27261
27269
27272
27273
27299
27302
27303
27305
27308
27310
27316
27317
27322
27327
27335
27336
27337
27338
27342
27345
27349
27356
27356
27361
27363
27367
27367
27367
27370
27371
27380
27380
27382
27382
27383
27383
27383
27386
27389
27391
27393
27417
27420
27421
27423
27425
27430
27430
27436
27439
27441
27442
27450
27450
27451
27457
27458
27459
27463
27465
27466
27467
27473
27473
27473
27480
27485
27486
27487
27488
27490
27495
27497
27498
27504
27509
27511
27513
27515
27516
27527
27532
27536
27538
27543
27546
27550
27553
27561
27562
27563
27563
27564
27566
27583
27586
27589
27590
27593
27595
27596
27599
27599
27601
27607
27609
27612
27616
27623
27624
27630
27632
27632
27637
27644
27644
27645
27645
27649
27651
27651
27653
27658
27659
27659
27664
27664
27665
27668
27683
27687
27691
27695
27698
27699
27704
27709
27711
27716
27717
27719
27720
27721
27727
27728
27729
27732
27744
27748
27755
27757
27760
27761
27762
27767
27777
27781
27783
27786
27800
27801
27802
27805
27808
27811
27813
27813
27819
27821
27822
27822
27827
27830
27839
27842
27843
27848
27849
27850
27855
27856
27860
27860
27861
27862
27863
27865
27866
27871
27879
27879
27880
27880
27884
27885
27887
27888
27893
27899
27904
27905
27913
27919
27923
27925
27928
27929
27930
27931
27932
27933
27940
27943
27948
27956
27959
27959
27968
27970
27982
27984
27987
27987
28000
28008
28014
28014
28019
28026
28030
28035
28038
28038
28040
28044
28046
28048
28049
28056
28060
28073
28079
28085
28089
28090
28101
28103
28105
28111
28112
28114
28118
28118
28121
28126
28126
28126
28131
28134
28135
28137
28142
28144
28145
28159
28159
28161
28162
28164
28165
28169
28176
28182
28184
28187
28189
28194
28197
28197
28199
28200
28203
28210
28210
28216
28218
28219
28220
28223
28226
28226
28228
28231
28234
28237
28241
28244
28245
28248
28249
28251
28255
28256
28257
28259
28262
28264
28265
28265
28267
28267
28267
28267
28286
28295
28299
28299
28304
28306
28308
28309
28314
28319
28322
28322
28325
28328
28331
28332
28337
28343
28346
28349
28351
28352
28353
28358
28362
28370
28380
28386
28389
28393
28404
28405
28410
28411
28414
28415
28415
28415
28416
28417
28426
28433
28439
28445
28447
28457
28459
28461
28464
28471
28477
28479
28480
28481
28482
28483
28484
28492
28492
28494
28499
28504
28507
28508
28509
28510
28515
28529
28534
28536
28537
28544
28544
28551
28555
28558
28564
28565
28567
28568
28570
28572
28576
28580
28581
28582
28585
28587
28587
28588
28589
28593
28594
28594
28600
28602
28603
28606
28607
28611
28611
28613
28614
28616
28617
28618
28620
28620
28621
28624
28624
28631
28632
28637
28642
28645
28647
28652
28654
28656
28657
28662
28663
28665
28669
28670
28675
28677
28680
28681
28681
28689
28692
28693
28694
28696
28699
28702
28704
28704
28705
28710
28712
28724
28731
28733
28735
28736
28740
28743
28750
28752
28753
28754
28755
28755
28764
28765
28771
28774
28783
28790
28791
28792
28793
28800
28807
28810
28812
28814
28818
28825
28827
28828
28829
28831
28831
28838
28841
28847
28850
28854
28856
28857
28857
28857
28866
28869
28875
28875
28877
28883
28891
28899
28904
28910
28911
28912
28916
28923
28926
28928
28930
28942
28945
28947
28949
28952
28954
28956
28956
28957
28965
28980
28980
28984
29004
29004
29006
29006
29007
29018
29018
29019
29020
29020
29031
29038
29057
29059
29061
29069
29073
29076
29077
29077
29083
29084
29084
29085
29087
29087
29092
29094
29096
29106
29108
29109
29119
29125
29130
29130
29132
29136
29138
29138
29142
29145
29147
29153
29153
29154
29155
29161
29163
29168
29170
29171
29173
29175
29178
29180
29180
29183
29188
29189
29189
29195
29202
29204
29211
29213
29213
29217
29220
29221
29222
29226
29228
29243
29244
29255
29259
29259
29260
29265
29272
29279
29282
29284
29289
29293
29294
29296
29296
29298
29302
29302
29312
29314
29316
29326
29329
29329
29331
29335
29339
29340
29344
29352
29360
29360
29361
29366
29371
29381
29382
29385
29387
29389
29391
29394
29395
29398
29404
29407
29413
29416
29416
29419
29424
29427
29428
29431
29436
29439
29445
29451
29453
29453
29455
29459
29460
29463
29465
29466
29467
29473
29474
29474
29478
29480
29481
29489
29492
29492
29495
29497
29498
29499
29499
29513
29521
29521
29529
29537
29540
29547
29549
29555
29558
29566
29566
29566
29567
29569
29571
29574
29575
29585
29585
29586
29587
29591
29599
29599
29600
29604
29606
29614
29615
29624
29626
29630
29630
29636
29645
29649
29655
29657
29659
29665
29666
29672
29675
29675
29680
29681
29686
29690
29693
29693
29697
29697
29709
29715
29716
29718
29720
29724
29726
29728
29731
29736
29737
29741
29742
29744
29748
29754
29756
29760
29761
29777
29782
29792
29797
29800
29802
29803
29803
29804
29811
29812
29816
29820
29830
29832
29833
29834
29838
29838
29857
29858
29859
29871
29874
29878
29885
29896
29899
29900
29901
29904
29905
29912
29920
29927
29930
29934
29935
29939
29945
29947
29951
29955
29960
29962
29966
29969
29970
29974
29980
29982
29985
29986
29996
29999
30004
30007
30008
30011
30011
30013
30018
30022
30023
30025
30025
30025
30032
30034
30035
30036
30050
30051
30057
30063
30069
30070
30073
30075
30076
30081
30085
30088
30092
30095
30098
30099
30104
30108
30110
30111
30118
30122
30122
30127
30134
30138
30145
30153
30153
30155
30157
30158
30165
30174
30179
30183
30187
30196
30196
30202
30209
30214
30215
30221
30224
30226
30227
30230
30232
30236
30248
30249
30253
30253
30255
30255
30262
30262
30263
30266
30274
30281
30284
30291
30296
30299
30299
30302
30304
30305
30307
30307
30309
30319
30319
30324
30324
30325
30329
30332
30333
30336
30336
30338
30347
30348
30355
30362
30373
30374
30375
30376
30377
30377
30377
30380
30382
30384
30385
30388
30389
30398
30398
30400
30401
30403
30409
30420
30422
30427
30428
30431
30432
30436
30439
30440
30440
30441
30442
30450
30450
30451
30455
30455
30456
30459
30462
30466
30468
30473
30473
30476
30477
30484
30488
30490
30493
30493
30498
30499
30527
30528
30528
30532
30532
30534
30535
30550
30550
30550
30555
30556
30558
30559
30560
30562
30563
30566
30572
30575
30576
30577
30580
30590
30591
30591
30597
30603
30605
30606
30607
30609
30609
30610
30619
30626
30626
30634
30638
30638
30642
30663
30668
30672
30684
30689
30695
30699
30704
30707
30708
30710
30710
30712
30719
30720
30720
30721
30723
30726
30729
30732
30738
30744
30746
30746
30754
30754
30762
30764
30772
30772
30777
30777
30781
30783
30790
30792
30793
30795
30796
30802
30805
30806
30810
30810
30812
30815
30825
30843
30848
30850
30851
30858
30870
30870
30873
30876
30879
30879
30883
30888
30897
30898
30901
30901
30907
30908
30909
30914
30916
30920
30928
30929
30929
30932
30933
30933
30937
30943
30946
30948
30949
30949
30950
30958
30961
30962
30962
30963
30969
30977
30977
30978
30979
30988
30988
30989
30992
30994
30995
30995
30998
30999
31007
31007
31009
31011
31012
31013
31017
31020
31030
31031
31032
31036
31039
31040
31044
31050
31053
31056
31058
31058
31059
31061
31061
31068
31069
31071
31072
31074
31079
31081
31081
31082
31083
31086
31088
31097
31102
31104
31105
31109
31111
31117
31122
31127
31133
31135
31135
31135
31139
31139
31141
31146
31147
31157
31159
31161
31163
31165
31168
31177
31179
31182
31184
31184
31192
31198
31203
31207
31208
31219
31226
31228
31229
31231
31236
31237
31246
31246
31252
31254
31258
31260
31265
31266
31269
31285
31285
31285
31286
31288
31291
31295
31295
31304
31305
31308
31320
31332
31333
31341
31343
31351
31354
31356
31364
31372
31379
31387
31387
31390
31400
31408
31415
31416
31418
31418
31420
31422
31424
31427
31428
31428
31430
31434
31434
31442
31446
31449
31451
31455
31460
31463
31468
31475
31479
31480
31481
31482
31487
31487
31487
31491
31500
31509
31510
31510
31515
31516
31517
31519
31524
31528
31532
31533
31533
31534
31534
31536
31537
31550
31563
31567
31572
31576
31576
31577
31581
31594
31596
31603
31604
31604
31606
31611
31612
31619
31627
31631
31641
31648
31654
31657
31666
31666
31667
31669
31677
31682
31682
31689
31695
31698
31701
31702
31704
31706
31707
31708
31712
31713
31715
31718
31719
31719
31721
31722
31723
31726
31729
31736
31738
31741
31743
31750
31754
31759
31769
31776
31783
31783
31784
31786
31808
31810
31811
31815
31817
31830
31834
31839
31842
31843
31848
31852
31853
31859
31859
31862
31866
31866
31871
31873
31880
31881
31883
31883
31884
31887
31894
31896
31896
31898
31901
31904
31904
31912
31913
31914
31918
31922
31926
31929
31935
31936
31941
31942
31946
31946
31953
31953
31953
31956
31956
31959
31960
31962
31963
31966
31967
31971
31983
31987
31990
31995
31996
32000
32002
32004
32007
32016
32024
32024
32025
32029
32032
32033
32038
32038
32040
32041
32048
32054
32062
32072
32073
32078
32079
32085
32087
32089
32091
32092
32100
32103
32107
32112
32114
32123
32128
32129
32140
32142
32143
32147
32154
32155
32156
32157
32159
32164
32164
32167
32169
32170
32170
32172
32172
32176
32184
32187
32193
32194
32195
32199
32199
32203
32203
32210
32215
32218
32220
32223
32224
32225
32228
32228
32231
32232
32232
32233
32238
32244
32256
32260
32263
32264
32266
32268
32272
32272
32290
32295
32300
32305
32309
32311
32314
32319
32332
32332
32335
32347
32350
32352
32353
32355
32356
32356
32370
32376
32378
32383
32385
32391
32398
32398
32409
32410
32414
32420
32422
32425
32426
32426
32435
32443
32443
32443
32447
32451
32458
32460
32463
32463
32464
32470
32472
32480
32480
32480
32481
32484
32486
32496
32498
32499
32500
32501
32502
32505
32509
32525
32525
32528
32528
32532
32535
32543
32545
32549
32562
32563
32569
32578
32578
32579
32586
32587
32587
32593
32597
32600
32602
32605
32607
32609
32610
32617
32620
32622
32633
32639
32641
32646
32646
32648
32649
32651
32653
32662
32666
32669
32669
32672
32672
32675
32684
32689
32695
32697
32701
32704
32710
32711
32713
32722
32723
32726
32728
32735
32740
32742
32744
32747
32751
32752
32753
32756
32767
