3
3
5
5
7
9
11
11
13
16
17
19
19
20
23
25
27
31
34
36
39
40
42
45
45
47
49
51
63
66
68
70
71
76
77
77
84
89
96
98
100
107
120
120
126
128
142
143
151
155
159
160
162
168
171
171
176
177
185
195
202
205
207
210
210
223
223
228
234
248
249
252
254
254
255
267
268
274
274
278
278
278
282
290
295
298
299
307
308
312
312
321
322
325
328
338
342
349
357
358
366
367
370
371
373
375
377
378
390
393
394
394
399
400
401
403
404
407
410
413
413
418
418
418
429
432
434
434
436
436
440
441
441
448
450
455
456
457
461
466
471
474
474
478
479
479
480
481
482
483
486
487
488
495
496
497
503
503
507
512
518
522
524
528
529
532
534
540
541
542
546
548
554
555
558
559
559
561
565
568
572
574
579
580
583
585
588
589
597
598
599
600
604
606
616
617
617
618
618
630
631
643
644
648
648
650
651
655
660
668
671
677
679
681
681
682
683
684
686
686
692
695
703
704
705
707
715
718
719
720
720
728
733
734
742
743
746
747
753
770
777
780
782
783
783
785
788
792
796
796
796
797
803
810
811
814
814
821
822
822
826
833
836
842
843
846
852
852
854
856
858
861
862
864
866
872
874
876
878
885
886
887
904
909
922
927
930
933
940
941
943
945
946
947
961
961
963
964
968
970
973
979
982
982
983
984
985
989
991
992
994
1000
1002
1006
1007
1011
1024
1028
1031
1031
1035
1039
1040
1044
1046
1048
1058
1062
1064
1064
1070
1077
1093
1104
1104
1105
1108
1108
1114
1117
1119
1119
1122
1124
1128
1136
1141
1144
1144
1146
1148
1154
1157
1159
1162
1170
1170
1172
1179
1185
1195
1196
1201
1202
1214
1215
1215
1216
1224
1225
1227
1229
1232
1234
1237
1239
1243
1245
1247
1247
1250
1253
1254
1255
1256
1267
1268
1274
1274
1296
1299
1303
1311
1311
1313
1316
1324
1325
1327
1335
1335
1344
1345
1352
1359
1365
1374
1384
1386
1389
1392
1393
1403
1416
1416
1416
1418
1423
1428
1430
1435
1436
1437
1441
1461
1466
1478
1481
1487
1499
1503
1506
1508
1508
1510
1513
1514
1514
1517
1520
1526
1532
1537
1537
1538
1538
1540
1546
1551
1553
1553
1556
1557
1557
1569
1581
1583
1584
1586
1588
1591
1593
1595
1597
1599
1605
1605
1613
1615
1617
1618
1618
1625
1625
1629
1630
1637
1638
1640
1644
1644
1651
1665
1666
1667
1672
1686
1688
1690
1691
1694
1696
1699
1701
1702
1703
1704
1710
1711
1712
1715
1720
1726
1731
1739
1740
1740
1750
1753
1755
1756
1758
1759
1764
1768
1770
1775
1779
1781
1781
1782
1785
1793
1796
1798
1801
1802
1803
1808
1820
1824
1825
1827
1834
1835
1836
1841
1842
1845
1854
1856
1858
1863
1863
1866
1871
1873
1873
1879
1883
1885
1886
1887
1908
1908
1917
1919
1919
1919
1920
1924
1925
1930
1945
1947
1952
1953
1954
1956
1956
1958
1963
1964
1966
1966
1973
1976
1978
1988
1992
1995
1996
1997
2000
2001
2004
2012
2015
2015
2028
2030
2031
2037
2045
2046
2052
2054
2055
2058
2064
2074
2077
2077
2079
2080
2088
2089
2094
2098
2101
2104
2104
2105
2108
2109
2112
2116
2124
2126
2128
2129
2132
2138
2139
2148
2153
2159
2164
2167
2169
2174
2176
2176
2177
2177
2178
2185
2186
2189
2199
2203
2203
2207
2209
2210
2213
2214
2215
2216
2217
2220
2221
2221
2224
2228
2243
2246
2249
2249
2250
2250
2251
2257
2257
2262
2263
2266
2269
2269
2274
2275
2282
2290
2293
2293
2293
2298
2298
2299
2299
2300
2300
2303
2304
2309
2312
2332
2332
2334
2336
2340
2343
2347
2352
2352
2356
2357
2357
2361
2364
2366
2375
2376
2385
2394
2400
2401
2402
2403
2406
2416
2416
2418
2420
2431
2445
2455
2458
2458
2459
2460
2462
2462
2468
2470
2472
2482
2482
2491
2493
2495
2497
2502
2505
2507
2507
2508
2515
2516
2519
2520
2521
2527
2533
2535
2535
2536
2556
2564
2569
2571
2572
2579
2581
2586
2587
2595
2598
2601
2605
2610
2613
2615
2624
2625
2633
2635
2637
2638
2642
2643
2648
2650
2650
2654
2659
2668
2668
2672
2684
2689
2689
2695
2696
2696
2697
2697
2698
2701
2703
2707
2709
2717
2721
2721
2723
2725
2730
2730
2733
2736
2737
2741
2742
2743
2744
2755
2771
2774
2776
2777
2779
2780
2783
2784
2790
2796
2803
2804
2807
2808
2810
2813
2819
2822
2823
2828
2831
2833
2838
2838
2840
2841
2842
2856
2861
2862
2877
2878
2885
2886
2889
2895
2896
2900
2912
2915
2916
2922
2924
2925
2930
2942
2943
2944
2958
2963
2964
2967
2969
2982
2986
2989
2992
2994
2997
3005
3007
3015
3021
3021
3027
3027
3028
3031
3033
3035
3039
3041
3045
3049
3050
3055
3060
3061
3061
3068
3073
3078
3078
3080
3084
3093
3096
3098
3100
3103
3104
3105
3105
3119
3119
3120
3120
3121
3122
3122
3122
3124
3132
3132
3133
3133
3135
3139
3149
3156
3157
3161
3163
3171
3178
3179
3180
3182
3182
3186
3190
3194
3196
3196
3199
3203
3205
3206
3213
3215
3224
3225
3226
3235
3237
3239
3245
3245
3248
3249
3251
3252
3260
3262
3270
3272
3282
3285
3287
3293
3293
3296
3297
3299
3300
3309
3310
3314
3314
3318
3321
3323
3326
3341
3350
3360
3361
3363
3363
3376
3378
3380
3386
3389
3392
3392
3394
3398
3406
3408
3413
3414
3418
3421
3423
3431
3436
3440
3441
3451
3452
3454
3457
3460
3469
3470
3472
3480
3480
3488
3490
3493
3493
3493
3494
3500
3506
3507
3508
3508
3510
3513
3514
3514
3519
3520
3522
3522
3535
3540
3542
3543
3544
3545
3552
3554
3556
3571
3572
3573
3577
3577
3581
3581
3587
3594
3596
3598
3612
3612
3618
3621
3622
3627
3636
3650
3652
3655
3655
3655
3656
3657
3659
3660
3664
3668
3668
3669
3677
3678
3680
3681
3685
3689
3693
3693
3694
3703
3704
3712
3715
3722
3723
3724
3725
3729
3729
3730
3732
3733
3735
3742
3745
3748
3755
3755
3764
3766
3770
3777
3778
3780
3784
3784
3785
3791
3793
3803
3804
3809
3810
3810
3814
3820
3821
3822
3824
3833
3835
3837
3839
3839
3844
3848
3851
3852
3859
3860
3860
3860
3865
3872
3873
3874
3878
3883
3890
3891
3892
3894
3895
3896
3898
3899
3905
3909
3909
3919
3924
3924
3924
3927
3927
3928
3929
3933
3935
3938
3941
3942
3949
3951
3955
3956
3960
3961
3962
3964
3966
3970
3970
3971
3971
3972
3973
3976
3977
3978
3981
3981
3982
3984
3985
3988
3988
3988
3989
3990
3993
3996
4007
4007
4008
4016
4017
4018
4020
4020
4025
4030
4038
4039
4048
4049
4052
4052
4056
4060
4063
4064
4066
4071
4072
4075
4078
4080
4080
4083
4083
4087
4095
4095
4104
4106
4111
4113
4135
4140
4142
4143
4143
4155
4155
4156
4163
4163
4163
4168
4172
4178
4183
4185
4187
4189
4191
4197
4204
4205
4209
4221
4222
4224
4226
4227
4229
4232
4238
4239
4241
4250
4253
4257
4262
4262
4263
4265
4266
4267
4267
4268
4269
4270
4276
4276
4277
4279
4281
4283
4284
4284
4290
4292
4296
4302
4303
4303
4304
4306
4310
4315
4316
4316
4323
4327
4327
4334
4338
4344
4344
4346
4349
4350
4351
4356
4362
4371
4377
4378
4380
4391
4393
4397
4405
4419
4420
4423
4426
4442
4444
4446
4448
4450
4457
4462
4464
4466
4467
4468
4475
4480
4480
4481
4481
4482
4488
4489
4489
4491
4504
4510
4515
4515
4520
4521
4521
4522
4524
4525
4525
4525
4528
4530
4530
4532
4533
4536
4538
4538
4538
4540
4550
4566
4575
4577
4579
4580
4582
4585
4590
4591
4595
4597
4605
4609
4615
4617
4623
4625
4626
4627
4630
4636
4639
4639
4640
4642
4643
4643
4644
4651
4652
4660
4665
4665
4668
4669
4672
4673
4675
4680
4684
4690
4691
4696
4696
4697
4700
4704
4709
4712
4714
4715
4715
4715
4717
4718
4720
4723
4723
4727
4730
4731
4736
4742
4744
4745
4748
4752
4754
4759
4760
4763
4763
4767
4778
4780
4784
4800
4800
4802
4804
4807
4809
4809
4813
4817
4817
4827
4829
4829
4832
4833
4833
4834
4837
4849
4851
4851
4852
4852
4853
4854
4854
4855
4856
4862
4864
4870
4870
4872
4874
4875
4876
4877
4883
4887
4887
4889
4899
4901
4907
4908
4911
4916
4923
4924
4924
4926
4937
4938
4939
4944
4947
4948
4952
4954
4955
4957
4961
4962
4964
4964
4965
4965
4967
4975
4977
4989
4992
4992
4994
4995
4995
5002
5005
5013
5018
5029
5029
5031
5033
5037
5038
5054
5057
5062
5064
5064
5066
5067
5067
5069
5069
5070
5073
5081
5089
5092
5092
5094
5094
5096
5096
5099
5099
5103
5104
5107
5112
5116
5130
5130
5135
5136
5137
5142
5147
5150
5154
5155
5159
5162
5169
5170
5170
5172
5176
5179
5182
5189
5191
5195
5203
5207
5208
5209
5211
5212
5217
5218
5224
5224
5225
5225
5228
5231
5235
5236
5239
5243
5244
5246
5248
5255
5264
5266
5266
5271
5272
5275
5281
5290
5298
5319
5322
5327
5330
5330
5331
5331
5332
5332
5332
5343
5345
5346
5347
5348
5351
5351
5352
5356
5358
5362
5367
5369
5370
5370
5377
5379
5379
5381
5383
5385
5385
5387
5393
5398
5400
5404
5405
5408
5419
5420
5420
5423
5430
5435
5443
5444
5447
5447
5450
5452
5457
5460
5478
5479
5482
5484
5497
5501
5502
5504
5504
5513
5515
5518
5522
5522
5523
5531
5536
5538
5539
5542
5548
5551
5555
5556
5562
5568
5571
5573
5574
5577
5582
5589
5591
5592
5593
5593
5594
5597
5597
5597
5602
5602
5603
5604
5605
5622
5630
5630
5632
5634
5635
5636
5637
5639
5643
5647
5650
5654
5662
5665
5667
5668
5673
5674
5675
5677
5677
5684
5693
5700
5700
5702
5705
5720
5721
5725
5741
5743
5744
5745
5745
5746
5753
5757
5762
5764
5764
5764
5766
5766
5767
5768
5770
5772
5772
5775
5778
5785
5786
5787
5789
5790
5799
5799
5801
5805
5807
5810
5811
5814
5814
5815
5817
5823
5825
5826
5834
5834
5834
5834
5841
5844
5863
5867
5871
5873
5880
5889
5895
5896
5896
5898
5902
5905
5906
5916
5924
5926
5931
5935
5937
5943
5945
5958
5962
5966
5967
5980
5985
5985
5989
5993
5998
6004
6004
6007
6011
6016
6016
6017
6017
6020
6028
6050
6055
6056
6057
6058
6062
6065
6066
6067
6069
6070
6079
6084
6086
6089
6090
6091
6091
6092
6095
6095
6097
6097
6104
6113
6118
6122
6122
6132
6134
6141
6142
6142
6145
6150
6156
6160
6164
6171
6173
6173
6178
6179
6181
6183
6183
6184
6189
6193
6197
6203
6206
6207
6209
6212
6222
6224
6233
6234
6235
6237
6237
6237
6242
6244
6244
6249
6251
6252
6254
6254
6255
6261
6271
6271
6272
6273
6273
6276
6282
6284
6287
6302
6303
6322
6327
6329
6339
6344
6354
6355
6357
6358
6365
6368
6370
6374
6374
6376
6382
6389
6392
6401
6403
6406
6410
6413
6415
6420
6423
6424
6426
6429
6434
6440
6440
6450
6460
6461
6467
6472
6475
6492
6492
6495
6502
6505
6510
6513
6513
6514
6518
6519
6529
6533
6536
6545
6547
6547
6548
6549
6549
6550
6552
6553
6553
6559
6561
6563
6564
6570
6577
6582
6584
6587
6588
6589
6592
6603
6607
6612
6616
6618
6618
6621
6623
6625
6631
6635
6639
6641
6643
6644
6647
6649
6650
6656
6658
6669
6673
6675
6677
6679
6681
6695
6698
6699
6703
6704
6710
6710
6713
6715
6728
6728
6730
6731
6738
6742
6746
6746
6756
6761
6761
6773
6782
6783
6787
6787
6791
6791
6793
6794
6795
6799
6800
6801
6802
6805
6806
6806
6821
6827
6834
6840
6841
6843
6843
6846
6851
6856
6859
6863
6870
6871
6871
6872
6875
6876
6879
6883
6885
6887
6891
6894
6900
6902
6903
6906
6909
6918
6919
6925
6928
6930
6940
6941
6947
6961
6961
6969
6974
6974
6989
6997
6998
7012
7012
7013
7014
7018
7020
7025
7033
7033
7034
7036
7040
7045
7046
7051
7062
7062
7064
7065
7068
7069
7074
7076
7087
7095
7095
7098
7098
7101
7108
7110
7112
7113
7113
7117
7118
7119
7120
7122
7126
7127
7134
7145
7167
7168
7180
7180
7182
7183
7183
7185
7188
7190
7194
7197
7202
7204
7204
7205
7205
7211
7213
7218
7220
7223
7226
7227
7228
7243
7249
7249
7257
7258
7262
7264
7268
7272
7275
7277
7280
7282
7282
7284
7289
7292
7293
7298
7306
7310
7316
7317
7326
7330
7331
7332
7333
7334
7335
7337
7341
7351
7360
7361
7361
7364
7369
7374
7375
7385
7385
7385
7392
7393
7394
7402
7405
7406
7409
7409
7417
7423
7423
7425
7427
7433
7438
7445
7449
7452
7454
7455
7455
7455
7457
7458
7458
7461
7463
7470
7470
7475
7479
7484
7487
7488
7495
7497
7501
7503
7503
7507
7511
7513
7514
7515
7516
7518
7525
7525
7529
7529
7533
7533
7537
7537
7539
7543
7550
7554
7554
7560
7563
7567
7573
7575
7579
7581
7583
7590
7591
7593
7597
7597
7599
7599
7600
7604
7605
7606
7610
7617
7624
7624
7629
7630
7631
7635
7637
7646
7647
7648
7651
7652
7656
7657
7661
7661
7668
7669
7670
7673
7681
7689
7692
7692
7695
7699
7699
7700
7706
7714
7716
7717
7722
7724
7728
7731
7748
7751
7752
7752
7753
7754
7758
7772
7776
7779
7786
7789
7790
7793
7806
7812
7817
7827
7828
7833
7836
7837
7852
7856
7858
7860
7863
7871
7873
7878
7881
7881
7882
7883
7885
7886
7887
7889
7902
7912
7913
7913
7917
7922
7928
7938
7940
7959
7960
7961
7962
7962
7965
7967
7970
7970
7971
7974
7974
7980
7987
7994
8002
8007
8010
8013
8015
8023
8023
8023
8025
8027
8037
8038
8038
8038
8044
8055
8061
8061
8067
8071
8072
8079
8079
8079
8080
8081
8082
8086
8088
8088
8091
8092
8092
8096
8097
8097
8098
8099
8100
8102
8105
8106
8111
8113
8115
8115
8119
8124
8130
8139
8142
8143
8144
8146
8146
8149
8154
8159
8162
8163
8165
8166
8171
8171
8177
8178
8182
8183
8183
8184
8185
8190
8193
8196
8197
8205
8208
8214
8214
8216
8224
8231
8231
8232
8232
8234
8235
8238
8240
8244
8246
8246
8246
8250
8253
8255
8259
8260
8263
8270
8274
8277
8279
8280
8286
8292
8298
8304
8308
8308
8314
8316
8316
8329
8330
8330
8333
8336
8340
8345
8347
8350
8358
8367
8367
8368
8371
8376
8379
8386
8388
8398
8407
8411
8411
8418
8421
8423
8424
8424
8440
8444
8448
8451
8453
8454
8460
8461
8468
8470
8474
8474
8476
8477
8478
8480
8482
8487
8489
8490
8493
8493
8496
8499
8500
8506
8507
8507
8507
8507
8518
8522
8524
8527
8532
8534
8535
8539
8545
8549
8552
8559
8559
8561
8565
8566
8568
8570
8571
8572
8573
8573
8574
8575
8590
8591
8591
8596
8598
8601
8602
8609
8614
8629
8629
8631
8632
8636
8639
8646
8646
8648
8648
8651
8653
8653
8657
8659
8663
8664
8665
8668
8669
8671
8676
8681
8683
8684
8684
8684
8691
8693
8696
8698
8698
8703
8703
8714
8716
8718
8724
8725
8728
8730
8736
8736
8737
8737
8737
8741
8742
8744
8745
8746
8748
8749
8757
8758
8760
8766
8768
8769
8779
8787
8788
8789
8791
8799
8799
8799
8803
8815
8815
8816
8817
8818
8834
8838
8841
8844
8845
8846
8851
8855
8863
8865
8865
8866
8868
8868
8873
8873
8877
8877
8878
8881
8883
8888
8892
8899
8900
8904
8905
8909
8909
8912
8914
8920
8923
8923
8924
8929
8929
8932
8932
8932
8933
8934
8936
8941
8944
8945
8948
8948
8954
8955
8955
8966
8968
8973
8975
8977
8980
8986
8989
8991
9004
9007
9008
9009
9010
9018
9019
9019
9021
9022
9026
9029
9029
9031
9037
9040
9044
9046
9047
9049
9051
9053
9054
9054
9054
9062
9062
9066
9069
9070
9073
9074
9083
9086
9088
9088
9094
9095
9097
9104
9106
9109
9110
9115
9117
9118
9119
9121
9126
9131
9137
9139
9145
9146
9147
9147
9151
9153
9156
9164
9172
9183
9189
9190
9190
9192
9204
9205
9207
9209
9216
9218
9224
9226
9232
9235
9237
9241
9246
9258
9260
9263
9265
9271
9273
9277
9297
9298
9299
9305
9307
9310
9311
9314
9328
9345
9346
9350
9354
9358
9363
9368
9370
9373
9376
9377
9379
9386
9392
9400
9401
9405
9412
9417
9419
9427
9429
9434
9434
9435
9439
9439
9441
9447
9447
9451
9451
9452
9453
9456
9457
9458
9458
9461
9462
9468
9472
9476
9477
9478
9478
9480
9482
9491
9493
9493
9500
9503
9503
9505
9510
9517
9519
9524
9526
9531
9532
9533
9540
9544
9545
9547
9555
9557
9563
9564
9565
9573
9583
9584
9587
9587
9589
9602
9603
9604
9607
9611
9614
9622
9630
9631
9631
9631
9633
9636
9636
9638
9639
9641
9641
9643
9650
9656
9669
9670
9671
9674
9679
9679
9681
9681
9684
9688
9689
9692
9696
9697
9702
9705
9706
9712
9713
9722
9724
9724
9727
9728
9728
9728
9729
9730
9739
9741
9741
9745
9749
9749
9749
9750
9750
9753
9756
9757
9768
9769
9770
9774
9778
9783
9786
9787
9791
9803
9804
9805
9806
9807
9808
9810
9810
9813
9816
9819
9821
9822
9828
9829
9832
9837
9837
9839
9843
9850
9852
9853
9853
9854
9864
9875
9883
9885
9891
9894
9899
9900
9904
9904
9908
9910
9912
9913
9916
9918
9924
9925
9928
9930
9935
9938
9939
9942
9944
9950
9951
9955
9957
9959
9964
9972
9975
9977
9978
9978
9979
9980
9981
9985
9990
9991
9993
9994
9994
9994
9999
10001
10002
10002
10003
10004
10011
10013
10018
10020
10022
10026
10028
10032
10033
10035
10037
10045
10050
10057
10061
10067
10068
10069
10075
10075
10082
10082
10082
10083
10084
10086
10090
10091
10096
10099
10110
10122
10124
10128
10135
10138
10144
10146
10146
10147
10161
10167
10170
10170
10171
10171
10181
10182
10185
10185
10187
10187
10189
10192
10201
10201
10204
10204
10205
10209
10214
10227
10229
10229
10231
10234
10235
10236
10236
10239
10241
10242
10245
10245
10249
10255
10255
10262
10263
10264
10267
10271
10272
10272
10273
10275
10284
10287
10287
10289
10296
10296
10296
10299
10299
10302
10305
10307
10308
10308
10308
10310
10316
10321
10328
10336
10340
10377
10378
10380
10380
10383
10386
10387
10393
10401
10403
10404
10414
10414
10415
10428
10429
10431
10437
10437
10440
10441
10445
10447
10450
10452
10457
10460
10464
10467
10472
10474
10477
10478
10480
10484
10484
10486
10488
10489
10493
10494
10494
10495
10495
10495
10496
10500
10502
10503
10504
10506
10507
10509
10513
10526
10527
10528
10533
10533
10534
10538
10540
10540
10544
10545
10549
10556
10562
10562
10566
10568
10571
10574
10574
10574
10577
10584
10586
10591
10593
10593
10596
10604
10608
10609
10610
10610
10610
10610
10611
10614
10635
10638
10640
10645
10647
10647
10656
10662
10667
10670
10674
10676
10676
10680
10681
10682
10683
10686
10687
10689
10693
10698
10701
10702
10704
10707
10711
10711
10711
10713
10718
10719
10721
10723
10731
10735
10738
10740
10743
10743
10748
10749
10749
10749
10751
10753
10755
10755
10759
10768
10776
10777
10778
10793
10807
10807
10815
10817
10819
10820
10821
10823
10832
10832
10833
10837
10841
10843
10845
10850
10852
10853
10853
10854
10854
10855
10862
10871
10880
10881
10881
10885
10890
10892
10894
10897
10898
10900
10902
10904
10904
10906
10907
10916
10916
10923
10924
10929
10938
10942
10944
10948
10952
10958
10968
10969
10971
10975
10977
10982
10993
10996
10998
11001
11001
11002
11002
11006
11009
11015
11015
11017
11020
11021
11026
11037
11038
11044
11047
11048
11054
11055
11055
11065
11066
11066
11072
11078
11081
11083
11086
11094
11094
11095
11097
11097
11101
11107
11112
11114
11116
11123
11126
11138
11143
11144
11144
11146
11148
11148
11148
11152
11154
11154
11157
11162
11164
11169
11170
11170
11171
11181
11182
11185
11186
11188
11194
11201
11204
11205
11207
11218
11218
11218
11221
11221
11235
11238
11239
11240
11240
11240
11244
11245
11257
11261
11268
11273
11281
11284
11285
11286
11287
11290
11290
11291
11293
11301
11302
11310
11322
11322
11325
11331
11335
11336
11340
11341
11348
11351
11351
11352
11356
11359
11363
11366
11369
11370
11378
11378
11384
11386
11390
11391
11391
11394
11395
11400
11401
11404
11408
11409
11414
11416
11419
11424
11425
11430
11433
11436
11437
11437
11443
11448
11452
11452
11453
11462
11463
11463
11467
11470
11471
11472
11473
11473
11478
11479
11479
11488
11491
11493
11493
11494
11497
11508
11512
11514
11518
11520
11522
11527
11527
11533
11536
11538
11541
11544
11545
11546
11547
11548
11552
11553
11554
11562
11567
11570
11571
11571
11581
11582
11583
11596
11608
11609
11615
11620
11625
11627
11628
11628
11634
11634
11641
11642
11644
11645
11647
11647
11653
11655
11657
11661
11661
11661
11666
11667
11673
11680
11683
11691
11692
11693
11696
11704
11705
11707
11707
11709
11712
11715
11715
11716
11718
11718
11721
11721
11722
11726
11726
11726
11733
11738
11754
11754
11757
11757
11762
11770
11773
11777
11779
11783
11786
11799
11799
11799
11806
11809
11814
11822
11825
11825
11831
11832
11837
11838
11842
11843
11843
11846
11848
11848
11849
11852
11853
11854
11854
11863
11868
11872
11874
11874
11876
11878
11880
11885
11885
11886
11890
11895
11898
11898
11910
11910
11914
11914
11918
11920
11922
11925
11932
11932
11933
11935
11937
11938
11938
11944
11945
11949
11950
11953
11953
11953
11957
11958
11959
11963
11964
11966
11972
11973
11981
11983
11984
11985
11985
11986
11987
11988
11989
11997
11999
12000
12012
12019
12020
12021
12021
12021
12023
12026
12027
12028
12028
12029
12031
12033
12036
12044
12045
12047
12051
12057
12058
12064
12066
12067
12068
12068
12068
12070
12073
12077
12078
12078
12079
12086
12088
12094
12095
12097
12097
12098
12099
12100
12100
12101
12105
12108
12111
12115
12119
12124
12131
12132
12135
12140
12141
12142
12142
12144
12148
12154
12155
12175
12175
12179
12185
12188
12199
12202
12206
12210
12223
12224
12225
12226
12229
12231
12233
12238
12240
12242
12245
12245
12257
12258
12269
12269
12270
12273
12275
12276
12277
12279
12285
12291
12293
12294
12294
12294
12294
12294
12297
12298
12300
12304
12312
12321
12322
12323
12326
12329
12330
12332
12335
12338
12339
12341
12355
12356
12358
12358
12361
12366
12367
12369
12373
12373
12377
12380
12385
12388
12389
12397
12398
12401
12407
12408
12413
12415
12424
12426
12429
12436
12438
12442
12450
12458
12461
12465
12471
12473
12474
12478
12479
12483
12485
12485
12489
12490
12490
12492
12493
12499
12500
12501
12501
12506
12506
12513
12515
12515
12515
12516
12517
12526
12529
12530
12534
12535
12536
12553
12555
12558
12570
12571
12573
12575
12576
12578
12580
12588
12589
12593
12595
12596
12601
12605
12606
12608
12615
12619
12622
12629
12629
12631
12634
12639
12644
12644
12645
12645
12658
12658
12665
12665
12670
12671
12673
12674
12676
12677
12683
12685
12688
12688
12688
12689
12689
12690
12705
12708
12710
12710
12711
12713
12736
12738
12739
12743
12752
12755
12755
12757
12758
12761
12770
12772
12778
12778
12780
12783
12794
12796
12798
12819
12821
12822
12823
12833
12836
12838
12850
12853
12854
12855
12864
12866
12872
12876
12878
12879
12885
12890
12892
12892
12893
12893
12899
12906
12910
12916
12927
12932
12933
12933
12935
12937
12937
12942
12942
12943
12944
12946
12949
12949
12952
12954
12959
12962
12965
12966
12967
12968
12971
12972
12973
12975
12976
12978
12979
12979
12979
12980
12982
12985
12987
12987
12990
12993
12994
12995
13001
13002
13006
13007
13008
13009
13015
13017
13017
13018
13022
13026
13033
13034
13042
13048
13048
13050
13053
13055
13059
13060
13065
13069
13084
13086
13089
13091
13099
13104
13107
13111
13119
13123
13126
13127
13130
13131
13131
13132
13138
13144
13147
13150
13155
13161
13163
13164
13167
13169
13174
13178
13178
13188
13192
13196
13203
13207
13211
13219
13222
13223
13224
13224
13226
13232
13234
13235
13237
13247
13253
13268
13275
13280
13287
13289
13290
13295
13304
13311
13312
13322
13323
13323
13327
13331
13331
13332
13332
13340
13347
13353
13354
13356
13362
13363
13368
13369
13370
13381
13384
13385
13390
13394
13398
13398
13400
13409
13411
13414
13416
13419
13423
13427
13447
13457
13460
13463
13467
13468
13472
13474
13482
13492
13502
13508
13510
13512
13512
13516
13516
13518
13518
13520
13522
13526
13528
13528
13528
13534
13540
13540
13544
13551
13551
13553
13559
13564
13572
13581
13582
13587
13587
13588
13592
13593
13599
13602
13603
13603
13605
13606
13607
13611
13632
13633
13635
13638
13640
13641
13647
13657
13662
13668
13673
13675
13676
13687
13697
13699
13699
13700
13702
13704
13705
13709
13709
13710
13710
13719
13723
13725
13729
13732
13733
13739
13746
13747
13747
13752
13770
13771
13785
13792
13796
13807
13808
13813
13817
13818
13820
13821
13828
13830
13832
13842
13843
13844
13844
13845
13846
13847
13848
13852
13852
13855
13860
13862
13863
13866
13879
13879
13888
13888
13891
13892
13897
13899
13900
13901
13903
13908
13908
13911
13913
13913
13925
13930
13930
13934
13950
13954
13955
13957
13960
13961
13963
13963
13964
13967
13968
13970
13976
13984
13986
13989
13992
13996
14001
14003
14004
14006
14008
14021
14023
14028
14031
14038
14039
14039
14040
14043
14044
14045
14059
14060
14066
14074
14077
14082
14082
14085
14085
14087
14089
14100
14103
14103
14110
14110
14110
14115
14121
14121
14123
14126
14127
14128
14130
14135
14136
14137
14139
14140
14141
14145
14154
14159
14160
14164
14164
14167
14176
14178
14179
14180
14182
14186
14192
14197
14200
14201
14201
14202
14204
14208
14214
14220
14222
14226
14229
14230
14235
14237
14241
14245
14249
14249
14249
14252
14254
14255
14257
14258
14259
14267
14273
14285
14296
14296
14297
14298
14307
14310
14312
14313
14315
14315
14321
14325
14325
14326
14330
14336
14340
14344
14349
14356
14361
14364
14376
14379
14379
14380
14385
14391
14392
14398
14405
14407
14411
14414
14418
14418
14419
14429
14434
14435
14436
14441
14445
14448
14454
14458
14459
14459
14461
14464
14467
14473
14473
14475
14476
14481
14493
14497
14504
14513
14515
14516
14517
14520
14521
14522
14523
14524
14525
14534
14558
14561
14562
14564
14569
14576
14577
14578
14579
14579
14583
14590
14591
14592
14592
14598
14598
14600
14614
14615
14621
14624
14626
14626
14639
14653
14659
14661
14665
14665
14668
14669
14675
14683
14690
14702
14703
14706
14707
14708
14716
14721
14725
14728
14731
14732
14733
14740
14743
14743
14745
14747
14755
14760
14762
14763
14764
14774
14777
14784
14788
14791
14795
14800
14804
14805
14811
14815
14827
14838
14841
14843
14843
14845
14848
14848
14848
14849
14852
14860
14864
14869
14871
14877
14881
14883
14890
14891
14892
14901
14906
14914
14914
14916
14917
14925
14927
14928
14930
14940
14941
14956
14957
14961
14963
14968
14972
14973
14973
14978
14980
14985
14985
14987
14988
14991
14993
14994
14998
14998
15007
15008
15009
15010
15013
15016
15016
15018
15020
15026
15029
15036
15054
15062
15064
15071
15078
15085
15092
15096
15097
15100
15101
15104
15104
15105
15106
15110
15113
15116
15122
15122
15123
15123
15125
15125
15130
15132
15133
15137
15148
15150
15152
15157
15163
15165
15167
15167
15168
15177
15177
15180
15180
15186
15186
15190
15191
15191
15191
15196
15196
15196
15198
15200
15207
15207
15207
15210
15212
15213
15225
15225
15227
15230
15234
15238
15240
15241
15248
15253
15270
15271
15273
15273
15280
15281
15281
15281
15283
15287
15299
15303
15304
15307
15310
15314
15319
15321
15323
15323
15329
15335
15336
15338
15346
15346
15351
15354
15360
15361
15362
15367
15371
15377
15377
15380
15381
15382
15384
15389
15390
15390
15395
15400
15409
15421
15428
15431
15431
15432
15432
15433
15440
15443
15443
15445
15452
15453
15461
15463
15463
15464
15464
15465
15474
15474
15477
15482
15493
15493
15507
15510
15512
15512
15514
15515
15520
15522
15524
15525
15526
15530
15531
15531
15535
15539
15547
15548
15549
15549
15557
15563
15564
15566
15566
15568
15569
15576
15580
15588
15589
15589
15589
15590
15590
15599
15602
15619
15621
15622
15624
15626
15638
15643
15646
15650
15658
15658
15667
15675
15677
15679
15680
15682
15683
15683
15689
15690
15690
15693
15694
15695
15705
15706
15716
15718
15720
15723
15739
15743
15744
15745
15747
15749
15759
15760
15761
15762
15769
15772
15780
15784
15787
15788
15796
15796
15799
15802
15803
15807
15808
15809
15810
15811
15811
15814
15815
15816
15821
15821
15827
15832
15836
15839
15845
15845
15847
15850
15851
15852
15853
15855
15856
15857
15858
15862
15867
15875
15875
15877
15877
15878
15882
15883
15889
15894
15895
15901
15903
15905
15905
15908
15908
15912
15912
15912
15915
15920
15921
15922
15923
15930
15930
15934
15950
15951
15953
15954
15957
15972
15973
15977
15981
15985
15987
15998
16001
16004
16013
16013
16014
16014
16017
16019
16021
16023
16025
16026
16026
16026
16033
16038
16042
16043
16044
16045
16052
16053
16053
16054
16060
16061
16064
16066
16066
16066
16066
16068
16070
16071
16071
16074
16077
16086
16098
16099
16106
16113
16130
16132
16135
16138
16143
16170
16171
16172
16177
16182
16184
16192
16196
16201
16203
16205
16212
16220
16221
16223
16224
16226
16229
16252
16253
16254
16257
16259
16261
16262
16262
16265
16267
16269
16275
16275
16281
16282
16282
16283
16289
16301
16301
16302
16304
16309
16314
16322
16338
16343
16345
16350
16351
16354
16357
16358
16361
16361
16364
16369
16380
16381
16381
16383
16384
16384
16395
16401
16404
16404
16404
16405
16406
16408
16411
16411
16416
16416
16420
16425
16426
16431
16442
16444
16451
16456
16457
16459
16463
16464
16466
16467
16473
16474
16476
16477
16482
16486
16490
16493
16501
16509
16509
16513
16520
16521
16523
16524
16527
16530
16535
16537
16538
16538
16539
16542
16545
16545
16551
16556
16556
16559
16568
16569
16570
16593
16595
16598
16600
16600
16602
16607
16608
16609
16609
16613
16614
16614
16621
16627
16628
16629
16640
16642
16647
16649
16652
16656
16656
16657
16659
16660
16668
16672
16676
16676
16679
16685
16685
16691
16694
16699
16701
16704
16707
16708
16714
16721
16722
16726
16726
16728
16732
16738
16742
16743
16748
16749
16751
16751
16755
16757
16762
16763
16763
16763
16765
16769
16770
16773
16775
16777
16778
16782
16796
16798
16804
16809
16810
16814
16815
16829
16845
16852
16855
16859
16861
16866
16868
16868
16870
16870
16880
16881
16883
16886
16898
16899
16900
16902
16902
16904
16905
16911
16912
16916
16916
16919
16919
16920
16925
16929
16933
16936
16939
16944
16946
16949
16956
16957
16960
16964
16965
16967
16972
16972
16973
16977
16979
16981
16981
16985
16992
16995
17003
17014
17023
17026
17029
17030
17031
17032
17035
17036
17046
17052
17059
17068
17072
17074
17075
17078
17086
17091
17094
17102
17106
17110
17110
17111
17111
17112
17117
17121
17123
17129
17143
17144
17144
17149
17151
17158
17165
17169
17173
17175
17183
17184
17193
17198
17202
17203
17207
17212
17213
17215
17216
17218
17220
17221
17221
17223
17227
17238
17240
17243
17247
17250
17255
17255
17257
17258
17263
17269
17277
17278
17279
17279
17286
17289
17291
17291
17293
17294
17299
17306
17312
17313
17319
17322
17325
17341
17349
17356
17356
17359
17369
17369
17375
17380
17383
17389
17397
17407
17407
17414
17417
17418
17420
17422
17426
17428
17433
17441
17444
17449
17452
17456
17457
17461
17461
17464
17464
17465
17473
17474
17477
17477
17482
17486
17492
17501
17501
17508
17508
17518
17525
17527
17536
17536
17537
17538
17540
17544
17546
17548
17550
17550
17560
17561
17568
17572
17573
17574
17583
17584
17590
17590
17592
17595
17600
17602
17607
17613
17616
17617
17625
17625
17629
17640
17642
17643
17644
17645
17646
17647
17652
17652
17653
17659
17665
17667
17669
17670
17676
17677
17684
17684
17686
17689
17690
17701
17706
17707
17707
17712
17715
17730
17734
17734
17738
17741
17742
17742
17746
17747
17751
17754
17756
17756
17759
17760
17760
17761
17764
17767
17771
17772
17773
17778
17780
17781
17782
17786
17800
17800
17803
17803
17804
17809
17809
17819
17822
17823
17824
17825
17827
17829
17832
17836
17840
17843
17843
17846
17846
17856
17857
17858
17859
17860
17862
17863
17868
17869
17874
17875
17876
17879
17895
17897
17897
17899
17904
17906
17907
17907
17908
17914
17915
17917
17924
17924
17926
17932
17939
17939
17940
17945
17948
17948
17948
17948
17955
17960
17961
17961
17962
17965
17966
17976
17979
17983
17985
17986
17986
17991
17992
17998
17999
17999
18009
18018
18024
18024
18024
18031
18032
18036
18036
18045
18045
18047
18047
18050
18051
18056
18064
18065
18082
18082
18083
18090
18093
18093
18102
18105
18105
18110
18113
18114
18115
18119
18119
18122
18128
18130
18134
18134
18138
18142
18144
18145
18150
18152
18154
18158
18161
18161
18162
18167
18174
18177
18177
18183
18184
18188
18195
18197
18201
18202
18203
18207
18210
18213
18215
18217
18222
18230
18240
18241
18246
18251
18253
18255
18256
18257
18262
18265
18269
18272
18273
18274
18287
18292
18296
18299
18308
18308
18313
18315
18316
18318
18321
18321
18322
18322
18324
18325
18327
18330
18332
18333
18333
18342
18342
18343
18345
18349
18350
18353
18354
18354
18355
18359
18363
18365
18366
18367
18367
18372
18376
18382
18386
18391
18393
18396
18398
18400
18400
18400
18400
18409
18411
18412
18414
18416
18422
18424
18425
18428
18430
18433
18434
18439
18443
18444
18453
18459
18466
18467
18471
18471
18473
18478
18478
18484
18488
18489
18512
18519
18521
18523
18524
18530
18531
18531
18532
18536
18547
18553
18560
18560
18565
18566
18568
18573
18576
18578
18583
18586
18593
18595
18603
18603
18608
18613
18618
18631
18649
18651
18654
18655
18655
18664
18666
18666
18667
18675
18684
18684
18688
18693
18695
18704
18718
18721
18724
18726
18729
18735
18742
18750
18750
18755
18759
18761
18766
18770
18771
18773
18774
18776
18776
18777
18780
18785
18789
18794
18801
18805
18814
18815
18820
18821
18824
18827
18828
18834
18843
18848
18850
18851
18851
18853
18856
18857
18866
18868
18869
18873
18873
18878
18880
18882
18882
18886
18892
18894
18897
18901
18902
18904
18906
18910
18913
18918
18921
18922
18926
18927
18929
18931
18934
18938
18939
18946
18950
18953
18953
18954
18956
18956
18957
18963
18974
18975
18979
18984
18987
18988
18992
18994
18999
19002
19002
19003
19005
19012
19013
19017
19026
19030
19032
19034
19036
19037
19039
19054
19054
19055
19057
19057
19063
19064
19067
19067
19069
19072
19073
19076
19079
19090
19091
19093
19093
19110
19112
19118
19123
19127
19127
19129
19129
19130
19131
19135
19137
19141
19143
19145
19150
19155
19155
19156
19158
19169
19179
19181
19188
19191
19205
19205
19213
19223
19228
19231
19232
19233
19233
19236
19237
19239
19239
19241
19243
19243
19244
19250
19253
19257
19260
19267
19267
19275
19279
19292
19295
19299
19308
19309
19315
19317
19320
19324
19333
19333
19334
19338
19338
19342
19353
19354
19357
19358
19361
19361
19363
19368
19371
19372
19372
19373
19380
19381
19385
19389
19389
19391
19394
19416
19420
19425
19426
19427
19428
19433
19445
19449
19450
19451
19455
19458
19470
19471
19471
19471
19473
19476
19480
19485
19487
19489
19490
19494
19497
19501
19502
19505
19507
19507
19509
19509
19517
19519
19525
19528
19533
19538
19539
19544
19544
19545
19547
19549
19549
19554
19557
19561
19562
19567
19567
19573
19574
19576
19586
19599
19601
19611
19613
19614
19615
19616
19617
19622
19624
19624
19633
19633
19638
19639
19647
19651
19655
19665
19665
19666
19672
19674
19679
19683
19685
19685
19690
19691
19694
19696
19696
19697
19700
19706
19706
19706
19712
19715
19719
19721
19728
19732
19737
19745
19749
19750
19752
19753
19754
19757
19760
19760
19763
19765
19767
19768
19772
19773
19775
19778
19779
19784
19785
19785
19786
19790
19799
19802
19807
19808
19808
19810
19812
19813
19815
19821
19836
19843
19843
19847
19853
19853
19854
19857
19858
19866
19867
19873
19875
19884
19888
19896
19899
19901
19903
19903
19905
19906
19910
19914
19918
19922
19924
19926
19928
19931
19932
19934
19939
19948
19953
19956
19959
19964
19964
19965
19968
19973
19976
19985
19988
19994
19996
20003
20006
20011
20019
20023
20034
20035
20040
20042
20044
20044
20048
20051
20056
20060
20065
20067
20067
20067
20068
20070
20072
20074
20078
20080
20080
20086
20088
20090
20093
20094
20094
20095
20098
20102
20104
20105
20110
20116
20118
20119
20121
20121
20122
20122
20125
20137
20137
20143
20145
20148
20152
20156
20157
20163
20168
20171
20172
20179
20184
20186
20187
20199
20209
20210
20210
20211
20213
20215
20217
20219
20221
20222
20226
20228
20230
20237
20243
20245
20248
20254
20255
20256
20257
20258
20260
20261
20261
20262
20264
20266
20268
20271
20273
20283
20286
20307
20308
20308
20309
20311
20313
20323
20327
20328
20328
20332
20335
20338
20345
20348
20354
20355
20357
20358
20359
20359
20362
20364
20365
20366
20367
20367
20370
20371
20371
20372
20382
20383
20394
20395
20397
20401
20405
20406
20409
20409
20411
20414
20414
20417
20423
20425
20426
20429
20429
20431
20434
20436
20438
20440
20445
20454
20455
20455
20457
20460
20462
20463
20468
20468
20469
20472
20477
20477
20479
20480
20484
20486
20488
20496
20499
20518
20526
20526
20528
20534
20538
20544
20548
20549
20554
20554
20556
20562
20563
20565
20568
20569
20583
20584
20589
20593
20593
20596
20598
20599
20601
20604
20605
20607
20609
20610
20612
20619
20623
20624
20628
20629
20634
20638
20639
20644
20644
20650
20651
20652
20654
20658
20670
20671
20674
20675
20675
20677
20679
20681
20685
20686
20689
20697
20707
20708
20714
20723
20725
20737
20739
20743
20743
20751
20754
20759
20761
20763
20765
20768
20775
20779
20786
20787
20790
20793
20796
20796
20798
20800
20814
20815
20819
20819
20821
20822
20826
20827
20828
20830
20830
20839
20844
20846
20849
20850
20854
20857
20858
20860
20860
20866
20870
20871
20872
20875
20878
20883
20888
20890
20894
20896
20896
20897
20898
20903
20903
20905
20911
20913
20917
20920
20921
20924
20934
20938
20941
20944
20944
20945
20949
20950
20962
20970
20974
20979
20980
20992
20994
20994
20998
20998
21010
21012
21012
21014
21016
21017
21022
21026
21026
21027
21029
21033
21033
21039
21040
21042
21043
21048
21053
21056
21058
21061
21061
21063
21067
21069
21070
21071
21072
21077
21078
21086
21086
21086
21091
21097
21100
21102
21106
21110
21118
21122
21124
21125
21127
21128
21128
21132
21132
21136
21142
21143
21144
21146
21151
21155
21159
21161
21161
21163
21165
21169
21175
21175
21182
21183
21186
21187
21198
21209
21210
21210
21211
21212
21215
21218
21221
21222
21223
21223
21223
21229
21229
21235
21235
21237
21241
21241
21242
21245
21248
21255
21258
21259
21267
21268
21278
21280
21281
21282
21284
21288
21290
21293
21295
21299
21314
21320
21324
21334
21335
21335
21335
21339
21340
21343
21345
21346
21350
21352
21360
21362
21366
21378
21392
21394
21403
21406
21410
21411
21413
21414
21415
21416
21416
21418
21420
21421
21422
21425
21433
21433
21435
21436
21446
21448
21450
21452
21453
21457
21458
21459
21460
21463
21466
21468
21471
21474
21478
21480
21480
21486
21488
21489
21492
21499
21501
21505
21505
21508
21516
21517
21519
21523
21523
21524
21527
21531
21531
21535
21539
21541
21545
21548
21550
21566
21570
21570
21573
21574
21580
21581
21586
21587
21589
21592
21597
21597
21601
21602
21613
21618
21620
21624
21629
21631
21635
21646
21647
21648
21652
21653
21654
21655
21656
21659
21660
21667
21669
21672
21673
21680
21683
21687
21690
21690
21697
21697
21700
21700
21700
21701
21703
21703
21705
21706
21711
21712
21715
21716
21719
21719
21720
21730
21731
21735
21742
21744
21744
21751
21769
21771
21773
21785
21786
21789
21789
21791
21795
21800
21801
21805
21806
21809
21814
21818
21822
21827
21834
21835
21843
21843
21846
21849
21855
21857
21857
21858
21863
21868
21869
21872
21877
21883
21884
21889
21893
21894
21895
21897
21901
21907
21910
21910
21911
21913
21917
21921
21921
21930
21933
21935
21938
21953
21954
21958
21958
21960
21961
21962
21962
21966
21970
21974
21979
21989
21990
21991
21991
21992
21996
21997
21998
22000
22001
22005
22006
22007
22010
22013
22014
22018
22019
22023
22023
22024
22027
22030
22036
22036
22041
22048
22048
22052
22052
22053
22054
22054
22059
22061
22063
22064
22071
22072
22080
22080
22082
22100
22102
22107
22107
22111
22114
22124
22127
22133
22133
22135
22137
22138
22139
22142
22148
22148
22149
22151
22153
22154
22163
22163
22170
22171
22180
22181
22184
22184
22191
22195
22196
22196
22197
22210
22217
22221
22223
22226
22232
22232
22233
22235
22236
22247
22249
22259
22264
22264
22264
22265
22266
22272
22275
22280
22282
22286
22288
22294
22295
22298
22302
22303
22313
22321
22327
22332
22333
22333
22341
22350
22355
22357
22358
22369
22370
22371
22382
22384
22385
22389
22397
22398
22403
22408
22410
22412
22413
22416
22420
22441
22448
22449
22450
22450
22452
22453
22465
22467
22467
22468
22479
22482
22484
22485
22491
22494
22496
22497
22498
22500
22507
22508
22510
22510
22513
22516
22519
22522
22522
22526
22528
22529
22539
22544
22550
22550
22551
22553
22555
22558
22558
22562
22566
22571
22572
22573
22575
22580
22583
22583
22584
22600
22608
22608
22611
22612
22613
22616
22619
22626
22638
22645
22646
22646
22651
22651
22654
22664
22665
22668
22669
22678
22681
22681
22686
22693
22697
22701
22703
22704
22708
22712
22715
22720
22723
22723
22726
22730
22734
22742
22743
22747
22749
22751
22752
22752
22756
22763
22771
22772
22775
22782
22785
22785
22786
22792
22796
22796
22803
22814
22818
22819
22821
22826
22827
22828
22829
22840
22841
22841
22842
22844
22846
22847
22848
22852
22852
22853
22854
22856
22856
22857
22860
22860
22862
22863
22885
22885
22887
22889
22895
22899
22900
22901
22902
22906
22907
22909
22912
22913
22916
22916
22917
22921
22923
22924
22924
22925
22925
22925
22928
22932
22943
22946
22947
22951
22952
22954
22957
22961
22962
22965
22967
22969
22971
22973
22974
22980
22984
22984
22992
22998
23001
23007
23011
23011
23013
23016
23016
23022
23027
23028
23030
23034
23038
23038
23057
23060
23061
23067
23073
23076
23077
23078
23082
23089
23091
23093
23093
23093
23104
23105
23107
23109
23110
23111
23113
23115
23121
23122
23126
23127
23130
23132
23133
23139
23141
23144
23146
23150
23153
23155
23157
23160
23166
23179
23182
23183
23186
23190
23195
23199
23203
23203
23208
23212
23219
23222
23222
23223
23227
23228
23230
23232
23234
23236
23236
23238
23244
23256
23261
23263
23267
23269
23269
23284
23289
23293
23294
23296
23296
23300
23309
23310
23312
23322
23323
23324
23329
23331
23332
23332
23334
23335
23339
23340
23353
23353
23354
23358
23359
23360
23360
23364
23364
23367
23367
23368
23369
23374
23376
23376
23385
23386
23386
23388
23401
23404
23406
23410
23412
23412
23413
23416
23418
23420
23421
23424
23426
23426
23429
23433
23434
23437
23442
23446
23447
23452
23454
23456
23465
23471
23471
23478
23482
23486
23490
23497
23497
23507
23509
23517
23519
23520
23524
23525
23526
23527
23532
23536
23546
23549
23555
23558
23563
23566
23570
23570
23571
23574
23576
23576
23576
23585
23589
23589
23589
23594
23601
23605
23608
23614
23620
23621
23622
23624
23628
23629
23631
23632
23643
23643
23646
23653
23653
23655
23656
23659
23665
23667
23671
23674
23682
23685
23697
23698
23698
23701
23706
23706
23709
23709
23709
23712
23712
23716
23720
23729
23735
23735
23737
23737
23746
23751
23754
23754
23770
23774
23774
23783
23787
23789
23790
23793
23795
23800
23801
23803
23806
23808
23813
23817
23820
23827
23827
23832
23835
23844
23846
23846
23847
23851
23852
23853
23855
23860
23862
23863
23864
23864
23867
23870
23872
23879
23885
23887
23894
23894
23894
23898
23899
23900
23901
23902
23905
23911
23912
23913
23914
23916
23916
23923
23924
23925
23925
23932
23935
23935
23936
23942
23953
23955
23959
23965
23966
23975
23976
23977
23982
23984
23989
23991
23995
23997
24002
24006
24012
24019
24020
24020
24023
24023
24027
24028
24038
24039
24042
24045
24046
24058
24064
24070
24076
24081
24082
24084
24095
24096
24098
24098
24101
24106
24108
24112
24115
24118
24118
24121
24125
24128
24132
24134
24135
24137
24142
24144
24144
24146
24149
24155
24163
24163
24174
24175
24177
24178
24180
24180
24185
24185
24189
24189
24192
24192
24193
24193
24194
24199
24200
24212
24215
24217
24217
24220
24223
24224
24232
24236
24236
24236
24238
24240
24245
24246
24253
24255
24255
24256
24265
24265
24265
24268
24270
24273
24278
24285
24292
24299
24300
24301
24301
24303
24308
24314
24315
24315
24317
24320
24323
24328
24332
24332
24336
24338
24347
24349
24354
24355
24356
24360
24362
24364
24365
24366
24370
24383
24384
24389
24389
24394
24394
24400
24400
24405
24409
24424
24427
24428
24430
24431
24432
24434
24435
24439
24439
24440
24444
24453
24456
24458
24459
24469
24469
24472
24473
24478
24479
24482
24487
24488
24488
24492
24494
24495
24495
24498
24503
24505
24508
24512
24513
24514
24515
24517
24521
24528
24529
24529
24535
24535
24536
24537
24544
24547
24553
24555
24559
24561
24562
24572
24573
24575
24584
24585
24590
24592
24595
24598
24603
24608
24608
24610
24616
24617
24619
24630
24640
24640
24641
24641
24642
24642
24646
24650
24654
24661
24661
24668
24672
24673
24681
24685
24688
24692
24698
24698
24706
24707
24712
24713
24713
24713
24716
24723
24725
24732
24738
24743
24746
24750
24750
24751
24753
24757
24760
24765
24765
24773
24774
24774
24778
24779
24781
24782
24784
24787
24790
24791
24792
24793
24799
24803
24806
24811
24817
24819
24821
24829
24831
24832
24835
24844
24847
24848
24852
24853
24853
24854
24859
24866
24867
24874
24877
24878
24878
24879
24887
24891
24896
24898
24899
24899
24900
24900
24911
24918
24921
24929
24931
24933
24933
24934
24943
24943
24943
24945
24947
24956
24959
24966
24979
24979
24979
24980
24980
24984
24984
24986
24992
24992
25002
25005
25005
25010
25013
25017
25021
25022
25024
25024
25026
25034
25035
25036
25039
25042
25044
25046
25057
25057
25061
25061
25065
25066
25067
25069
25073
25073
25078
25078
25085
25086
25089
25091
25093
25093
25094
25094
25100
25114
25117
25118
25118
25124
25126
25128
25128
25132
25153
25158
25160
25162
25164
25165
25167
25169
25170
25176
25180
25181
25183
25188
25191
25194
25195
25198
25200
25200
25201
25205
25205
25209
25211
25213
25214
25217
25219
25219
25221
25225
25226
25231
25234
25241
25244
25248
25249
25250
25250
25251
25251
25252
25253
25268
25277
25282
25285
25286
25287
25289
25295
25295
25296
25298
25304
25310
25311
25314
25317
25319
25319
25321
25327
25333
25333
25334
25338
25339
25344
25358
25359
25361
25362
25376
25377
25380
25382
25385
25387
25393
25408
25413
25419
25421
25426
25430
25431
25435
25440
25441
25442
25444
25447
25447
25448
25453
25454
25455
25456
25463
25465
25469
25475
25478
25480
25480
25483
25484
25489
25495
25499
25501
25503
25507
25517
25518
25523
25526
25535
25537
25541
25547
25550
25550
25551
25557
25567
25567
25568
25573
25573
25574
25578
25579
25580
25581
25582
25585
25589
25593
25595
25596
25596
25597
25601
25610
25610
25617
25618
25619
25626
25628
25630
25630
25633
25633
25635
25635
25637
25638
25645
25652
25652
25653
25655
25662
25662
25662
25662
25663
25665
25668
25674
25678
25685
25687
25688
25690
25692
25699
25702
25702
25704
25705
25706
25713
25722
25724
25725
25733
25737
25742
25743
25743
25744
25746
25752
25752
25755
25760
25760
25762
25763
25766
25768
25777
25778
25780
25791
25795
25797
25797
25803
25811
25812
25815
25817
25820
25821
25830
25831
25835
25835
25837
25842
25845
25847
25849
25850
25852
25865
25866
25874
25882
25883
25886
25890
25892
25893
25898
25900
25901
25905
25905
25911
25916
25920
25926
25928
25930
25932
25934
25934
25938
25941
25949
25956
25958
25962
25968
25968
25970
25970
25972
25975
25980
25980
25986
25988
25994
25997
26013
26018
26020
26022
26027
26028
26032
26033
26034
26037
26045
26048
26057
26058
26060
26063
26063
26064
26068
26071
26071
26077
26084
26086
26086
26088
26090
26090
26101
26103
26104
26105
26109
26113
26114
26114
26124
26125
26126
26126
26129
26147
26147
26153
26153
26157
26163
26167
26169
26172
26174
26177
26177
26178
26182
26184
26188
26189
26189
26196
26197
26198
26200
26201
26201
26218
26230
26232
26234
26234
26236
26248
26251
26255
26256
26261
26266
26267
26267
26274
26275
26277
26278
26278
26279
26280
26296
26307
26310
26318
26318
26321
26325
26328
26329
26331
26332
26339
26341
26345
26345
26346
26360
26362
26367
26368
26369
26377
26377
26381
26383
26390
26397
26397
26398
26398
26399
26401
26402
26405
26406
26407
26409
26416
26418
26422
26426
26431
26432
26434
26437
26439
26440
26443
26446
26453
26453
26455
26456
26457
26460
26466
26468
26471
26472
26480
26481
26483
26490
26491
26493
26501
26501
26502
26504
26506
26512
26520
26521
26523
26525
26532
26533
26535
26535
26537
26549
26549
26550
26552
26560
26563
26565
26566
26566
26570
26574
26575
26579
26582
26585
26592
26596
26602
26605
26605
26608
26612
26615
26627
26627
26629
26629
26642
26644
26646
26650
26652
26654
26656
26659
26666
26674
26678
26679
26683
26684
26684
26691
26695
26699
26701
26707
26710
26711
26712
26714
26725
26740
26740
26741
26745
26748
26748
26758
26758
26758
26761
26765
26767
26777
26779
26780
26782
26792
26792
26793
26799
26803
26812
26813
26815
26826
26829
26830
26834
26834
26834
26836
26838
26842
26845
26850
26853
26857
26875
26876
26876
26878
26881
26881
26886
26888
26891
26891
26894
26900
26900
26901
26902
26903
26905
26906
26911
26914
26917
26919
26929
26930
26932
26932
26935
26935
26935
26948
26952
26958
26964
26965
26970
26970
26970
26972
26974
26976
26976
26978
26978
26980
26981
26984
26989
26999
27001
27002
27002
27003
27004
27006
27009
27012
27014
27016
27017
27019
27025
27026
27028
27030
27036
27047
27057
27062
27063
27064
27067
27072
27084
27085
27086
27088
27091
27093
27097
27100
27110
27114
27115
27117
27123
27124
27125
27130
27137
27150
27152
27153
27155
27155
27156
27162
27163
27164
27171
27175
27175
27176
27177
27187
27187
27188
27192
27196
27198
27203
27204
27208
27213
27215
27225
27228
27229
27230
27235
27237
27240
27241
27243
27256
27260
27260
27261
27263
27263
27263
27267
27273
27274
27275
27287
27289
27298
27300
27309
27312
27314
27315
27319
27324
27326
27327
27330
27332
27334
27339
27342
27352
27353
27355
27362
27367
27368
27373
27377
27379
27389
27402
27409
27412
27426
27427
27435
27435
27441
27445
27447
27454
27454
27456
27458
27459
27466
27470
27471
27471
27473
27481
27493
27493
27494
27495
27501
27505
27506
27510
27514
27523
27523
27524
27525
27529
27530
27530
27530
27538
27538
27539
27539
27539
27541
27541
27543
27543
27552
27560
27569
27570
27571
27576
27581
27586
27597
27607
27615
27616
27617
27623
27624
27628
27630
27632
27637
27639
27639
27647
27647
27652
27658
27658
27663
27665
27666
27669
27672
27679
27683
27684
27687
27688
27691
27693
27693
27697
27709
27713
27713
27717
27718
27719
27720
27722
27727
27732
27738
27738
27740
27745
27757
27758
27758
27758
27759
27760
27761
27763
27765
27767
27769
27769
27771
27771
27781
27783
27785
27791
27800
27804
27804
27806
27806
27809
27810
27813
27816
27819
27823
27825
27828
27828
27831
27835
27835
27840
27841
27841
27851
27851
27855
27855
27862
27871
27872
27874
27876
27880
27884
27889
27891
27892
27896
27899
27909
27911
27913
27925
27959
27961
27963
27967
27976
27976
27979
27979
27983
27985
27985
27988
27990
27993
27999
28004
28007
28011
28011
28013
28015
28015
28020
28030
28034
28039
28041
28041
28045
28056
28060
28061
28075
28075
28081
28091
28095
28102
28106
28107
28108
28109
28109
28110
28115
28116
28118
28124
28126
28127
28128
28129
28129
28142
28145
28149
28151
28154
28161
28163
28164
28170
28171
28174
28175
28177
28178
28180
28193
28197
28209
28210
28212
28212
28222
28223
28223
28224
28226
28228
28230
28230
28241
28247
28256
28257
28257
28259
28259
28264
28268
28268
28271
28271
28276
28279
28280
28284
28285
28286
28290
28291
28293
28295
28295
28296
28300
28301
28306
28306
28307
28309
28314
28319
28322
28327
28328
28332
28334
28334
28335
28336
28337
28342
28347
28352
28353
28354
28354
28355
28356
28361
28361
28362
28363
28371
28371
28378
28378
28382
28382
28384
28387
28389
28390
28393
28398
28399
28402
28417
28418
28419
28421
28433
28434
28434
28437
28439
28439
28441
28442
28446
28448
28449
28454
28456
28457
28459
28464
28473
28479
28482
28482
28491
28495
28510
28513
28513
28517
28525
28525
28527
28530
28532
28535
28535
28537
28542
28544
28548
28551
28554
28558
28562
28570
28570
28572
28574
28577
28579
28579
28580
28588
28593
28595
28596
28597
28598
28598
28601
28606
28606
28607
28608
28612
28613
28614
28626
28631
28640
28643
28645
28646
28647
28650
28655
28660
28668
28670
28671
28672
28680
28683
28686
28692
28693
28698
28702
28708
28711
28713
28715
28720
28731
28735
28742
28751
28754
28755
28757
28760
28761
28762
28763
28766
28778
28779
28786
28791
28796
28797
28797
28799
28801
28802
28805
28817
28837
28839
28840
28842
28842
28843
28844
28847
28848
28849
28850
28851
28852
28856
28858
28864
28866
28866
28868
28870
28871
28872
28872
28873
28874
28876
28880
28882
28882
28886
28891
28895
28895
28896
28898
28901
28906
28906
28907
28908
28908
28911
28911
28912
28913
28913
28916
28917
28917
28921
28924
28925
28931
28931
28935
28936
28947
28947
28948
28951
28951
28952
28956
28956
28962
28965
28966
28967
28967
28972
28972
28977
28979
28979
28983
28995
28997
28998
29003
29003
29006
29009
29012
29015
29016
29018
29018
29018
29020
29021
29023
29033
29033
29042
29049
29052
29053
29064
29065
29072
29078
29083
29086
29092
29093
29095
29097
29100
29100
29101
29101
29102
29102
29103
29104
29105
29105
29109
29112
29118
29125
29129
29129
29130
29130
29130
29137
29138
29138
29139
29140
29142
29142
29167
29171
29176
29176
29183
29184
29184
29188
29188
29192
29207
29211
29212
29214
29217
29220
29224
29227
29228
29236
29240
29240
29244
29245
29247
29248
29250
29250
29252
29254
29254
29256
29265
29271
29273
29275
29276
29280
29283
29284
29286
29291
29292
29294
29296
29296
29303
29308
29310
29311
29315
29315
29316
29317
29320
29322
29322
29323
29329
29334
29344
29353
29356
29361
29362
29366
29368
29369
29374
29374
29386
29386
29399
29405
29405
29412
29419
29419
29423
29423
29432
29433
29437
29440
29442
29444
29448
29450
29454
29464
29464
29467
29470
29473
29476
29480
29487
29491
29493
29495
29503
29503
29515
29518
29521
29522
29528
29536
29539
29541
29549
29550
29551
29553
29556
29559
29559
29561
29562
29565
29569
29581
29591
29591
29593
29596
29599
29599
29599
29606
29606
29612
29613
29620
29622
29624
29624
29627
29628
29630
29630
29630
29631
29637
29639
29649
29653
29656
29661
29673
29674
29678
29680
29682
29683
29685
29698
29698
29699
29700
29700
29702
29703
29705
29711
29713
29716
29718
29718
29721
29721
29722
29728
29728
29730
29737
29742
29747
29749
29751
29754
29755
29759
29761
29761
29766
29775
29777
29780
29784
29788
29790
29791
29795
29796
29796
29800
29801
29801
29805
29806
29814
29815
29818
29819
29820
29820
29823
29830
29831
29840
29846
29846
29852
29854
29854
29855
29855
29865
29869
29870
29872
29873
29874
29876
29879
29882
29885
29892
29894
29898
29902
29902
29902
29906
29913
29918
29920
29922
29923
29929
29942
29947
29955
29957
29962
29971
29974
29975
29980
29981
29983
29984
29986
29988
29994
30001
30001
30005
30006
30007
30010
30017
30017
30021
30022
30030
30031
30035
30035
30039
30041
30042
30042
30043
30045
30052
30057
30059
30062
30063
30069
30069
30074
30075
30080
30081
30088
30089
30092
30095
30096
30097
30098
30102
30115
30115
30118
30120
30121
30127
30127
30127
30129
30129
30136
30137
30138
30138
30140
30141
30144
30144
30153
30154
30155
30164
30168
30170
30170
30177
30179
30179
30200
30201
30206
30209
30215
30216
30221
30235
30235
30239
30242
30246
30246
30247
30248
30253
30254
30255
30272
30274
30274
30275
30280
30287
30294
30295
30308
30313
30330
30332
30339
30347
30350
30356
30356
30358
30359
30360
30361
30363
30363
30365
30366
30367
30369
30372
30375
30376
30381
30388
30390
30395
30397
30400
30402
30402
30405
30406
30412
30412
30417
30418
30420
30425
30433
30437
30441
30443
30446
30448
30448
30451
30454
30456
30461
30473
30478
30479
30481
30482
30508
30511
30513
30513
30516
30517
30521
30523
30526
30528
30529
30533
30538
30539
30543
30549
30549
30552
30560
30572
30575
30575
30578
30579
30579
30580
30582
30582
30584
30589
30590
30598
30598
30606
30606
30608
30611
30617
30617
30618
30619
30621
30624
30626
30634
30637
30641
30645
30655
30655
30657
30661
30661
30662
30662
30666
30673
30679
30683
30684
30691
30692
30693
30695
30697
30698
30700
30700
30701
30701
30701
30702
30705
30709
30715
30717
30718
30720
30722
30723
30726
30729
30733
30733
30736
30737
30741
30741
30743
30754
30757
30758
30763
30764
30770
30774
30775
30776
30776
30780
30793
30794
30795
30799
30799
30801
30805
30805
30806
30813
30817
30819
30826
30832
30833
30837
30840
30841
30842
30844
30849
30850
30851
30857
30859
30862
30866
30867
30868
30871
30872
30879
30892
30892
30892
30894
30894
30900
30912
30916
30920
30925
30925
30931
30932
30939
30940
30942
30943
30944
30945
30953
30963
30965
30965
30970
30975
30977
30978
30980
30987
30989
30992
30999
31002
31006
31008
31013
31020
31031
31039
31042
31043
31049
31051
31055
31056
31058
31058
31064
31075
31077
31078
31081
31082
31084
31088
31090
31091
31092
31098
31100
31101
31102
31106
31112
31114
31114
31119
31124
31126
31138
31141
31143
31152
31155
31160
31160
31161
31165
31166
31167
31172
31172
31176
31177
31179
31190
31192
31194
31197
31199
31201
31201
31206
31206
31210
31220
31220
31221
31223
31225
31227
31234
31236
31236
31238
31244
31248
31251
31251
31252
31256
31265
31266
31268
31272
31278
31283
31284
31288
31295
31299
31307
31308
31309
31312
31320
31322
31323
31324
31326
31330
31333
31334
31344
31350
31355
31356
31360
31361
31369
31370
31373
31390
31392
31398
31399
31402
31416
31417
31420
31429
31432
31438
31446
31447
31450
31450
31463
31464
31472
31475
31482
31485
31494
31501
31503
31512
31514
31520
31522
31528
31539
31540
31544
31549
31552
31563
31565
31565
31569
31569
31571
31572
31582
31584
31585
31586
31588
31588
31591
31595
31599
31600
31600
31601
31602
31603
31606
31610
31612
31618
31631
31633
31639
31648
31650
31652
31666
31666
31668
31672
31678
31682
31683
31693
31693
31694
31695
31710
31711
31712
31716
31716
31720
31720
31721
31728
31739
31746
31746
31753
31755
31761
31775
31780
31783
31785
31786
31789
31790
31796
31806
31808
31810
31813
31813
31814
31824
31825
31833
31834
31835
31835
31836
31837
31848
31849
31853
31858
31860
31861
31862
31863
31865
31867
31872
31873
31876
31877
31877
31882
31882
31885
31886
31890
31893
31894
31896
31902
31908
31912
31914
31919
31920
31921
31922
31922
31930
31936
31936
31937
31942
31945
31953
31954
31960
31960
31960
31966
31966
31971
31971
31972
31974
31974
31977
31978
31981
31982
31983
31986
31988
31989
31990
31991
31994
31995
31996
31997
32001
32004
32004
32012
32019
32020
32024
32029
32032
32033
32035
32036
32039
32041
32049
32064
32064
32065
32068
32070
32081
32086
32090
32094
32095
32101
32101
32102
32106
32108
32111
32115
32116
32118
32118
32127
32128
32131
32132
32132
32135
32135
32135
32138
32139
32142
32145
32152
32153
32154
32163
32164
32164
32166
32175
32181
32183
32185
32187
32187
32189
32190
32192
32195
32197
32201
32205
32215
32220
32223
32223
32223
32224
32225
32227
32234
32236
32242
32247
32247
32251
32253
32254
32255
32262
32265
32267
32278
32280
32282
32290
32290
32291
32292
32294
32303
32305
32311
32313
32314
32320
32320
32322
32323
32328
32331
32332
32335
32335
32336
32338
32340
32340
32343
32346
32347
32355
32355
32357
32359
32360
32365
32371
32376
32379
32382
32385
32388
32391
32392
32395
32395
32399
32399
32401
32402
32408
32417
32422
32422
32425
32426
32431
32431
32438
32441
32441
32441
32445
32448
32452
32454
32455
32457
32458
32461
32465
32467
32469
32483
32489
32490
32491
32496
32509
32509
32509
32510
32513
32515
32515
32528
32533
32534
32535
32541
32542
32548
32549
32553
32561
32562
32563
32563
32564
32564
32565
32565
32572
32588
32592
32596
32596
32598
32603
32606
32606
32606
32613
32614
32620
32625
32627
32631
32633
32634
32639
32641
32644
32648
32651
32658
32663
32664
32670
32670
32670
32672
32675
32677
32680
32686
32687
32689
32690
32691
32695
32705
32710
32710
32713
32715
32720
32723
32723
32737
32738
32739
32740
32742
32743
32746
32751
32752
32756
32761
32765
