9
11
11
14
17
20
26
28
29
43
44
45
46
51
51
52
56
56
61
72
73
74
81
84
84
103
105
106
106
107
107
112
114
115
121
124
124
125
126
126
129
129
129
134
135
136
137
147
153
161
162
169
174
179
186
187
187
192
193
195
201
205
207
214
220
222
230
236
243
246
251
251
257
259
262
264
273
274
275
278
280
280
287
288
288
289
293
296
298
299
301
303
303
306
312
313
317
317
318
320
323
327
330
330
341
344
345
346
359
360
365
366
366
368
369
372
375
379
380
380
381
388
389
390
399
404
405
407
411
413
419
429
431
434
435
439
440
443
449
453
455
455
456
457
461
466
471
479
483
485
485
487
491
493
500
501
505
508
510
510
521
521
522
531
532
537
540
546
549
553
558
565
569
572
576
582
585
587
590
590
595
600
602
606
607
607
608
609
610
622
622
625
627
629
630
635
640
640
647
655
656
659
661
671
672
672
675
683
684
691
693
697
699
702
702
702
710
712
714
717
721
723
724
726
728
729
729
731
731
732
735
736
741
741
742
746
750
762
766
772
774
778
781
789
792
800
802
805
818
819
819
819
829
835
844
858
862
867
873
874
883
884
890
895
898
908
909
917
918
919
920
921
922
929
929
932
938
939
941
943
944
947
947
947
949
952
956
957
957
965
966
966
970
974
977
984
988
990
990
991
991
992
993
995
1009
1011
1019
1020
1021
1023
1025
1029
1032
1033
1039
1048
1051
1062
1064
1068
1068
1071
1071
1073
1073
1076
1077
1077
1080
1083
1083
1084
1088
1089
1100
1100
1104
1107
1114
1116
1121
1123
1126
1132
1133
1136
1142
1154
1155
1160
1164
1164
1168
1171
1172
1172
1173
1186
1186
1188
1188
1190
1191
1197
1200
1205
1210
1216
1222
1225
1226
1232
1239
1241
1241
1249
1253
1255
1256
1258
1259
1261
1262
1264
1271
1272
1273
1275
1276
1276
1277
1286
1287
1288
1291
1295
1307
1318
1319
1321
1321
1327
1331
1340
1340
1341
1350
1354
1357
1358
1359
1360
1369
1369
1369
1371
1372
1373
1376
1386
1390
1391
1396
1397
1397
1398
1399
1403
1415
1418
1424
1424
1425
1428
1428
1429
1430
1431
1435
1437
1445
1448
1464
1471
1477
1483
1484
1487
1488
1488
1488
1488
1490
1493
1494
1494
1499
1499
1514
1516
1517
1518
1519
1521
1524
1525
1526
1529
1532
1535
1547
1550
1557
1559
1564
1564
1567
1569
1572
1578
1579
1586
1592
1594
1598
1598
1604
1604
1607
1607
1608
1610
1612
1623
1628
1628
1629
1630
1631
1641
1643
1644
1649
1650
1657
1659
1663
1665
1667
1667
1682
1699
1703
1710
1720
1720
1721
1722
1724
1733
1736
1736
1738
1742
1744
1750
1751
1753
1754
1756
1760
1763
1765
1772
1773
1778
1781
1783
1785
1792
1795
1799
1800
1800
1802
1802
1806
1812
1813
1816
1822
1827
1828
1828
1828
1832
1834
1836
1836
1838
1839
1839
1840
1843
1847
1847
1848
1850
1852
1853
1856
1857
1858
1859
1868
1868
1868
1869
1871
1874
1881
1883
1886
1887
1890
1891
1891
1896
1897
1902
1905
1905
1917
1917
1925
1925
1926
1931
1936
1940
1941
1948
1960
1961
1961
1964
1964
1970
1970
1975
1980
1981
1981
1985
1986
1990
1993
1993
1997
1998
2000
2005
2008
2012
2012
2019
2023
2024
2025
2027
2033
2042
2042
2044
2048
2050
2050
2052
2057
2058
2065
2066
2068
2069
2070
2073
2075
2081
2084
2085
2087
2088
2089
2092
2093
2093
2112
2114
2117
2127
2132
2137
2142
2145
2146
2147
2149
2150
2151
2152
2158
2161
2163
2166
2169
2170
2170
2176
2178
2179
2181
2182
2193
2194
2194
2200
2205
2210
2211
2215
2219
2220
2223
2225
2227
2236
2238
2238
2239
2242
2244
2247
2248
2249
2252
2259
2264
2268
2276
2276
2282
2283
2285
2285
2287
2289
2290
2291
2293
2293
2293
2294
2297
2299
2299
2299
2301
2301
2303
2307
2312
2313
2320
2322
2322
2343
2344
2351
2353
2354
2356
2363
2364
2367
2368
2369
2370
2372
2372
2381
2381
2389
2402
2403
2405
2406
2423
2425
2435
2435
2441
2446
2448
2454
2461
2463
2464
2469
2472
2472
2473
2477
2487
2488
2494
2504
2513
2514
2519
2523
2525
2525
2527
2533
2534
2538
2540
2541
2547
2547
2547
2550
2554
2560
2565
2565
2566
2567
2569
2570
2572
2573
2574
2574
2576
2576
2579
2583
2586
2588
2591
2593
2602
2604
2605
2610
2610
2615
2619
2625
2628
2629
2633
2641
2642
2652
2653
2656
2657
2660
2660
2662
2663
2664
2669
2669
2674
2682
2687
2691
2691
2703
2705
2706
2720
2723
2736
2738
2740
2741
2746
2746
2749
2750
2752
2753
2756
2756
2757
2762
2766
2766
2769
2772
2775
2776
2778
2785
2792
2793
2795
2805
2808
2809
2810
2812
2829
2829
2832
2835
2836
2838
2841
2843
2844
2844
2849
2857
2859
2860
2862
2862
2866
2866
2868
2874
2875
2876
2877
2879
2885
2891
2899
2906
2906
2908
2911
2912
2916
2916
2916
2926
2934
2937
2950
2951
2951
2952
2955
2956
2960
2961
2969
2970
2971
2976
2977
2977
2981
2981
2982
2982
2984
2996
2997
2997
3000
3002
3009
3012
3012
3017
3019
3021
3026
3026
3037
3038
3040
3040
3042
3045
3051
3053
3053
3054
3057
3059
3060
3061
3061
3064
3065
3066
3076
3093
3101
3111
3112
3119
3119
3119
3123
3123
3123
3125
3131
3132
3134
3136
3138
3142
3154
3157
3162
3168
3170
3172
3174
3176
3182
3186
3189
3193
3196
3200
3202
3202
3204
3211
3213
3214
3218
3221
3225
3227
3229
3229
3230
3231
3238
3239
3239
3242
3245
3247
3260
3261
3264
3266
3269
3270
3272
3275
3280
3281
3282
3288
3289
3299
3306
3307
3308
3309
3317
3317
3321
3321
3322
3326
3331
3332
3336
3338
3340
3340
3341
3348
3353
3353
3355
3361
3362
3362
3365
3366
3366
3372
3374
3384
3392
3400
3404
3405
3407
3408
3408
3414
3415
3416
3426
3430
3431
3434
3438
3443
3445
3448
3454
3456
3459
3463
3463
3464
3464
3469
3470
3473
3474
3476
3476
3480
3485
3488
3492
3497
3502
3506
3506
3513
3513
3515
3520
3524
3526
3529
3539
3543
3545
3547
3549
3550
3550
3553
3556
3557
3561
3564
3564
3565
3568
3577
3579
3586
3586
3595
3596
3603
3604
3605
3606
3610
3612
3612
3613
3614
3619
3619
3622
3623
3625
3626
3635
3638
3643
3644
3646
3648
3653
3654
3656
3660
3666
3688
3690
3692
3699
3700
3704
3718
3723
3724
3725
3726
3729
3733
3735
3741
3743
3752
3759
3760
3761
3761
3762
3763
3770
3772
3773
3777
3777
3780
3781
3785
3787
3789
3789
3792
3792
3793
3796
3798
3800
3804
3805
3808
3812
3814
3819
3821
3822
3822
3828
3829
3837
3843
3845
3846
3852
3853
3855
3862
3862
3865
3870
3880
3880
3885
3886
3887
3898
3903
3904
3905
3910
3912
3913
3916
3917
3918
3919
3921
3921
3925
3930
3934
3944
3954
3960
3960
3960
3963
3963
3973
3977
3982
3983
3990
3996
3996
4007
4011
4014
4017
4018
4018
4020
4031
4036
4036
4039
4039
4041
4041
4056
4056
4062
4066
4069
4074
4075
4081
4091
4091
4094
4096
4097
4103
4106
4109
4113
4116
4117
4117
4118
4122
4125
4126
4129
4133
4138
4139
4142
4144
4145
4147
4155
4156
4157
4157
4160
4161
4161
4162
4167
4169
4170
4171
4181
4185
4189
4189
4190
4194
4206
4214
4217
4217
4220
4226
4233
4235
4241
4243
4244
4245
4249
4250
4251
4251
4251
4252
4265
4270
4271
4285
4285
4288
4291
4295
4297
4298
4300
4304
4306
4309
4309
4311
4312
4312
4313
4314
4314
4317
4319
4321
4322
4323
4327
4329
4330
4332
4333
4334
4336
4337
4339
4341
4343
4345
4347
4347
4355
4361
4361
4362
4370
4371
4373
4373
4375
4385
4387
4400
4419
4422
4425
4426
4429
4438
4444
4449
4450
4453
4462
4468
4472
4472
4474
4474
4479
4483
4492
4502
4503
4504
4508
4508
4510
4512
4515
4520
4521
4522
4525
4526
4531
4532
4537
4554
4555
4569
4571
4576
4582
4587
4589
4589
4591
4592
4593
4599
4601
4602
4606
4608
4608
4611
4612
4629
4631
4633
4633
4636
4639
4640
4640
4641
4644
4645
4648
4650
4653
4654
4659
4659
4666
4669
4669
4670
4672
4678
4682
4683
4686
4688
4690
4692
4698
4699
4701
4706
4707
4707
4707
4717
4724
4726
4726
4726
4732
4737
4739
4739
4740
4744
4746
4753
4756
4759
4763
4764
4768
4772
4774
4776
4777
4777
4780
4783
4785
4787
4789
4790
4794
4798
4799
4800
4810
4812
4813
4817
4822
4823
4828
4830
4834
4836
4837
4839
4839
4854
4856
4857
4858
4863
4865
4866
4868
4869
4870
4873
4875
4881
4882
4889
4894
4896
4898
4899
4902
4906
4911
4915
4916
4919
4925
4928
4929
4933
4937
4938
4946
4946
4950
4962
4966
4967
4968
4970
4971
4973
4973
4976
4978
4980
4981
4982
4989
4991
4992
4993
4996
4996
4996
4996
4999
5005
5006
5016
5020
5021
5032
5035
5037
5038
5054
5056
5067
5070
5075
5078
5078
5079
5081
5081
5082
5084
5084
5093
5097
5101
5102
5104
5114
5124
5126
5129
5129
5130
5134
5144
5147
5147
5150
5153
5159
5168
5169
5170
5174
5178
5181
5183
5184
5188
5191
5202
5219
5220
5228
5235
5239
5246
5249
5251
5253
5254
5256
5259
5260
5261
5267
5269
5276
5278
5282
5285
5295
5300
5300
5312
5314
5315
5316
5327
5329
5332
5344
5351
5353
5359
5359
5361
5374
5375
5385
5386
5387
5387
5390
5392
5396
5402
5408
5410
5413
5413
5415
5416
5429
5432
5434
5435
5438
5440
5445
5449
5451
5456
5456
5456
5458
5458
5458
5460
5462
5465
5466
5470
5473
5474
5475
5485
5487
5495
5496
5496
5496
5500
5507
5510
5512
5512
5515
5523
5525
5525
5526
5530
5535
5536
5537
5541
5545
5549
5550
5552
5558
5563
5563
5566
5568
5571
5572
5576
5578
5579
5584
5586
5596
5601
5602
5611
5611
5612
5612
5612
5616
5618
5621
5622
5624
5634
5634
5645
5646
5653
5654
5655
5660
5663
5667
5671
5682
5684
5685
5687
5687
5692
5700
5708
5712
5719
5722
5723
5729
5731
5733
5738
5739
5744
5755
5764
5769
5771
5772
5773
5774
5783
5785
5788
5800
5804
5805
5810
5810
5820
5823
5823
5830
5831
5838
5840
5841
5845
5847
5848
5852
5854
5858
5860
5861
5862
5873
5879
5879
5880
5881
5883
5884
5886
5896
5897
5903
5910
5913
5918
5923
5927
5928
5931
5934
5935
5936
5942
5949
5954
5956
5957
5958
5960
5970
5970
5976
5982
5983
5988
5988
5998
6009
6015
6026
6029
6032
6039
6046
6047
6058
6060
6066
6074
6074
6080
6080
6080
6090
6093
6094
6097
6099
6105
6106
6110
6111
6113
6117
6129
6133
6136
6139
6141
6145
6145
6145
6160
6161
6167
6173
6174
6177
6182
6185
6185
6187
6188
6197
6201
6201
6204
6204
6206
6207
6209
6210
6211
6213
6213
6225
6225
6225
6226
6226
6228
6229
6230
6231
6240
6242
6243
6246
6246
6256
6259
6265
6265
6266
6272
6272
6272
6272
6275
6278
6279
6285
6286
6288
6299
6301
6302
6304
6309
6311
6313
6313
6313
6313
6327
6327
6336
6341
6341
6343
6346
6348
6351
6352
6355
6360
6361
6361
6371
6372
6373
6376
6380
6381
6383
6386
6396
6398
6398
6405
6405
6408
6412
6412
6416
6418
6420
6423
6424
6428
6428
6429
6430
6433
6434
6437
6439
6447
6448
6450
6456
6457
6459
6459
6470
6477
6479
6483
6488
6490
6491
6495
6496
6497
6504
6505
6506
6518
6524
6525
6525
6534
6536
6536
6539
6539
6543
6543
6543
6544
6546
6556
6559
6562
6571
6572
6574
6575
6578
6580
6583
6586
6587
6588
6593
6594
6595
6595
6599
6605
6613
6616
6619
6620
6622
6622
6627
6633
6634
6634
6637
6641
6646
6646
6650
6656
6660
6661
6667
6672
6672
6676
6679
6682
6683
6686
6689
6690
6694
6694
6695
6695
6708
6709
6713
6714
6716
6718
6722
6724
6726
6730
6732
6733
6736
6740
6741
6746
6749
6749
6751
6754
6754
6756
6762
6762
6765
6766
6769
6769
6770
6781
6786
6787
6792
6801
6805
6815
6816
6821
6826
6827
6838
6847
6848
6848
6850
6850
6852
6854
6857
6873
6873
6888
6897
6904
6905
6919
6921
6934
6935
6937
6938
6939
6942
6950
6967
6971
6976
6981
6989
6997
6999
7002
7005
7005
7008
7016
7017
7020
7023
7024
7031
7036
7040
7040
7047
7048
7049
7050
7051
7053
7056
7062
7065
7079
7081
7093
7096
7097
7101
7105
7110
7111
7115
7117
7121
7127
7127
7132
7136
7138
7141
7142
7145
7149
7153
7158
7159
7159
7160
7161
7165
7165
7180
7184
7193
7193
7198
7200
7207
7207
7209
7209
7209
7216
7216
7218
7219
7225
7228
7228
7231
7231
7240
7243
7244
7248
7248
7255
7257
7257
7279
7280
7290
7292
7292
7306
7306
7306
7312
7315
7319
7323
7324
7332
7333
7340
7343
7343
7345
7347
7350
7352
7352
7355
7360
7367
7377
7378
7379
7384
7384
7390
7391
7392
7396
7403
7406
7412
7412
7413
7413
7414
7415
7415
7416
7425
7426
7428
7428
7437
7440
7442
7442
7443
7446
7449
7450
7451
7452
7462
7466
7467
7482
7493
7497
7498
7509
7511
7517
7520
7523
7523
7530
7532
7532
7534
7534
7534
7543
7543
7550
7554
7558
7560
7564
7567
7569
7570
7574
7580
7583
7586
7587
7587
7589
7593
7595
7600
7600
7601
7605
7605
7605
7606
7607
7608
7609
7610
7611
7612
7613
7614
7616
7618
7622
7624
7624
7628
7630
7634
7646
7654
7654
7658
7663
7664
7665
7673
7673
7675
7676
7678
7679
7679
7680
7684
7691
7699
7700
7700
7701
7703
7705
7706
7707
7714
7717
7719
7721
7724
7726
7727
7732
7734
7738
7752
7757
7758
7759
7759
7761
7762
7765
7768
7774
7774
7776
7777
7782
7787
7789
7790
7790
7790
7793
7794
7794
7802
7805
7807
7808
7812
7812
7815
7817
7820
7821
7829
7833
7843
7847
7849
7854
7855
7856
7865
7872
7874
7882
7884
7889
7889
7897
7900
7904
7910
7914
7917
7921
7923
7923
7927
7929
7941
7941
7944
7956
7961
7963
7963
7968
7969
7972
7977
7981
7985
7986
7987
7989
7991
7992
7993
7996
7998
7999
8001
8002
8009
8012
8014
8016
8016
8019
8019
8022
8027
8028
8040
8040
8040
8044
8044
8045
8047
8050
8056
8057
8060
8066
8067
8070
8071
8073
8074
8075
8081
8082
8096
8098
8098
8100
8102
8104
8105
8111
8112
8113
8115
8123
8125
8129
8131
8132
8132
8134
8138
8139
8141
8158
8162
8163
8167
8174
8182
8186
8187
8187
8189
8193
8193
8203
8205
8207
8215
8216
8220
8220
8226
8231
8233
8237
8241
8241
8245
8247
8248
8248
8250
8252
8259
8262
8268
8269
8270
8281
8284
8285
8286
8291
8292
8293
8294
8296
8300
8306
8307
8309
8314
8317
8318
8323
8333
8339
8340
8340
8343
8344
8346
8346
8350
8353
8360
8361
8362
8363
8364
8365
8365
8365
8367
8375
8375
8379
8383
8385
8388
8395
8402
8407
8408
8412
8421
8423
8426
8428
8444
8448
8449
8454
8457
8457
8466
8470
8474
8480
8480
8480
8482
8489
8490
8490
8492
8498
8503
8507
8508
8509
8513
8526
8531
8537
8541
8542
8542
8548
8553
8558
8562
8568
8574
8575
8578
8581
8584
8586
8588
8595
8595
8597
8597
8599
8608
8617
8620
8623
8624
8636
8638
8640
8640
8645
8646
8649
8657
8660
8661
8666
8666
8666
8671
8681
8683
8684
8689
8692
8698
8699
8699
8703
8703
8704
8713
8720
8720
8728
8729
8736
8737
8739
8740
8743
8748
8749
8750
8751
8758
8758
8759
8761
8763
8770
8776
8779
8779
8779
8781
8781
8783
8784
8786
8789
8795
8795
8795
8798
8801
8804
8811
8813
8815
8816
8816
8817
8818
8824
8824
8826
8829
8838
8839
8840
8841
8845
8850
8851
8852
8856
8858
8858
8858
8860
8868
8870
8871
8877
8882
8883
8885
8886
8886
8890
8892
8896
8902
8906
8909
8911
8918
8920
8921
8935
8937
8939
8941
8943
8945
8948
8952
8954
8954
8956
8956
8956
8964
8979
8982
8982
8982
8985
8986
8986
8988
8992
8993
8995
9011
9011
9013
9014
9017
9020
9022
9025
9034
9036
9037
9038
9039
9039
9040
9045
9046
9050
9051
9052
9052
9055
9065
9068
9072
9074
9074
9078
9081
9086
9086
9090
9091
9093
9094
9096
9106
9112
9113
9114
9114
9115
9119
9122
9123
9124
9135
9137
9138
9141
9145
9150
9156
9158
9161
9164
9176
9180
9180
9181
9187
9193
9193
9194
9206
9208
9208
9211
9227
9230
9231
9236
9241
9244
9244
9245
9247
9249
9253
9253
9255
9255
9256
9257
9270
9273
9283
9286
9288
9291
9292
9293
9294
9299
9300
9305
9307
9308
9309
9310
9310
9312
9313
9315
9317
9319
9320
9324
9326
9329
9329
9331
9341
9346
9348
9350
9352
9357
9358
9358
9363
9365
9370
9371
9378
9379
9382
9391
9397
9398
9403
9404
9404
9405
9405
9413
9414
9418
9424
9426
9427
9440
9442
9445
9449
9451
9454
9456
9459
9461
9464
9465
9466
9472
9474
9478
9478
9481
9481
9486
9487
9488
9492
9496
9503
9504
9505
9506
9506
9508
9508
9514
9520
9521
9521
9531
9532
9538
9538
9539
9539
9541
9550
9554
9556
9571
9572
9572
9578
9578
9584
9586
9592
9593
9601
9606
9619
9626
9628
9639
9642
9648
9648
9649
9652
9652
9659
9662
9673
9677
9681
9682
9682
9683
9689
9692
9694
9695
9698
9702
9710
9712
9713
9716
9719
9720
9724
9727
9731
9733
9740
9741
9741
9741
9743
9745
9749
9755
9758
9761
9764
9766
9772
9775
9776
9790
9792
9797
9800
9802
9809
9810
9810
9822
9824
9824
9824
9826
9835
9835
9835
9837
9842
9842
9843
9854
9861
9872
9874
9880
9884
9893
9898
9900
9907
9908
9909
9909
9909
9918
9921
9923
9930
9930
9933
9941
9944
9944
9944
9951
9955
9955
9960
9966
9966
9968
9974
9976
9979
9979
9989
9991
9997
9999
10003
10005
10007
10007
10017
10020
10024
10027
10028
10028
10029
10031
10038
10039
10046
10048
10051
10052
10054
10055
10059
10063
10068
10070
10078
10087
10091
10092
10095
10096
10107
10111
10114
10114
10114
10116
10116
10122
10130
10132
10133
10134
10134
10136
10137
10138
10138
10138
10143
10145
10146
10150
10150
10153
10153
10157
10164
10167
10170
10171
10174
10176
10178
10180
10182
10185
10189
10190
10193
10202
10208
10210
10212
10218
10226
10228
10232
10236
10245
10245
10246
10246
10247
10251
10257
10261
10261
10264
10272
10274
10284
10285
10293
10295
10299
10300
10306
10310
10311
10313
10314
10323
10324
10331
10337
10337
10340
10348
10351
10358
10362
10363
10370
10380
10390
10395
10396
10397
10401
10404
10405
10407
10407
10414
10417
10419
10422
10428
10430
10431
10438
10449
10452
10462
10463
10471
10472
10474
10475
10479
10479
10484
10484
10488
10491
10494
10495
10497
10499
10502
10503
10504
10523
10523
10528
10539
10539
10542
10545
10548
10548
10548
10551
10555
10559
10565
10568
10571
10571
10576
10577
10578
10579
10581
10586
10588
10591
10596
10597
10599
10602
10614
10620
10627
10627
10630
10634
10637
10638
10644
10648
10649
10659
10660
10663
10663
10664
10666
10681
10681
10687
10689
10691
10693
10696
10696
10699
10702
10704
10705
10713
10714
10714
10717
10722
10725
10726
10731
10732
10732
10733
10733
10735
10735
10738
10744
10744
10745
10748
10748
10752
10764
10780
10782
10788
10788
10798
10799
10800
10807
10817
10833
10834
10836
10840
10842
10847
10848
10855
10857
10858
10860
10860
10866
10866
10867
10872
10872
10873
10875
10881
10884
10885
10887
10894
10901
10904
10904
10909
10910
10915
10923
10925
10929
10932
10937
10940
10945
10946
10947
10947
10951
10953
10954
10957
10957
10965
10968
10968
10975
10975
10983
10989
10993
10998
11000
11005
11009
11016
11020
11021
11022
11024
11026
11028
11029
11031
11035
11036
11040
11047
11053
11061
11064
11066
11069
11070
11071
11071
11072
11072
11074
11087
11100
11100
11101
11104
11108
11109
11109
11110
11111
11113
11118
11118
11122
11130
11131
11133
11139
11142
11144
11147
11147
11159
11161
11161
11161
11167
11172
11173
11190
11192
11194
11196
11198
11199
11200
11203
11206
11212
11212
11213
11215
11215
11219
11221
11224
11224
11226
11230
11232
11236
11240
11251
11252
11253
11258
11259
11266
11277
11291
11292
11300
11300
11305
11313
11314
11315
11315
11317
11320
11320
11325
11325
11327
11329
11330
11337
11339
11343
11345
11347
11348
11353
11355
11359
11361
11363
11366
11367
11367
11373
11376
11377
11383
11383
11387
11389
11392
11395
11399
11407
11408
11421
11424
11426
11431
11431
11434
11439
11441
11443
11447
11454
11456
11465
11476
11476
11480
11485
11486
11486
11493
11494
11495
11496
11501
11505
11506
11508
11512
11515
11516
11516
11517
11519
11520
11522
11529
11530
11531
11531
11533
11534
11537
11537
11541
11543
11550
11553
11553
11554
11558
11561
11563
11564
11564
11569
11570
11571
11573
11575
11576
11580
11581
11590
11591
11595
11601
11603
11607
11616
11618
11620
11624
11624
11629
11638
11645
11648
11676
11681
11685
11688
11696
11704
11705
11707
11708
11709
11712
11712
11714
11718
11724
11725
11725
11726
11730
11735
11737
11744
11744
11744
11752
11759
11763
11763
11767
11767
11775
11777
11777
11780
11781
11783
11790
11792
11800
11806
11806
11807
11807
11809
11811
11818
11821
11831
11833
11836
11843
11854
11854
11854
11858
11861
11861
11862
11864
11866
11869
11870
11872
11872
11874
11874
11883
11885
11886
11888
11889
11894
11895
11896
11896
11898
11900
11901
11904
11905
11913
11915
11919
11919
11923
11926
11926
11927
11930
11931
11934
11937
11940
11942
11942
11948
11948
11950
11950
11951
11954
11956
11961
11962
11964
11966
11973
11976
11977
11981
11981
11982
11987
11994
11995
11995
11995
11996
11997
11997
12000
12006
12009
12012
12013
12015
12021
12022
12022
12024
12024
12027
12030
12031
12031
12031
12034
12036
12037
12037
12038
12042
12044
12045
12054
12058
12067
12071
12072
12081
12082
12086
12088
12088
12090
12090
12092
12099
12099
12101
12103
12104
12106
12106
12107
12111
12115
12116
12116
12124
12128
12134
12136
12137
12139
12142
12146
12149
12150
12155
12168
12169
12175
12176
12180
12182
12185
12188
12189
12192
12197
12206
12207
12207
12208
12210
12212
12212
12217
12219
12228
12229
12230
12230
12240
12248
12253
12256
12266
12267
12268
12268
12271
12277
12280
12291
12293
12293
12295
12296
12296
12299
12315
12319
12323
12325
12329
12331
12335
12337
12338
12338
12343
12346
12353
12353
12353
12357
12359
12360
12371
12372
12375
12378
12382
12382
12382
12385
12387
12390
12391
12396
12397
12402
12406
12406
12408
12413
12414
12417
12418
12418
12419
12425
12434
12434
12436
12439
12439
12447
12452
12453
12454
12463
12464
12468
12472
12473
12474
12476
12478
12480
12484
12486
12486
12488
12488
12489
12499
12502
12510
12515
12515
12516
12519
12524
12525
12542
12542
12544
12546
12547
12547
12547
12551
12558
12562
12562
12567
12567
12570
12575
12581
12593
12594
12597
12598
12601
12604
12614
12617
12618
12618
12621
12622
12625
12630
12631
12636
12653
12656
12658
12667
12669
12669
12683
12690
12694
12699
12701
12704
12716
12726
12729
12730
12731
12734
12735
12736
12738
12741
12742
12754
12757
12762
12771
12778
12783
12783
12795
12799
12801
12802
12804
12811
12811
12814
12814
12820
12824
12828
12829
12839
12842
12850
12850
12853
12854
12855
12856
12856
12859
12863
12864
12869
12871
12871
12875
12875
12880
12880
12881
12883
12888
12896
12899
12900
12903
12904
12911
12916
12918
12924
12929
12929
12930
12939
12939
12941
12942
12944
12948
12949
12950
12952
12955
12958
12970
12971
12977
12978
12979
12984
12990
12993
12994
12996
12998
12999
13003
13005
13006
13011
13011
13012
13013
13023
13024
13025
13025
13027
13030
13034
13034
13037
13049
13054
13056
13058
13062
13064
13064
13065
13068
13069
13076
13077
13077
13085
13090
13094
13103
13111
13112
13112
13113
13113
13117
13118
13119
13122
13125
13129
13138
13141
13148
13151
13157
13157
13163
13165
13169
13169
13174
13176
13177
13185
13185
13187
13187
13191
13193
13194
13202
13204
13204
13214
13218
13218
13224
13227
13230
13233
13236
13236
13243
13247
13248
13249
13249
13250
13250
13251
13257
13261
13262
13279
13279
13286
13295
13296
13299
13303
13307
13308
13308
13312
13312
13314
13320
13326
13327
13330
13331
13333
13333
13337
13343
13354
13355
13360
13366
13369
13370
13376
13378
13379
13383
13386
13387
13394
13402
13406
13410
13411
13415
13420
13427
13428
13430
13431
13435
13438
13439
13446
13448
13450
13451
13452
13454
13454
13458
13468
13468
13469
13479
13479
13484
13486
13490
13492
13493
13494
13496
13497
13501
13501
13503
13509
13510
13513
13513
13521
13524
13528
13529
13531
13540
13549
13550
13552
13552
13557
13557
13558
13558
13561
13563
13567
13569
13571
13571
13579
13581
13587
13589
13590
13597
13607
13614
13614
13620
13622
13631
13634
13642
13643
13643
13646
13648
13655
13656
13656
13657
13658
13663
13671
13673
13675
13679
13680
13683
13683
13686
13686
13689
13707
13719
13720
13722
13722
13724
13726
13728
13739
13740
13754
13758
13761
13768
13772
13775
13781
13782
13785
13792
13795
13797
13801
13802
13803
13803
13805
13808
13810
13817
13829
13832
13834
13838
13842
13844
13851
13853
13854
13861
13861
13863
13865
13865
13868
13871
13874
13879
13881
13882
13883
13884
13891
13892
13893
13901
13902
13905
13907
13913
13915
13915
13939
13945
13948
13952
13953
13956
13959
13959
13961
13961
13964
13967
13968
13969
13975
13975
13976
13983
13988
13991
13991
13998
14000
14001
14003
14012
14016
14019
14022
14023
14033
14035
14038
14042
14042
14048
14050
14055
14055
14059
14062
14067
14069
14072
14072
14072
14073
14078
14078
14083
14088
14092
14098
14104
14104
14107
14111
14115
14121
14124
14125
14125
14131
14133
14139
14142
14143
14146
14146
14148
14152
14152
14156
14156
14158
14159
14161
14167
14172
14172
14177
14180
14194
14202
14206
14209
14209
14215
14216
14222
14233
14235
14236
14240
14242
14242
14243
14248
14253
14255
14255
14261
14263
14266
14268
14271
14275
14276
14279
14281
14290
14295
14296
14302
14305
14306
14312
14328
14335
14346
14347
14349
14353
14357
14364
14372
14372
14376
14394
14401
14404
14414
14414
14418
14423
14424
14434
14439
14450
14450
14453
14461
14462
14465
14469
14472
14473
14477
14478
14479
14485
14493
14495
14500
14502
14505
14506
14507
14510
14512
14515
14518
14519
14519
14530
14534
14537
14539
14544
14546
14557
14557
14558
14563
14563
14565
14568
14570
14577
14580
14592
14601
14615
14616
14619
14625
14635
14636
14641
14641
14644
14646
14648
14650
14654
14657
14659
14659
14659
14665
14665
14667
14672
14675
14676
14678
14683
14685
14691
14693
14694
14699
14704
14706
14708
14715
14716
14723
14724
14725
14728
14730
14731
14744
14746
14756
14761
14767
14773
14774
14778
14786
14787
14787
14788
14789
14790
14792
14795
14798
14801
14802
14809
14811
14813
14814
14815
14816
14825
14832
14834
14836
14842
14842
14843
14848
14848
14853
14855
14862
14864
14872
14874
14879
14883
14885
14885
14885
14891
14892
14902
14906
14906
14908
14913
14915
14916
14924
14925
14927
14933
14937
14939
14941
14942
14944
14946
14949
14950
14954
14962
14964
14965
14966
14967
14969
14972
14974
14977
14978
14979
14980
14981
14983
14985
14987
14991
14996
14998
15000
15005
15006
15008
15009
15013
15013
15021
15030
15032
15033
15038
15039
15040
15052
15052
15055
15063
15063
15063
15066
15069
15079
15080
15086
15086
15089
15092
15092
15097
15097
15098
15101
15104
15108
15109
15112
15113
15121
15122
15122
15123
15124
15125
15134
15134
15135
15135
15141
15143
15145
15146
15146
15149
15151
15154
15162
15166
15168
15169
15169
15171
15172
15172
15172
15172
15176
15177
15179
15180
15194
15201
15204
15207
15208
15213
15214
15215
15218
15220
15229
15230
15237
15240
15242
15246
15247
15254
15260
15261
15266
15266
15266
15267
15274
15281
15282
15283
15288
15289
15297
15298
15306
15314
15317
15319
15320
15323
15325
15329
15333
15334
15334
15338
15341
15342
15343
15357
15360
15366
15370
15381
15381
15381
15382
15394
15400
15402
15406
15410
15411
15413
15420
15425
15428
15431
15432
15464
15465
15471
15475
15486
15487
15491
15499
15501
15504
15504
15508
15512
15512
15520
15522
15525
15527
15541
15544
15547
15548
15549
15556
15559
15560
15561
15565
15571
15574
15576
15580
15586
15590
15592
15598
15604
15608
15612
15616
15631
15633
15634
15635
15635
15636
15649
15657
15658
15660
15661
15663
15669
15669
15670
15673
15677
15687
15692
15696
15696
15699
15707
15707
15712
15715
15718
15721
15723
15727
15728
15729
15734
15738
15739
15739
15740
15742
15743
15750
15755
15758
15761
15763
15764
15778
15785
15788
15789
15790
15792
15795
15796
15807
15810
15811
15816
15822
15833
15839
15848
15855
15861
15869
15872
15873
15876
15880
15884
15887
15888
15889
15897
15900
15905
15908
15909
15910
15911
15915
15916
15920
15924
15930
15933
15934
15938
15940
15943
15944
15946
15946
15949
15954
15955
15955
15959
15961
15961
15962
15963
15966
15966
15969
15971
15972
15973
15974
15976
15976
15978
15979
15981
15983
15988
15989
15991
15993
15995
15999
16000
16018
16022
16022
16023
16024
16028
16031
16031
16032
16037
16047
16053
16054
16055
16056
16058
16064
16070
16070
16075
16078
16084
16085
16086
16087
16089
16092
16094
16103
16103
16107
16122
16137
16142
16142
16143
16143
16144
16144
16148
16151
16157
16157
16162
16165
16172
16175
16180
16181
16187
16188
16188
16192
16196
16198
16204
16207
16209
16212
16216
16222
16231
16239
16242
16242
16243
16243
16246
16248
16249
16250
16250
16252
16252
16255
16256
16261
16262
16264
16268
16274
16283
16284
16291
16293
16295
16300
16308
16310
16317
16325
16327
16328
16328
16328
16330
16330
16332
16332
16334
16339
16340
16342
16350
16351
16352
16357
16358
16358
16358
16365
16373
16380
16381
16387
16387
16391
16392
16394
16396
16405
16406
16406
16407
16407
16408
16410
16411
16414
16428
16429
16433
16437
16438
16439
16440
16441
16450
16452
16453
16458
16459
16461
16466
16466
16466
16471
16487
16497
16501
16504
16508
16510
16514
16515
16517
16531
16533
16534
16537
16544
16549
16549
16552
16552
16553
16554
16557
16561
16575
16576
16589
16590
16596
16598
16602
16604
16606
16607
16612
16613
16615
16625
16628
16631
16644
16646
16646
16649
16650
16654
16654
16659
16668
16675
16675
16678
16690
16693
16694
16696
16698
16701
16702
16704
16705
16705
16710
16712
16714
16716
16719
16720
16731
16736
16741
16743
16744
16751
16755
16757
16766
16770
16774
16775
16782
16787
16788
16790
16792
16794
16799
16802
16806
16809
16810
16817
16819
16819
16821
16823
16824
16825
16834
16837
16838
16842
16842
16846
16846
16847
16850
16852
16857
16860
16860
16864
16866
16870
16871
16872
16872
16873
16878
16878
16879
16879
16881
16884
16884
16886
16891
16891
16893
16901
16901
16903
16904
16904
16907
16908
16930
16936
16936
16945
16948
16951
16951
16955
16965
16965
16965
16967
16968
16968
16977
16983
16986
16986
16997
16998
16998
16999
17001
17001
17003
17009
17010
17010
17010
17011
17011
17012
17013
17020
17020
17036
17036
17039
17040
17040
17042
17043
17047
17051
17061
17062
17065
17065
17068
17070
17070
17075
17075
17077
17087
17091
17094
17094
17094
17095
17096
17099
17099
17108
17112
17117
17119
17121
17125
17129
17131
17138
17139
17147
17148
17156
17158
17162
17164
17168
17170
17172
17181
17185
17194
17201
17202
17206
17206
17207
17209
17214
17218
17220
17224
17226
17228
17230
17234
17242
17243
17247
17248
17254
17255
17258
17258
17260
17260
17264
17268
17269
17273
17274
17275
17276
17285
17286
17289
17300
17301
17304
17305
17312
17322
17322
17322
17324
17324
17326
17332
17335
17336
17338
17344
17347
17352
17355
17359
17360
17361
17362
17364
17380
17382
17382
17383
17384
17389
17392
17395
17404
17410
17413
17422
17426
17431
17432
17433
17434
17437
17444
17444
17444
17445
17454
17454
17455
17459
17461
17464
17465
17466
17472
17477
17478
17479
17479
17484
17486
17490
17492
17500
17502
17503
17504
17504
17510
17522
17529
17531
17540
17542
17548
17549
17558
17563
17568
17575
17576
17577
17579
17582
17584
17584
17586
17587
17591
17592
17593
17596
17603
17607
17614
17619
17621
17624
17624
17629
17631
17639
17639
17640
17640
17641
17647
17648
17651
17662
17662
17665
17666
17669
17672
17680
17680
17680
17681
17683
17684
17685
17687
17687
17688
17691
17693
17699
17702
17707
17711
17714
17714
17715
17719
17724
17730
17730
17732
17732
17735
17735
17742
17747
17755
17760
17764
17765
17767
17775
17779
17779
17780
17784
17789
17795
17797
17798
17802
17804
17807
17808
17810
17814
17817
17819
17822
17822
17824
17824
17839
17844
17849
17850
17851
17857
17859
17867
17872
17873
17874
17881
17885
17887
17887
17889
17893
17893
17895
17895
17897
17898
17903
17904
17907
17921
17923
17931
17932
17936
17942
17947
17959
17966
17967
17969
17970
17974
17974
17984
17989
17991
17991
17995
17996
17997
18004
18004
18007
18020
18020
18021
18022
18028
18029
18035
18036
18037
18045
18048
18053
18054
18064
18067
18073
18074
18075
18079
18082
18084
18085
18085
18091
18095
18096
18099
18099
18102
18106
18110
18122
18133
18137
18139
18145
18148
18150
18155
18159
18162
18165
18170
18175
18179
18181
18182
18182
18185
18185
18188
18188
18200
18205
18208
18208
18215
18217
18224
18225
18226
18232
18238
18238
18240
18242
18244
18248
18248
18249
18251
18253
18256
18256
18259
18263
18263
18273
18275
18278
18280
18282
18283
18287
18296
18305
18310
18311
18317
18320
18326
18328
18329
18335
18337
18338
18339
18343
18354
18358
18359
18360
18361
18365
18365
18367
18368
18370
18372
18376
18377
18387
18389
18389
18389
18390
18391
18396
18396
18398
18405
18413
18419
18423
18428
18429
18429
18430
18433
18442
18442
18443
18446
18449
18451
18451
18453
18457
18463
18463
18467
18475
18478
18483
18485
18494
18495
18500
18506
18516
18517
18518
18518
18518
18519
18521
18524
18525
18531
18532
18532
18534
18536
18540
18542
18545
18548
18551
18554
18556
18557
18562
18563
18564
18566
18567
18569
18572
18573
18573
18576
18577
18581
18584
18586
18587
18588
18598
18603
18606
18607
18608
18620
18623
18624
18625
18633
18634
18637
18638
18639
18640
18641
18642
18645
18652
18654
18654
18657
18662
18667
18680
18682
18683
18686
18694
18696
18698
18704
18704
18706
18707
18708
18720
18721
18723
18724
18733
18738
18742
18743
18744
18749
18749
18761
18761
18761
18762
18765
18765
18766
18769
18769
18771
18772
18775
18782
18790
18792
18794
18796
18796
18797
18798
18799
18800
18802
18803
18804
18806
18807
18809
18817
18820
18821
18822
18825
18825
18826
18828
18828
18829
18831
18833
18838
18849
18851
18853
18857
18864
18864
18874
18874
18877
18889
18896
18897
18897
18900
18904
18910
18925
18929
18930
18931
18931
18941
18941
18942
18949
18951
18951
18954
18958
18962
18963
18963
18964
18964
18967
18969
18969
18972
18982
18984
18988
18993
18994
19000
19004
19014
19024
19025
19026
19026
19028
19038
19041
19042
19044
19046
19049
19055
19059
19059
19060
19068
19070
19073
19079
19081
19083
19083
19085
19088
19107
19107
19109
19110
19111
19114
19117
19125
19125
19125
19129
19132
19138
19149
19154
19160
19163
19166
19166
19166
19169
19174
19177
19177
19182
19193
19207
19210
19210
19211
19212
19223
19224
19227
19228
19230
19231
19231
19236
19239
19240
19242
19245
19246
19247
19250
19251
19252
19252
19255
19255
19258
19264
19274
19277
19279
19284
19289
19289
19292
19293
19305
19306
19307
19310
19315
19316
19317
19326
19330
19331
19332
19337
19338
19342
19343
19343
19349
19350
19351
19357
19357
19359
19361
19363
19364
19365
19367
19368
19376
19389
19391
19393
19394
19396
19409
19409
19411
19413
19415
19420
19420
19422
19425
19432
19435
19440
19445
19451
19454
19455
19455
19457
19457
19464
19464
19466
19474
19476
19476
19485
19486
19489
19492
19493
19495
19507
19509
19510
19514
19515
19515
19532
19537
19539
19540
19546
19548
19550
19551
19555
19555
19560
19561
19565
19566
19568
19568
19575
19581
19584
19584
19584
19587
19588
19599
19599
19602
19605
19606
19606
19610
19614
19618
19625
19632
19634
19636
19640
19642
19644
19659
19660
19663
19664
19665
19669
19670
19673
19675
19683
19687
19688
19689
19695
19698
19702
19702
19710
19717
19717
19718
19730
19731
19734
19740
19749
19754
19755
19761
19772
19777
19779
19781
19791
19792
19795
19799
19800
19801
19803
19807
19814
19815
19816
19817
19820
19834
19836
19837
19839
19840
19845
19851
19855
19855
19857
19858
19858
19858
19859
19862
19863
19871
19876
19884
19890
19901
19903
19904
19911
19916
19916
19920
19921
19953
19953
19957
19960
19961
19964
19964
19967
19969
19970
19976
19981
19982
19984
19990
19992
19992
19997
19997
19999
20000
20003
20006
20007
20010
20015
20018
20019
20030
20040
20044
20048
20051
20053
20057
20057
20058
20061
20061
20063
20065
20068
20073
20073
20076
20081
20082
20083
20085
20098
20099
20099
20099
20102
20106
20107
20108
20113
20115
20119
20119
20120
20121
20123
20124
20128
20136
20137
20138
20141
20142
20142
20144
20155
20163
20164
20171
20172
20179
20181
20185
20186
20189
20190
20194
20198
20198
20199
20201
20202
20204
20204
20204
20208
20208
20208
20214
20218
20220
20231
20232
20238
20242
20243
20246
20249
20260
20268
20269
20272
20282
20283
20285
20285
20287
20291
20292
20294
20298
20307
20309
20313
20320
20321
20322
20325
20327
20328
20329
20334
20337
20345
20347
20347
20350
20352
20353
20355
20356
20359
20362
20364
20370
20372
20373
20375
20377
20379
20380
20383
20388
20389
20395
20397
20407
20410
20414
20419
20422
20423
20425
20431
20440
20441
20448
20453
20455
20458
20460
20461
20461
20464
20468
20471
20473
20473
20473
20476
20478
20481
20491
20494
20503
20503
20504
20505
20509
20512
20515
20517
20519
20527
20528
20528
20535
20536
20540
20542
20542
20543
20547
20552
20557
20572
20573
20574
20575
20580
20584
20587
20601
20611
20614
20616
20618
20618
20624
20628
20629
20630
20631
20640
20641
20648
20648
20656
20661
20664
20670
20682
20684
20691
20698
20698
20699
20704
20707
20707
20708
20711
20714
20718
20719
20731
20735
20738
20742
20742
20743
20744
20745
20745
20750
20755
20757
20757
20759
20762
20764
20764
20764
20768
20775
20776
20781
20781
20784
20785
20792
20793
20795
20800
20805
20808
20808
20809
20814
20815
20816
20824
20826
20830
20835
20836
20837
20843
20848
20855
20856
20857
20861
20869
20871
20879
20882
20883
20885
20890
20892
20892
20898
20898
20917
20927
20929
20930
20937
20937
20939
20949
20950
20953
20954
20958
20962
20967
20967
20971
20971
20971
20974
20979
20981
20981
20981
20981
20984
20985
20993
21004
21008
21029
21030
21034
21035
21038
21040
21041
21042
21047
21050
21051
21052
21059
21059
21071
21087
21088
21089
21101
21108
21115
21118
21126
21128
21132
21133
21134
21136
21142
21143
21152
21156
21158
21163
21165
21168
21170
21170
21180
21180
21184
21189
21197
21199
21202
21206
21207
21208
21210
21213
21218
21231
21233
21238
21240
21244
21245
21246
21249
21252
21262
21263
21267
21268
21272
21278
21280
21287
21287
21289
21300
21303
21304
21307
21310
21329
21339
21346
21346
21347
21348
21356
21364
21364
21364
21368
21373
21386
21387
21394
21396
21397
21398
21399
21406
21406
21416
21422
21426
21426
21428
21440
21440
21441
21448
21450
21451
21454
21455
21457
21458
21466
21467
21469
21471
21472
21472
21474
21475
21476
21478
21480
21482
21484
21487
21491
21497
21499
21500
21504
21504
21510
21514
21516
21517
21518
21521
21525
21535
21538
21539
21540
21541
21544
21554
21556
21558
21560
21564
21565
21568
21569
21573
21577
21577
21581
21582
21583
21584
21587
21592
21596
21597
21598
21600
21606
21607
21612
21621
21622
21624
21626
21640
21641
21644
21644
21644
21651
21652
21654
21657
21657
21665
21665
21667
21670
21671
21674
21678
21680
21692
21695
21696
21698
21704
21704
21714
21722
21727
21735
21735
21737
21737
21741
21747
21750
21758
21758
21759
21760
21765
21768
21770
21776
21777
21780
21783
21784
21784
21786
21789
21791
21801
21802
21803
21809
21809
21811
21814
21816
21822
21832
21837
21840
21843
21844
21850
21852
21853
21858
21863
21866
21875
21875
21879
21882
21883
21883
21889
21890
21890
21895
21904
21910
21913
21915
21916
21916
21916
21921
21923
21927
21930
21933
21938
21941
21942
21958
21960
21961
21962
21962
21964
21966
21979
21981
21982
21984
21984
21987
21987
21988
21998
21998
22002
22002
22026
22028
22028
22029
22030
22030
22030
22033
22042
22043
22044
22046
22048
22050
22054
22058
22064
22065
22067
22069
22071
22073
22078
22081
22082
22091
22094
22095
22103
22109
22115
22118
22121
22124
22124
22125
22131
22132
22134
22137
22139
22141
22143
22146
22146
22149
22160
22173
22174
22179
22183
22185
22187
22194
22204
22206
22207
22208
22211
22215
22216
22221
22224
22225
22226
22243
22251
22254
22254
22254
22257
22262
22263
22264
22265
22267
22272
22273
22273
22275
22282
22288
22289
22294
22299
22308
22318
22319
22327
22328
22334
22335
22342
22343
22344
22349
22350
22350
22353
22358
22360
22362
22365
22365
22366
22367
22369
22369
22369
22370
22379
22393
22393
22395
22397
22397
22401
22407
22408
22409
22410
22425
22425
22427
22431
22432
22436
22436
22438
22443
22449
22454
22457
22457
22459
22460
22460
22467
22468
22470
22481
22484
22488
22488
22491
22495
22499
22499
22502
22513
22513
22515
22515
22518
22520
22525
22525
22525
22531
22532
22533
22535
22536
22537
22538
22538
22539
22542
22542
22542
22546
22547
22550
22550
22555
22557
22557
22558
22561
22561
22563
22563
22563
22565
22568
22571
22571
22572
22577
22580
22583
22584
22585
22586
22590
22591
22594
22601
22605
22613
22614
22615
22615
22615
22622
22624
22646
22649
22651
22653
22654
22656
22659
22663
22665
22666
22671
22674
22686
22689
22691
22691
22692
22693
22699
22700
22703
22713
22722
22733
22746
22747
22755
22757
22760
22762
22763
22763
22771
22774
22783
22786
22786
22787
22790
22793
22794
22799
22802
22804
22806
22811
22812
22818
22818
22819
22822
22830
22831
22831
22832
22833
22833
22837
22848
22848
22859
22860
22862
22864
22865
22869
22871
22874
22878
22879
22880
22881
22882
22885
22904
22909
22910
22911
22912
22922
22922
22923
22941
22942
22948
22949
22950
22951
22956
22958
22964
22972
22975
22977
22979
22987
22987
22988
22990
22992
22999
23000
23003
23007
23014
23016
23017
23019
23020
23020
23027
23028
23033
23034
23044
23044
23046
23048
23049
23055
23057
23066
23069
23072
23073
23077
23088
23094
23107
23119
23119
23120
23122
23122
23124
23125
23125
23128
23133
23134
23141
23141
23150
23150
23156
23156
23164
23169
23170
23174
23175
23192
23194
23195
23204
23216
23216
23217
23219
23221
23232
23240
23240
23242
23245
23249
23251
23253
23255
23259
23264
23268
23269
23270
23271
23272
23273
23275
23282
23288
23289
23291
23292
23296
23296
23298
23301
23302
23303
23305
23307
23312
23312
23313
23314
23319
23320
23322
23328
23330
23334
23336
23337
23339
23339
23341
23341
23341
23344
23348
23354
23356
23360
23370
23372
23381
23381
23387
23387
23391
23392
23392
23394
23396
23400
23406
23407
23409
23411
23412
23412
23413
23420
23421
23421
23422
23430
23432
23433
23434
23434
23439
23439
23440
23443
23445
23445
23451
23453
23454
23455
23456
23460
23462
23471
23471
23472
23475
23477
23478
23480
23480
23491
23495
23496
23497
23500
23503
23504
23508
23509
23511
23511
23515
23528
23528
23538
23540
23544
23548
23549
23553
23553
23555
23557
23561
23564
23574
23575
23575
23576
23586
23591
23593
23605
23605
23605
23607
23608
23608
23609
23615
23619
23626
23634
23636
23639
23641
23646
23646
23649
23651
23654
23655
23665
23665
23668
23669
23674
23675
23681
23681
23682
23683
23685
23687
23690
23695
23709
23713
23714
23718
23719
23720
23722
23724
23725
23730
23734
23736
23743
23746
23748
23749
23752
23760
23761
23767
23767
23772
23772
23778
23781
23781
23799
23804
23804
23804
23808
23808
23808
23809
23810
23812
23814
23815
23816
23818
23820
23825
23826
23833
23835
23842
23844
23844
23849
23850
23850
23852
23861
23876
23876
23878
23879
23879
23885
23888
23890
23890
23891
23891
23895
23899
23910
23914
23914
23916
23917
23919
23920
23920
23921
23924
23926
23932
23937
23938
23948
23951
23955
23957
23957
23958
23959
23960
23961
23967
23975
23978
23980
23981
23987
23988
23988
23995
24002
24003
24009
24021
24022
24022
24025
24026
24027
24032
24038
24038
24043
24054
24067
24071
24074
24076
24080
24084
24085
24090
24098
24099
24106
24109
24115
24117
24119
24121
24125
24127
24128
24132
24135
24140
24140
24142
24144
24147
24154
24156
24159
24165
24166
24168
24171
24178
24178
24185
24189
24190
24194
24200
24202
24204
24208
24213
24214
24215
24218
24219
24221
24223
24224
24228
24229
24229
24230
24236
24243
24244
24246
24248
24251
24254
24258
24261
24261
24272
24273
24276
24285
24286
24293
24296
24300
24301
24305
24306
24314
24317
24327
24328
24328
24330
24332
24337
24340
24341
24349
24351
24352
24359
24360
24360
24363
24363
24367
24368
24369
24375
24378
24381
24381
24382
24388
24388
24393
24394
24399
24399
24405
24411
24412
24421
24434
24442
24447
24455
24458
24464
24464
24470
24475
24478
24478
24481
24484
24485
24490
24491
24491
24492
24493
24496
24516
24524
24524
24528
24533
24533
24536
24545
24546
24547
24552
24553
24555
24556
24566
24567
24571
24576
24585
24586
24588
24591
24597
24599
24602
24604
24607
24613
24614
24615
24615
24621
24622
24625
24626
24631
24638
24644
24644
24644
24645
24646
24648
24649
24650
24657
24661
24662
24667
24669
24670
24671
24674
24676
24676
24681
24688
24689
24689
24691
24699
24706
24707
24708
24708
24711
24717
24718
24720
24720
24723
24726
24727
24732
24733
24733
24755
24757
24767
24775
24782
24784
24784
24792
24793
24794
24794
24798
24799
24800
24802
24804
24824
24824
24827
24829
24831
24833
24837
24838
24846
24847
24858
24858
24859
24865
24866
24878
24881
24883
24886
24886
24886
24887
24889
24891
24897
24906
24906
24911
24918
24920
24923
24924
24929
24932
24934
24947
24952
24954
24959
24966
24970
24971
24973
24974
24975
24977
24983
24984
24986
24994
24999
25001
25002
25002
25013
25021
25026
25026
25026
25030
25038
25043
25043
25052
25066
25074
25076
25078
25086
25088
25090
25091
25092
25092
25092
25093
25096
25101
25101
25102
25103
25104
25104
25105
25112
25116
25117
25120
25122
25123
25125
25131
25134
25140
25141
25158
25158
25160
25160
25161
25166
25172
25175
25180
25185
25186
25192
25192
25195
25200
25204
25206
25206
25210
25210
25220
25220
25221
25224
25225
25229
25234
25238
25239
25240
25242
25249
25253
25255
25255
25257
25260
25262
25263
25265
25267
25270
25270
25270
25277
25279
25285
25290
25290
25296
25298
25303
25304
25309
25327
25334
25334
25335
25336
25337
25339
25350
25352
25357
25358
25363
25367
25372
25373
25374
25383
25385
25386
25392
25392
25400
25405
25405
25409
25411
25413
25419
25421
25429
25433
25435
25440
25450
25459
25459
25460
25464
25464
25466
25468
25472
25479
25481
25481
25482
25491
25498
25500
25503
25505
25507
25507
25508
25510
25517
25520
25521
25527
25536
25538
25540
25541
25545
25546
25550
25550
25554
25569
25571
25572
25573
25577
25586
25590
25591
25597
25598
25598
25601
25616
25619
25622
25625
25626
25633
25634
25634
25635
25640
25641
25649
25650
25657
25663
25664
25666
25668
25670
25673
25674
25682
25684
25684
25687
25692
25696
25696
25697
25698
25702
25704
25708
25709
25719
25719
25724
25728
25729
25731
25741
25746
25748
25752
25754
25758
25762
25766
25770
25772
25773
25779
25780
25784
25784
25791
25796
25803
25805
25805
25805
25808
25809
25810
25819
25832
25835
25837
25837
25839
25840
25841
25843
25845
25846
25847
25848
25853
25855
25855
25861
25862
25864
25869
25870
25879
25879
25893
25894
25897
25899
25899
25903
25904
25906
25907
25908
25910
25911
25920
25924
25930
25933
25935
25939
25946
25947
25948
25951
25952
25972
25972
25973
25977
25982
25983
25990
25995
25996
26000
26000
26002
26015
26016
26017
26018
26022
26028
26035
26039
26040
26042
26043
26046
26047
26048
26052
26057
26058
26064
26068
26068
26068
26069
26073
26073
26078
26088
26091
26091
26108
26117
26123
26129
26130
26131
26136
26141
26145
26148
26151
26152
26153
26154
26155
26158
26160
26162
26170
26173
26177
26181
26181
26184
26188
26188
26192
26197
26198
26200
26201
26213
26214
26218
26218
26219
26224
26228
26241
26242
26245
26246
26248
26251
26252
26254
26254
26255
26258
26261
26261
26269
26269
26270
26270
26273
26273
26274
26277
26292
26294
26297
26298
26299
26305
26314
26321
26329
26337
26345
26345
26363
26364
26373
26374
26378
26384
26386
26389
26390
26394
26395
26397
26397
26400
26405
26407
26408
26416
26420
26420
26422
26423
26428
26431
26436
26436
26438
26452
26453
26462
26468
26469
26471
26474
26477
26481
26489
26490
26501
26502
26508
26509
26512
26513
26519
26521
26522
26529
26532
26536
26537
26543
26548
26561
26569
26573
26574
26576
26577
26584
26585
26590
26595
26604
26605
26607
26612
26613
26615
26623
26624
26630
26630
26631
26632
26635
26641
26646
26646
26648
26649
26651
26654
26659
26664
26665
26668
26671
26683
26687
26688
26693
26695
26696
26698
26704
26705
26705
26707
26710
26711
26713
26714
26718
26718
26719
26720
26721
26728
26728
26732
26736
26737
26739
26741
26744
26745
26752
26765
26766
26766
26768
26774
26775
26782
26783
26785
26786
26791
26794
26798
26809
26814
26817
26817
26822
26823
26824
26824
26826
26826
26827
26827
26835
26836
26840
26841
26845
26847
26850
26853
26857
26858
26859
26863
26870
26877
26878
26879
26884
26887
26891
26891
26900
26901
26902
26905
26905
26910
26910
26911
26916
26918
26919
26926
26929
26945
26950
26961
26961
26961
26971
26972
26980
26985
26986
26988
26991
26994
26994
26996
26997
26999
27003
27011
27014
27016
27017
27017
27017
27027
27035
27036
27042
27043
27045
27046
27049
27054
27056
27065
27066
27068
27075
27077
27078
27083
27088
27094
27095
27097
27099
27103
27103
27108
27110
27111
27115
27117
27118
27119
27120
27121
27122
27126
27127
27128
27132
27143
27144
27146
27155
27160
27161
27182
27187
27191
27197
27197
27199
27207
27212
27213
27220
27221
27226
27227
27238
27240
27241
27257
27258
27259
27270
27281
27289
27292
27294
27296
27299
27300
27306
27311
27311
27313
27317
27317
27323
27324
27327
27328
27339
27348
27354
27359
27359
27360
27362
27362
27369
27374
27383
27384
27385
27387
27387
27389
27391
27392
27392
27393
27396
27397
27397
27398
27398
27404
27408
27409
27412
27418
27423
27425
27428
27428
27429
27437
27439
27440
27441
27442
27442
27444
27448
27449
27460
27462
27462
27463
27463
27463
27471
27477
27485
27488
27491
27491
27495
27501
27501
27509
27510
27510
27512
27513
27514
27522
27536
27536
27537
27546
27553
27554
27554
27557
27563
27567
27568
27571
27574
27577
27582
27584
27586
27586
27590
27590
27592
27600
27603
27610
27611
27612
27613
27618
27618
27620
27621
27622
27622
27627
27630
27630
27635
27643
27643
27646
27650
27650
27651
27653
27656
27659
27661
27662
27664
27664
27666
27671
27673
27682
27688
27690
27690
27701
27702
27703
27704
27707
27709
27720
27722
27726
27727
27730
27732
27735
27737
27742
27744
27750
27752
27752
27753
27753
27753
27757
27770
27772
27774
27777
27777
27794
27796
27799
27800
27806
27807
27809
27815
27819
27820
27824
27825
27835
27840
27844
27854
27860
27864
27868
27873
27873
27876
27876
27878
27881
27886
27887
27887
27890
27890
27890
27895
27896
27898
27898
27899
27901
27902
27907
27908
27910
27922
27926
27928
27929
27932
27941
27941
27944
27945
27946
27946
27951
27953
27954
27959
27959
27961
27963
27965
27966
27968
27972
27972
27975
27975
27977
27978
27981
27981
27984
27986
27990
28001
28006
28006
28011
28015
28015
28019
28023
28026
28032
28032
28036
28037
28040
28048
28049
28051
28060
28064
28077
28090
28091
28091
28092
28095
28097
28098
28098
28106
28106
28107
28109
28116
28117
28119
28119
28127
28128
28130
28131
28137
28137
28138
28142
28151
28155
28155
28157
28161
28161
28168
28171
28174
28178
28181
28182
28185
28188
28191
28191
28193
28196
28197
28197
28198
28200
28201
28202
28202
28208
28210
28212
28213
28229
28231
28237
28239
28239
28246
28246
28247
28256
28260
28261
28267
28267
28271
28279
28281
28282
28286
28288
28293
28298
28298
28303
28303
28304
28305
28308
28310
28320
28323
28325
28328
28328
28328
28329
28333
28339
28339
28348
28352
28352
28354
28355
28361
28365
28370
28372
28372
28377
28381
28385
28389
28390
28391
28392
28402
28402
28403
28407
28411
28413
28423
28435
28435
28437
28438
28444
28448
28454
28457
28457
28460
28460
28465
28466
28469
28475
28478
28479
28479
28481
28481
28483
28492
28493
28494
28509
28509
28514
28514
28516
28519
28519
28520
28522
28523
28523
28524
28525
28530
28532
28533
28535
28536
28536
28536
28543
28543
28544
28549
28552
28552
28557
28562
28563
28566
28578
28578
28581
28582
28589
28595
28596
28598
28601
28601
28611
28612
28618
28621
28628
28637
28640
28640
28642
28642
28647
28647
28651
28655
28656
28657
28663
28665
28666
28669
28672
28684
28690
28690
28694
28695
28697
28698
28699
28701
28706
28707
28707
28709
28709
28710
28711
28719
28724
28725
28728
28728
28729
28739
28743
28744
28746
28749
28751
28756
28781
28787
28788
28789
28792
28795
28802
28803
28805
28808
28814
28816
28822
28823
28824
28828
28828
28829
28834
28835
28836
28841
28841
28848
28849
28857
28866
28866
28868
28870
28872
28874
28874
28875
28877
28887
28889
28891
28896
28898
28901
28902
28903
28906
28907
28908
28908
28914
28915
28920
28925
28927
28929
28929
28933
28938
28938
28947
28955
28959
28965
28970
28974
28976
28977
28978
28979
28986
28997
28998
28998
29006
29007
29007
29013
29020
29023
29023
29024
29028
29028
29035
29037
29039
29040
29042
29043
29044
29047
29048
29050
29059
29069
29069
29072
29075
29076
29077
29077
29079
29090
29092
29092
29096
29097
29099
29103
29116
29121
29131
29131
29139
29141
29143
29145
29146
29147
29149
29149
29157
29157
29160
29165
29174
29178
29179
29181
29181
29186
29187
29193
29193
29194
29195
29205
29212
29212
29216
29216
29217
29220
29220
29224
29228
29228
29231
29242
29242
29247
29253
29256
29263
29267
29268
29268
29271
29274
29276
29280
29282
29283
29284
29290
29291
29296
29300
29300
29308
29309
29314
29314
29316
29322
29322
29325
29333
29333
29342
29343
29346
29353
29357
29363
29364
29367
29374
29375
29376
29380
29386
29387
29390
29403
29404
29405
29409
29413
29415
29421
29423
29428
29429
29431
29433
29433
29433
29440
29453
29455
29459
29461
29463
29465
29467
29476
29478
29480
29485
29485
29495
29495
29496
29503
29504
29504
29511
29519
29519
29521
29521
29523
29523
29525
29529
29532
29532
29535
29547
29551
29553
29554
29566
29567
29570
29573
29574
29581
29586
29587
29587
29588
29596
29596
29598
29607
29609
29611
29614
29625
29629
29638
29638
29650
29650
29652
29658
29659
29677
29677
29677
29682
29687
29694
29695
29699
29700
29700
29702
29703
29711
29714
29717
29727
29727
29729
29745
29749
29749
29749
29756
29768
29772
29773
29778
29779
29782
29792
29796
29797
29798
29798
29799
29802
29809
29811
29821
29825
29832
29834
29836
29839
29840
29841
29849
29850
29856
29864
29873
29875
29875
29876
29880
29881
29890
29890
29893
29897
29898
29898
29900
29901
29908
29910
29913
29918
29919
29920
29920
29923
29925
29926
29931
29935
29939
29940
29943
29949
29958
29958
29961
29962
29965
29966
29978
29986
29986
29990
29994
30008
30014
30015
30016
30018
30020
30022
30023
30024
30034
30034
30035
30036
30039
30046
30049
30054
30054
30058
30062
30063
30063
30065
30065
30072
30080
30088
30093
30101
30104
30108
30117
30118
30118
30118
30127
30129
30138
30138
30142
30144
30146
30150
30150
30156
30160
30162
30163
30170
30174
30177
30178
30180
30183
30188
30191
30192
30195
30196
30203
30203
30204
30205
30208
30213
30216
30217
30218
30221
30222
30222
30224
30226
30229
30241
30243
30244
30246
30253
30259
30263
30277
30282
30286
30290
30296
30302
30303
30303
30304
30305
30307
30309
30313
30313
30317
30317
30318
30329
30332
30336
30344
30350
30358
30363
30391
30392
30396
30401
30408
30409
30414
30415
30415
30416
30422
30426
30427
30438
30445
30447
30447
30448
30448
30451
30456
30456
30460
30461
30463
30464
30467
30469
30479
30482
30486
30488
30488
30492
30493
30500
30509
30518
30519
30520
30526
30530
30534
30536
30544
30547
30549
30549
30553
30563
30568
30569
30572
30577
30585
30588
30591
30597
30605
30606
30610
30611
30614
30620
30620
30626
30626
30627
30630
30633
30633
30634
30640
30657
30661
30663
30666
30670
30676
30681
30684
30688
30688
30688
30694
30697
30698
30700
30705
30710
30711
30722
30723
30724
30726
30727
30732
30734
30737
30741
30741
30743
30746
30748
30753
30756
30768
30769
30769
30769
30771
30779
30780
30781
30785
30787
30788
30789
30793
30793
30797
30797
30802
30807
30809
30809
30814
30815
30817
30829
30837
30847
30850
30856
30857
30860
30863
30864
30869
30872
30873
30878
30879
30881
30889
30892
30900
30902
30909
30918
30918
30919
30923
30926
30926
30929
30929
30932
30932
30936
30937
30937
30938
30939
30940
30943
30948
30952
30952
30955
30964
30977
30978
30981
30982
30983
30985
30988
30988
30990
30993
30993
30994
30998
31001
31002
31003
31004
31004
31005
31008
31012
31029
31035
31037
31038
31039
31044
31045
31046
31051
31058
31066
31093
31101
31103
31108
31113
31114
31116
31117
31124
31126
31132
31134
31139
31141
31142
31153
31164
31164
31176
31179
31181
31197
31200
31210
31215
31217
31218
31218
31222
31228
31229
31229
31234
31238
31243
31245
31246
31248
31248
31252
31255
31260
31261
31266
31271
31272
31277
31278
31279
31280
31280
31281
31282
31284
31287
31288
31289
31302
31307
31311
31314
31317
31318
31320
31322
31324
31328
31329
31337
31338
31339
31345
31347
31347
31351
31357
31359
31364
31372
31378
31379
31380
31382
31386
31386
31390
31395
31401
31405
31409
31409
31414
31416
31416
31418
31421
31429
31431
31434
31434
31437
31440
31446
31447
31463
31469
31470
31471
31472
31475
31480
31483
31483
31494
31497
31498
31501
31502
31503
31506
31513
31522
31524
31533
31536
31538
31544
31551
31555
31556
31560
31568
31572
31574
31576
31576
31578
31582
31585
31588
31600
31606
31614
31619
31623
31624
31631
31636
31642
31652
31653
31657
31659
31670
31677
31678
31688
31690
31690
31692
31694
31697
31698
31703
31705
31710
31719
31720
31725
31726
31727
31729
31732
31740
31741
31742
31748
31749
31752
31752
31752
31752
31771
31778
31785
31786
31790
31792
31798
31800
31800
31803
31810
31812
31815
31824
31825
31826
31830
31832
31834
31836
31838
31839
31841
31842
31844
31845
31845
31850
31853
31854
31859
31859
31863
31864
31864
31871
31871
31874
31878
31884
31886
31887
31888
31895
31896
31901
31903
31908
31910
31918
31923
31929
31931
31932
31933
31933
31934
31940
31942
31943
31944
31946
31946
31949
31950
31952
31954
31964
31966
31970
31973
31988
31990
31992
31995
31996
31997
31997
32002
32003
32003
32006
32010
32010
32010
32010
32020
32020
32021
32027
32028
32029
32036
32039
32039
32046
32049
32049
32050
32050
32056
32060
32063
32066
32069
32070
32070
32074
32075
32081
32081
32085
32091
32097
32099
32099
32099
32100
32100
32104
32106
32107
32110
32111
32115
32118
32119
32125
32129
32130
32137
32140
32140
32141
32143
32143
32148
32156
32157
32166
32168
32176
32179
32181
32184
32185
32188
32190
32191
32192
32193
32197
32198
32203
32209
32209
32212
32218
32224
32227
32228
32228
32232
32232
32240
32244
32245
32246
32250
32250
32265
32265
32267
32267
32269
32269
32271
32273
32274
32279
32281
32287
32294
32297
32299
32301
32302
32302
32316
32319
32320
32323
32324
32327
32328
32333
32335
32335
32339
32343
32349
32350
32354
32359
32374
32383
32389
32397
32398
32406
32408
32408
32412
32414
32415
32418
32420
32420
32421
32422
32422
32425
32439
32441
32444
32451
32452
32459
32466
32468
32472
32475
32484
32489
32494
32501
32502
32502
32502
32504
32507
32512
32520
32523
32524
32527
32529
32531
32532
32534
32536
32542
32544
32544
32545
32550
32552
32552
32556
32557
32558
32558
32562
32564
32565
32566
32567
32578
32585
32586
32586
32589
32589
32590
32592
32596
32597
32597
32598
32600
32605
32606
32606
32615
32616
32617
32620
32622
32629
32630
32636
32637
32638
32639
32640
32642
32642
32642
32643
32645
32647
32650
32662
32666
32669
32671
32671
32674
32675
32675
32677
32679
32681
32681
32683
32683
32687
32691
32692
32698
32698
32701
32704
32706
32709
32710
32714
32716
32717
32719
32719
32719
32721
32722
32732
32733
32737
32738
32740
32745
32746
32749
32750
32753
32753
32755
32758
32760
32762
32766
32766
32767
