0
0
3
4
7
13
20
21
21
22
22
27
29
29
29
30
36
37
38
61
65
66
71
80
80
84
85
85
89
91
93
98
100
101
109
115
116
128
130
132
147
147
148
151
153
154
155
158
162
163
166
169
169
175
178
178
183
190
198
200
200
201
202
204
204
208
212
217
220
224
231
233
240
244
245
247
247
250
251
253
254
263
265
267
269
271
273
276
278
283
283
287
289
291
296
298
301
314
316
321
324
330
332
346
346
352
353
354
359
360
361
362
364
367
371
381
384
386
387
390
395
396
396
411
419
420
430
432
435
436
437
442
442
444
449
451
452
463
466
470
474
477
478
489
492
498
498
504
508
514
517
518
532
536
537
544
545
545
547
547
552
558
564
567
572
574
576
584
589
595
603
604
607
619
623
628
638
641
645
651
653
654
659
659
661
664
668
668
669
669
688
690
693
698
699
702
703
703
705
705
710
712
721
722
725
730
738
738
742
745
746
755
760
762
767
767
778
779
779
780
789
797
799
799
799
801
802
803
810
813
818
819
819
822
824
832
833
838
840
848
852
853
855
855
856
861
862
866
871
873
877
879
881
882
883
884
887
888
894
900
905
906
907
908
909
909
913
913
914
915
926
933
935
936
939
941
944
945
948
951
953
954
959
963
964
969
971
973
980
985
989
996
997
998
1002
1005
1005
1009
1011
1019
1022
1028
1040
1055
1058
1064
1078
1085
1087
1088
1091
1096
1101
1109
1112
1114
1118
1118
1118
1119
1123
1132
1132
1139
1139
1144
1150
1150
1151
1157
1158
1160
1169
1172
1184
1190
1194
1200
1203
1208
1211
1212
1218
1225
1226
1231
1233
1235
1241
1243
1243
1255
1259
1260
1261
1268
1272
1274
1276
1276
1278
1279
1284
1288
1294
1295
1298
1299
1304
1315
1315
1315
1316
1317
1319
1322
1324
1336
1339
1339
1340
1342
1342
1356
1358
1364
1368
1371
1372
1378
1380
1382
1382
1386
1399
1400
1401
1402
1403
1408
1409
1412
1425
1426
1426
1428
1429
1429
1429
1433
1437
1438
1439
1443
1445
1449
1451
1454
1455
1456
1460
1460
1461
1465
1465
1469
1472
1473
1474
1474
1476
1476
1482
1484
1486
1487
1487
1490
1491
1494
1495
1498
1502
1503
1504
1505
1508
1510
1514
1517
1517
1518
1520
1522
1523
1524
1529
1529
1531
1533
1542
1543
1548
1548
1549
1549
1550
1554
1554
1554
1554
1555
1562
1565
1566
1566
1566
1566
1586
1594
1594
1601
1601
1608
1613
1615
1617
1625
1633
1637
1648
1649
1649
1651
1654
1654
1666
1668
1674
1677
1679
1682
1686
1694
1698
1699
1701
1703
1709
1709
1710
1711
1712
1713
1715
1728
1729
1733
1733
1733
1737
1740
1742
1743
1743
1744
1744
1749
1759
1761
1764
1765
1765
1766
1774
1775
1776
1777
1778
1779
1780
1781
1787
1791
1795
1797
1798
1799
1803
1804
1815
1816
1820
1824
1825
1828
1839
1841
1842
1842
1844
1847
1847
1851
1856
1857
1860
1862
1865
1867
1868
1869
1875
1876
1876
1877
1881
1882
1883
1884
1886
1889
1892
1892
1895
1896
1898
1900
1900
1906
1907
1908
1909
1909
1910
1911
1911
1912
1918
1919
1919
1929
1929
1932
1935
1939
1946
1947
1958
1959
1962
1963
1965
1966
1973
1977
1981
1987
1987
1990
1997
2000
2001
2002
2005
2007
2017
2017
2017
2019
2020
2021
2027
2028
2033
2034
2040
2050
2051
2055
2059
2060
2064
2068
2072
2072
2074
2074
2074
2083
2083
2084
2084
2087
2089
2092
2095
2100
2102
2103
2106
2106
2110
2110
2110
2111
2111
2111
2112
2120
2120
2122
2123
2126
2126
2129
2129
2133
2134
2149
2151
2152
2158
2171
2172
2182
2186
2192
2194
2195
2198
2202
2202
2205
2210
2210
2218
2219
2222
2228
2231
2233
2234
2235
2235
2236
2236
2237
2240
2242
2244
2254
2256
2259
2260
2266
2269
2273
2276
2278
2279
2279
2282
2284
2284
2292
2295
2295
2296
2298
2300
2303
2305
2306
2306
2309
2312
2313
2319
2321
2323
2323
2332
2333
2335
2342
2346
2348
2348
2351
2356
2362
2368
2369
2376
2376
2379
2393
2394
2396
2396
2398
2403
2409
2412
2413
2415
2415
2417
2422
2424
2433
2434
2435
2439
2442
2451
2454
2456
2459
2459
2462
2468
2471
2472
2473
2475
2476
2483
2486
2488
2488
2488
2492
2494
2494
2495
2497
2497
2499
2507
2512
2515
2516
2519
2520
2521
2522
2525
2527
2533
2535
2539
2544
2548
2552
2552
2554
2557
2559
2561
2562
2567
2581
2587
2590
2598
2609
2610
2617
2617
2626
2626
2636
2639
2641
2647
2662
2665
2669
2675
2677
2686
2691
2694
2696
2700
2700
2703
2704
2708
2714
2715
2716
2720
2723
2724
2727
2727
2728
2738
2743
2743
2744
2748
2749
2755
2758
2758
2764
2770
2776
2777
2779
2780
2782
2787
2791
2798
2801
2807
2810
2811
2811
2812
2817
2825
2832
2832
2833
2834
2835
2838
2843
2843
2845
2846
2849
2851
2856
2857
2858
2860
2862
2864
2869
2872
2874
2881
2883
2887
2890
2896
2901
2904
2907
2911
2914
2915
2917
2918
2920
2925
2926
2926
2926
2929
2935
2937
2943
2946
2947
2947
2954
2954
2957
2964
2972
2977
2980
2985
2997
2999
3008
3009
3010
3019
3023
3029
3034
3035
3039
3039
3043
3046
3046
3048
3053
3056
3065
3074
3074
3076
3077
3084
3086
3087
3088
3088
3099
3099
3101
3106
3108
3108
3108
3109
3109
3109
3113
3113
3118
3125
3137
3142
3166
3170
3176
3182
3185
3185
3185
3189
3194
3198
3200
3202
3203
3204
3205
3205
3221
3223
3224
3226
3227
3229
3230
3234
3234
3234
3237
3239
3239
3241
3242
3244
3246
3248
3253
3262
3263
3274
3282
3292
3293
3293
3293
3293
3302
3306
3309
3311
3311
3316
3319
3320
3322
3339
3342
3344
3346
3354
3356
3360
3363
3363
3364
3367
3368
3371
3373
3374
3376
3379
3379
3379
3380
3383
3388
3392
3394
3400
3400
3404
3408
3412
3412
3413
3414
3417
3422
3423
3424
3425
3426
3434
3434
3435
3438
3448
3448
3451
3464
3468
3468
3473
3475
3475
3482
3485
3488
3490
3492
3496
3496
3507
3513
3513
3524
3524
3545
3546
3546
3547
3548
3548
3551
3553
3554
3556
3558
3564
3564
3566
3566
3569
3571
3576
3580
3580
3580
3581
3585
3588
3590
3593
3596
3597
3600
3604
3607
3607
3608
3617
3618
3621
3622
3630
3632
3633
3633
3638
3645
3648
3650
3659
3661
3671
3673
3678
3682
3683
3686
3688
3691
3694
3694
3703
3703
3708
3711
3713
3716
3722
3724
3724
3725
3728
3731
3746
3749
3752
3755
3758
3763
3764
3764
3767
3767
3768
3768
3768
3771
3775
3783
3785
3788
3795
3801
3804
3806
3806
3806
3811
3815
3820
3821
3821
3826
3826
3832
3834
3840
3841
3843
3849
3851
3866
3869
3871
3876
3876
3879
3883
3884
3886
3887
3894
3911
3912
3913
3915
3919
3921
3924
3927
3928
3929
3929
3936
3939
3940
3941
3941
3941
3946
3947
3948
3949
3950
3950
3954
3954
3958
3959
3964
3964
3970
3987
3989
3993
3997
4001
4001
4001
4002
4002
4003
4007
4009
4013
4014
4015
4015
4017
4017
4021
4027
4033
4033
4035
4036
4038
4045
4047
4056
4057
4058
4059
4062
4063
4064
4066
4067
4069
4071
4073
4074
4082
4089
4096
4098
4098
4106
4110
4111
4112
4118
4120
4121
4128
4129
4130
4132
4134
4140
4145
4145
4154
4155
4155
4159
4164
4164
4171
4175
4179
4180
4183
4183
4184
4186
4187
4192
4195
4196
4200
4202
4204
4210
4215
4219
4221
4222
4227
4228
4242
4245
4245
4247
4249
4251
4251
4253
4256
4262
4273
4276
4278
4284
4286
4289
4291
4292
4294
4302
4314
4315
4318
4332
4337
4337
4337
4338
4339
4353
4353
4354
4354
4355
4355
4363
4366
4367
4368
4368
4380
4380
4390
4392
4415
4416
4423
4424
4425
4429
4430
4435
4438
4442
4443
4445
4447
4449
4454
4457
4458
4461
4465
4467
4469
4475
4480
4482
4483
4483
4484
4487
4487
4491
4492
4492
4495
4497
4497
4498
4499
4499
4500
4501
4504
4507
4512
4515
4516
4518
4528
4531
4533
4535
4537
4539
4546
4550
4553
4561
4562
4565
4566
4578
4581
4587
4592
4595
4596
4599
4602
4605
4606
4608
4610
4611
4612
4616
4619
4620
4622
4624
4636
4641
4655
4660
4665
4667
4675
4676
4677
4681
4682
4690
4690
4693
4707
4707
4708
4713
4719
4719
4719
4726
4727
4729
4739
4740
4741
4741
4745
4748
4750
4760
4761
4763
4764
4764
4764
4766
4767
4772
4774
4778
4785
4785
4789
4790
4792
4799
4803
4806
4806
4809
4811
4811
4815
4826
4827
4828
4834
4836
4837
4842
4843
4849
4854
4855
4858
4861
4864
4864
4868
4873
4886
4892
4893
4895
4898
4899
4902
4908
4912
4917
4920
4920
4922
4923
4924
4929
4931
4935
4943
4948
4953
4961
4963
4967
4971
4971
4974
4975
4976
4976
4977
4985
4991
4992
4995
4997
5002
5002
5003
5004
5004
5005
5006
5007
5010
5011
5012
5013
5014
5017
5025
5029
5030
5035
5036
5038
5038
5038
5044
5045
5052
5060
5060
5067
5073
5077
5077
5077
5078
5082
5085
5092
5093
5095
5095
5096
5098
5098
5105
5107
5110
5117
5122
5125
5127
5128
5131
5133
5136
5138
5146
5147
5149
5149
5151
5151
5153
5154
5154
5158
5160
5167
5173
5175
5185
5187
5189
5190
5211
5214
5218
5219
5234
5234
5241
5245
5247
5251
5261
5262
5263
5265
5266
5267
5267
5271
5276
5276
5278
5283
5293
5294
5296
5298
5299
5299
5311
5312
5318
5319
5330
5332
5336
5339
5342
5347
5349
5356
5359
5363
5367
5369
5374
5374
5379
5385
5386
5389
5391
5392
5399
5402
5403
5408
5414
5416
5422
5424
5426
5431
5433
5435
5436
5438
5444
5448
5448
5450
5452
5453
5455
5456
5463
5467
5468
5470
5472
5479
5481
5481
5482
5487
5487
5489
5493
5494
5502
5502
5506
5506
5511
5514
5517
5521
5521
5526
5527
5528
5529
5540
5555
5566
5568
5574
5574
5579
5584
5584
5585
5586
5586
5587
5588
5588
5592
5597
5599
5615
5617
5637
5641
5642
5647
5649
5667
5671
5674
5674
5674
5685
5688
5692
5696
5700
5701
5705
5705
5709
5715
5717
5719
5730
5733
5733
5734
5735
5745
5758
5759
5760
5762
5765
5769
5772
5774
5782
5792
5792
5795
5795
5796
5798
5799
5821
5822
5822
5826
5827
5828
5828
5834
5836
5838
5845
5846
5861
5861
5863
5866
5879
5879
5883
5884
5886
5888
5888
5891
5896
5897
5903
5906
5909
5914
5918
5919
5919
5920
5922
5940
5940
5941
5944
5954
5954
5956
5964
5965
5972
5976
5977
5983
5989
5994
5997
5998
6000
6000
6003
6004
6005
6006
6008
6010
6011
6020
6022
6029
6030
6030
6031
6034
6037
6038
6049
6058
6060
6061
6061
6063
6064
6065
6079
6088
6089
6095
6099
6100
6101
6102
6102
6105
6106
6107
6107
6108
6109
6109
6115
6116
6119
6120
6122
6122
6126
6130
6132
6136
6138
6143
6144
6148
6151
6151
6152
6160
6161
6165
6168
6180
6182
6186
6188
6188
6193
6199
6199
6201
6203
6206
6206
6208
6211
6213
6218
6218
6222
6225
6231
6234
6234
6234
6239
6240
6241
6242
6245
6246
6248
6248
6250
6253
6257
6259
6259
6259
6261
6261
6261
6267
6274
6279
6281
6282
6288
6289
6293
6297
6299
6299
6305
6316
6318
6319
6320
6320
6322
6324
6324
6336
6341
6342
6348
6351
6357
6363
6363
6367
6370
6370
6371
6371
6378
6379
6381
6383
6384
6387
6389
6390
6391
6395
6401
6402
6403
6406
6408
6413
6417
6418
6420
6421
6423
6425
6427
6430
6431
6432
6432
6439
6439
6441
6441
6443
6443
6444
6449
6449
6452
6454
6456
6458
6461
6463
6470
6471
6474
6476
6485
6493
6496
6497
6504
6508
6508
6510
6510
6517
6518
6519
6519
6522
6523
6525
6527
6528
6532
6534
6535
6542
6549
6552
6552
6553
6564
6565
6566
6567
6574
6581
6585
6591
6595
6599
6601
6601
6603
6607
6613
6624
6629
6630
6631
6632
6638
6639
6640
6645
6648
6649
6652
6660
6663
6664
6672
6673
6686
6688
6692
6693
6702
6702
6714
6714
6721
6721
6722
6722
6723
6725
6727
6731
6733
6734
6735
6736
6736
6738
6738
6740
6741
6743
6748
6751
6757
6758
6761
6762
6762
6766
6772
6773
6774
6779
6785
6788
6788
6793
6796
6802
6805
6807
6808
6815
6820
6821
6822
6824
6825
6826
6828
6829
6829
6834
6836
6837
6838
6840
6844
6849
6850
6856
6857
6859
6866
6867
6873
6878
6883
6887
6888
6888
6892
6903
6904
6906
6906
6910
6911
6911
6913
6917
6917
6923
6925
6926
6929
6933
6936
6936
6938
6944
6945
6945
6949
6952
6953
6956
6957
6958
6960
6969
6976
6983
6986
6990
6992
6992
6995
6997
7003
7007
7015
7021
7023
7023
7027
7033
7035
7035
7039
7045
7047
7055
7059
7062
7086
7086
7088
7093
7097
7109
7114
7114
7117
7128
7130
7138
7139
7141
7145
7152
7160
7161
7165
7166
7167
7170
7170
7173
7174
7179
7181
7181
7185
7190
7197
7200
7200
7201
7214
7217
7217
7223
7229
7229
7233
7236
7240
7241
7246
7253
7254
7257
7260
7264
7268
7270
7278
7283
7285
7287
7289
7298
7302
7303
7303
7303
7305
7307
7307
7308
7313
7315
7320
7326
7326
7328
7331
7336
7348
7352
7352
7354
7373
7375
7380
7385
7385
7391
7393
7393
7393
7393
7394
7395
7396
7398
7398
7399
7411
7411
7418
7421
7424
7441
7441
7445
7445
7450
7461
7464
7465
7471
7473
7476
7482
7489
7490
7494
7495
7497
7505
7507
7507
7508
7511
7513
7513
7515
7520
7521
7521
7537
7537
7538
7539
7540
7547
7548
7551
7551
7554
7560
7562
7565
7568
7570
7577
7581
7581
7582
7582
7592
7596
7598
7605
7605
7608
7611
7615
7617
7618
7623
7629
7631
7631
7633
7638
7639
7641
7641
7646
7647
7647
7662
7663
7664
7673
7674
7681
7682
7683
7688
7695
7696
7699
7701
7702
7704
7706
7710
7712
7714
7720
7721
7722
7722
7724
7727
7732
7733
7733
7733
7736
7751
7751
7755
7758
7760
7770
7771
7772
7786
7789
7790
7793
7796
7801
7803
7803
7806
7812
7813
7814
7814
7816
7816
7819
7820
7828
7829
7829
7838
7840
7840
7843
7846
7853
7857
7866
7869
7869
7874
7877
7879
7884
7885
7899
7899
7900
7900
7905
7906
7941
7941
7941
7942
7943
7944
7946
7951
7956
7970
7977
7985
7986
7989
7989
7993
8002
8009
8015
8018
8023
8025
8026
8031
8033
8033
8042
8042
8053
8055
8057
8057
8062
8067
8071
8075
8076
8077
8088
8091
8092
8099
8102
8103
8105
8107
8110
8110
8111
8111
8115
8120
8121
8128
8129
8139
8139
8149
8154
8161
8168
8173
8173
8181
8184
8188
8191
8191
8191
8200
8201
8206
8208
8210
8213
8213
8216
8216
8225
8226
8226
8230
8232
8235
8238
8249
8250
8251
8251
8252
8254
8255
8256
8256
8262
8264
8269
8270
8271
8271
8271
8273
8273
8274
8276
8278
8279
8281
8283
8284
8299
8300
8301
8306
8313
8313
8314
8317
8328
8336
8336
8340
8342
8342
8342
8342
8343
8344
8347
8353
8358
8360
8363
8372
8379
8382
8384
8386
8387
8387
8387
8387
8392
8395
8403
8404
8405
8408
8410
8412
8418
8418
8420
8424
8424
8429
8431
8432
8434
8434
8451
8453
8455
8463
8466
8468
8472
8475
8477
8477
8479
8482
8483
8483
8489
8493
8496
8500
8500
8507
8513
8513
8514
8517
8518
8525
8527
8537
8537
8537
8538
8539
8540
8541
8542
8549
8549
8549
8550
8550
8551
8555
8562
8566
8572
8573
8577
8577
8580
8582
8584
8588
8593
8593
8594
8601
8603
8604
8604
8606
8609
8616
8618
8618
8620
8625
8630
8634
8636
8636
8645
8648
8650
8650
8651
8657
8663
8666
8668
8668
8669
8670
8671
8672
8677
8679
8684
8685
8685
8686
8692
8694
8701
8705
8710
8714
8715
8725
8727
8730
8737
8738
8742
8752
8758
8761
8762
8763
8765
8774
8775
8782
8791
8791
8798
8801
8804
8806
8807
8809
8825
8825
8829
8838
8839
8840
8841
8845
8849
8853
8855
8862
8866
8869
8870
8870
8876
8877
8881
8884
8891
8898
8903
8910
8913
8913
8916
8918
8923
8928
8931
8932
8932
8935
8937
8942
8943
8946
8948
8949
8952
8955
8956
8956
8964
8969
8977
8983
8988
8990
8990
8992
8993
8995
8996
9003
9006
9016
9019
9023
9027
9028
9031
9033
9035
9040
9040
9048
9053
9060
9062
9064
9067
9068
9068
9083
9088
9089
9090
9095
9098
9100
9100
9104
9106
9107
9109
9110
9111
9113
9115
9119
9119
9122
9125
9131
9133
9134
9144
9150
9152
9153
9159
9159
9162
9164
9164
9172
9176
9183
9186
9187
9189
9191
9192
9198
9200
9203
9204
9204
9205
9205
9210
9212
9213
9215
9215
9216
9217
9218
9226
9234
9234
9234
9237
9237
9239
9245
9245
9245
9246
9248
9250
9257
9261
9265
9266
9270
9271
9273
9274
9279
9279
9283
9284
9284
9287
9288
9288
9289
9290
9291
9302
9303
9318
9321
9323
9328
9329
9345
9347
9352
9353
9356
9359
9362
9370
9383
9383
9386
9389
9390
9392
9394
9395
9398
9398
9402
9402
9404
9411
9411
9412
9414
9422
9423
9426
9432
9435
9440
9442
9443
9446
9449
9450
9452
9453
9455
9457
9458
9466
9469
9474
9474
9475
9478
9480
9480
9497
9498
9498
9501
9502
9509
9512
9512
9514
9521
9522
9525
9529
9538
9539
9540
9547
9549
9551
9552
9552
9554
9558
9560
9562
9564
9565
9569
9570
9573
9586
9588
9589
9592
9594
9594
9596
9597
9598
9601
9604
9606
9611
9615
9618
9619
9621
9624
9628
9630
9633
9637
9638
9639
9645
9645
9647
9651
9656
9659
9665
9672
9674
9681
9690
9693
9693
9694
9701
9702
9703
9710
9711
9712
9713
9717
9721
9722
9723
9732
9733
9734
9744
9745
9747
9748
9753
9754
9756
9757
9760
9768
9774
9774
9779
9780
9782
9786
9787
9787
9788
9790
9793
9794
9794
9796
9797
9797
9802
9802
9803
9805
9806
9806
9812
9814
9818
9820
9821
9827
9829
9834
9836
9842
9844
9845
9851
9862
9869
9870
9873
9874
9874
9875
9879
9880
9887
9892
9893
9897
9899
9899
9901
9901
9904
9905
9909
9920
9926
9926
9928
9928
9929
9932
9933
9935
9937
9937
9937
9945
9949
9953
9953
9958
9962
9963
9968
9968
9970
9971
9974
9975
9977
9986
9987
9988
9988
9996
9997
9997
9997
9998
10003
10003
10004
10006
10006
10008
10008
10009
10011
10014
10016
10020
10020
10025
10025
10036
10036
10039
10041
10045
10048
10049
10056
10056
10059
10069
10072
10081
10094
10098
10103
10104
10107
10107
10108
10112
10116
10121
10126
10128
10134
10137
10139
10147
10147
10151
10152
10152
10153
10154
10156
10159
10162
10166
10171
10199
10206
10206
10208
10211
10211
10219
10219
10220
10226
10228
10235
10238
10243
10246
10253
10255
10258
10261
10272
10274
10281
10281
10281
10284
10284
10286
10287
10287
10298
10299
10299
10302
10306
10308
10311
10317
10318
10323
10324
10333
10334
10334
10335
10336
10338
10339
10340
10351
10353
10354
10357
10378
10379
10379
10380
10382
10385
10385
10391
10397
10411
10419
10432
10440
10446
10448
10449
10453
10460
10465
10471
10480
10481
10482
10483
10490
10501
10506
10508
10512
10513
10513
10515
10516
10517
10519
10522
10523
10525
10526
10526
10528
10531
10534
10536
10536
10538
10541
10541
10543
10546
10555
10560
10561
10561
10563
10566
10567
10569
10573
10574
10574
10576
10577
10577
10596
10598
10603
10603
10604
10606
10609
10609
10611
10618
10619
10623
10624
10627
10632
10637
10640
10641
10649
10652
10655
10656
10660
10660
10672
10678
10680
10684
10686
10696
10698
10699
10700
10701
10712
10716
10720
10725
10728
10732
10733
10736
10740
10742
10745
10747
10774
10776
10782
10785
10790
10794
10803
10805
10818
10835
10836
10836
10840
10841
10856
10856
10858
10875
10879
10882
10884
10887
10889
10890
10892
10898
10901
10905
10905
10917
10919
10920
10921
10928
10928
10931
10932
10938
10941
10943
10944
10948
10950
10952
10954
10958
10963
10963
10966
10969
10972
10972
10974
10983
10995
10995
10996
10997
10999
10999
11007
11011
11016
11019
11023
11032
11034
11035
11036
11040
11040
11044
11047
11047
11048
11048
11050
11052
11055
11057
11058
11059
11064
11065
11067
11068
11068
11076
11086
11087
11088
11091
11092
11093
11093
11094
11094
11097
11106
11108
11111
11114
11116
11122
11124
11125
11136
11141
11144
11151
11151
11153
11153
11154
11161
11161
11163
11163
11164
11170
11171
11174
11174
11181
11187
11187
11187
11188
11190
11192
11194
11197
11209
11209
11211
11211
11212
11213
11216
11216
11229
11230
11231
11231
11239
11247
11250
11256
11257
11269
11271
11275
11280
11283
11287
11288
11291
11294
11299
11305
11308
11312
11313
11314
11317
11321
11323
11324
11328
11340
11345
11355
11357
11358
11362
11380
11386
11399
11400
11404
11407
11411
11419
11427
11427
11437
11439
11439
11439
11440
11442
11446
11453
11458
11458
11458
11466
11468
11470
11477
11480
11482
11486
11489
11489
11491
11500
11500
11503
11513
11514
11514
11514
11517
11517
11519
11520
11521
11523
11531
11539
11539
11541
11552
11553
11556
11559
11566
11567
11569
11570
11570
11572
11575
11581
11582
11583
11586
11591
11592
11597
11601
11606
11609
11611
11614
11614
11615
11616
11616
11617
11622
11628
11642
11642
11646
11653
11654
11655
11656
11659
11661
11661
11666
11666
11685
11686
11687
11689
11693
11694
11703
11718
11721
11722
11722
11728
11730
11731
11735
11735
11737
11737
11739
11741
11742
11745
11747
11748
11748
11762
11765
11767
11772
11772
11776
11777
11779
11780
11782
11782
11785
11789
11789
11790
11794
11794
11797
11809
11811
11816
11816
11820
11821
11824
11830
11833
11836
11842
11849
11865
11874
11881
11889
11890
11895
11895
11898
11904
11906
11907
11908
11909
11913
11918
11923
11925
11940
11944
11948
11954
11955
11958
11961
11961
11971
11973
11975
11980
11996
11998
12002
12008
12009
12010
12012
12012
12014
12016
12017
12017
12019
12021
12031
12031
12033
12033
12034
12035
12035
12035
12037
12042
12042
12043
12050
12050
12051
12052
12054
12058
12060
12061
12069
12069
12072
12077
12078
12080
12087
12090
12091
12095
12096
12098
12100
12100
12101
12112
12115
12116
12121
12123
12123
12124
12126
12130
12137
12141
12145
12145
12147
12150
12152
12155
12157
12157
12158
12159
12165
12166
12167
12168
12174
12180
12181
12184
12189
12192
12194
12198
12200
12202
12207
12217
12224
12225
12226
12232
12232
12241
12243
12248
12253
12256
12256
12260
12262
12279
12280
12280
12282
12282
12282
12283
12291
12295
12297
12318
12323
12325
12326
12334
12339
12344
12346
12350
12352
12357
12358
12368
12372
12374
12381
12382
12388
12389
12389
12394
12396
12405
12405
12410
12411
12412
12416
12416
12419
12433
12433
12435
12440
12444
12445
12445
12448
12451
12452
12454
12454
12455
12458
12468
12472
12473
12485
12486
12488
12488
12502
12502
12507
12514
12517
12530
12535
12548
12550
12557
12563
12567
12576
12583
12594
12597
12601
12603
12607
12609
12610
12611
12611
12612
12614
12614
12620
12624
12634
12634
12641
12643
12643
12644
12645
12645
12649
12650
12650
12650
12659
12659
12660
12662
12663
12667
12669
12669
12672
12681
12682
12684
12687
12688
12692
12695
12695
12696
12698
12703
12705
12708
12711
12719
12720
12722
12724
12727
12730
12731
12738
12738
12747
12748
12749
12757
12760
12760
12763
12767
12772
12773
12775
12775
12775
12787
12791
12791
12793
12793
12800
12801
12804
12806
12808
12809
12813
12818
12821
12827
12829
12830
12831
12831
12844
12848
12849
12849
12850
12851
12857
12859
12863
12866
12869
12870
12874
12874
12875
12882
12884
12885
12887
12895
12896
12896
12902
12904
12911
12911
12914
12915
12922
12925
12926
12929
12929
12930
12938
12940
12941
12946
12947
12950
12954
12959
12959
12960
12966
12971
12978
12990
12991
12997
12997
12999
13002
13003
13019
13020
13022
13026
13027
13028
13030
13040
13043
13049
13051
13053
13055
13064
13068
13069
13072
13074
13076
13077
13078
13079
13079
13084
13085
13085
13087
13094
13095
13102
13105
13108
13112
13113
13114
13131
13132
13133
13140
13141
13144
13149
13150
13157
13158
13160
13164
13167
13174
13177
13181
13181
13187
13190
13192
13197
13199
13201
13203
13205
13216
13224
13226
13229
13232
13233
13237
13240
13249
13249
13251
13258
13260
13261
13264
13267
13267
13269
13271
13275
13275
13278
13282
13283
13294
13297
13301
13301
13310
13310
13314
13314
13316
13320
13333
13333
13341
13341
13344
13345
13348
13352
13355
13356
13362
13368
13369
13374
13377
13379
13380
13381
13389
13389
13392
13394
13400
13402
13402
13405
13419
13421
13428
13428
13428
13431
13432
13437
13447
13452
13456
13459
13473
13478
13479
13481
13484
13484
13490
13493
13494
13494
13495
13496
13497
13502
13503
13507
13511
13517
13522
13523
13527
13528
13532
13534
13537
13539
13543
13544
13545
13548
13550
13550
13551
13552
13553
13554
13556
13557
13559
13559
13566
13570
13571
13571
13577
13582
13590
13592
13595
13597
13597
13598
13605
13606
13613
13614
13615
13619
13620
13621
13622
13623
13626
13629
13630
13641
13647
13652
13655
13656
13657
13665
13674
13675
13684
13687
13689
13692
13694
13699
13708
13708
13710
13723
13728
13729
13730
13753
13756
13758
13758
13759
13761
13761
13762
13765
13766
13768
13772
13772
13773
13775
13778
13782
13782
13784
13790
13794
13796
13804
13805
13805
13807
13813
13817
13820
13826
13830
13832
13837
13840
13840
13844
13848
13851
13852
13854
13859
13861
13863
13864
13868
13869
13876
13886
13889
13889
13898
13899
13910
13914
13917
13921
13937
13937
13939
13942
13944
13946
13950
13951
13953
13953
13956
13960
13961
13963
13965
13967
13975
13976
13981
13981
13982
13989
13989
13990
14001
14002
14006
14014
14015
14015
14021
14026
14033
14034
14035
14045
14058
14062
14067
14068
14070
14073
14076
14087
14090
14091
14097
14098
14103
14104
14112
14113
14125
14129
14130
14131
14134
14135
14136
14139
14140
14141
14148
14149
14149
14167
14169
14172
14172
14175
14181
14188
14191
14194
14198
14211
14213
14214
14220
14222
14223
14223
14224
14229
14229
14234
14236
14241
14242
14242
14244
14250
14252
14253
14259
14260
14261
14267
14270
14273
14275
14278
14279
14280
14282
14284
14285
14285
14287
14291
14293
14297
14299
14302
14302
14304
14306
14307
14309
14319
14321
14327
14327
14328
14337
14339
14340
14342
14347
14353
14353
14356
14356
14356
14357
14358
14358
14359
14359
14360
14361
14362
14364
14368
14370
14371
14372
14373
14377
14379
14383
14385
14386
14388
14388
14390
14396
14397
14403
14407
14407
14420
14428
14430
14430
14435
14440
14441
14451
14453
14454
14458
14460
14461
14461
14475
14475
14480
14482
14485
14490
14497
14501
14517
14519
14519
14531
14534
14536
14540
14546
14552
14553
14555
14556
14556
14559
14566
14569
14572
14574
14574
14577
14583
14584
14588
14590
14593
14599
14603
14604
14620
14622
14622
14628
14628
14642
14650
14651
14653
14658
14660
14660
14661
14664
14666
14671
14674
14676
14677
14679
14679
14683
14684
14685
14689
14694
14696
14702
14723
14725
14728
14731
14732
14733
14736
14746
14749
14751
14752
14753
14753
14755
14757
14758
14760
14762
14770
14782
14784
14786
14787
14787
14797
14800
14800
14802
14805
14813
14816
14817
14818
14822
14825
14827
14830
14831
14832
14833
14837
14844
14845
14858
14863
14865
14867
14876
14877
14878
14878
14879
14879
14883
14883
14884
14887
14889
14899
14899
14904
14905
14909
14910
14917
14923
14925
14930
14933
14934
14935
14938
14938
14940
14944
14946
14956
14964
14965
14967
14981
14987
14989
14989
14996
14996
15008
15008
15012
15015
15025
15029
15033
15038
15040
15042
15043
15047
15047
15051
15053
15055
15057
15062
15068
15072
15076
15079
15083
15094
15095
15101
15103
15104
15106
15107
15108
15110
15110
15113
15114
15118
15120
15124
15135
15142
15143
15144
15148
15151
15153
15154
15155
15159
15163
15163
15168
15169
15170
15171
15172
15174
15182
15187
15187
15190
15191
15207
15213
15216
15219
15220
15222
15229
15234
15235
15250
15254
15256
15260
15270
15272
15275
15276
15277
15280
15281
15282
15283
15284
15285
15286
15287
15288
15291
15293
15294
15296
15296
15298
15299
15301
15302
15305
15306
15307
15310
15315
15318
15321
15323
15323
15324
15331
15332
15335
15337
15338
15339
15339
15347
15349
15352
15355
15369
15370
15371
15373
15379
15379
15381
15381
15384
15385
15395
15399
15414
15415
15418
15423
15426
15430
15432
15435
15435
15438
15445
15445
15447
15448
15449
15451
15459
15460
15462
15471
15471
15471
15475
15477
15480
15480
15485
15492
15493
15501
15505
15509
15510
15514
15516
15519
15519
15528
15532
15534
15534
15539
15541
15541
15541
15542
15543
15552
15553
15557
15558
15563
15564
15565
15565
15567
15567
15575
15580
15583
15587
15589
15590
15593
15600
15600
15601
15602
15604
15605
15607
15612
15622
15623
15625
15626
15634
15636
15638
15642
15642
15655
15655
15659
15669
15669
15678
15680
15681
15683
15684
15684
15686
15690
15693
15702
15722
15726
15730
15735
15736
15738
15742
15743
15744
15746
15750
15753
15754
15757
15758
15758
15759
15770
15775
15778
15780
15783
15783
15786
15789
15794
15800
15803
15804
15808
15811
15811
15813
15813
15817
15819
15821
15835
15839
15840
15845
15846
15848
15851
15854
15861
15863
15864
15869
15869
15872
15878
15885
15889
15893
15894
15895
15900
15904
15905
15905
15910
15913
15915
15922
15923
15924
15925
15929
15931
15932
15935
15946
15948
15950
15956
15959
15959
15960
15962
15964
15967
15968
15970
15974
15976
15978
15981
15983
15986
15988
15989
15990
15991
16000
16004
16016
16023
16027
16028
16028
16029
16031
16038
16041
16041
16048
16051
16051
16052
16054
16075
16078
16079
16080
16083
16083
16084
16092
16098
16103
16111
16111
16111
16118
16120
16123
16125
16132
16134
16140
16147
16147
16153
16154
16156
16157
16157
16159
16160
16168
16168
16174
16177
16177
16182
16183
16186
16210
16213
16222
16231
16233
16235
16238
16242
16244
16247
16251
16256
16256
16257
16258
16260
16264
16270
16270
16270
16272
16281
16284
16286
16287
16290
16291
16300
16302
16303
16303
16311
16311
16317
16318
16321
16332
16332
16337
16339
16354
16357
16358
16363
16364
16365
16368
16370
16376
16378
16381
16391
16393
16394
16415
16422
16429
16431
16432
16433
16434
16439
16443
16443
16454
16468
16469
16479
16482
16495
16496
16500
16502
16507
16513
16517
16518
16521
16525
16527
16527
16533
16539
16543
16547
16547
16550
16556
16567
16571
16577
16578
16581
16582
16587
16594
16594
16595
16595
16596
16598
16602
16607
16613
16613
16614
16616
16619
16620
16620
16621
16626
16633
16634
16636
16642
16645
16651
16655
16660
16665
16667
16668
16669
16671
16674
16675
16676
16679
16679
16680
16688
16690
16694
16701
16704
16705
16707
16708
16708
16716
16718
16724
16724
16728
16728
16730
16731
16732
16734
16735
16741
16742
16743
16744
16745
16745
16748
16755
16755
16756
16757
16761
16761
16761
16770
16773
16776
16785
16787
16791
16791
16797
16799
16803
16804
16807
16808
16809
16814
16817
16819
16830
16831
16839
16841
16850
16852
16852
16856
16859
16871
16871
16877
16885
16890
16892
16894
16894
16895
16900
16902
16909
16909
16912
16918
16924
16924
16928
16929
16936
16945
16946
16948
16958
16959
16963
16966
16967
16968
16968
16973
16974
16974
16976
16978
16978
16979
16980
16989
16991
17000
17003
17008
17010
17014
17018
17023
17026
17026
17028
17029
17030
17032
17032
17033
17034
17036
17047
17055
17057
17062
17070
17073
17076
17080
17086
17088
17091
17095
17097
17100
17101
17102
17108
17108
17111
17118
17121
17122
17124
17125
17126
17135
17136
17137
17137
17140
17145
17147
17150
17151
17153
17154
17159
17163
17164
17178
17184
17186
17188
17199
17208
17208
17209
17210
17212
17212
17212
17213
17216
17231
17233
17239
17239
17241
17244
17253
17263
17265
17268
17269
17269
17270
17271
17278
17282
17282
17284
17294
17295
17296
17296
17301
17303
17303
17304
17319
17319
17320
17324
17325
17326
17327
17328
17332
17339
17346
17346
17349
17354
17354
17358
17358
17373
17373
17375
17388
17390
17392
17393
17407
17408
17410
17419
17422
17423
17424
17427
17428
17431
17435
17437
17443
17448
17449
17453
17458
17458
17459
17460
17463
17467
17468
17471
17480
17481
17482
17486
17486
17488
17492
17492
17492
17501
17504
17517
17518
17520
17530
17530
17530
17532
17533
17533
17537
17538
17540
17540
17548
17548
17550
17552
17559
17564
17566
17571
17571
17574
17575
17578
17583
17591
17597
17598
17606
17611
17619
17620
17625
17626
17627
17635
17635
17636
17639
17642
17648
17650
17651
17655
17656
17657
17665
17666
17668
17668
17672
17679
17679
17680
17683
17686
17692
17695
17695
17696
17696
17697
17698
17701
17705
17707
17708
17711
17713
17713
17717
17718
17721
17724
17731
17739
17740
17748
17752
17765
17772
17772
17773
17776
17776
17777
17785
17785
17785
17787
17788
17797
17802
17803
17807
17809
17818
17819
17824
17824
17827
17827
17830
17830
17843
17843
17844
17845
17848
17853
17854
17865
17865
17878
17882
17884
17896
17898
17899
17901
17904
17916
17917
17924
17928
17929
17931
17937
17939
17946
17946
17948
17952
17953
17954
17957
17958
17959
17959
17969
17969
17975
17977
17978
17979
17981
17981
17983
17983
17988
18001
18004
18007
18009
18015
18017
18024
18026
18026
18034
18036
18037
18041
18042
18044
18049
18050
18053
18062
18076
18076
18077
18077
18080
18081
18085
18091
18094
18095
18096
18104
18109
18110
18116
18127
18130
18131
18132
18136
18138
18140
18152
18153
18164
18169
18184
18186
18186
18186
18187
18193
18203
18209
18215
18219
18221
18224
18225
18239
18246
18246
18251
18263
18275
18276
18288
18290
18291
18292
18295
18295
18305
18306
18310
18315
18316
18317
18319
18320
18321
18322
18324
18329
18329
18329
18330
18331
18332
18333
18338
18344
18345
18346
18355
18362
18362
18363
18367
18369
18379
18384
18386
18387
18395
18397
18400
18409
18412
18413
18414
18414
18418
18421
18423
18425
18426
18435
18437
18438
18439
18440
18441
18442
18448
18451
18456
18458
18458
18462
18462
18463
18463
18466
18468
18475
18478
18480
18480
18481
18489
18500
18511
18512
18515
18518
18523
18524
18525
18525
18532
18537
18539
18540
18542
18547
18552
18557
18562
18564
18564
18565
18568
18569
18574
18574
18576
18580
18584
18584
18585
18586
18587
18593
18600
18604
18606
18607
18608
18608
18609
18609
18611
18613
18617
18622
18626
18633
18634
18641
18642
18649
18651
18657
18661
18661
18668
18678
18678
18680
18682
18683
18687
18690
18696
18701
18702
18702
18704
18705
18706
18706
18720
18723
18724
18730
18735
18735
18735
18736
18742
18743
18747
18751
18755
18759
18764
18764
18768
18773
18774
18777
18784
18785
18785
18789
18799
18802
18803
18805
18806
18811
18812
18814
18817
18820
18820
18821
18827
18828
18828
18832
18842
18842
18847
18853
18856
18859
18863
18865
18881
18882
18882
18892
18894
18896
18896
18904
18907
18908
18909
18918
18923
18924
18925
18926
18949
18950
18956
18957
18957
18962
18962
18966
18966
18970
18973
18975
18978
18979
18994
18995
18999
19003
19011
19016
19020
19025
19027
19028
19031
19033
19039
19044
19046
19048
19048
19048
19056
19060
19063
19065
19071
19072
19073
19078
19081
19083
19085
19091
19096
19102
19102
19103
19108
19108
19112
19115
19115
19116
19121
19123
19123
19123
19125
19125
19126
19132
19134
19135
19137
19137
19144
19145
19147
19148
19149
19160
19166
19174
19179
19181
19184
19185
19186
19186
19190
19209
19218
19219
19223
19225
19228
19230
19235
19244
19246
19250
19250
19251
19253
19258
19283
19287
19288
19289
19294
19297
19306
19306
19310
19323
19325
19330
19334
19337
19353
19353
19358
19359
19360
19361
19364
19364
19366
19369
19370
19372
19376
19378
19378
19380
19380
19382
19385
19385
19387
19391
19392
19393
19400
19400
19402
19405
19410
19410
19411
19412
19412
19413
19416
19418
19420
19423
19427
19430
19434
19436
19439
19442
19446
19446
19448
19451
19458
19459
19464
19465
19469
19470
19474
19476
19482
19487
19503
19503
19504
19504
19512
19513
19518
19520
19521
19521
19522
19524
19527
19527
19531
19534
19536
19540
19545
19546
19546
19546
19548
19551
19555
19556
19561
19565
19567
19568
19574
19575
19579
19580
19580
19582
19582
19590
19591
19598
19605
19606
19606
19606
19607
19618
19627
19628
19629
19637
19637
19646
19647
19648
19650
19650
19653
19655
19661
19665
19666
19670
19671
19674
19681
19686
19686
19689
19689
19691
19691
19692
19699
19704
19705
19707
19715
19716
19719
19722
19723
19723
19725
19727
19734
19735
19739
19743
19743
19753
19754
19755
19756
19760
19762
19763
19769
19774
19783
19792
19800
19800
19800
19803
19806
19809
19815
19822
19823
19826
19831
19835
19835
19838
19841
19843
19846
19851
19860
19868
19869
19870
19870
19872
19879
19880
19885
19889
19889
19889
19892
19894
19895
19901
19903
19905
19906
19907
19908
19915
19920
19920
19926
19931
19935
19935
19936
19937
19939
19941
19941
19947
19948
19949
19950
19966
19968
19970
19973
19977
19984
19987
19992
19993
20013
20019
20026
20038
20042
20045
20050
20051
20057
20058
20061
20061
20062
20065
20075
20079
20080
20090
20091
20092
20108
20109
20110
20111
20120
20122
20124
20126
20127
20132
20135
20144
20147
20148
20161
20168
20172
20174
20180
20181
20185
20190
20195
20197
20198
20199
20202
20203
20204
20206
20215
20215
20219
20226
20226
20227
20227
20231
20235
20236
20243
20250
20253
20265
20270
20273
20273
20274
20274
20277
20281
20286
20289
20289
20291
20293
20297
20300
20305
20305
20309
20311
20320
20331
20331
20333
20335
20339
20342
20356
20361
20363
20370
20373
20374
20378
20379
20384
20385
20389
20392
20395
20395
20400
20400
20401
20406
20407
20409
20420
20421
20427
20428
20429
20430
20434
20439
20440
20440
20443
20443
20449
20450
20465
20474
20478
20483
20483
20489
20490
20499
20502
20502
20507
20508
20511
20512
20513
20521
20522
20523
20525
20526
20529
20529
20533
20536
20538
20538
20542
20546
20546
20549
20551
20552
20564
20565
20566
20570
20572
20573
20573
20574
20580
20582
20582
20582
20585
20585
20587
20587
20587
20593
20594
20599
20612
20612
20612
20623
20623
20623
20623
20627
20636
20638
20640
20641
20642
20643
20647
20648
20652
20657
20658
20662
20678
20679
20685
20686
20688
20690
20692
20698
20701
20708
20713
20713
20714
20715
20717
20723
20726
20736
20742
20742
20748
20752
20753
20759
20762
20770
20789
20791
20801
20801
20803
20803
20805
20806
20808
20814
20817
20825
20828
20828
20828
20831
20832
20837
20839
20842
20842
20846
20847
20848
20851
20852
20853
20859
20864
20865
20867
20868
20868
20870
20871
20882
20887
20892
20893
20900
20901
20901
20903
20903
20903
20905
20908
20911
20916
20916
20919
20919
20920
20922
20932
20932
20938
20938
20939
20941
20952
20955
20956
20957
20971
20972
20987
20991
20996
21003
21003
21009
21013
21015
21017
21019
21019
21020
21022
21026
21028
21028
21028
21030
21031
21038
21043
21046
21046
21048
21051
21052
21058
21058
21059
21060
21065
21070
21073
21081
21084
21085
21087
21087
21088
21089
21091
21091
21093
21093
21093
21094
21098
21100
21101
21105
21106
21107
21113
21115
21122
21125
21129
21130
21130
21135
21140
21143
21145
21153
21155
21160
21161
21161
21163
21164
21164
21165
21165
21169
21172
21175
21184
21185
21186
21189
21195
21195
21197
21198
21201
21206
21207
21212
21233
21234
21236
21237
21240
21245
21246
21247
21251
21252
21255
21259
21260
21262
21276
21278
21278
21283
21285
21288
21295
21297
21297
21300
21300
21301
21303
21305
21309
21316
21320
21341
21342
21342
21343
21344
21354
21356
21359
21361
21361
21362
21364
21365
21370
21384
21387
21391
21393
21394
21398
21403
21404
21405
21408
21408
21410
21415
21426
21429
21434
21438
21442
21449
21456
21457
21460
21462
21463
21480
21484
21485
21491
21491
21495
21506
21519
21521
21523
21525
21528
21530
21533
21534
21538
21538
21538
21545
21546
21553
21557
21562
21562
21579
21580
21581
21586
21588
21594
21594
21600
21613
21613
21615
21615
21616
21617
21618
21618
21619
21619
21633
21635
21636
21639
21643
21648
21652
21658
21659
21661
21661
21663
21664
21665
21670
21670
21673
21674
21675
21677
21678
21679
21681
21684
21686
21688
21689
21691
21692
21695
21695
21697
21698
21701
21710
21718
21723
21724
21724
21726
21728
21730
21731
21741
21751
21756
21761
21765
21767
21769
21773
21783
21785
21789
21797
21797
21798
21798
21799
21799
21800
21802
21813
21816
21819
21820
21830
21833
21835
21836
21843
21851
21851
21852
21852
21854
21858
21862
21863
21864
21870
21876
21878
21882
21888
21891
21892
21900
21900
21901
21913
21915
21918
21923
21923
21924
21926
21932
21936
21944
21945
21946
21947
21961
21962
21963
21967
21969
21972
21973
21974
21979
21987
21988
21992
21992
21996
22009
22009
22010
22016
22016
22018
22020
22026
22027
22027
22032
22047
22047
22048
22054
22057
22061
22066
22067
22069
22070
22079
22085
22087
22088
22091
22091
22092
22094
22095
22096
22097
22103
22103
22116
22133
22134
22136
22137
22137
22141
22141
22145
22150
22153
22156
22160
22161
22161
22162
22163
22171
22171
22178
22183
22189
22190
22191
22192
22196
22199
22200
22205
22215
22217
22219
22227
22230
22235
22235
22236
22241
22242
22243
22244
22248
22249
22261
22261
22267
22271
22274
22276
22278
22279
22281
22282
22302
22302
22305
22307
22310
22310
22312
22317
22317
22323
22326
22335
22339
22341
22345
22350
22351
22353
22356
22358
22361
22361
22365
22367
22370
22373
22374
22377
22378
22379
22390
22397
22398
22400
22401
22408
22409
22425
22426
22434
22435
22439
22440
22444
22448
22450
22451
22455
22459
22459
22459
22460
22461
22461
22465
22466
22480
22487
22488
22489
22492
22493
22494
22501
22503
22505
22508
22511
22511
22516
22517
22517
22518
22523
22524
22532
22534
22534
22534
22535
22539
22543
22548
22554
22555
22556
22557
22562
22564
22565
22566
22569
22575
22575
22576
22580
22581
22581
22589
22590
22592
22598
22598
22600
22606
22610
22617
22617
22619
22622
22625
22626
22629
22632
22633
22637
22641
22644
22645
22649
22660
22673
22674
22674
22674
22675
22675
22675
22683
22689
22690
22691
22693
22695
22701
22703
22704
22705
22713
22715
22715
22717
22721
22723
22727
22729
22740
22754
22761
22768
22772
22773
22776
22778
22780
22780
22784
22788
22789
22794
22796
22798
22802
22805
22811
22811
22812
22818
22819
22820
22829
22829
22830
22838
22843
22850
22851
22852
22857
22860
22871
22875
22879
22883
22886
22890
22890
22891
22893
22895
22903
22910
22912
22914
22915
22916
22918
22919
22920
22921
22921
22925
22930
22933
22939
22941
22945
22948
22953
22954
22954
22955
22962
22962
22969
22970
22974
22977
22977
22977
22993
22994
22995
22996
22999
23000
23004
23005
23005
23007
23015
23015
23020
23022
23023
23025
23027
23031
23031
23040
23040
23052
23056
23065
23076
23095
23097
23099
23100
23102
23108
23114
23117
23129
23130
23136
23137
23143
23143
23150
23150
23152
23152
23157
23161
23162
23179
23186
23187
23187
23198
23216
23217
23217
23219
23229
23232
23234
23238
23246
23250
23252
23256
23260
23260
23260
23260
23272
23280
23289
23295
23295
23302
23302
23304
23305
23313
23318
23322
23323
23323
23324
23326
23327
23332
23334
23338
23350
23351
23359
23363
23366
23390
23409
23410
23413
23414
23423
23425
23429
23440
23444
23444
23448
23449
23453
23457
23460
23467
23471
23476
23478
23479
23480
23486
23487
23488
23489
23491
23491
23492
23494
23497
23502
23505
23506
23507
23510
23510
23513
23514
23516
23516
23517
23533
23543
23547
23552
23558
23560
23566
23579
23581
23582
23587
23589
23593
23596
23600
23603
23607
23611
23611
23614
23614
23615
23617
23619
23619
23622
23622
23623
23630
23635
23635
23638
23639
23643
23645
23655
23655
23656
23665
23665
23667
23670
23672
23674
23676
23676
23677
23678
23686
23687
23688
23692
23692
23693
23695
23695
23697
23699
23703
23704
23706
23709
23713
23719
23724
23728
23729
23738
23743
23747
23748
23749
23752
23754
23754
23761
23761
23765
23765
23766
23773
23773
23776
23777
23777
23784
23788
23790
23796
23805
23806
23806
23810
23813
23820
23820
23820
23822
23823
23826
23832
23834
23836
23838
23841
23843
23843
23846
23853
23859
23866
23873
23880
23882
23884
23885
23892
23894
23903
23904
23904
23908
23909
23914
23915
23917
23917
23934
23937
23941
23941
23947
23949
23955
23957
23966
23966
23969
23972
23975
23977
23982
23986
23987
23989
23992
23992
23996
23998
24004
24006
24008
24012
24012
24015
24016
24017
24018
24018
24021
24022
24027
24035
24035
24049
24053
24056
24056
24056
24057
24063
24063
24064
24064
24069
24071
24077
24079
24080
24084
24090
24096
24097
24098
24099
24100
24100
24107
24109
24111
24113
24122
24123
24124
24130
24131
24138
24139
24151
24162
24163
24163
24165
24166
24167
24169
24170
24173
24178
24178
24179
24188
24192
24196
24201
24201
24215
24217
24227
24228
24233
24235
24240
24245
24247
24247
24249
24258
24265
24266
24268
24269
24269
24274
24282
24283
24284
24287
24289
24295
24301
24304
24306
24308
24309
24310
24322
24322
24323
24326
24334
24336
24345
24345
24346
24350
24351
24352
24355
24363
24365
24368
24370
24372
24376
24377
24390
24398
24402
24402
24405
24409
24410
24413
24417
24420
24421
24424
24426
24428
24429
24431
24435
24436
24448
24448
24448
24459
24463
24471
24472
24474
24475
24475
24479
24486
24491
24495
24508
24514
24515
24515
24518
24521
24522
24528
24530
24530
24541
24543
24547
24552
24559
24563
24566
24566
24568
24570
24572
24577
24578
24579
24585
24587
24591
24591
24594
24596
24596
24598
24602
24607
24609
24611
24615
24619
24623
24624
24625
24631
24631
24639
24641
24643
24644
24647
24651
24652
24656
24661
24664
24664
24664
24667
24668
24668
24674
24677
24686
24687
24690
24693
24697
24702
24703
24704
24704
24705
24706
24707
24713
24716
24719
24723
24728
24730
24735
24745
24755
24760
24764
24765
24766
24775
24775
24778
24778
24784
24785
24787
24788
24789
24790
24793
24806
24811
24811
24815
24816
24828
24836
24837
24840
24845
24847
24863
24864
24866
24870
24870
24872
24877
24878
24887
24891
24892
24893
24899
24900
24902
24904
24906
24907
24910
24910
24913
24916
24917
24919
24923
24927
24932
24938
24948
24949
24949
24954
24957
24958
24959
24963
24967
24973
24974
24981
24982
24982
24983
24986
24995
24996
24997
24999
25002
25004
25004
25007
25010
25011
25016
25024
25030
25037
25045
25046
25046
25047
25066
25067
25069
25069
25070
25079
25079
25079
25086
25088
25089
25092
25105
25107
25109
25124
25124
25126
25130
25134
25144
25145
25145
25146
25146
25157
25162
25169
25174
25175
25176
25177
25177
25182
25188
25188
25189
25195
25199
25204
25204
25209
25211
25223
25224
25224
25225
25226
25227
25229
25230
25232
25247
25250
25254
25257
25259
25260
25264
25267
25272
25273
25275
25275
25277
25283
25285
25296
25303
25307
25323
25324
25324
25327
25327
25335
25337
25338
25339
25343
25351
25352
25353
25353
25354
25359
25360
25361
25362
25362
25363
25372
25373
25375
25378
25379
25386
25390
25392
25400
25401
25405
25406
25408
25409
25410
25412
25418
25419
25421
25424
25428
25433
25438
25440
25442
25448
25453
25453
25454
25457
25458
25464
25467
25473
25476
25480
25481
25482
25482
25486
25487
25490
25492
25492
25495
25505
25507
25507
25509
25511
25512
25515
25519
25520
25523
25535
25542
25545
25546
25550
25551
25554
25563
25564
25564
25568
25569
25574
25574
25575
25579
25580
25584
25586
25586
25587
25602
25603
25603
25603
25604
25606
25607
25610
25617
25619
25623
25627
25636
25641
25644
25646
25651
25657
25657
25665
25668
25668
25670
25671
25672
25675
25678
25678
25685
25686
25687
25687
25688
25688
25690
25705
25706
25711
25714
25715
25721
25726
25727
25729
25731
25740
25745
25749
25750
25751
25754
25764
25766
25767
25771
25772
25772
25779
25780
25782
25785
25788
25798
25799
25803
25807
25808
25811
25817
25824
25830
25830
25830
25838
25839
25840
25842
25853
25863
25871
25871
25871
25876
25877
25879
25881
25881
25882
25882
25887
25890
25891
25891
25893
25894
25895
25895
25901
25901
25905
25911
25915
25919
25922
25926
25930
25938
25938
25941
25943
25948
25950
25950
25960
25961
25962
25962
25965
25979
25979
25983
25983
25988
25989
25990
25998
26003
26007
26011
26012
26020
26021
26022
26030
26034
26035
26036
26036
26045
26050
26052
26055
26059
26063
26064
26069
26073
26073
26078
26085
26086
26098
26110
26113
26113
26114
26118
26120
26121
26128
26136
26139
26158
26158
26161
26162
26167
26170
26194
26196
26209
26211
26213
26214
26220
26221
26228
26234
26241
26242
26249
26258
26267
26273
26273
26274
26276
26278
26278
26278
26280
26283
26285
26289
26296
26300
26308
26308
26308
26311
26313
26316
26321
26332
26333
26336
26339
26340
26347
26347
26362
26365
26365
26366
26368
26369
26374
26380
26384
26385
26386
26389
26391
26392
26396
26398
26405
26405
26410
26413
26415
26416
26425
26427
26429
26434
26440
26441
26441
26443
26443
26448
26448
26449
26452
26453
26455
26456
26458
26458
26458
26463
26467
26467
26469
26474
26483
26483
26494
26495
26499
26501
26501
26502
26503
26504
26504
26510
26511
26514
26524
26527
26530
26531
26532
26534
26543
26544
26545
26547
26556
26558
26558
26559
26562
26562
26565
26566
26569
26578
26584
26585
26585
26588
26596
26598
26600
26606
26606
26607
26613
26617
26618
26624
26626
26629
26632
26635
26635
26637
26643
26651
26652
26655
26662
26664
26666
26668
26670
26678
26686
26686
26688
26697
26698
26699
26700
26711
26711
26717
26721
26721
26724
26733
26734
26735
26738
26740
26743
26745
26747
26749
26753
26756
26761
26762
26766
26767
26770
26776
26780
26790
26794
26794
26797
26803
26805
26814
26815
26821
26830
26840
26843
26852
26853
26863
26866
26872
26872
26874
26882
26883
26885
26887
26888
26890
26894
26896
26896
26897
26900
26902
26906
26906
26910
26911
26911
26913
26914
26917
26917
26921
26922
26923
26923
26933
26937
26942
26944
26946
26947
26948
26951
26955
26958
26959
26964
26964
26965
26965
26979
26979
26983
26993
26993
26997
27003
27005
27006
27007
27011
27015
27019
27021
27029
27034
27050
27050
27050
27058
27074
27080
27091
27092
27094
27097
27098
27108
27113
27118
27124
27126
27140
27142
27148
27149
27150
27154
27156
27170
27171
27174
27180
27185
27186
27188
27189
27191
27200
27201
27203
27206
27210
27213
27213
27214
27218
27219
27222
27224
27227
27230
27231
27233
27237
27239
27243
27244
27245
27250
27250
27260
27263
27269
27269
27272
27273
27277
27281
27284
27287
27288
27289
27291
27293
27293
27296
27301
27304
27306
27309
27318
27318
27322
27323
27331
27339
27341
27343
27347
27350
27358
27360
27362
27364
27366
27368
27369
27386
27390
27392
27394
27395
27399
27405
27408
27414
27417
27420
27421
27426
27431
27436
27437
27443
27447
27448
27452
27462
27465
27467
27469
27479
27482
27490
27496
27505
27507
27508
27512
27514
27514
27515
27523
27525
27525
27525
27527
27530
27539
27540
27541
27544
27544
27546
27547
27552
27555
27558
27559
27562
27566
27569
27569
27570
27574
27577
27580
27585
27597
27601
27605
27609
27609
27613
27613
27614
27615
27615
27616
27619
27622
27627
27629
27630
27631
27631
27639
27640
27641
27652
27656
27657
27660
27661
27662
27662
27663
27679
27681
27689
27689
27694
27699
27705
27708
27710
27720
27726
27727
27729
27738
27744
27753
27753
27754
27754
27755
27757
27763
27764
27768
27776
27781
27783
27787
27800
27808
27811
27811
27816
27816
27818
27821
27826
27827
27832
27839
27840
27843
27844
27846
27847
27849
27850
27851
27854
27854
27855
27866
27866
27867
27869
27869
27871
27875
27877
27882
27882
27884
27885
27888
27889
27890
27895
27895
27896
27896
27900
27904
27920
27923
27931
27934
27936
27937
27946
27950
27956
27966
27967
27975
27976
27977
27979
27982
27987
27989
27993
27999
27999
28001
28007
28011
28016
28020
28023
28024
28031
28034
28037
28038
28039
28044
28057
28060
28062
28066
28066
28069
28072
28072
28075
28081
28097
28099
28099
28103
28105
28111
28112
28121
28123
28124
28126
28127
28131
28135
28136
28137
28139
28142
28160
28163
28163
28180
28181
28186
28198
28205
28208
28212
28213
28225
28233
28240
28241
28242
28247
28252
28256
28273
28275
28279
28283
28286
28289
28290
28290
28291
28291
28293
28294
28294
28298
28299
28299
28299
28302
28305
28306
28311
28312
28314
28315
28317
28323
28324
28325
28331
28331
28340
28342
28346
28346
28351
28357
28358
28358
28363
28370
28371
28373
28383
28389
28391
28392
28393
28394
28395
28396
28397
28397
28404
28409
28409
28419
28431
28435
28438
28440
28441
28447
28447
28448
28453
28455
28455
28458
28461
28463
28464
28467
28470
28470
28477
28477
28479
28481
28483
28488
28491
28492
28493
28498
28500
28501
28502
28507
28510
28517
28520
28523
28527
28531
28531
28537
28538
28540
28541
28542
28544
28547
28549
28556
28563
28567
28571
28571
28573
28577
28577
28579
28581
28582
28584
28590
28593
28594
28595
28599
28599
28604
28606
28607
28608
28610
28611
28618
28621
28629
28633
28636
28648
28649
28652
28656
28656
28656
28663
28666
28667
28668
28670
28671
28671
28672
28678
28679
28681
28683
28685
28687
28688
28691
28691
28691
28692
28694
28697
28699
28700
28701
28705
28705
28729
28741
28743
28745
28747
28749
28751
28753
28753
28755
28757
28760
28762
28769
28771
28772
28782
28789
28789
28792
28792
28793
28801
28804
28805
28806
28807
28814
28817
28819
28821
28822
28827
28828
28830
28835
28837
28839
28839
28841
28849
28852
28852
28860
28862
28863
28865
28869
28873
28878
28887
28892
28893
28904
28908
28908
28911
28911
28912
28916
28923
28927
28928
28930
28931
28931
28935
28942
28947
28947
28955
28955
28956
28967
28968
28968
28970
28972
28976
28977
28977
28979
28981
28982
28986
28989
28990
28993
28997
28997
28998
29001
29003
29004
29006
29012
29012
29023
29024
29029
29031
29032
29034
29036
29037
29040
29041
29043
29043
29047
29051
29051
29055
29057
29057
29057
29059
29065
29078
29079
29080
29083
29088
29090
29093
29095
29101
29103
29105
29106
29106
29107
29109
29116
29118
29120
29120
29126
29131
29135
29135
29136
29145
29147
29150
29155
29157
29162
29167
29167
29169
29173
29176
29179
29186
29202
29202
29217
29219
29221
29223
29224
29226
29233
29233
29236
29238
29240
29242
29243
29243
29250
29253
29258
29258
29260
29261
29265
29267
29269
29280
29283
29284
29287
29290
29292
29297
29297
29299
29299
29302
29303
29310
29311
29311
29314
29318
29321
29325
29328
29334
29338
29339
29342
29351
29354
29355
29360
29363
29370
29375
29376
29383
29383
29383
29392
29395
29407
29408
29411
29414
29416
29418
29423
29436
29441
29445
29445
29447
29447
29450
29457
29462
29463
29464
29471
29472
29475
29476
29481
29484
29502
29504
29518
29518
29524
29529
29535
29536
29551
29551
29552
29560
29562
29564
29571
29583
29586
29588
29589
29589
29594
29599
29613
29616
29617
29617
29617
29618
29620
29622
29627
29628
29639
29642
29644
29646
29650
29654
29655
29662
29663
29664
29666
29670
29670
29674
29683
29684
29685
29687
29691
29691
29693
29697
29698
29699
29702
29704
29713
29716
29720
29720
29728
29731
29737
29738
29741
29745
29748
29756
29757
29761
29763
29763
29765
29766
29783
29784
29785
29786
29787
29793
29799
29801
29811
29813
29816
29819
29821
29821
29830
29831
29832
29834
29835
29836
29837
29839
29844
29847
29850
29850
29852
29854
29863
29872
29876
29876
29886
29895
29897
29898
29903
29904
29910
29911
29914
29918
29929
29934
29934
29934
29937
29948
29952
29959
29959
29961
29966
29975
29976
29980
29981
29988
29990
29992
29993
29993
29996
29997
30001
30002
30004
30009
30009
30011
30015
30018
30025
30031
30038
30039
30039
30042
30043
30048
30051
30055
30055
30057
30072
30074
30076
30077
30081
30083
30085
30086
30088
30092
30093
30097
30100
30102
30104
30108
30116
30129
30129
30131
30131
30131
30138
30138
30142
30150
30155
30160
30162
30170
30173
30173
30182
30187
30187
30189
30193
30213
30217
30219
30222
30223
30248
30249
30250
30251
30257
30259
30260
30262
30270
30273
30273
30274
30275
30279
30284
30286
30287
30298
30309
30310
30314
30314
30317
30319
30319
30320
30320
30329
30330
30332
30334
30338
30343
30345
30355
30355
30357
30363
30363
30368
30368
30368
30369
30377
30380
30383
30384
30392
30392
30394
30395
30398
30401
30407
30410
30414
30415
30418
30418
30419
30420
30423
30425
30430
30433
30435
30435
30435
30436
30436
30436
30437
30438
30442
30445
30446
30448
30449
30449
30453
30456
30457
30460
30464
30479
30480
30481
30484
30485
30487
30489
30490
30499
30508
30508
30510
30519
30524
30524
30526
30529
30529
30533
30536
30540
30542
30546
30547
30556
30556
30560
30561
30567
30568
30571
30574
30577
30583
30585
30586
30593
30594
30599
30602
30602
30603
30608
30612
30613
30613
30616
30626
30633
30633
30633
30635
30636
30636
30637
30638
30643
30646
30650
30657
30661
30661
30665
30668
30670
30679
30693
30705
30709
30711
30712
30715
30717
30724
30724
30726
30726
30728
30730
30730
30734
30744
30747
30749
30761
30769
30771
30772
30777
30780
30792
30793
30799
30804
30804
30806
30809
30814
30815
30816
30824
30829
30836
30837
30844
30846
30848
30856
30857
30863
30865
30869
30870
30876
30876
30878
30881
30883
30886
30886
30888
30896
30896
30897
30899
30902
30904
30905
30912
30918
30920
30923
30924
30927
30930
30930
30933
30933
30948
30958
30959
30962
30964
30974
30976
30976
30983
30983
30988
30991
30993
30994
30995
31012
31014
31016
31019
31021
31024
31024
31025
31028
31030
31032
31036
31038
31041
31049
31049
31051
31052
31053
31056
31059
31060
31062
31068
31071
31072
31077
31078
31079
31084
31105
31109
31110
31115
31120
31124
31124
31135
31142
31151
31154
31157
31159
31161
31162
31167
31168
31169
31169
31174
31178
31178
31179
31184
31185
31192
31199
31203
31205
31210
31211
31217
31226
31228
31229
31236
31238
31239
31242
31245
31245
31247
31255
31257
31261
31262
31263
31266
31267
31268
31270
31271
31278
31280
31280
31280
31282
31283
31283
31291
31300
31306
31320
31324
31324
31327
31328
31328
31330
31331
31334
31334
31335
31350
31350
31354
31359
31364
31367
31374
31375
31375
31397
31400
31403
31411
31416
31417
31420
31423
31425
31425
31427
31430
31433
31435
31439
31440
31442
31442
31448
31450
31450
31452
31456
31464
31466
31467
31467
31469
31469
31471
31471
31472
31473
31474
31481
31485
31486
31487
31491
31493
31493
31494
31495
31497
31498
31505
31506
31511
31513
31515
31519
31521
31525
31527
31527
31527
31531
31537
31540
31540
31548
31550
31555
31556
31561
31563
31564
31565
31566
31571
31571
31572
31572
31580
31588
31589
31589
31593
31599
31604
31607
31607
31609
31609
31616
31618
31622
31626
31627
31632
31635
31637
31640
31641
31642
31646
31646
31647
31649
31652
31658
31664
31674
31675
31685
31685
31703
31705
31708
31714
31719
31726
31726
31728
31730
31735
31736
31738
31738
31746
31747
31749
31751
31758
31759
31767
31769
31783
31785
31785
31786
31786
31789
31790
31791
31793
31797
31803
31812
31812
31813
31816
31818
31829
31834
31836
31843
31844
31846
31847
31847
31850
31852
31853
31854
31860
31863
31867
31869
31870
31871
31879
31883
31886
31887
31898
31900
31904
31905
31905
31907
31912
31917
31918
31919
31920
31923
31927
31929
31935
31941
31941
31942
31942
31942
31943
31950
31952
31955
31956
31959
31959
31960
31961
31966
31973
31976
31978
31980
31982
31982
31994
31997
32002
32003
32011
32011
32019
32020
32030
32032
32035
32035
32036
32038
32038
32040
32042
32048
32053
32058
32061
32075
32075
32076
32076
32077
32082
32084
32085
32086
32093
32096
32097
32106
32108
32109
32111
32114
32115
32119
32120
32121
32122
32130
32131
32134
32136
32137
32143
32144
32148
32152
32155
32157
32157
32160
32160
32160
32161
32161
32168
32173
32174
32178
32188
32195
32201
32204
32208
32209
32211
32215
32216
32230
32232
32233
32234
32240
32240
32242
32243
32247
32248
32248
32249
32249
32252
32262
32263
32264
32275
32278
32289
32293
32298
32298
32301
32305
32306
32309
32311
32313
32313
32317
32319
32326
32330
32330
32331
32334
32346
32352
32353
32353
32353
32357
32369
32369
32373
32374
32376
32376
32380
32383
32385
32387
32388
32392
32394
32397
32397
32397
32399
32399
32403
32407
32408
32410
32412
32416
32417
32427
32427
32428
32429
32432
32433
32435
32438
32442
32442
32447
32447
32448
32450
32452
32466
32467
32469
32470
32485
32492
32496
32497
32501
32502
32503
32504
32516
32517
32524
32540
32540
32544
32545
32546
32553
32555
32568
32571
32578
32578
32579
32580
32580
32584
32584
32591
32600
32602
32603
32604
32604
32606
32607
32608
32611
32612
32613
32613
32614
32616
32633
32635
32637
32642
32643
32645
32645
32646
32648
32652
32655
32656
32658
32661
32662
32671
32671
32674
32677
32677
32683
32685
32690
32691
32696
32699
32704
32716
32716
32717
32721
32730
32736
32737
32737
32738
32739
32741
32741
32746
32752
32760
32760
32765
32766
32766
