6
8
8
13
23
24
26
31
32
39
50
55
58
70
73
81
83
85
89
90
93
93
95
98
99
100
101
106
114
117
119
119
131
135
139
142
146
152
156
161
166
168
169
169
174
180
185
186
187
195
200
204
206
206
206
209
209
211
215
218
224
230
234
239
240
244
246
252
257
263
264
264
267
272
276
277
280
285
292
292
299
305
313
314
314
315
321
322
326
326
334
334
356
359
359
361
370
371
371
373
380
380
383
388
388
389
389
389
390
399
401
403
407
413
415
418
419
420
425
427
433
436
445
447
451
471
479
482
483
488
489
499
502
509
515
524
528
533
534
534
536
538
542
545
545
547
549
550
554
558
559
563
564
565
574
574
581
596
603
604
605
605
609
609
612
615
619
620
622
623
625
625
628
630
633
633
637
640
642
643
651
651
651
652
653
660
669
670
672
672
677
694
702
706
711
713
725
726
728
732
735
735
741
748
748
756
756
761
762
764
765
765
766
767
770
783
786
787
787
789
794
796
798
802
803
806
808
809
813
815
822
825
832
833
839
841
841
843
844
848
849
852
856
858
859
859
859
861
868
868
870
875
877
877
881
886
888
891
892
893
896
896
898
901
904
905
907
908
911
913
922
923
927
932
935
937
948
949
949
951
952
955
957
964
970
973
975
983
984
987
988
989
992
997
1000
1001
1002
1002
1009
1012
1021
1029
1031
1035
1035
1036
1040
1041
1041
1046
1047
1051
1061
1070
1084
1085
1090
1093
1102
1102
1111
1112
1116
1118
1119
1120
1122
1124
1124
1127
1129
1131
1143
1146
1149
1151
1153
1162
1166
1167
1171
1171
1173
1174
1179
1181
1184
1185
1187
1189
1194
1196
1196
1201
1208
1209
1213
1214
1215
1217
1223
1225
1225
1226
1227
1229
1232
1237
1237
1238
1242
1245
1245
1252
1255
1256
1257
1258
1259
1265
1269
1272
1277
1291
1299
1303
1305
1306
1308
1310
1313
1313
1317
1320
1327
1330
1336
1338
1338
1342
1357
1360
1360
1364
1370
1371
1372
1382
1383
1385
1387
1387
1387
1390
1396
1406
1406
1410
1411
1421
1422
1423
1428
1431
1439
1440
1441
1443
1445
1449
1461
1461
1477
1480
1483
1484
1484
1488
1501
1502
1505
1513
1513
1513
1515
1515
1522
1525
1534
1537
1538
1539
1540
1542
1543
1547
1550
1551
1553
1553
1554
1555
1564
1565
1565
1571
1571
1574
1576
1577
1577
1588
1592
1595
1607
1609
1609
1611
1613
1616
1618
1618
1625
1626
1626
1628
1633
1638
1640
1643
1650
1655
1656
1656
1658
1666
1670
1678
1679
1680
1681
1696
1717
1718
1718
1723
1724
1733
1733
1735
1739
1739
1741
1750
1751
1753
1753
1760
1760
1761
1762
1764
1767
1770
1771
1780
1784
1785
1787
1789
1795
1796
1800
1804
1807
1810
1814
1814
1818
1821
1826
1828
1829
1835
1850
1854
1856
1857
1863
1866
1868
1869
1879
1879
1883
1896
1896
1897
1897
1908
1910
1918
1921
1924
1928
1930
1931
1935
1941
1943
1945
1961
1962
1963
1965
1965
1967
1967
1969
1969
1977
1981
1982
1983
1994
2002
2002
2022
2022
2022
2033
2044
2049
2061
2062
2062
2063
2064
2068
2069
2069
2073
2074
2076
2077
2080
2081
2082
2085
2088
2089
2089
2090
2093
2097
2109
2116
2118
2122
2123
2125
2128
2130
2131
2132
2136
2136
2141
2147
2148
2152
2152
2157
2163
2167
2167
2167
2173
2173
2178
2178
2182
2186
2189
2195
2195
2197
2197
2207
2207
2208
2208
2211
2214
2215
2221
2222
2223
2226
2226
2234
2234
2236
2237
2247
2254
2255
2258
2258
2260
2260
2265
2266
2267
2268
2269
2274
2277
2279
2280
2281
2281
2283
2286
2288
2294
2295
2300
2304
2307
2308
2308
2312
2313
2317
2321
2324
2324
2324
2334
2335
2336
2338
2343
2345
2345
2349
2350
2351
2351
2351
2361
2362
2368
2382
2390
2390
2392
2393
2394
2395
2395
2396
2396
2399
2405
2406
2407
2412
2414
2414
2417
2419
2422
2422
2425
2428
2428
2429
2430
2430
2430
2432
2440
2446
2448
2450
2454
2457
2458
2459
2460
2463
2463
2470
2473
2478
2479
2486
2490
2490
2496
2498
2499
2500
2501
2501
2506
2508
2508
2509
2509
2513
2514
2516
2517
2517
2521
2522
2524
2525
2535
2536
2540
2559
2561
2562
2566
2574
2582
2582
2584
2586
2587
2591
2593
2594
2597
2613
2617
2617
2625
2627
2644
2645
2648
2652
2656
2661
2664
2665
2668
2687
2697
2698
2700
2701
2706
2707
2711
2718
2720
2721
2727
2728
2731
2739
2740
2746
2747
2761
2764
2768
2768
2771
2772
2774
2775
2775
2776
2784
2786
2797
2803
2805
2807
2811
2812
2818
2822
2825
2829
2838
2839
2839
2840
2840
2850
2850
2855
2857
2861
2871
2872
2883
2885
2888
2889
2892
2896
2897
2906
2908
2916
2919
2922
2925
2926
2931
2932
2932
2934
2934
2938
2938
2939
2941
2948
2948
2948
2951
2952
2953
2957
2958
2958
2970
2970
2975
2975
2980
2990
2991
2992
2995
2996
2996
2999
3002
3003
3003
3012
3014
3022
3024
3030
3033
3034
3035
3040
3040
3043
3065
3067
3069
3070
3074
3076
3077
3078
3080
3084
3088
3091
3098
3099
3099
3102
3111
3114
3118
3119
3131
3132
3142
3149
3151
3154
3160
3161
3162
3165
3165
3166
3169
3173
3173
3179
3181
3186
3191
3203
3204
3207
3210
3212
3221
3222
3224
3227
3228
3229
3229
3232
3233
3234
3235
3235
3238
3239
3242
3250
3255
3256
3267
3270
3271
3271
3273
3292
3297
3299
3300
3305
3307
3312
3313
3314
3316
3317
3317
3323
3325
3328
3332
3339
3339
3340
3344
3352
3354
3355
3356
3356
3357
3360
3360
3362
3363
3369
3379
3382
3385
3387
3392
3394
3402
3403
3404
3419
3423
3426
3430
3431
3437
3439
3442
3448
3449
3452
3454
3455
3463
3465
3466
3466
3469
3473
3479
3479
3483
3485
3490
3495
3499
3509
3512
3514
3516
3518
3523
3527
3530
3533
3534
3541
3546
3546
3554
3564
3565
3575
3584
3588
3591
3598
3606
3616
3617
3619
3623
3626
3634
3635
3640
3644
3645
3645
3645
3645
3648
3654
3654
3658
3673
3673
3673
3675
3679
3688
3694
3701
3702
3702
3703
3708
3709
3710
3711
3712
3713
3719
3723
3724
3732
3734
3736
3739
3741
3744
3750
3758
3765
3767
3777
3778
3781
3782
3784
3788
3793
3805
3806
3810
3812
3819
3825
3829
3829
3830
3836
3839
3840
3841
3844
3851
3851
3856
3863
3864
3864
3869
3872
3881
3883
3884
3885
3902
3908
3909
3913
3916
3917
3920
3921
3923
3931
3932
3932
3933
3934
3935
3938
3940
3952
3954
3955
3956
3956
3959
3961
3964
3965
3971
3972
3972
3974
3975
3977
3978
3986
3990
3993
3997
3998
4006
4010
4018
4020
4022
4034
4034
4035
4036
4037
4038
4040
4061
4064
4069
4071
4073
4075
4075
4085
4088
4093
4102
4103
4104
4105
4107
4107
4107
4108
4110
4112
4113
4115
4119
4121
4123
4126
4126
4127
4129
4133
4134
4136
4146
4147
4153
4168
4174
4181
4185
4185
4187
4187
4190
4191
4199
4200
4203
4204
4213
4220
4223
4225
4228
4234
4234
4237
4240
4240
4244
4248
4250
4261
4264
4270
4277
4277
4280
4284
4284
4286
4286
4287
4293
4296
4300
4301
4302
4303
4310
4311
4313
4314
4317
4319
4322
4336
4336
4340
4343
4347
4348
4348
4349
4353
4355
4356
4358
4358
4361
4364
4366
4367
4368
4374
4380
4386
4386
4390
4398
4400
4401
4401
4407
4409
4417
4418
4422
4438
4439
4444
4445
4449
4450
4451
4452
4459
4462
4463
4463
4465
4474
4474
4476
4478
4480
4481
4483
4492
4504
4517
4522
4525
4526
4533
4542
4549
4555
4556
4558
4559
4560
4560
4565
4571
4572
4575
4577
4578
4580
4591
4592
4599
4601
4604
4604
4604
4607
4608
4610
4614
4615
4619
4619
4621
4624
4629
4630
4634
4641
4642
4649
4655
4657
4659
4667
4668
4669
4670
4675
4676
4677
4680
4682
4683
4685
4686
4690
4692
4695
4699
4700
4700
4701
4701
4706
4716
4720
4723
4743
4746
4748
4755
4756
4759
4759
4761
4762
4768
4771
4771
4774
4774
4777
4779
4782
4782
4784
4784
4784
4796
4799
4801
4803
4806
4810
4814
4815
4817
4818
4824
4829
4840
4854
4856
4857
4865
4876
4877
4881
4883
4885
4886
4887
4895
4907
4911
4915
4916
4924
4925
4925
4927
4939
4943
4949
4950
4951
4953
4954
4954
4961
4962
4968
4968
4974
4974
4982
4993
4994
5001
5001
5001
5004
5006
5008
5009
5011
5013
5021
5023
5025
5032
5034
5036
5037
5039
5039
5040
5041
5045
5046
5048
5054
5055
5060
5061
5066
5072
5076
5081
5082
5084
5088
5088
5089
5089
5090
5094
5095
5105
5105
5109
5111
5113
5123
5123
5125
5127
5130
5136
5136
5136
5141
5142
5142
5143
5147
5150
5150
5154
5159
5161
5162
5167
5174
5175
5177
5180
5182
5187
5188
5195
5196
5198
5200
5201
5206
5206
5210
5225
5229
5230
5232
5236
5236
5237
5238
5245
5246
5255
5256
5268
5268
5270
5271
5273
5282
5286
5288
5291
5291
5293
5295
5300
5301
5307
5309
5311
5317
5321
5322
5326
5327
5332
5335
5337
5348
5348
5351
5360
5361
5372
5378
5379
5397
5403
5405
5412
5414
5416
5428
5431
5438
5443
5443
5449
5450
5454
5454
5455
5461
5463
5471
5482
5483
5484
5485
5487
5492
5499
5505
5506
5508
5517
5518
5522
5523
5524
5533
5535
5539
5540
5543
5544
5548
5551
5554
5554
5555
5558
5564
5566
5572
5574
5574
5576
5578
5584
5585
5595
5597
5600
5602
5602
5604
5606
5608
5614
5617
5620
5621
5625
5625
5626
5627
5627
5627
5629
5633
5633
5635
5636
5645
5647
5654
5654
5658
5659
5668
5671
5673
5674
5675
5675
5679
5680
5687
5688
5688
5689
5689
5691
5692
5693
5695
5697
5708
5709
5716
5718
5719
5721
5722
5730
5733
5735
5735
5737
5739
5752
5759
5759
5760
5769
5770
5772
5773
5775
5778
5778
5779
5780
5781
5781
5783
5790
5797
5800
5803
5808
5808
5810
5811
5812
5818
5822
5823
5826
5826
5830
5832
5833
5834
5840
5841
5846
5852
5852
5855
5857
5858
5859
5860
5865
5866
5866
5871
5874
5878
5878
5881
5883
5889
5894
5900
5900
5906
5907
5911
5919
5920
5922
5922
5923
5924
5927
5931
5942
5942
5950
5952
5953
5954
5965
5969
5972
5972
5981
5982
5984
5985
5990
5993
5999
5999
6003
6012
6022
6029
6032
6036
6037
6038
6042
6048
6050
6052
6053
6066
6068
6069
6071
6072
6072
6074
6091
6096
6099
6107
6123
6124
6126
6127
6139
6142
6143
6148
6148
6153
6155
6157
6163
6163
6166
6166
6167
6168
6168
6172
6172
6173
6177
6178
6179
6181
6183
6183
6184
6188
6188
6193
6196
6197
6201
6204
6204
6205
6208
6212
6216
6218
6220
6222
6226
6227
6229
6232
6237
6241
6245
6255
6263
6264
6269
6270
6275
6277
6282
6282
6297
6306
6310
6310
6311
6311
6319
6336
6340
6341
6342
6346
6351
6353
6357
6362
6369
6370
6372
6374
6378
6379
6380
6380
6382
6382
6402
6406
6407
6408
6409
6421
6424
6431
6433
6433
6435
6436
6439
6440
6445
6445
6447
6451
6455
6455
6458
6467
6471
6472
6474
6476
6476
6482
6483
6486
6487
6489
6489
6491
6491
6494
6495
6504
6505
6512
6517
6520
6521
6524
6525
6535
6538
6542
6542
6543
6551
6555
6561
6561
6568
6569
6580
6581
6587
6588
6599
6599
6600
6611
6612
6623
6625
6626
6631
6636
6636
6637
6637
6644
6645
6649
6651
6653
6653
6655
6657
6660
6663
6666
6670
6672
6675
6675
6675
6678
6679
6680
6683
6684
6684
6684
6689
6700
6700
6704
6711
6717
6723
6724
6726
6727
6735
6737
6740
6742
6746
6748
6751
6755
6755
6761
6762
6762
6766
6772
6779
6782
6785
6786
6787
6789
6789
6792
6801
6804
6808
6810
6812
6813
6813
6819
6844
6847
6849
6853
6853
6856
6857
6859
6860
6860
6861
6862
6864
6864
6869
6872
6873
6873
6876
6881
6884
6887
6887
6888
6890
6895
6900
6902
6905
6907
6910
6919
6920
6922
6925
6928
6931
6935
6940
6952
6953
6953
6953
6956
6966
6967
6968
6968
6971
6972
6984
6987
6987
6988
6989
6993
6994
6996
7000
7001
7014
7022
7027
7027
7030
7033
7036
7038
7039
7040
7045
7045
7051
7055
7057
7060
7061
7062
7062
7063
7065
7066
7070
7072
7073
7075
7080
7084
7087
7090
7092
7092
7093
7102
7105
7108
7111
7113
7123
7129
7137
7140
7142
7145
7146
7148
7149
7149
7156
7158
7159
7161
7161
7162
7164
7172
7175
7178
7179
7180
7188
7191
7195
7197
7205
7206
7211
7214
7223
7223
7227
7228
7232
7237
7241
7241
7241
7246
7251
7256
7259
7262
7264
7266
7267
7268
7272
7275
7279
7283
7283
7293
7294
7296
7298
7315
7316
7320
7325
7327
7331
7333
7341
7347
7352
7357
7358
7373
7373
7377
7377
7382
7382
7385
7387
7388
7393
7397
7400
7412
7412
7413
7415
7416
7418
7419
7420
7425
7428
7430
7431
7434
7436
7436
7441
7441
7447
7450
7451
7457
7458
7461
7463
7471
7475
7476
7478
7487
7488
7494
7497
7505
7505
7514
7515
7515
7516
7518
7520
7521
7525
7528
7532
7533
7537
7538
7539
7544
7554
7554
7562
7571
7573
7575
7579
7585
7589
7590
7593
7594
7594
7602
7606
7607
7609
7616
7618
7620
7623
7624
7625
7626
7626
7629
7631
7638
7642
7653
7657
7660
7661
7665
7666
7677
7678
7680
7681
7684
7685
7695
7695
7696
7698
7701
7702
7709
7709
7710
7712
7717
7718
7720
7722
7723
7723
7725
7728
7728
7729
7735
7736
7738
7748
7748
7751
7754
7754
7758
7761
7761
7762
7765
7767
7779
7784
7784
7784
7786
7792
7800
7803
7804
7807
7807
7813
7830
7830
7833
7834
7840
7840
7844
7844
7844
7847
7847
7849
7861
7861
7862
7868
7881
7883
7885
7887
7887
7891
7891
7894
7894
7907
7915
7916
7917
7921
7923
7926
7936
7943
7948
7949
7950
7955
7956
7963
7971
7976
7980
7981
7981
7985
7996
7997
8000
8003
8012
8013
8014
8018
8023
8029
8030
8032
8051
8054
8055
8056
8057
8060
8066
8083
8088
8088
8090
8094
8098
8098
8101
8101
8102
8105
8107
8112
8113
8117
8124
8129
8134
8141
8142
8143
8149
8155
8159
8160
8166
8170
8171
8201
8206
8209
8213
8219
8223
8232
8232
8233
8236
8237
8238
8241
8250
8250
8250
8254
8254
8268
8268
8272
8274
8278
8281
8282
8287
8293
8300
8302
8304
8304
8306
8320
8322
8323
8326
8328
8334
8337
8338
8341
8346
8364
8368
8372
8379
8380
8388
8391
8392
8395
8397
8403
8404
8406
8407
8407
8422
8422
8423
8428
8429
8442
8443
8443
8445
8446
8454
8454
8455
8461
8467
8467
8475
8476
8477
8481
8483
8484
8485
8486
8491
8494
8496
8503
8505
8506
8507
8508
8510
8511
8518
8519
8521
8523
8525
8526
8529
8534
8534
8541
8551
8556
8560
8561
8570
8574
8577
8587
8587
8590
8595
8597
8597
8601
8604
8607
8607
8613
8616
8623
8623
8624
8625
8627
8629
8630
8632
8634
8637
8639
8642
8643
8650
8653
8653
8654
8656
8663
8670
8670
8676
8680
8683
8686
8696
8700
8702
8707
8710
8713
8718
8724
8730
8736
8739
8745
8752
8756
8759
8760
8764
8765
8765
8766
8766
8769
8774
8778
8781
8786
8787
8789
8792
8795
8797
8800
8800
8802
8802
8806
8807
8809
8814
8817
8820
8822
8835
8839
8848
8849
8854
8855
8857
8858
8858
8858
8859
8859
8860
8862
8865
8866
8869
8872
8878
8879
8880
8883
8888
8896
8896
8896
8899
8903
8906
8908
8909
8910
8911
8911
8912
8912
8915
8916
8916
8918
8923
8924
8931
8937
8938
8939
8942
8945
8947
8972
8977
8977
8978
8979
8981
8982
8984
8985
8995
9001
9001
9002
9004
9007
9011
9011
9011
9027
9028
9030
9030
9031
9032
9034
9036
9038
9041
9043
9044
9044
9044
9046
9051
9053
9058
9060
9065
9066
9073
9074
9081
9082
9087
9090
9091
9091
9095
9102
9104
9105
9107
9109
9113
9114
9116
9117
9120
9124
9125
9131
9137
9138
9142
9152
9171
9177
9181
9181
9182
9186
9186
9191
9192
9193
9204
9205
9212
9213
9220
9226
9230
9231
9235
9239
9248
9249
9255
9262
9262
9263
9266
9267
9272
9272
9275
9278
9284
9288
9290
9291
9293
9295
9302
9304
9309
9311
9317
9323
9325
9326
9335
9336
9337
9345
9346
9346
9349
9349
9354
9354
9355
9357
9358
9360
9363
9365
9366
9366
9367
9368
9373
9373
9374
9378
9384
9386
9388
9390
9391
9400
9401
9410
9411
9412
9422
9424
9425
9427
9435
9436
9437
9439
9441
9443
9445
9448
9451
9455
9458
9458
9459
9460
9466
9478
9481
9484
9495
9503
9504
9518
9525
9530
9533
9539
9542
9543
9550
9551
9558
9560
9560
9561
9562
9564
9567
9567
9571
9574
9586
9588
9595
9602
9603
9611
9613
9613
9613
9615
9617
9618
9619
9628
9630
9630
9631
9632
9645
9648
9650
9655
9658
9658
9658
9668
9678
9680
9685
9686
9686
9694
9698
9699
9701
9703
9706
9712
9714
9721
9726
9726
9729
9730
9733
9734
9737
9738
9739
9740
9744
9746
9748
9749
9753
9755
9759
9766
9768
9775
9783
9785
9790
9792
9795
9798
9812
9813
9814
9816
9816
9818
9822
9827
9827
9834
9840
9840
9850
9851
9854
9854
9874
9874
9874
9887
9888
9893
9895
9899
9907
9908
9908
9909
9914
9916
9923
9925
9925
9930
9938
9939
9942
9947
9953
9958
9958
9960
9963
9963
9964
9966
9967
9970
9972
9978
9998
9999
10000
10003
10010
10014
10019
10022
10024
10025
10030
10030
10031
10032
10036
10044
10045
10046
10051
10052
10055
10058
10058
10064
10067
10082
10086
10089
10090
10095
10099
10108
10110
10113
10113
10124
10127
10127
10132
10135
10139
10147
10147
10148
10155
10155
10157
10158
10162
10167
10168
10171
10171
10179
10179
10189
10190
10192
10192
10196
10198
10201
10201
10202
10205
10206
10207
10208
10212
10213
10216
10220
10225
10226
10227
10227
10229
10229
10229
10231
10236
10238
10243
10244
10246
10250
10252
10254
10255
10255
10261
10262
10263
10264
10265
10266
10269
10272
10274
10276
10280
10281
10288
10297
10299
10299
10303
10303
10305
10306
10306
10306
10307
10308
10313
10313
10317
10322
10324
10333
10336
10336
10339
10342
10344
10347
10350
10360
10364
10372
10376
10378
10380
10385
10393
10395
10395
10404
10404
10408
10411
10417
10417
10417
10419
10425
10427
10427
10428
10432
10432
10432
10433
10440
10443
10443
10445
10446
10450
10456
10458
10471
10472
10478
10479
10481
10485
10497
10499
10509
10512
10514
10520
10522
10526
10528
10528
10529
10533
10541
10542
10547
10548
10552
10552
10555
10559
10564
10572
10573
10573
10578
10583
10587
10589
10590
10592
10609
10613
10615
10621
10628
10632
10634
10636
10639
10639
10643
10644
10644
10646
10647
10647
10651
10655
10659
10660
10662
10665
10670
10670
10672
10676
10676
10676
10680
10681
10686
10688
10691
10698
10698
10699
10700
10707
10711
10717
10719
10722
10722
10723
10729
10731
10733
10743
10747
10750
10754
10754
10755
10756
10757
10757
10758
10762
10766
10786
10788
10789
10794
10800
10801
10806
10806
10813
10816
10817
10819
10820
10822
10823
10832
10836
10838
10848
10848
10849
10852
10852
10858
10859
10860
10861
10865
10866
10869
10874
10876
10878
10881
10882
10882
10883
10887
10888
10893
10896
10896
10898
10899
10902
10908
10910
10914
10916
10917
10919
10919
10919
10921
10922
10925
10925
10934
10939
10947
10949
10951
10954
10963
10964
10965
10975
10977
10980
10980
10983
10994
10996
11002
11006
11007
11009
11009
11009
11014
11015
11017
11017
11019
11023
11026
11027
11028
11032
11033
11040
11047
11056
11059
11059
11062
11064
11068
11072
11074
11075
11077
11078
11083
11085
11088
11090
11099
11106
11108
11111
11113
11118
11122
11125
11134
11136
11138
11150
11159
11162
11163
11164
11169
11172
11175
11179
11183
11183
11185
11192
11194
11196
11199
11202
11204
11209
11209
11215
11218
11221
11227
11230
11237
11240
11243
11243
11246
11249
11253
11253
11256
11257
11258
11259
11262
11263
11269
11270
11272
11272
11278
11278
11283
11286
11289
11292
11301
11306
11308
11309
11311
11320
11336
11337
11342
11343
11348
11354
11355
11360
11366
11367
11368
11369
11369
11373
11382
11383
11384
11388
11390
11390
11394
11395
11399
11400
11402
11404
11404
11410
11413
11418
11419
11425
11431
11441
11447
11447
11448
11450
11458
11464
11474
11483
11483
11484
11491
11492
11495
11498
11499
11501
11513
11515
11519
11521
11524
11532
11536
11538
11544
11544
11546
11547
11554
11554
11560
11573
11575
11581
11581
11594
11594
11596
11596
11604
11619
11626
11630
11631
11638
11639
11643
11647
11647
11647
11653
11664
11665
11669
11670
11679
11679
11682
11683
11683
11684
11684
11684
11685
11686
11691
11695
11697
11704
11708
11719
11719
11725
11726
11731
11732
11734
11734
11735
11736
11736
11737
11738
11739
11756
11756
11759
11760
11761
11768
11770
11772
11772
11782
11787
11787
11789
11792
11794
11801
11810
11811
11811
11812
11817
11818
11819
11820
11821
11821
11824
11829
11831
11834
11844
11845
11846
11846
11848
11849
11858
11860
11861
11862
11863
11866
11866
11869
11875
11878
11879
11881
11884
11886
11895
11896
11899
11904
11908
11909
11915
11920
11921
11922
11926
11932
11935
11942
11950
11955
11957
11958
11959
11962
11965
11970
11974
11974
11979
11981
11981
11987
11992
11993
11996
12001
12009
12010
12012
12016
12021
12023
12024
12035
12037
12040
12040
12041
12041
12041
12045
12047
12048
12050
12054
12055
12056
12061
12065
12067
12068
12079
12080
12080
12080
12085
12088
12092
12106
12107
12109
12111
12114
12114
12114
12125
12131
12139
12142
12156
12157
12176
12177
12181
12184
12190
12191
12191
12192
12192
12197
12198
12204
12205
12205
12209
12210
12211
12212
12218
12221
12222
12224
12225
12227
12231
12232
12234
12248
12249
12250
12250
12251
12259
12259
12261
12261
12275
12276
12279
12280
12280
12282
12287
12294
12297
12299
12307
12308
12310
12311
12313
12320
12322
12324
12334
12336
12337
12338
12341
12349
12351
12351
12357
12359
12362
12362
12365
12377
12379
12381
12382
12384
12391
12397
12399
12401
12402
12404
12412
12414
12417
12419
12419
12421
12424
12425
12426
12428
12432
12432
12435
12437
12439
12439
12441
12449
12451
12455
12456
12457
12460
12461
12466
12468
12469
12470
12471
12474
12474
12476
12478
12480
12480
12482
12487
12491
12495
12496
12497
12501
12507
12507
12511
12511
12512
12513
12516
12519
12520
12520
12522
12531
12534
12535
12536
12540
12540
12546
12554
12559
12560
12561
12561
12563
12576
12577
12577
12580
12581
12582
12583
12585
12597
12598
12603
12605
12606
12609
12613
12615
12616
12617
12618
12618
12625
12626
12638
12645
12645
12650
12651
12654
12654
12659
12661
12671
12673
12678
12685
12685
12690
12692
12692
12693
12696
12701
12703
12704
12705
12705
12705
12706
12706
12707
12709
12710
12714
12715
12716
12717
12723
12728
12747
12747
12752
12754
12759
12759
12761
12773
12783
12796
12804
12807
12808
12815
12823
12824
12835
12841
12847
12848
12848
12848
12858
12860
12872
12874
12879
12889
12890
12891
12897
12899
12901
12908
12909
12913
12920
12934
12935
12943
12948
12949
12949
12958
12960
12964
12964
12969
12970
12970
12970
12985
12986
12989
12989
12991
12993
12993
12994
13000
13005
13005
13007
13011
13014
13014
13015
13019
13022
13027
13031
13035
13035
13038
13040
13043
13046
13048
13057
13060
13064
13067
13067
13069
13070
13073
13074
13076
13076
13078
13078
13085
13092
13093
13097
13097
13103
13105
13107
13111
13116
13117
13119
13122
13126
13128
13136
13142
13146
13150
13156
13160
13168
13169
13171
13173
13175
13178
13182
13190
13191
13195
13196
13197
13200
13204
13207
13216
13217
13219
13221
13221
13223
13226
13231
13233
13233
13236
13242
13245
13250
13253
13256
13258
13260
13264
13268
13274
13276
13278
13279
13293
13299
13301
13309
13314
13315
13318
13322
13323
13330
13334
13335
13339
13340
13345
13350
13358
13359
13360
13361
13363
13365
13367
13372
13377
13380
13382
13385
13389
13393
13403
13406
13406
13413
13413
13414
13415
13416
13419
13419
13422
13425
13429
13429
13430
13431
13435
13435
13439
13446
13447
13454
13457
13458
13458
13458
13460
13463
13469
13472
13473
13479
13480
13481
13486
13491
13508
13514
13518
13519
13522
13523
13528
13530
13531
13533
13536
13544
13562
13564
13565
13565
13567
13568
13574
13578
13587
13589
13593
13599
13600
13603
13606
13608
13613
13616
13617
13622
13623
13626
13631
13631
13636
13639
13644
13648
13654
13656
13659
13662
13663
13664
13664
13666
13667
13674
13674
13675
13676
13676
13680
13682
13685
13688
13692
13692
13693
13694
13701
13701
13701
13703
13703
13714
13718
13719
13726
13731
13740
13740
13741
13743
13744
13750
13755
13756
13758
13759
13759
13767
13769
13769
13777
13777
13782
13783
13786
13787
13788
13794
13796
13805
13806
13806
13806
13810
13812
13825
13828
13828
13830
13832
13836
13839
13840
13856
13864
13869
13873
13877
13878
13886
13897
13899
13909
13915
13921
13924
13927
13928
13934
13940
13941
13944
13945
13946
13947
13948
13951
13952
13959
13974
13974
13985
14007
14012
14016
14017
14018
14018
14020
14020
14027
14034
14049
14049
14050
14053
14053
14061
14062
14069
14071
14071
14077
14080
14081
14082
14088
14089
14090
14091
14094
14102
14104
14108
14109
14113
14114
14118
14127
14130
14134
14141
14148
14149
14156
14156
14162
14164
14175
14176
14178
14181
14181
14184
14185
14189
14190
14199
14206
14207
14214
14217
14218
14219
14221
14223
14224
14225
14228
14232
14235
14237
14244
14250
14252
14256
14259
14262
14262
14263
14267
14267
14269
14270
14272
14277
14278
14285
14286
14289
14291
14293
14302
14304
14307
14307
14311
14314
14334
14335
14336
14337
14337
14339
14339
14340
14341
14344
14359
14364
14364
14365
14367
14371
14373
14374
14374
14375
14376
14381
14382
14385
14387
14389
14390
14401
14404
14405
14405
14406
14407
14411
14411
14416
14419
14422
14422
14423
14423
14427
14430
14434
14442
14443
14447
14447
14455
14459
14464
14464
14467
14468
14468
14471
14486
14488
14490
14490
14490
14494
14497
14505
14513
14515
14518
14518
14522
14524
14527
14528
14530
14531
14533
14540
14541
14543
14544
14548
14549
14551
14551
14554
14557
14558
14560
14561
14562
14563
14564
14573
14576
14579
14579
14580
14584
14589
14594
14596
14601
14602
14610
14611
14614
14614
14616
14618
14618
14619
14630
14638
14640
14641
14641
14645
14648
14650
14651
14675
14676
14677
14679
14682
14686
14688
14690
14693
14700
14705
14706
14706
14707
14707
14717
14721
14723
14725
14736
14736
14739
14740
14749
14751
14751
14751
14763
14774
14774
14775
14776
14778
14779
14781
14783
14784
14784
14788
14790
14793
14794
14802
14803
14804
14807
14807
14810
14810
14811
14812
14813
14816
14816
14818
14820
14830
14834
14837
14841
14842
14843
14849
14852
14853
14855
14856
14856
14856
14857
14865
14867
14869
14871
14873
14884
14885
14890
14895
14895
14897
14898
14902
14904
14905
14917
14917
14917
14918
14921
14922
14923
14924
14925
14929
14932
14933
14941
14943
14945
14949
14954
14955
14969
14985
14987
14990
14994
14996
14997
14998
15002
15003
15004
15012
15017
15017
15017
15025
15029
15034
15035
15036
15039
15042
15045
15050
15051
15053
15056
15072
15073
15075
15075
15079
15082
15082
15090
15094
15097
15103
15105
15110
15110
15113
15119
15123
15129
15131
15135
15140
15143
15143
15143
15149
15151
15154
15156
15156
15160
15160
15163
15169
15173
15173
15179
15179
15183
15189
15190
15192
15193
15199
15204
15205
15205
15216
15216
15221
15224
15226
15229
15231
15235
15238
15241
15248
15248
15249
15250
15253
15254
15259
15268
15268
15273
15278
15280
15285
15286
15287
15288
15288
15289
15294
15294
15298
15299
15300
15305
15310
15310
15312
15314
15314
15318
15319
15321
15321
15322
15322
15323
15327
15333
15333
15334
15336
15341
15345
15350
15356
15361
15363
15369
15373
15373
15381
15384
15388
15388
15389
15390
15390
15393
15395
15399
15405
15407
15411
15414
15417
15429
15430
15442
15442
15442
15443
15448
15451
15452
15461
15462
15463
15463
15464
15474
15475
15479
15479
15480
15486
15494
15496
15497
15502
15505
15508
15509
15510
15515
15517
15521
15521
15522
15524
15525
15527
15531
15533
15539
15545
15545
15545
15549
15561
15565
15574
15578
15579
15587
15592
15593
15596
15598
15598
15606
15611
15612
15613
15617
15619
15624
15646
15646
15652
15662
15663
15667
15668
15675
15682
15685
15686
15692
15693
15693
15694
15701
15701
15703
15710
15711
15728
15740
15741
15741
15741
15743
15748
15755
15758
15758
15758
15764
15764
15769
15770
15773
15775
15775
15775
15782
15798
15799
15801
15807
15807
15808
15815
15819
15819
15822
15823
15826
15829
15833
15837
15838
15839
15845
15858
15859
15861
15866
15868
15868
15869
15877
15878
15878
15882
15883
15883
15884
15885
15885
15886
15886
15887
15888
15897
15904
15906
15913
15914
15918
15923
15925
15934
15935
15938
15942
15943
15949
15950
15950
15952
15955
15956
15957
15959
15968
15974
15975
15977
15978
15986
15988
15994
15994
15998
16001
16001
16002
16003
16008
16017
16022
16022
16024
16031
16032
16035
16040
16041
16043
16045
16050
16056
16057
16061
16068
16074
16075
16077
16078
16078
16079
16084
16085
16087
16088
16091
16092
16099
16099
16107
16107
16107
16108
16111
16113
16128
16130
16130
16131
16134
16135
16137
16139
16140
16145
16149
16155
16158
16160
16162
16170
16170
16173
16176
16180
16181
16182
16182
16185
16186
16188
16192
16196
16199
16199
16201
16201
16214
16217
16218
16222
16225
16225
16228
16233
16239
16242
16243
16244
16246
16251
16263
16269
16269
16270
16271
16276
16276
16282
16283
16284
16286
16288
16294
16295
16297
16297
16299
16308
16316
16316
16317
16319
16323
16325
16332
16341
16357
16363
16364
16366
16366
16388
16389
16390
16390
16391
16393
16397
16406
16408
16408
16410
16417
16422
16426
16427
16428
16431
16431
16432
16438
16438
16440
16440
16442
16452
16457
16461
16470
16472
16474
16477
16483
16491
16493
16495
16496
16496
16499
16500
16500
16500
16502
16503
16505
16511
16522
16525
16529
16530
16535
16536
16538
16538
16538
16540
16546
16546
16547
16548
16549
16550
16554
16558
16559
16560
16563
16564
16564
16567
16567
16569
16570
16572
16575
16576
16576
16577
16579
16582
16582
16584
16591
16591
16591
16592
16597
16598
16600
16603
16606
16610
16616
16621
16621
16623
16626
16627
16628
16629
16631
16631
16634
16636
16637
16640
16640
16641
16643
16643
16644
16650
16651
16652
16655
16659
16662
16663
16671
16672
16673
16674
16675
16679
16682
16682
16682
16684
16686
16688
16688
16690
16691
16698
16699
16701
16702
16705
16710
16715
16717
16720
16721
16729
16733
16735
16744
16744
16746
16747
16748
16751
16754
16758
16759
16762
16762
16768
16771
16776
16797
16799
16807
16808
16810
16812
16818
16818
16820
16824
16828
16831
16831
16832
16836
16837
16839
16843
16845
16845
16847
16851
16855
16855
16858
16858
16862
16862
16863
16863
16865
16865
16867
16871
16877
16877
16877
16879
16880
16882
16887
16888
16893
16896
16898
16902
16905
16905
16907
16907
16907
16909
16926
16927
16928
16929
16930
16932
16935
16937
16938
16943
16954
16960
16960
16963
16981
16984
16987
16989
16990
16991
16991
16992
16992
16994
16995
16997
17000
17000
17004
17005
17007
17010
17016
17020
17023
17023
17027
17028
17040
17042
17044
17047
17047
17050
17051
17053
17055
17063
17070
17071
17072
17073
17074
17077
17090
17093
17096
17099
17099
17101
17101
17104
17109
17109
17113
17113
17117
17118
17118
17122
17124
17126
17129
17131
17135
17135
17147
17148
17153
17156
17158
17159
17161
17161
17167
17168
17168
17169
17169
17172
17173
17181
17186
17187
17193
17193
17195
17196
17197
17198
17201
17204
17207
17212
17220
17222
17230
17233
17235
17242
17244
17247
17252
17263
17269
17270
17279
17285
17288
17289
17290
17296
17300
17303
17304
17306
17310
17313
17314
17316
17319
17324
17329
17332
17342
17348
17348
17350
17363
17368
17388
17389
17398
17399
17401
17406
17407
17415
17434
17435
17438
17445
17448
17452
17453
17455
17459
17460
17462
17464
17468
17471
17476
17484
17489
17492
17493
17493
17493
17497
17497
17500
17512
17515
17517
17532
17537
17540
17545
17563
17582
17585
17586
17589
17592
17597
17599
17603
17603
17610
17614
17617
17617
17617
17630
17630
17635
17635
17647
17648
17652
17654
17656
17658
17659
17664
17665
17667
17671
17671
17672
17674
17674
17678
17678
17684
17688
17692
17693
17699
17704
17705
17706
17712
17713
17716
17720
17721
17722
17726
17732
17733
17735
17735
17736
17744
17746
17746
17746
17747
17749
17753
17755
17758
17760
17766
17767
17768
17770
17776
17778
17785
17785
17789
17797
17798
17800
17801
17805
17810
17812
17813
17813
17813
17822
17824
17826
17828
17837
17838
17844
17845
17852
17853
17856
17858
17861
17864
17868
17868
17869
17879
17895
17907
17908
17910
17911
17911
17912
17919
17922
17931
17931
17934
17935
17935
17937
17937
17942
17942
17944
17955
17956
17959
17962
17962
17963
17971
17972
17975
17977
17977
17977
17982
17983
17987
17990
17992
17998
18003
18003
18005
18006
18015
18018
18025
18027
18034
18035
18036
18043
18050
18056
18059
18061
18062
18066
18068
18074
18075
18078
18085
18087
18089
18101
18105
18113
18123
18125
18127
18134
18134
18136
18143
18144
18144
18146
18150
18163
18163
18164
18165
18165
18165
18167
18169
18170
18175
18177
18177
18180
18181
18182
18186
18187
18187
18188
18190
18195
18195
18198
18199
18199
18203
18203
18213
18213
18213
18214
18223
18229
18229
18230
18233
18241
18242
18243
18245
18245
18248
18263
18263
18264
18265
18266
18267
18278
18279
18286
18287
18288
18292
18293
18293
18315
18319
18322
18333
18334
18335
18339
18346
18355
18373
18379
18379
18383
18390
18391
18404
18406
18414
18416
18423
18426
18430
18432
18439
18448
18449
18453
18454
18455
18458
18461
18465
18467
18478
18479
18481
18482
18486
18489
18490
18492
18496
18499
18499
18502
18502
18505
18510
18511
18514
18515
18519
18526
18526
18527
18532
18533
18533
18534
18536
18537
18537
18540
18546
18547
18557
18562
18565
18573
18573
18575
18579
18587
18589
18590
18592
18593
18594
18595
18597
18599
18600
18603
18605
18605
18614
18614
18614
18616
18624
18630
18630
18633
18637
18637
18642
18642
18645
18650
18652
18654
18656
18658
18658
18669
18671
18672
18673
18678
18684
18687
18690
18694
18695
18696
18700
18700
18701
18701
18704
18707
18713
18713
18714
18717
18718
18723
18725
18725
18727
18729
18731
18733
18733
18737
18748
18750
18753
18756
18758
18760
18763
18777
18780
18784
18788
18798
18805
18806
18806
18806
18807
18807
18812
18816
18817
18817
18821
18822
18822
18823
18824
18828
18829
18833
18835
18835
18835
18837
18837
18845
18849
18849
18851
18867
18881
18881
18882
18883
18885
18888
18890
18893
18896
18900
18918
18918
18920
18927
18929
18930
18937
18938
18940
18942
18944
18959
18962
18968
18970
18971
18976
18978
18983
18983
18984
18995
18998
19001
19004
19005
19005
19010
19011
19012
19021
19022
19023
19025
19025
19027
19030
19032
19044
19045
19045
19048
19049
19052
19054
19055
19057
19058
19060
19066
19069
19069
19070
19071
19073
19078
19079
19085
19085
19088
19090
19091
19093
19100
19105
19106
19108
19112
19118
19120
19120
19123
19128
19133
19133
19133
19134
19138
19141
19164
19165
19168
19169
19175
19181
19182
19184
19187
19190
19191
19194
19202
19208
19213
19216
19226
19228
19235
19236
19239
19241
19242
19252
19253
19255
19255
19258
19258
19260
19264
19264
19269
19270
19270
19273
19276
19279
19284
19288
19290
19290
19295
19296
19300
19300
19307
19314
19319
19337
19340
19341
19341
19343
19346
19350
19352
19356
19356
19357
19359
19361
19362
19363
19364
19368
19370
19371
19379
19384
19385
19387
19387
19389
19391
19402
19403
19408
19408
19411
19418
19420
19424
19429
19430
19434
19436
19439
19444
19450
19451
19467
19468
19470
19476
19484
19484
19489
19491
19501
19502
19509
19509
19519
19522
19523
19524
19525
19526
19527
19528
19534
19540
19541
19543
19546
19548
19549
19551
19555
19558
19560
19563
19566
19567
19568
19568
19571
19572
19573
19576
19577
19577
19581
19582
19588
19589
19594
19598
19601
19602
19607
19607
19611
19612
19613
19619
19625
19626
19634
19639
19646
19649
19661
19671
19671
19672
19675
19680
19692
19693
19695
19697
19700
19702
19705
19707
19709
19718
19720
19729
19730
19732
19738
19739
19739
19739
19742
19749
19749
19758
19758
19760
19764
19766
19768
19773
19778
19779
19781
19783
19784
19787
19790
19791
19797
19799
19799
19805
19808
19808
19814
19816
19818
19819
19826
19831
19831
19834
19852
19857
19860
19860
19860
19861
19867
19870
19872
19873
19881
19883
19885
19886
19891
19894
19894
19895
19896
19904
19906
19910
19912
19917
19921
19923
19929
19931
19931
19933
19938
19940
19942
19943
19945
19947
19957
19961
19965
19972
19982
19983
19984
19985
19994
19995
19997
19997
20005
20009
20009
20013
20013
20019
20021
20022
20027
20027
20035
20038
20041
20057
20059
20061
20065
20067
20070
20071
20073
20075
20076
20079
20079
20080
20082
20085
20086
20087
20087
20091
20092
20093
20093
20095
20095
20106
20107
20108
20112
20112
20116
20123
20126
20128
20130
20137
20139
20145
20148
20151
20151
20151
20153
20154
20157
20159
20161
20162
20163
20167
20167
20168
20181
20186
20187
20187
20188
20190
20197
20199
20201
20202
20205
20208
20210
20213
20218
20219
20224
20224
20225
20226
20226
20231
20235
20237
20237
20239
20241
20242
20247
20248
20255
20256
20259
20264
20266
20278
20288
20293
20295
20300
20305
20308
20310
20317
20318
20326
20328
20342
20345
20352
20354
20355
20355
20361
20368
20368
20388
20392
20394
20402
20404
20407
20410
20414
20416
20428
20430
20442
20448
20449
20454
20455
20462
20464
20464
20467
20474
20475
20488
20489
20491
20501
20504
20506
20507
20511
20512
20513
20514
20514
20516
20517
20517
20518
20518
20520
20527
20529
20529
20533
20534
20535
20547
20548
20549
20555
20556
20557
20557
20558
20563
20566
20567
20575
20577
20587
20594
20602
20602
20603
20604
20605
20606
20611
20616
20616
20616
20619
20624
20629
20629
20630
20631
20631
20632
20634
20636
20636
20639
20647
20649
20650
20653
20653
20662
20663
20680
20687
20689
20690
20692
20701
20709
20712
20713
20713
20714
20714
20720
20721
20721
20724
20727
20727
20737
20739
20740
20741
20742
20743
20746
20746
20746
20748
20756
20759
20763
20772
20774
20774
20782
20783
20785
20796
20799
20801
20809
20810
20811
20818
20821
20824
20825
20828
20831
20837
20840
20842
20848
20852
20853
20856
20857
20860
20867
20868
20869
20874
20877
20884
20888
20890
20891
20893
20895
20896
20899
20901
20902
20903
20919
20920
20923
20930
20934
20935
20945
20950
20950
20952
20953
20956
20958
20962
20963
20963
20964
20964
20968
20968
20973
20977
20979
20979
20985
20985
20985
20986
20998
21004
21004
21008
21008
21021
21024
21031
21032
21034
21040
21043
21046
21046
21047
21048
21048
21052
21052
21056
21064
21067
21071
21072
21073
21076
21079
21084
21086
21095
21097
21104
21105
21107
21114
21118
21122
21127
21128
21129
21132
21135
21135
21139
21145
21149
21151
21159
21165
21166
21168
21170
21173
21177
21178
21181
21183
21185
21188
21188
21190
21194
21195
21206
21206
21210
21220
21222
21226
21230
21242
21242
21249
21250
21250
21252
21259
21263
21271
21272
21272
21274
21277
21279
21280
21284
21286
21287
21288
21289
21291
21300
21303
21308
21308
21313
21314
21321
21321
21325
21326
21328
21330
21338
21339
21341
21343
21343
21348
21351
21355
21357
21360
21360
21366
21374
21375
21379
21383
21385
21389
21394
21394
21398
21399
21401
21401
21402
21404
21406
21409
21413
21414
21415
21416
21421
21425
21429
21430
21430
21435
21436
21437
21450
21452
21456
21457
21464
21465
21470
21475
21476
21481
21481
21481
21484
21489
21493
21493
21498
21498
21499
21506
21512
21515
21517
21525
21526
21527
21529
21533
21535
21536
21538
21541
21549
21553
21559
21561
21564
21570
21586
21586
21597
21598
21605
21606
21607
21608
21609
21611
21614
21636
21638
21640
21646
21653
21656
21656
21658
21660
21662
21672
21674
21682
21685
21689
21690
21692
21694
21699
21703
21710
21716
21720
21722
21722
21726
21726
21729
21737
21737
21737
21749
21757
21759
21763
21764
21767
21771
21778
21783
21784
21789
21792
21797
21800
21803
21805
21814
21815
21815
21816
21817
21819
21821
21821
21822
21823
21824
21831
21833
21834
21838
21839
21840
21840
21843
21845
21846
21849
21850
21854
21857
21858
21864
21865
21867
21868
21871
21874
21877
21878
21878
21882
21882
21885
21886
21886
21890
21890
21891
21897
21898
21900
21906
21915
21916
21917
21921
21924
21927
21929
21934
21935
21937
21937
21940
21949
21952
21952
21952
21955
21964
21969
21975
21976
21976
21976
21982
21983
21985
21985
21988
21998
21998
22000
22004
22004
22006
22007
22010
22013
22018
22030
22031
22032
22036
22043
22045
22047
22052
22066
22067
22069
22077
22078
22079
22083
22084
22089
22090
22093
22094
22095
22103
22103
22113
22115
22120
22122
22123
22125
22126
22132
22135
22140
22142
22147
22153
22155
22156
22160
22164
22174
22176
22181
22181
22187
22189
22191
22201
22205
22207
22211
22224
22237
22237
22243
22243
22248
22251
22251
22254
22257
22257
22259
22260
22264
22272
22273
22274
22278
22285
22291
22291
22291
22292
22299
22306
22307
22309
22312
22312
22316
22318
22321
22322
22322
22323
22328
22332
22339
22349
22362
22367
22371
22379
22384
22385
22385
22397
22399
22400
22402
22405
22408
22411
22414
22421
22422
22423
22423
22424
22424
22427
22437
22440
22446
22446
22447
22448
22452
22455
22457
22460
22460
22465
22467
22477
22479
22479
22480
22484
22489
22495
22515
22518
22523
22525
22530
22532
22538
22546
22547
22548
22553
22559
22575
22578
22579
22582
22584
22584
22587
22587
22589
22599
22601
22602
22603
22607
22613
22617
22617
22622
22636
22639
22640
22644
22649
22649
22649
22650
22655
22658
22660
22661
22664
22665
22667
22668
22671
22672
22678
22679
22683
22683
22684
22686
22687
22689
22691
22695
22696
22696
22699
22707
22709
22710
22711
22717
22718
22731
22736
22740
22743
22745
22755
22765
22769
22771
22774
22777
22785
22792
22793
22793
22799
22801
22802
22804
22810
22816
22817
22818
22819
22822
22823
22823
22829
22831
22839
22843
22846
22848
22848
22853
22853
22856
22857
22859
22860
22861
22862
22866
22866
22868
22875
22877
22878
22885
22889
22890
22891
22891
22893
22900
22901
22915
22915
22916
22918
22921
22929
22930
22945
22947
22949
22949
22951
22951
22955
22955
22957
22970
22971
22973
22976
22980
22986
22994
22996
22997
22998
23003
23005
23013
23014
23020
23020
23021
23022
23023
23029
23034
23037
23042
23049
23053
23056
23058
23059
23060
23065
23066
23070
23073
23074
23075
23075
23080
23094
23096
23099
23109
23110
23111
23122
23123
23127
23127
23130
23137
23137
23140
23145
23145
23148
23149
23153
23155
23156
23158
23173
23174
23179
23185
23196
23197
23197
23198
23200
23203
23204
23214
23218
23236
23237
23238
23239
23245
23246
23249
23250
23255
23260
23260
23262
23262
23264
23265
23268
23276
23278
23279
23282
23285
23286
23287
23289
23296
23299
23304
23309
23309
23310
23316
23327
23331
23345
23350
23358
23361
23363
23369
23369
23371
23371
23373
23373
23374
23382
23395
23397
23398
23401
23402
23415
23417
23419
23430
23431
23431
23437
23442
23450
23450
23452
23453
23456
23456
23460
23461
23466
23469
23473
23478
23488
23494
23496
23499
23501
23506
23507
23510
23511
23513
23527
23532
23533
23534
23549
23559
23559
23567
23576
23578
23584
23585
23588
23596
23597
23599
23600
23601
23612
23616
23619
23621
23625
23629
23630
23630
23635
23636
23637
23638
23641
23646
23646
23653
23661
23664
23667
23681
23684
23686
23687
23692
23694
23697
23703
23703
23707
23709
23712
23713
23715
23716
23721
23723
23731
23733
23737
23737
23738
23745
23749
23752
23752
23753
23754
23756
23757
23758
23765
23767
23770
23775
23777
23778
23788
23789
23793
23802
23802
23802
23805
23806
23808
23813
23814
23815
23818
23820
23827
23827
23836
23837
23839
23842
23843
23849
23852
23854
23854
23854
23858
23861
23863
23863
23865
23871
23875
23877
23881
23892
23903
23908
23908
23908
23919
23919
23921
23925
23925
23927
23932
23938
23939
23940
23942
23945
23952
23961
23968
23972
23976
23983
23984
23985
23985
23986
23991
23995
24001
24009
24013
24016
24019
24020
24031
24045
24046
24053
24063
24066
24073
24074
24080
24088
24096
24102
24109
24111
24116
24116
24128
24131
24131
24132
24134
24138
24143
24144
24148
24149
24149
24150
24150
24152
24162
24164
24167
24176
24179
24196
24203
24206
24207
24215
24216
24219
24227
24230
24230
24233
24236
24239
24240
24241
24244
24248
24249
24250
24252
24254
24263
24267
24268
24271
24278
24279
24280
24281
24286
24290
24294
24298
24305
24305
24307
24317
24328
24334
24339
24341
24344
24347
24349
24351
24356
24361
24362
24362
24364
24373
24376
24377
24383
24391
24391
24396
24397
24399
24405
24406
24406
24406
24411
24425
24425
24428
24432
24433
24436
24439
24440
24443
24443
24444
24447
24452
24461
24461
24471
24471
24471
24474
24484
24484
24486
24487
24493
24498
24499
24499
24499
24500
24503
24514
24517
24539
24545
24549
24552
24552
24553
24559
24560
24560
24564
24568
24572
24575
24575
24576
24591
24599
24604
24605
24607
24607
24608
24612
24614
24624
24624
24624
24625
24628
24631
24638
24641
24643
24649
24649
24650
24654
24658
24659
24660
24668
24671
24672
24672
24673
24677
24678
24679
24679
24702
24705
24706
24708
24708
24709
24709
24710
24711
24713
24715
24717
24725
24726
24731
24737
24748
24749
24751
24760
24762
24763
24769
24774
24786
24787
24791
24812
24815
24819
24823
24842
24843
24845
24846
24852
24853
24865
24867
24870
24871
24876
24877
24879
24879
24890
24894
24899
24899
24901
24902
24902
24908
24910
24912
24913
24915
24923
24923
24926
24927
24935
24938
24939
24941
24941
24943
24955
24960
24966
24975
24975
24979
24980
24981
24983
24995
24996
24998
25002
25009
25009
25013
25014
25022
25025
25028
25043
25050
25051
25053
25056
25061
25064
25066
25066
25067
25069
25072
25072
25074
25076
25077
25081
25083
25086
25088
25088
25089
25091
25098
25098
25101
25102
25115
25116
25117
25117
25125
25127
25129
25131
25132
25136
25139
25140
25140
25144
25149
25149
25149
25155
25156
25156
25159
25160
25162
25162
25169
25170
25174
25178
25192
25196
25197
25203
25207
25208
25212
25214
25217
25238
25247
25250
25250
25251
25252
25252
25255
25256
25260
25269
25272
25272
25273
25274
25274
25276
25279
25282
25285
25285
25285
25287
25290
25291
25292
25292
25296
25296
25306
25322
25326
25332
25340
25348
25353
25361
25362
25364
25364
25366
25367
25367
25369
25374
25379
25381
25381
25381
25382
25385
25388
25388
25392
25393
25396
25399
25401
25404
25408
25409
25420
25420
25422
25426
25428
25429
25434
25436
25437
25438
25440
25441
25443
25448
25450
25452
25455
25455
25455
25459
25461
25461
25464
25464
25471
25475
25476
25476
25478
25482
25483
25487
25487
25494
25495
25498
25499
25500
25504
25505
25506
25510
25510
25512
25512
25518
25520
25521
25523
25529
25534
25534
25536
25537
25541
25542
25543
25544
25550
25550
25550
25551
25556
25556
25557
25557
25559
25560
25570
25576
25579
25579
25582
25583
25586
25588
25592
25596
25596
25596
25600
25602
25605
25610
25611
25620
25624
25626
25633
25636
25638
25645
25647
25649
25655
25665
25668
25674
25682
25685
25687
25688
25692
25694
25694
25695
25696
25696
25702
25711
25713
25718
25726
25730
25730
25735
25735
25736
25736
25736
25739
25741
25747
25750
25756
25761
25772
25773
25773
25774
25776
25777
25779
25782
25793
25797
25808
25810
25812
25816
25819
25821
25821
25824
25829
25829
25832
25836
25838
25840
25842
25848
25848
25850
25851
25851
25854
25858
25865
25866
25872
25877
25877
25881
25884
25888
25890
25891
25892
25895
25896
25896
25900
25901
25901
25910
25928
25930
25931
25933
25940
25943
25946
25946
25950
25954
25960
25962
25971
25972
25973
25976
25977
25983
25984
25989
25991
25991
25994
25998
25998
25998
26001
26002
26004
26006
26007
26012
26018
26020
26021
26028
26028
26028
26032
26037
26039
26041
26043
26044
26048
26049
26050
26051
26053
26062
26065
26078
26079
26082
26085
26092
26097
26098
26101
26111
26119
26124
26134
26139
26154
26155
26155
26155
26158
26161
26165
26166
26169
26169
26170
26172
26173
26173
26175
26177
26187
26188
26188
26191
26201
26202
26215
26218
26218
26219
26219
26222
26222
26224
26225
26228
26238
26240
26243
26243
26248
26250
26250
26259
26260
26263
26265
26265
26268
26269
26270
26270
26275
26278
26279
26281
26286
26287
26291
26293
26296
26298
26306
26307
26307
26315
26317
26317
26322
26325
26325
26325
26326
26327
26332
26342
26347
26354
26360
26361
26365
26367
26371
26372
26374
26376
26379
26384
26389
26391
26392
26402
26409
26411
26416
26422
26429
26429
26431
26435
26442
26443
26445
26452
26455
26459
26460
26461
26465
26465
26466
26471
26471
26475
26480
26482
26489
26490
26494
26500
26502
26513
26514
26522
26524
26527
26530
26535
26536
26536
26538
26538
26539
26540
26540
26543
26549
26561
26563
26566
26567
26568
26571
26572
26577
26578
26582
26585
26587
26591
26592
26592
26593
26594
26596
26599
26601
26604
26610
26613
26616
26616
26618
26620
26620
26624
26625
26638
26645
26645
26646
26647
26647
26647
26650
26652
26653
26653
26660
26664
26666
26668
26669
26669
26673
26675
26675
26678
26685
26690
26693
26693
26693
26699
26701
26704
26704
26709
26710
26710
26711
26711
26713
26715
26716
26717
26717
26725
26725
26731
26732
26740
26751
26752
26754
26757
26760
26768
26769
26774
26775
26780
26783
26785
26792
26793
26793
26793
26801
26808
26809
26809
26810
26814
26815
26816
26818
26821
26821
26824
26827
26828
26828
26829
26832
26832
26832
26834
26841
26841
26842
26844
26844
26849
26850
26851
26858
26859
26863
26864
26867
26869
26870
26872
26874
26876
26880
26887
26889
26892
26894
26896
26897
26919
26923
26929
26934
26938
26942
26942
26947
26950
26951
26956
26959
26961
26962
26973
26978
26999
27008
27011
27012
27016
27028
27029
27029
27030
27030
27031
27031
27033
27039
27041
27047
27047
27054
27055
27058
27058
27060
27067
27073
27075
27076
27079
27083
27089
27089
27099
27102
27113
27116
27117
27118
27118
27120
27123
27129
27130
27137
27137
27140
27140
27141
27145
27146
27148
27152
27162
27166
27167
27169
27174
27180
27182
27183
27190
27194
27199
27202
27208
27213
27214
27214
27217
27219
27220
27221
27223
27225
27227
27239
27240
27245
27246
27249
27253
27253
27259
27259
27262
27263
27272
27297
27304
27306
27307
27308
27315
27319
27321
27326
27327
27327
27335
27336
27336
27336
27337
27346
27347
27347
27352
27354
27355
27356
27357
27360
27362
27365
27365
27369
27370
27384
27393
27393
27394
27400
27401
27401
27402
27403
27403
27407
27414
27416
27417
27418
27424
27424
27427
27432
27437
27446
27447
27451
27451
27459
27461
27463
27473
27474
27475
27477
27483
27486
27489
27496
27500
27502
27513
27514
27515
27516
27518
27527
27528
27532
27534
27537
27541
27549
27560
27566
27566
27571
27572
27574
27581
27586
27590
27599
27602
27604
27604
27609
27610
27618
27622
27623
27625
27629
27632
27634
27636
27639
27656
27663
27665
27672
27672
27677
27686
27689
27691
27692
27698
27707
27710
27711
27720
27722
27723
27724
27724
27727
27729
27731
27733
27734
27745
27747
27747
27748
27755
27761
27766
27770
27773
27777
27781
27793
27794
27798
27800
27802
27804
27807
27807
27808
27809
27811
27812
27816
27817
27830
27831
27831
27832
27834
27837
27839
27843
27849
27850
27851
27851
27854
27855
27855
27860
27860
27861
27864
27868
27870
27880
27882
27884
27885
27900
27902
27911
27918
27926
27929
27931
27931
27939
27942
27948
27953
27954
27956
27960
27964
27965
27967
27974
27975
27983
27984
27987
27988
27989
27989
27996
27999
28005
28007
28012
28014
28016
28017
28019
28028
28030
28032
28036
28038
28050
28052
28060
28060
28066
28068
28072
28074
28081
28083
28090
28090
28092
28092
28096
28098
28099
28104
28105
28118
28119
28133
28133
28134
28141
28144
28145
28147
28148
28150
28150
28154
28155
28164
28167
28170
28181
28185
28187
28187
28188
28191
28194
28201
28207
28207
28216
28220
28229
28230
28236
28242
28243
28244
28248
28251
28254
28254
28256
28257
28260
28261
28262
28263
28266
28272
28273
28279
28288
28290
28294
28298
28301
28302
28305
28305
28308
28309
28311
28312
28317
28318
28320
28321
28321
28321
28323
28329
28329
28330
28330
28334
28339
28340
28342
28346
28347
28349
28354
28362
28362
28367
28370
28374
28374
28375
28376
28377
28378
28390
28392
28396
28408
28409
28410
28411
28413
28414
28418
28418
28423
28428
28432
28436
28440
28445
28447
28448
28449
28450
28450
28456
28468
28469
28470
28475
28482
28488
28489
28494
28494
28497
28497
28498
28501
28505
28513
28520
28521
28524
28527
28528
28530
28532
28535
28536
28536
28539
28547
28548
28549
28550
28550
28550
28553
28554
28567
28578
28584
28585
28585
28585
28585
28596
28603
28607
28609
28611
28613
28614
28614
28617
28618
28620
28620
28622
28627
28629
28633
28635
28642
28644
28645
28648
28650
28654
28654
28656
28656
28657
28669
28671
28676
28679
28681
28682
28692
28693
28693
28698
28701
28704
28706
28710
28712
28715
28715
28718
28727
28739
28740
28741
28745
28749
28751
28753
28754
28756
28758
28761
28764
28766
28782
28785
28788
28789
28792
28793
28796
28797
28798
28798
28801
28805
28809
28810
28812
28815
28815
28821
28821
28823
28826
28832
28838
28848
28850
28851
28855
28862
28864
28865
28866
28867
28869
28871
28874
28889
28894
28896
28899
28899
28899
28901
28901
28904
28912
28916
28919
28925
28937
28940
28946
28946
28960
28964
28964
28970
28975
28984
28984
28984
28990
28998
28999
29000
29003
29011
29014
29019
29020
29034
29035
29036
29037
29038
29040
29042
29043
29047
29051
29051
29054
29056
29063
29068
29068
29068
29071
29080
29086
29089
29091
29094
29097
29099
29100
29107
29108
29110
29112
29113
29118
29123
29130
29138
29138
29139
29146
29148
29150
29153
29158
29163
29164
29165
29167
29170
29177
29179
29181
29189
29191
29200
29202
29205
29207
29213
29218
29220
29223
29228
29232
29235
29235
29237
29241
29246
29251
29253
29258
29259
29265
29268
29270
29271
29271
29274
29283
29283
29288
29288
29291
29292
29294
29299
29308
29314
29322
29326
29328
29332
29341
29344
29363
29363
29367
29370
29374
29376
29378
29379
29385
29388
29388
29389
29391
29391
29392
29395
29398
29400
29405
29410
29411
29412
29412
29413
29415
29417
29418
29419
29419
29420
29431
29432
29435
29440
29441
29444
29444
29444
29445
29449
29456
29460
29462
29464
29466
29475
29476
29493
29499
29502
29503
29508
29513
29516
29524
29526
29530
29540
29540
29547
29549
29557
29559
29561
29566
29571
29571
29573
29573
29579
29583
29584
29585
29587
29595
29598
29599
29603
29605
29609
29613
29615
29620
29622
29623
29627
29628
29628
29630
29630
29631
29636
29638
29639
29643
29644
29647
29649
29650
29656
29662
29667
29671
29677
29683
29683
29686
29688
29690
29692
29692
29699
29699
29700
29703
29709
29716
29721
29725
29725
29736
29737
29738
29739
29743
29745
29749
29749
29754
29755
29757
29757
29757
29758
29760
29764
29771
29777
29781
29782
29791
29802
29807
29808
29812
29813
29814
29822
29823
29827
29828
29831
29835
29836
29837
29838
29839
29844
29846
29850
29852
29855
29856
29861
29864
29867
29872
29874
29879
29881
29882
29886
29889
29890
29891
29904
29906
29908
29908
29915
29918
29923
29925
29938
29940
29947
29949
29951
29952
29955
29955
29957
29961
29972
29975
29976
29978
29983
29989
29991
29998
29998
30001
30006
30007
30007
30011
30014
30016
30016
30018
30028
30035
30037
30037
30041
30042
30046
30046
30047
30050
30052
30054
30055
30059
30059
30061
30064
30067
30071
30072
30072
30078
30078
30082
30094
30110
30115
30118
30122
30134
30134
30143
30144
30144
30146
30146
30149
30151
30156
30158
30159
30162
30170
30178
30179
30184
30185
30186
30187
30190
30200
30203
30203
30209
30212
30215
30219
30220
30222
30223
30224
30225
30228
30231
30233
30241
30244
30248
30248
30249
30249
30252
30253
30254
30254
30265
30272
30274
30275
30278
30279
30285
30292
30299
30301
30308
30310
30313
30316
30323
30330
30340
30341
30343
30345
30345
30348
30349
30354
30361
30363
30364
30365
30366
30367
30369
30373
30374
30374
30383
30383
30384
30385
30390
30392
30396
30404
30414
30417
30421
30430
30432
30434
30439
30440
30440
30441
30444
30446
30446
30447
30448
30449
30457
30458
30469
30472
30479
30482
30483
30484
30490
30491
30492
30493
30494
30506
30514
30524
30525
30528
30534
30534
30534
30538
30543
30545
30548
30548
30553
30557
30559
30575
30577
30579
30579
30582
30582
30584
30588
30588
30591
30592
30593
30593
30599
30601
30606
30609
30611
30614
30617
30623
30624
30627
30627
30632
30633
30637
30645
30657
30658
30662
30662
30662
30668
30668
30668
30672
30677
30677
30681
30684
30696
30696
30696
30701
30705
30705
30706
30711
30714
30716
30724
30729
30735
30737
30738
30739
30739
30742
30748
30749
30753
30754
30756
30759
30763
30768
30770
30771
30774
30776
30779
30785
30793
30794
30798
30798
30801
30810
30816
30816
30817
30824
30835
30836
30837
30844
30846
30849
30850
30850
30851
30853
30862
30866
30866
30867
30873
30875
30876
30876
30888
30891
30896
30898
30901
30911
30917
30920
30922
30924
30924
30927
30932
30942
30945
30946
30954
30955
30958
30961
30962
30963
30963
30974
30977
30985
30985
30985
30995
30997
30999
31000
31001
31001
31003
31007
31011
31015
31016
31018
31021
31026
31027
31044
31048
31053
31068
31070
31073
31076
31082
31082
31084
31087
31092
31096
31096
31098
31105
31108
31114
31123
31131
31132
31140
31152
31154
31159
31162
31164
31165
31165
31168
31172
31174
31178
31182
31184
31191
31196
31200
31201
31204
31206
31207
31216
31221
31224
31224
31226
31227
31228
31231
31234
31236
31240
31242
31244
31258
31259
31259
31261
31261
31262
31262
31268
31275
31277
31277
31280
31282
31284
31287
31292
31294
31294
31297
31297
31300
31303
31308
31308
31311
31339
31346
31354
31354
31354
31355
31357
31364
31364
31367
31368
31376
31380
31383
31394
31398
31399
31399
31400
31403
31403
31410
31412
31413
31419
31422
31427
31430
31432
31434
31436
31436
31441
31442
31445
31447
31449
31450
31454
31455
31458
31460
31462
31463
31468
31472
31472
31479
31479
31479
31480
31480
31482
31487
31490
31495
31496
31498
31504
31508
31517
31524
31525
31528
31532
31534
31535
31536
31536
31537
31544
31548
31549
31552
31558
31563
31564
31565
31565
31566
31566
31574
31581
31581
31581
31584
31587
31587
31590
31592
31597
31605
31607
31607
31611
31615
31626
31627
31631
31634
31635
31635
31636
31641
31644
31644
31648
31651
31653
31662
31663
31667
31669
31670
31676
31682
31685
31688
31692
31696
31698
31700
31700
31706
31707
31711
31712
31722
31722
31723
31737
31740
31741
31744
31745
31745
31747
31750
31751
31754
31761
31762
31767
31768
31773
31773
31778
31778
31778
31779
31783
31786
31787
31788
31788
31789
31789
31794
31807
31807
31807
31808
31813
31822
31832
31832
31832
31832
31838
31839
31841
31846
31847
31847
31847
31848
31850
31853
31869
31871
31873
31874
31875
31877
31877
31877
31878
31887
31889
31894
31901
31918
31921
31927
31929
31933
31935
31939
31945
31946
31947
31949
31949
31950
31951
31951
31957
31960
31963
31969
31975
31976
31977
31979
31981
31982
31983
31988
31988
31990
31993
31996
31999
32000
32009
32010
32012
32013
32013
32017
32021
32022
32028
32033
32036
32040
32041
32042
32046
32060
32063
32065
32065
32077
32081
32084
32094
32096
32096
32097
32106
32109
32113
32114
32116
32121
32124
32124
32129
32132
32135
32144
32148
32152
32166
32174
32176
32181
32184
32185
32186
32188
32197
32203
32205
32207
32209
32211
32215
32222
32222
32227
32232
32232
32232
32240
32250
32251
32255
32256
32257
32271
32279
32283
32284
32285
32289
32295
32295
32300
32301
32313
32314
32314
32320
32323
32323
32323
32325
32325
32329
32334
32337
32338
32339
32341
32346
32355
32355
32362
32365
32366
32370
32371
32374
32378
32387
32389
32393
32396
32396
32397
32397
32397
32401
32404
32410
32413
32426
32426
32428
32429
32429
32432
32438
32438
32439
32443
32443
32445
32453
32455
32455
32468
32468
32471
32474
32483
32484
32487
32492
32497
32500
32501
32501
32501
32503
32505
32513
32513
32514
32521
32521
32522
32525
32530
32533
32535
32538
32541
32545
32549
32550
32553
32554
32555
32561
32565
32571
32573
32575
32576
32578
32581
32582
32582
32586
32586
32589
32593
32594
32596
32607
32618
32622
32622
32623
32625
32625
32626
32629
32636
32638
32640
32647
32652
32652
32658
32662
32668
32669
32674
32682
32684
32687
32687
32689
32691
32693
32694
32697
32707
32708
32723
32727
32727
32736
32738
32743
32745
32749
32752
32754
32754
32755
32764
32765
32767
