0
0
2
3
7
30
32
33
34
36
37
37
39
43
44
45
46
48
55
56
57
75
88
90
93
93
101
102
106
113
124
137
139
148
151
154
156
156
163
167
167
169
171
178
178
179
181
184
202
202
203
204
210
217
220
226
234
238
238
240
241
246
250
252
252
255
258
261
265
268
269
272
277
277
277
285
290
292
296
297
300
302
308
310
313
314
314
317
317
324
330
333
340
344
347
347
348
350
358
359
365
371
374
383
388
390
391
400
401
401
403
407
408
410
412
417
417
419
421
429
429
429
431
435
438
452
452
452
461
462
472
485
485
486
496
502
507
508
508
508
515
516
520
524
525
529
530
534
539
539
541
542
551
561
563
563
565
573
578
584
585
587
587
591
593
596
597
597
600
600
602
606
607
619
629
639
640
641
641
641
642
645
647
647
648
650
651
655
656
658
665
671
677
679
683
684
687
691
691
695
701
711
712
713
720
727
733
734
735
735
737
740
747
748
749
753
757
760
767
777
784
784
792
795
801
802
802
804
804
805
808
810
810
815
821
822
826
828
830
838
841
844
845
845
846
848
854
856
859
863
874
885
886
886
887
887
889
908
912
919
920
926
930
930
932
935
939
946
949
949
953
954
954
957
963
964
967
969
972
974
975
977
985
989
1004
1004
1006
1008
1019
1033
1034
1042
1046
1049
1052
1063
1066
1066
1068
1079
1079
1085
1089
1095
1100
1100
1101
1105
1106
1109
1110
1112
1114
1116
1127
1130
1138
1143
1144
1145
1160
1161
1166
1167
1167
1168
1172
1177
1179
1181
1184
1188
1191
1191
1191
1203
1205
1211
1212
1217
1224
1224
1226
1229
1239
1240
1251
1256
1257
1257
1259
1265
1268
1273
1282
1285
1285
1286
1287
1290
1293
1294
1300
1305
1306
1316
1330
1332
1332
1336
1338
1342
1342
1347
1357
1362
1366
1368
1368
1376
1376
1381
1394
1401
1403
1406
1407
1409
1413
1413
1416
1416
1419
1430
1439
1446
1455
1456
1456
1467
1476
1477
1478
1478
1480
1481
1491
1493
1497
1499
1501
1501
1506
1508
1510
1517
1524
1524
1527
1532
1538
1539
1542
1543
1546
1555
1556
1558
1565
1565
1566
1570
1579
1581
1585
1588
1590
1591
1598
1601
1603
1603
1604
1608
1625
1626
1627
1628
1631
1633
1633
1642
1649
1650
1653
1659
1668
1670
1677
1684
1690
1692
1693
1695
1696
1700
1700
1703
1703
1705
1707
1708
1711
1728
1729
1730
1730
1731
1734
1735
1739
1740
1741
1742
1747
1751
1755
1759
1760
1763
1770
1772
1777
1778
1782
1783
1787
1793
1793
1795
1801
1810
1810
1811
1812
1813
1813
1813
1822
1832
1833
1834
1837
1841
1842
1843
1844
1844
1848
1849
1861
1862
1864
1868
1872
1872
1880
1890
1891
1891
1892
1894
1897
1901
1902
1904
1907
1915
1917
1917
1922
1923
1932
1935
1936
1945
1948
1950
1956
1958
1965
1965
1966
1967
1967
1968
1970
1970
1975
1979
1986
1993
2001
2005
2008
2012
2015
2018
2027
2028
2030
2031
2037
2038
2039
2047
2049
2049
2050
2050
2051
2052
2069
2073
2079
2081
2083
2092
2093
2095
2095
2097
2099
2100
2105
2108
2109
2109
2110
2113
2117
2118
2125
2125
2131
2134
2135
2136
2137
2138
2143
2143
2148
2148
2148
2149
2152
2158
2164
2174
2178
2179
2186
2188
2190
2194
2197
2205
2209
2211
2212
2215
2219
2220
2223
2228
2229
2229
2230
2232
2236
2237
2239
2242
2242
2244
2251
2252
2255
2255
2260
2264
2268
2272
2272
2273
2274
2274
2275
2278
2283
2286
2286
2289
2295
2298
2299
2300
2304
2305
2306
2308
2310
2311
2314
2316
2316
2317
2319
2320
2320
2331
2335
2348
2352
2353
2362
2366
2373
2374
2379
2383
2386
2386
2411
2411
2421
2430
2433
2436
2437
2440
2449
2450
2453
2456
2459
2460
2464
2466
2466
2467
2472
2474
2479
2483
2486
2488
2490
2490
2490
2494
2497
2498
2498
2503
2509
2512
2515
2516
2520
2524
2524
2529
2529
2531
2531
2534
2534
2535
2540
2541
2553
2554
2558
2560
2562
2567
2570
2575
2577
2577
2578
2578
2582
2582
2583
2584
2592
2594
2594
2600
2607
2609
2612
2618
2623
2624
2624
2625
2633
2633
2634
2634
2634
2635
2643
2646
2653
2655
2655
2656
2657
2659
2659
2663
2667
2669
2670
2671
2671
2672
2674
2676
2676
2676
2677
2683
2690
2691
2692
2693
2693
2695
2697
2705
2705
2710
2711
2713
2722
2724
2725
2725
2737
2740
2742
2745
2746
2749
2752
2764
2766
2769
2772
2774
2777
2779
2803
2804
2805
2807
2812
2815
2816
2817
2821
2825
2829
2845
2845
2846
2846
2851
2856
2858
2864
2865
2871
2877
2877
2883
2884
2885
2889
2890
2899
2902
2904
2913
2914
2915
2918
2920
2921
2921
2921
2921
2923
2928
2934
2940
2940
2944
2952
2957
2958
2958
2958
2964
2967
2970
2974
2980
2982
2983
2991
2995
2996
2996
2997
2999
3000
3000
3001
3002
3007
3008
3012
3023
3024
3026
3030
3034
3034
3035
3038
3039
3041
3042
3046
3048
3050
3051
3054
3056
3057
3059
3061
3062
3063
3064
3070
3072
3079
3081
3084
3092
3092
3094
3103
3108
3112
3112
3112
3115
3119
3119
3124
3127
3128
3131
3131
3133
3138
3140
3141
3142
3147
3147
3150
3157
3173
3176
3178
3181
3184
3187
3188
3190
3195
3204
3207
3220
3221
3232
3236
3242
3247
3248
3249
3251
3252
3260
3261
3274
3274
3283
3284
3288
3291
3291
3297
3298
3298
3301
3303
3307
3308
3315
3316
3316
3317
3317
3321
3324
3330
3331
3336
3338
3345
3349
3355
3358
3359
3367
3371
3375
3376
3379
3386
3390
3390
3391
3393
3395
3398
3405
3406
3408
3416
3418
3421
3425
3429
3429
3431
3433
3433
3436
3437
3439
3446
3447
3448
3454
3456
3463
3464
3467
3472
3475
3478
3478
3482
3484
3488
3488
3491
3492
3494
3497
3508
3514
3514
3515
3515
3523
3523
3528
3531
3548
3554
3556
3559
3561
3565
3570
3571
3571
3574
3581
3582
3583
3585
3587
3594
3595
3597
3598
3599
3613
3615
3617
3618
3622
3625
3625
3626
3626
3635
3645
3650
3650
3650
3653
3660
3664
3667
3670
3671
3671
3674
3683
3687
3687
3690
3693
3693
3694
3700
3701
3713
3715
3718
3724
3725
3726
3726
3726
3730
3732
3742
3742
3743
3744
3749
3755
3757
3759
3760
3767
3776
3777
3778
3779
3780
3782
3783
3786
3786
3794
3794
3794
3797
3803
3811
3816
3819
3824
3833
3834
3838
3841
3848
3859
3862
3865
3870
3871
3871
3871
3878
3880
3881
3881
3883
3887
3888
3891
3896
3901
3901
3905
3908
3922
3926
3929
3934
3935
3937
3939
3941
3944
3944
3947
3948
3952
3956
3964
3967
3973
3978
3983
3984
3985
3986
3987
3988
3988
3991
4006
4008
4009
4015
4016
4021
4024
4034
4054
4056
4056
4066
4067
4074
4079
4080
4081
4083
4092
4093
4096
4101
4104
4107
4109
4112
4117
4122
4124
4124
4124
4132
4133
4134
4139
4144
4147
4147
4148
4152
4153
4156
4160
4160
4162
4164
4166
4170
4174
4174
4177
4177
4181
4184
4188
4193
4194
4199
4204
4204
4207
4208
4209
4213
4216
4217
4223
4227
4228
4228
4228
4230
4232
4238
4243
4252
4255
4257
4257
4258
4263
4263
4267
4280
4280
4284
4285
4288
4289
4294
4297
4299
4307
4312
4313
4314
4317
4322
4322
4330
4333
4333
4337
4338
4341
4342
4346
4347
4347
4353
4356
4357
4369
4369
4372
4374
4377
4378
4381
4383
4385
4385
4392
4393
4399
4400
4403
4404
4404
4406
4415
4415
4419
4419
4420
4434
4434
4438
4452
4456
4457
4457
4458
4466
4473
4481
4485
4487
4490
4495
4504
4506
4508
4508
4510
4510
4513
4513
4516
4519
4520
4521
4529
4537
4549
4552
4552
4562
4565
4567
4570
4570
4572
4575
4576
4578
4588
4589
4591
4592
4597
4597
4598
4598
4598
4599
4602
4606
4607
4617
4618
4627
4629
4631
4634
4638
4644
4645
4649
4650
4654
4662
4672
4672
4674
4674
4677
4679
4683
4687
4688
4689
4698
4701
4703
4709
4712
4714
4715
4721
4722
4723
4730
4731
4737
4739
4744
4745
4748
4753
4756
4757
4758
4760
4760
4762
4763
4763
4765
4770
4778
4779
4779
4781
4787
4791
4794
4794
4797
4799
4800
4801
4802
4804
4804
4806
4815
4822
4824
4830
4835
4839
4841
4842
4844
4844
4850
4853
4854
4860
4861
4862
4863
4863
4866
4875
4877
4877
4881
4883
4884
4884
4889
4894
4895
4899
4901
4910
4910
4912
4920
4929
4930
4935
4936
4938
4946
4961
4962
4967
4969
4980
4983
4991
4994
4997
5000
5008
5008
5010
5020
5024
5025
5032
5033
5036
5045
5046
5048
5050
5051
5058
5066
5069
5070
5076
5079
5085
5088
5095
5097
5106
5108
5110
5114
5116
5121
5129
5130
5135
5137
5143
5143
5145
5145
5147
5147
5150
5151
5160
5164
5171
5174
5175
5182
5185
5185
5190
5190
5192
5197
5208
5209
5214
5218
5218
5224
5235
5237
5240
5243
5246
5248
5249
5251
5253
5253
5256
5257
5259
5265
5266
5272
5275
5277
5277
5284
5288
5289
5294
5295
5297
5298
5300
5305
5305
5306
5306
5306
5306
5312
5314
5316
5320
5325
5326
5329
5335
5337
5337
5337
5340
5342
5349
5352
5356
5362
5372
5376
5379
5381
5386
5387
5387
5388
5392
5392
5399
5412
5417
5419
5420
5422
5424
5433
5438
5443
5444
5465
5467
5472
5477
5485
5488
5489
5489
5489
5493
5506
5506
5508
5508
5514
5516
5523
5524
5525
5528
5534
5535
5540
5541
5541
5556
5565
5569
5570
5571
5579
5582
5590
5596
5601
5602
5604
5614
5616
5618
5619
5622
5624
5625
5625
5631
5633
5634
5639
5641
5642
5647
5648
5653
5654
5658
5660
5672
5676
5680
5683
5691
5693
5696
5698
5698
5702
5704
5708
5709
5711
5715
5716
5721
5722
5724
5727
5743
5759
5766
5770
5772
5775
5778
5781
5783
5786
5793
5798
5802
5805
5805
5809
5811
5812
5818
5818
5823
5836
5840
5840
5853
5856
5857
5860
5863
5867
5873
5881
5895
5896
5900
5901
5902
5907
5908
5910
5913
5913
5915
5920
5921
5921
5923
5930
5930
5938
5944
5945
5946
5948
5948
5952
5954
5955
5957
5962
5967
5979
5979
5984
5984
5985
5985
5990
5992
6004
6004
6008
6013
6014
6015
6018
6020
6023
6023
6028
6037
6046
6048
6048
6049
6059
6065
6065
6071
6073
6077
6081
6085
6088
6088
6089
6095
6111
6112
6113
6114
6117
6120
6121
6125
6128
6131
6134
6135
6135
6138
6142
6144
6147
6149
6151
6151
6153
6158
6163
6164
6171
6173
6175
6177
6197
6198
6202
6202
6211
6213
6218
6221
6221
6222
6224
6230
6231
6237
6244
6248
6251
6255
6256
6258
6259
6262
6264
6265
6265
6267
6269
6271
6277
6277
6278
6278
6278
6283
6283
6287
6292
6292
6293
6306
6307
6308
6311
6313
6317
6321
6324
6325
6331
6331
6333
6339
6341
6342
6343
6345
6348
6356
6357
6366
6369
6370
6371
6373
6383
6385
6398
6404
6404
6405
6406
6418
6419
6421
6429
6433
6437
6441
6442
6446
6448
6451
6454
6459
6462
6464
6465
6466
6468
6469
6478
6480
6489
6496
6508
6511
6512
6516
6518
6521
6521
6522
6523
6526
6530
6534
6542
6544
6544
6546
6547
6550
6556
6564
6567
6567
6567
6569
6571
6576
6579
6579
6580
6583
6594
6595
6598
6601
6618
6621
6622
6627
6628
6629
6630
6633
6634
6636
6637
6641
6645
6655
6655
6657
6659
6662
6663
6676
6685
6691
6703
6706
6708
6709
6711
6717
6721
6722
6725
6730
6736
6747
6749
6750
6765
6784
6795
6802
6807
6809
6809
6820
6820
6821
6827
6833
6837
6839
6841
6843
6848
6849
6859
6861
6862
6872
6883
6884
6884
6885
6885
6886
6898
6899
6907
6915
6916
6916
6921
6921
6921
6921
6923
6926
6926
6931
6931
6936
6937
6942
6946
6952
6954
6956
6956
6958
6965
6966
6967
6967
6969
6975
6977
6981
6988
6990
6991
7005
7006
7006
7018
7019
7021
7022
7030
7036
7036
7037
7044
7047
7062
7071
7072
7077
7081
7086
7087
7087
7087
7087
7092
7097
7098
7099
7102
7102
7107
7117
7129
7129
7131
7134
7137
7139
7139
7139
7141
7141
7149
7153
7157
7157
7158
7159
7163
7165
7166
7171
7173
7174
7177
7180
7181
7183
7183
7184
7184
7185
7187
7188
7195
7196
7198
7202
7202
7205
7208
7209
7211
7213
7216
7217
7218
7226
7228
7228
7228
7238
7241
7245
7249
7260
7260
7261
7266
7269
7272
7273
7274
7275
7275
7275
7281
7281
7285
7287
7288
7291
7293
7293
7295
7297
7299
7304
7309
7311
7311
7319
7319
7324
7325
7327
7328
7332
7333
7333
7339
7345
7347
7349
7352
7355
7358
7362
7366
7369
7372
7374
7377
7381
7392
7392
7401
7405
7406
7407
7409
7414
7433
7435
7437
7438
7440
7449
7451
7455
7456
7466
7469
7470
7473
7479
7479
7482
7483
7488
7490
7491
7496
7505
7512
7516
7516
7516
7529
7531
7535
7537
7538
7542
7553
7554
7555
7555
7556
7558
7559
7585
7588
7595
7595
7597
7599
7599
7601
7601
7604
7606
7609
7619
7619
7619
7621
7632
7635
7636
7639
7644
7649
7656
7659
7664
7664
7668
7677
7681
7683
7692
7697
7705
7707
7712
7715
7727
7731
7734
7737
7745
7745
7746
7748
7748
7753
7755
7762
7768
7769
7772
7774
7781
7782
7784
7786
7788
7789
7791
7794
7796
7801
7801
7803
7810
7812
7815
7816
7817
7832
7834
7842
7843
7846
7853
7854
7858
7862
7864
7868
7869
7870
7872
7874
7882
7884
7886
7889
7894
7898
7901
7904
7905
7907
7908
7910
7916
7920
7922
7927
7928
7935
7936
7940
7941
7945
7962
7967
7969
7989
7996
7998
8008
8010
8012
8013
8017
8021
8021
8023
8029
8033
8036
8038
8041
8043
8047
8051
8055
8056
8056
8060
8064
8064
8065
8068
8071
8078
8079
8079
8080
8081
8085
8087
8091
8092
8095
8097
8105
8107
8110
8110
8115
8120
8121
8123
8123
8123
8126
8127
8132
8134
8136
8136
8143
8143
8143
8144
8145
8152
8152
8153
8153
8153
8161
8164
8164
8165
8167
8170
8171
8172
8173
8174
8178
8182
8187
8190
8196
8196
8207
8208
8219
8224
8234
8235
8237
8242
8242
8247
8248
8250
8251
8257
8262
8264
8265
8267
8267
8268
8270
8274
8275
8275
8275
8277
8278
8282
8286
8287
8291
8291
8291
8297
8299
8303
8303
8305
8308
8315
8316
8318
8321
8322
8324
8326
8326
8329
8329
8330
8341
8343
8343
8344
8345
8346
8346
8347
8348
8353
8360
8367
8369
8375
8378
8378
8380
8383
8385
8389
8392
8403
8406
8407
8408
8408
8412
8414
8414
8416
8417
8419
8425
8434
8435
8435
8446
8448
8448
8449
8451
8452
8455
8457
8462
8468
8470
8476
8477
8478
8484
8485
8487
8488
8489
8497
8498
8501
8504
8506
8510
8515
8522
8522
8527
8528
8530
8533
8533
8533
8534
8535
8537
8539
8540
8544
8547
8555
8556
8561
8562
8565
8569
8570
8571
8576
8578
8580
8586
8593
8595
8597
8597
8604
8609
8611
8612
8619
8620
8621
8624
8626
8627
8635
8638
8640
8640
8641
8641
8645
8648
8662
8662
8663
8668
8668
8678
8678
8682
8682
8688
8690
8692
8697
8697
8702
8702
8707
8717
8719
8720
8720
8723
8725
8729
8731
8731
8737
8749
8752
8753
8753
8754
8758
8762
8765
8766
8766
8772
8773
8775
8775
8777
8782
8783
8786
8789
8793
8799
8799
8799
8801
8812
8813
8814
8815
8816
8817
8819
8819
8820
8821
8828
8830
8833
8834
8834
8837
8840
8840
8842
8845
8847
8848
8850
8850
8851
8853
8863
8863
8866
8871
8874
8887
8890
8895
8902
8902
8907
8914
8916
8916
8922
8924
8924
8924
8928
8932
8932
8933
8942
8944
8945
8946
8951
8951
8952
8954
8955
8956
8959
8962
8963
8964
8965
8967
8969
8975
8980
8980
8980
8982
8983
8986
8992
8995
8995
8999
9000
9000
9000
9010
9018
9018
9018
9021
9025
9031
9035
9040
9042
9043
9046
9046
9053
9055
9056
9059
9060
9060
9062
9068
9068
9069
9073
9079
9083
9091
9093
9111
9112
9125
9127
9128
9149
9153
9157
9160
9161
9164
9169
9170
9170
9173
9174
9180
9180
9181
9181
9187
9189
9192
9193
9201
9201
9202
9206
9207
9208
9210
9219
9220
9224
9234
9237
9243
9245
9249
9249
9250
9252
9257
9260
9262
9264
9266
9266
9268
9276
9288
9290
9294
9299
9299
9302
9305
9309
9314
9314
9318
9319
9320
9325
9329
9331
9336
9337
9338
9342
9342
9343
9343
9347
9356
9365
9380
9381
9381
9382
9383
9384
9388
9390
9393
9398
9404
9418
9426
9426
9428
9428
9429
9438
9441
9442
9446
9448
9448
9451
9456
9456
9462
9467
9468
9471
9472
9474
9476
9480
9481
9482
9485
9485
9486
9487
9489
9489
9491
9500
9512
9513
9515
9522
9526
9527
9529
9529
9532
9533
9541
9547
9555
9559
9559
9561
9567
9568
9571
9579
9583
9584
9585
9587
9590
9591
9594
9597
9601
9605
9605
9611
9613
9614
9619
9622
9624
9628
9640
9642
9643
9644
9646
9649
9649
9652
9653
9655
9657
9657
9662
9663
9664
9673
9674
9675
9676
9678
9687
9690
9692
9692
9692
9695
9698
9700
9701
9702
9706
9706
9711
9716
9719
9721
9723
9724
9729
9730
9744
9747
9749
9757
9761
9767
9768
9770
9773
9775
9781
9788
9790
9791
9791
9794
9800
9801
9802
9803
9804
9806
9810
9810
9812
9821
9828
9840
9843
9850
9851
9853
9855
9859
9860
9863
9868
9871
9872
9876
9877
9879
9882
9883
9890
9896
9899
9910
9911
9911
9916
9928
9929
9931
9935
9941
9944
9951
9954
9958
9958
9959
9960
9972
9973
9975
9985
9986
9989
9991
9996
9996
9998
10002
10003
10006
10014
10016
10024
10025
10028
10032
10033
10033
10034
10040
10041
10049
10052
10062
10071
10073
10074
10074
10075
10077
10078
10085
10086
10088
10088
10089
10089
10092
10098
10098
10105
10116
10117
10122
10122
10122
10133
10134
10136
10136
10140
10141
10142
10147
10154
10155
10156
10157
10158
10163
10169
10169
10170
10171
10172
10179
10181
10182
10191
10192
10201
10204
10206
10207
10212
10215
10217
10218
10220
10220
10224
10225
10228
10230
10237
10239
10242
10250
10255
10259
10261
10262
10264
10268
10273
10279
10280
10282
10288
10298
10300
10305
10314
10320
10332
10334
10334
10335
10342
10345
10349
10352
10358
10361
10362
10367
10367
10371
10373
10378
10382
10383
10394
10399
10403
10406
10407
10407
10411
10413
10419
10421
10423
10426
10426
10431
10432
10433
10434
10435
10435
10437
10444
10446
10446
10447
10449
10464
10470
10474
10476
10476
10482
10484
10486
10489
10491
10493
10493
10494
10519
10520
10521
10522
10522
10530
10531
10533
10533
10534
10535
10543
10544
10544
10558
10568
10584
10585
10586
10588
10588
10591
10592
10600
10601
10603
10605
10605
10605
10613
10614
10616
10617
10619
10625
10625
10626
10629
10634
10635
10646
10647
10651
10656
10659
10661
10667
10670
10672
10675
10676
10677
10680
10683
10686
10697
10703
10703
10708
10715
10717
10719
10720
10721
10722
10724
10724
10725
10733
10733
10734
10735
10737
10744
10747
10752
10754
10758
10776
10777
10781
10785
10786
10788
10789
10805
10816
10822
10823
10828
10832
10842
10846
10851
10854
10854
10856
10859
10859
10862
10865
10865
10871
10881
10886
10887
10888
10888
10889
10895
10896
10897
10899
10901
10902
10906
10906
10907
10910
10920
10921
10925
10926
10928
10936
10941
10946
10948
10949
10950
10950
10951
10954
10954
10955
10956
10956
10958
10962
10965
10966
10985
10997
11000
11003
11003
11005
11005
11007
11008
11009
11017
11019
11019
11022
11025
11026
11028
11029
11031
11031
11031
11033
11035
11036
11041
11043
11046
11048
11048
11049
11050
11050
11063
11064
11069
11070
11071
11073
11076
11076
11080
11081
11091
11092
11095
11095
11100
11101
11101
11102
11103
11104
11106
11110
11112
11113
11125
11126
11133
11135
11145
11148
11150
11152
11160
11160
11161
11164
11169
11170
11173
11176
11187
11189
11191
11200
11205
11205
11218
11224
11226
11230
11233
11234
11238
11241
11244
11244
11248
11248
11250
11253
11261
11265
11267
11269
11269
11273
11273
11274
11277
11279
11282
11284
11287
11296
11301
11305
11317
11317
11317
11317
11319
11320
11322
11327
11328
11335
11336
11336
11337
11339
11344
11344
11345
11350
11352
11357
11362
11363
11374
11377
11379
11380
11383
11404
11404
11404
11407
11411
11414
11416
11418
11420
11423
11434
11439
11441
11447
11453
11461
11463
11463
11468
11472
11479
11479
11480
11481
11482
11482
11487
11490
11490
11493
11497
11498
11500
11502
11513
11519
11519
11521
11528
11531
11533
11534
11535
11536
11537
11539
11540
11544
11544
11550
11555
11555
11556
11556
11558
11559
11560
11561
11565
11569
11570
11572
11573
11577
11577
11579
11579
11584
11589
11593
11595
11596
11597
11604
11613
11615
11615
11622
11628
11636
11641
11642
11643
11650
11650
11650
11653
11658
11660
11660
11665
11666
11680
11683
11686
11692
11703
11705
11707
11715
11717
11718
11719
11723
11726
11727
11729
11740
11742
11746
11747
11748
11751
11752
11756
11756
11756
11761
11761
11763
11766
11776
11777
11782
11784
11784
11786
11788
11793
11793
11799
11800
11803
11806
11806
11807
11808
11809
11811
11813
11815
11816
11825
11828
11828
11828
11830
11836
11840
11848
11850
11853
11856
11857
11858
11859
11863
11867
11868
11872
11875
11880
11882
11884
11885
11886
11886
11887
11897
11901
11902
11921
11923
11926
11927
11930
11930
11932
11936
11940
11942
11945
11945
11952
11958
11961
11963
11973
11977
11989
11995
11996
11999
12001
12003
12005
12007
12009
12012
12017
12017
12022
12023
12025
12027
12034
12035
12042
12044
12047
12056
12056
12058
12060
12060
12062
12063
12064
12070
12070
12073
12079
12082
12084
12085
12087
12095
12100
12102
12104
12105
12109
12109
12109
12110
12112
12112
12113
12118
12119
12120
12122
12122
12131
12133
12133
12137
12144
12156
12160
12161
12162
12163
12164
12174
12175
12180
12182
12182
12186
12189
12210
12211
12216
12217
12222
12227
12231
12235
12237
12240
12249
12250
12267
12272
12278
12281
12288
12288
12295
12297
12300
12301
12305
12305
12308
12312
12313
12313
12316
12318
12320
12322
12330
12332
12334
12336
12339
12340
12342
12347
12347
12353
12354
12356
12356
12358
12369
12371
12377
12380
12381
12386
12387
12394
12395
12408
12409
12413
12414
12415
12417
12417
12419
12420
12420
12422
12423
12423
12428
12435
12438
12440
12441
12441
12449
12454
12458
12459
12473
12474
12483
12491
12491
12494
12498
12504
12505
12505
12506
12506
12506
12512
12513
12514
12515
12529
12531
12533
12540
12547
12554
12555
12559
12559
12564
12565
12571
12573
12577
12578
12582
12583
12584
12584
12587
12590
12593
12598
12601
12605
12606
12613
12614
12616
12617
12623
12625
12631
12634
12643
12661
12661
12661
12661
12666
12666
12669
12673
12673
12676
12693
12700
12714
12717
12719
12720
12724
12728
12731
12733
12737
12737
12737
12745
12752
12753
12761
12762
12763
12764
12766
12767
12768
12774
12776
12777
12778
12783
12785
12794
12796
12797
12797
12798
12803
12810
12811
12811
12815
12820
12823
12839
12842
12842
12847
12849
12857
12864
12865
12866
12868
12869
12877
12881
12884
12884
12886
12886
12894
12900
12901
12902
12902
12904
12907
12909
12911
12918
12919
12922
12924
12926
12931
12933
12933
12933
12935
12944
12946
12947
12949
12955
12958
12958
12964
12968
12976
12978
12981
12984
12994
12994
12996
12998
13019
13021
13021
13024
13030
13032
13033
13036
13038
13044
13046
13047
13055
13055
13055
13060
13064
13064
13067
13073
13076
13080
13081
13082
13084
13087
13090
13090
13096
13099
13110
13112
13116
13120
13126
13131
13135
13143
13143
13149
13151
13155
13156
13157
13160
13164
13168
13173
13177
13179
13179
13192
13196
13196
13197
13201
13209
13213
13213
13218
13219
13221
13225
13228
13232
13233
13234
13245
13251
13252
13265
13266
13271
13271
13276
13278
13280
13281
13283
13292
13298
13306
13313
13313
13317
13317
13323
13325
13326
13327
13341
13346
13347
13348
13349
13358
13364
13367
13369
13378
13381
13383
13395
13399
13403
13405
13408
13417
13430
13441
13442
13448
13449
13449
13458
13459
13462
13474
13478
13494
13495
13495
13498
13501
13505
13506
13507
13507
13507
13512
13514
13516
13518
13522
13523
13532
13533
13535
13537
13545
13551
13551
13553
13558
13567
13567
13573
13576
13577
13584
13587
13591
13593
13593
13593
13594
13603
13608
13612
13613
13616
13621
13623
13627
13631
13633
13635
13638
13641
13641
13641
13643
13644
13646
13649
13651
13655
13662
13663
13664
13665
13678
13681
13682
13684
13688
13691
13697
13700
13701
13701
13703
13710
13712
13717
13720
13721
13722
13726
13733
13734
13738
13739
13743
13751
13755
13766
13768
13773
13774
13774
13775
13779
13788
13789
13790
13793
13794
13797
13799
13805
13805
13809
13812
13815
13818
13821
13822
13823
13834
13837
13838
13839
13845
13854
13854
13855
13857
13861
13873
13880
13885
13889
13892
13894
13894
13898
13898
13901
13905
13907
13909
13914
13927
13928
13935
13935
13935
13945
13947
13950
13953
13962
13974
13975
13978
13985
13985
13985
13986
13987
13989
13991
13993
14006
14009
14010
14014
14021
14024
14025
14031
14032
14034
14044
14051
14057
14058
14058
14062
14063
14070
14070
14075
14077
14079
14085
14091
14097
14102
14106
14106
14110
14111
14111
14114
14137
14143
14144
14146
14147
14153
14157
14160
14161
14162
14164
14171
14173
14176
14176
14177
14178
14181
14185
14189
14193
14198
14207
14212
14215
14215
14216
14218
14218
14222
14228
14233
14238
14238
14239
14240
14254
14264
14270
14274
14277
14282
14299
14300
14303
14310
14317
14319
14320
14326
14326
14329
14334
14335
14336
14343
14346
14351
14353
14355
14357
14359
14362
14381
14384
14385
14386
14388
14391
14393
14394
14398
14398
14399
14406
14408
14411
14415
14428
14429
14434
14440
14441
14442
14443
14443
14445
14445
14449
14450
14450
14463
14466
14468
14478
14483
14484
14485
14489
14496
14497
14500
14505
14507
14507
14508
14523
14525
14526
14526
14527
14530
14535
14537
14541
14541
14547
14548
14549
14551
14551
14552
14552
14553
14554
14556
14559
14560
14564
14579
14585
14588
14589
14589
14590
14592
14593
14595
14595
14598
14602
14605
14616
14618
14618
14621
14624
14624
14628
14628
14630
14631
14632
14633
14637
14638
14638
14645
14646
14648
14651
14652
14660
14661
14661
14667
14672
14676
14678
14678
14689
14693
14695
14695
14700
14704
14706
14709
14715
14720
14733
14735
14740
14742
14743
14744
14747
14750
14751
14753
14754
14756
14761
14775
14779
14779
14781
14786
14789
14795
14797
14801
14802
14805
14814
14818
14822
14823
14828
14829
14845
14847
14848
14851
14855
14856
14861
14864
14866
14870
14880
14882
14887
14887
14890
14893
14894
14898
14900
14902
14910
14910
14913
14914
14914
14916
14925
14925
14925
14926
14926
14927
14930
14948
14960
14964
14965
14967
14968
14970
14972
14973
14978
14983
14991
14999
15017
15017
15019
15020
15024
15028
15032
15039
15040
15055
15058
15059
15062
15063
15065
15067
15067
15068
15068
15070
15070
15073
15075
15078
15078
15093
15093
15096
15100
15100
15105
15107
15109
15111
15117
15118
15123
15126
15135
15137
15138
15149
15151
15152
15152
15153
15154
15163
15163
15164
15167
15168
15170
15177
15179
15182
15186
15186
15200
15205
15213
15216
15218
15219
15220
15230
15255
15255
15258
15259
15259
15260
15265
15270
15273
15276
15277
15278
15293
15301
15303
15304
15310
15317
15320
15323
15325
15327
15328
15338
15340
15345
15346
15348
15348
15348
15348
15351
15353
15355
15357
15382
15390
15391
15392
15393
15393
15394
15396
15400
15401
15405
15410
15410
15411
15413
15415
15415
15417
15420
15426
15427
15429
15433
15434
15438
15439
15441
15445
15451
15456
15458
15462
15472
15484
15485
15486
15496
15501
15501
15501
15507
15517
15522
15524
15529
15535
15541
15541
15545
15547
15550
15551
15559
15561
15562
15563
15564
15565
15568
15574
15577
15580
15580
15583
15585
15589
15589
15591
15593
15593
15593
15616
15619
15619
15623
15624
15624
15625
15633
15637
15646
15646
15646
15647
15647
15651
15661
15665
15666
15669
15669
15669
15671
15672
15673
15677
15685
15686
15688
15694
15695
15696
15697
15697
15700
15706
15706
15706
15711
15713
15714
15717
15719
15721
15723
15729
15732
15732
15733
15735
15736
15738
15742
15743
15744
15760
15760
15766
15767
15773
15782
15783
15789
15792
15792
15793
15793
15796
15803
15807
15810
15811
15813
15815
15816
15817
15825
15828
15831
15833
15834
15837
15838
15838
15839
15848
15851
15852
15854
15854
15856
15865
15870
15872
15873
15883
15884
15886
15886
15886
15889
15893
15895
15907
15909
15910
15912
15917
15920
15923
15927
15931
15932
15933
15940
15944
15952
15962
15963
15968
15970
15970
15971
15974
15976
15984
15984
15987
15988
15988
15990
15991
15992
15996
15998
16003
16008
16011
16014
16025
16032
16033
16037
16039
16051
16052
16053
16053
16061
16061
16064
16065
16069
16070
16083
16086
16088
16089
16090
16092
16092
16099
16100
16101
16106
16109
16110
16115
16136
16143
16149
16150
16151
16152
16156
16156
16161
16166
16168
16168
16181
16189
16190
16193
16196
16196
16201
16201
16201
16206
16210
16211
16218
16219
16222
16223
16226
16230
16241
16246
16247
16253
16257
16261
16268
16271
16274
16274
16275
16283
16285
16286
16287
16292
16294
16294
16298
16298
16301
16303
16305
16308
16310
16312
16313
16314
16318
16318
16319
16325
16327
16329
16335
16342
16345
16346
16352
16355
16356
16357
16360
16363
16368
16375
16377
16378
16383
16384
16388
16389
16389
16392
16397
16405
16407
16408
16410
16411
16413
16422
16427
16440
16447
16447
16450
16452
16454
16458
16462
16463
16465
16465
16466
16467
16470
16476
16481
16487
16487
16489
16497
16499
16500
16505
16509
16511
16515
16516
16526
16528
16530
16532
16537
16538
16538
16539
16542
16543
16545
16547
16548
16550
16552
16555
16556
16560
16562
16562
16567
16573
16573
16574
16575
16576
16587
16593
16597
16600
16605
16608
16609
16609
16613
16620
16622
16631
16638
16640
16642
16647
16649
16649
16653
16657
16663
16667
16669
16683
16683
16683
16684
16685
16686
16690
16694
16694
16695
16695
16697
16701
16702
16706
16710
16714
16727
16732
16732
16737
16737
16740
16740
16741
16743
16744
16744
16745
16746
16761
16769
16769
16774
16775
16778
16783
16784
16791
16793
16796
16802
16803
16814
16817
16821
16823
16823
16825
16828
16832
16833
16841
16844
16858
16863
16864
16869
16869
16882
16886
16892
16897
16898
16901
16920
16921
16923
16923
16926
16926
16935
16937
16939
16939
16941
16941
16943
16949
16951
16952
16955
16962
16962
16963
16964
16971
16973
16977
16980
16985
16987
16988
16993
16995
16995
16996
17002
17002
17004
17006
17007
17009
17010
17014
17016
17032
17033
17034
17038
17039
17043
17051
17052
17052
17052
17055
17059
17061
17068
17068
17073
17076
17082
17085
17088
17089
17090
17090
17093
17095
17097
17100
17113
17116
17116
17117
17117
17121
17122
17126
17140
17144
17145
17156
17160
17166
17180
17186
17200
17202
17211
17211
17212
17216
17217
17223
17223
17225
17230
17230
17231
17232
17239
17240
17248
17248
17250
17253
17255
17255
17257
17265
17267
17271
17272
17273
17275
17278
17283
17290
17294
17297
17297
17299
17300
17302
17302
17302
17303
17305
17306
17307
17308
17308
17310
17313
17318
17325
17337
17339
17342
17355
17358
17358
17363
17364
17366
17366
17367
17372
17374
17375
17378
17379
17379
17379
17380
17383
17383
17384
17387
17389
17393
17411
17412
17414
17414
17416
17418
17419
17420
17425
17425
17440
17445
17446
17455
17460
17462
17462
17463
17463
17464
17469
17471
17479
17481
17489
17490
17495
17495
17502
17505
17507
17511
17513
17519
17519
17524
17527
17537
17542
17543
17547
17549
17551
17554
17554
17554
17556
17556
17558
17559
17560
17561
17562
17568
17570
17575
17579
17580
17584
17588
17589
17590
17593
17593
17599
17600
17610
17616
17616
17618
17621
17625
17629
17631
17635
17636
17640
17640
17642
17642
17647
17651
17652
17653
17654
17658
17661
17669
17672
17677
17679
17682
17684
17684
17688
17690
17691
17694
17699
17702
17705
17707
17712
17716
17717
17721
17724
17726
17727
17727
17728
17729
17738
17742
17742
17744
17745
17747
17750
17752
17753
17764
17766
17770
17774
17776
17777
17780
17790
17790
17791
17792
17801
17801
17805
17807
17807
17807
17809
17811
17812
17814
17815
17815
17817
17817
17817
17824
17834
17837
17837
17841
17842
17849
17855
17857
17858
17864
17867
17872
17874
17876
17878
17878
17880
17884
17884
17893
17899
17914
17920
17923
17926
17928
17937
17938
17942
17946
17947
17949
17951
17954
17957
17960
17960
17964
17965
17971
17985
17985
17989
17990
17992
17996
17997
17998
17999
18000
18002
18005
18007
18007
18026
18032
18033
18035
18036
18053
18058
18060
18062
18063
18079
18082
18103
18110
18112
18117
18122
18125
18129
18133
18136
18141
18143
18145
18146
18146
18148
18149
18149
18153
18153
18156
18171
18175
18177
18178
18179
18183
18185
18187
18190
18192
18196
18199
18200
18201
18201
18203
18203
18203
18210
18213
18213
18214
18220
18221
18228
18231
18232
18234
18236
18236
18237
18237
18238
18239
18244
18246
18250
18254
18260
18261
18261
18261
18266
18270
18274
18274
18275
18278
18281
18283
18291
18291
18292
18292
18293
18300
18300
18306
18309
18311
18317
18319
18321
18326
18333
18334
18338
18339
18339
18340
18346
18347
18347
18352
18364
18366
18366
18368
18370
18374
18374
18375
18375
18382
18384
18385
18385
18386
18394
18395
18396
18397
18397
18397
18399
18399
18406
18408
18416
18417
18418
18420
18421
18424
18428
18429
18429
18436
18438
18439
18443
18444
18450
18451
18452
18453
18457
18462
18468
18474
18475
18475
18478
18481
18484
18495
18495
18496
18500
18503
18506
18508
18521
18522
18526
18526
18532
18533
18536
18539
18540
18554
18556
18557
18567
18568
18569
18571
18571
18572
18575
18587
18587
18598
18599
18603
18603
18605
18608
18608
18610
18614
18619
18621
18627
18634
18634
18637
18641
18643
18645
18649
18650
18652
18654
18657
18666
18669
18678
18681
18688
18690
18691
18699
18701
18701
18702
18702
18707
18712
18713
18713
18714
18715
18715
18722
18722
18724
18726
18731
18731
18732
18736
18738
18742
18744
18747
18748
18755
18761
18761
18764
18766
18768
18778
18781
18783
18786
18787
18791
18792
18796
18797
18799
18800
18801
18804
18804
18807
18810
18810
18815
18817
18820
18821
18821
18827
18840
18842
18846
18846
18849
18851
18854
18856
18859
18866
18870
18875
18876
18879
18888
18890
18892
18894
18895
18895
18900
18902
18909
18909
18911
18911
18914
18914
18916
18919
18921
18925
18926
18928
18936
18936
18942
18949
18954
18955
18958
18958
18960
18962
18964
18965
18966
18967
18976
18979
18980
18982
18982
18988
18988
18991
18995
18997
18998
18999
19004
19007
19015
19017
19019
19020
19028
19028
19029
19030
19037
19039
19044
19044
19047
19049
19055
19063
19067
19081
19086
19093
19095
19096
19096
19101
19102
19104
19113
19122
19126
19127
19132
19133
19136
19139
19141
19142
19146
19149
19157
19158
19159
19161
19169
19170
19171
19173
19176
19179
19187
19187
19196
19204
19205
19209
19214
19214
19215
19220
19225
19227
19229
19236
19242
19245
19246
19250
19251
19256
19257
19259
19268
19271
19276
19278
19287
19288
19289
19291
19291
19299
19299
19302
19303
19305
19307
19310
19316
19320
19332
19335
19342
19346
19347
19349
19359
19360
19361
19366
19372
19382
19383
19384
19386
19390
19391
19392
19397
19401
19405
19406
19407
19408
19417
19418
19421
19425
19428
19430
19433
19434
19435
19439
19442
19443
19444
19444
19446
19449
19450
19451
19452
19457
19461
19466
19466
19477
19482
19484
19488
19489
19494
19496
19499
19503
19504
19505
19510
19517
19519
19520
19523
19524
19529
19532
19534
19534
19535
19537
19549
19549
19550
19552
19554
19557
19559
19561
19563
19565
19566
19569
19569
19573
19573
19576
19578
19580
19580
19583
19587
19588
19597
19599
19601
19602
19603
19604
19604
19620
19628
19628
19631
19633
19634
19636
19640
19641
19642
19650
19650
19657
19660
19674
19675
19677
19679
19685
19687
19688
19693
19696
19698
19702
19703
19704
19715
19720
19725
19736
19738
19739
19739
19741
19742
19742
19745
19748
19749
19749
19751
19755
19757
19761
19761
19762
19766
19772
19773
19774
19777
19779
19781
19785
19789
19797
19802
19804
19809
19812
19816
19816
19817
19821
19826
19831
19835
19840
19843
19845
19849
19853
19854
19855
19856
19862
19869
19871
19880
19881
19885
19892
19892
19893
19905
19914
19915
19915
19921
19923
19924
19925
19926
19926
19927
19931
19932
19932
19933
19941
19944
19946
19950
19951
19961
19963
19966
19969
19970
19973
19978
19980
19980
19986
19986
19987
19988
19989
19990
19992
19995
19997
19998
20001
20007
20010
20010
20011
20012
20012
20019
20023
20023
20025
20025
20032
20035
20036
20036
20037
20047
20054
20057
20059
20061
20076
20077
20083
20091
20099
20102
20107
20108
20109
20132
20141
20149
20149
20150
20150
20154
20154
20155
20155
20156
20159
20160
20167
20178
20185
20187
20190
20193
20195
20195
20197
20204
20205
20205
20205
20208
20211
20212
20215
20215
20220
20222
20222
20229
20234
20245
20248
20249
20254
20261
20265
20266
20269
20271
20278
20282
20283
20284
20287
20289
20290
20297
20299
20300
20303
20309
20311
20312
20312
20314
20318
20331
20333
20340
20354
20358
20362
20364
20366
20367
20379
20380
20380
20381
20385
20386
20387
20388
20388
20391
20394
20396
20399
20400
20402
20404
20405
20405
20406
20409
20412
20413
20414
20414
20414
20415
20415
20418
20423
20425
20429
20440
20442
20448
20449
20449
20451
20451
20452
20455
20456
20457
20460
20461
20463
20465
20468
20470
20470
20473
20477
20485
20496
20502
20516
20524
20528
20533
20537
20539
20542
20545
20545
20546
20547
20548
20553
20553
20553
20555
20556
20562
20562
20564
20564
20568
20569
20569
20574
20585
20588
20588
20600
20601
20608
20612
20614
20621
20621
20622
20625
20631
20631
20633
20634
20640
20641
20648
20651
20656
20656
20667
20668
20669
20676
20681
20681
20684
20688
20689
20691
20692
20693
20696
20699
20703
20707
20708
20721
20724
20728
20733
20735
20736
20738
20742
20743
20746
20757
20760
20768
20768
20768
20770
20801
20805
20816
20820
20821
20823
20823
20826
20830
20832
20835
20840
20845
20845
20847
20847
20851
20852
20866
20870
20871
20871
20872
20872
20873
20881
20888
20889
20892
20893
20896
20898
20901
20903
20913
20914
20924
20929
20934
20936
20938
20939
20940
20940
20941
20941
20948
20949
20951
20954
20966
20968
20970
20970
20972
20976
20984
20989
20992
20999
21001
21002
21004
21006
21013
21014
21026
21027
21028
21030
21031
21031
21033
21035
21040
21040
21041
21041
21060
21060
21063
21066
21069
21073
21078
21078
21085
21086
21088
21091
21094
21098
21098
21101
21106
21109
21112
21112
21115
21119
21120
21131
21135
21139
21146
21146
21149
21149
21152
21153
21158
21162
21163
21166
21168
21172
21182
21187
21189
21189
21190
21192
21192
21193
21195
21198
21200
21205
21210
21211
21212
21213
21218
21224
21233
21242
21242
21244
21262
21263
21266
21267
21268
21269
21271
21278
21280
21284
21285
21286
21287
21298
21300
21301
21303
21304
21305
21310
21312
21313
21323
21324
21324
21329
21335
21335
21351
21351
21353
21355
21361
21361
21363
21363
21373
21375
21383
21387
21389
21400
21402
21403
21404
21411
21412
21412
21412
21413
21414
21420
21420
21421
21423
21424
21426
21426
21427
21442
21442
21445
21446
21452
21452
21458
21461
21462
21464
21474
21482
21483
21483
21483
21487
21488
21490
21494
21504
21506
21507
21510
21511
21513
21513
21520
21521
21524
21526
21528
21528
21528
21529
21534
21537
21538
21540
21540
21540
21542
21543
21545
21545
21550
21558
21561
21564
21565
21574
21575
21576
21577
21581
21586
21591
21593
21594
21595
21596
21598
21599
21599
21600
21601
21602
21602
21605
21607
21608
21626
21630
21632
21632
21634
21655
21656
21658
21661
21661
21669
21671
21672
21673
21673
21674
21676
21679
21688
21688
21690
21697
21700
21707
21707
21720
21721
21722
21725
21730
21741
21741
21741
21742
21742
21748
21748
21753
21753
21760
21762
21767
21773
21774
21777
21787
21788
21789
21792
21793
21796
21806
21806
21813
21819
21820
21821
21837
21837
21837
21842
21842
21845
21848
21851
21854
21855
21858
21865
21866
21872
21873
21877
21878
21878
21879
21880
21880
21884
21886
21889
21890
21892
21893
21900
21900
21902
21903
21907
21909
21913
21918
21927
21932
21935
21940
21943
21944
21948
21950
21954
21959
21960
21964
21976
21977
21979
21980
21986
21992
22000
22001
22009
22017
22025
22026
22032
22036
22043
22051
22051
22053
22062
22063
22064
22066
22068
22074
22074
22077
22078
22080
22084
22084
22085
22085
22087
22090
22100
22101
22105
22108
22110
22114
22115
22119
22123
22130
22130
22136
22137
22138
22142
22142
22143
22144
22144
22145
22149
22149
22155
22162
22163
22165
22166
22174
22179
22179
22180
22181
22184
22185
22187
22189
22191
22191
22199
22202
22212
22213
22214
22214
22220
22221
22221
22225
22226
22230
22233
22237
22239
22243
22246
22249
22251
22253
22256
22264
22264
22267
22271
22282
22283
22285
22288
22290
22291
22299
22299
22301
22302
22303
22306
22308
22310
22315
22315
22315
22318
22319
22320
22333
22333
22334
22337
22344
22345
22346
22350
22351
22353
22361
22364
22366
22371
22373
22373
22374
22376
22380
22381
22381
22388
22396
22400
22400
22402
22403
22403
22403
22406
22408
22419
22420
22421
22421
22424
22425
22431
22431
22435
22438
22439
22443
22446
22450
22450
22452
22455
22455
22456
22458
22459
22459
22461
22462
22466
22467
22467
22469
22469
22470
22470
22477
22482
22485
22488
22489
22490
22494
22498
22505
22507
22507
22511
22513
22515
22519
22523
22527
22531
22533
22533
22534
22538
22539
22543
22552
22554
22555
22565
22574
22575
22581
22582
22582
22586
22586
22589
22590
22592
22593
22595
22596
22597
22598
22601
22602
22602
22603
22603
22611
22611
22612
22613
22614
22616
22616
22616
22617
22622
22626
22627
22629
22632
22632
22633
22633
22634
22637
22640
22643
22645
22649
22659
22659
22661
22661
22661
22664
22673
22674
22675
22677
22678
22683
22684
22687
22690
22693
22700
22701
22709
22710
22715
22716
22721
22725
22725
22731
22732
22732
22735
22735
22740
22741
22749
22753
22754
22755
22757
22757
22759
22762
22765
22771
22778
22778
22781
22781
22784
22784
22787
22787
22798
22799
22800
22804
22809
22814
22816
22823
22824
22829
22835
22838
22838
22845
22846
22847
22848
22848
22849
22854
22856
22857
22858
22869
22869
22875
22882
22884
22885
22893
22893
22894
22894
22898
22898
22899
22910
22912
22918
22929
22933
22935
22939
22939
22940
22944
22953
22960
22963
22966
22968
22972
22988
22990
22991
22992
22993
22994
23003
23007
23010
23013
23016
23019
23024
23028
23034
23040
23052
23056
23059
23063
23066
23066
23068
23070
23071
23073
23076
23077
23082
23082
23087
23087
23091
23092
23096
23099
23099
23100
23102
23104
23105
23113
23114
23119
23119
23128
23137
23139
23142
23154
23154
23156
23166
23168
23172
23172
23174
23176
23184
23190
23195
23196
23200
23201
23202
23203
23204
23206
23208
23217
23218
23220
23230
23231
23231
23235
23239
23243
23249
23251
23254
23256
23257
23263
23265
23267
23278
23280
23282
23284
23288
23291
23298
23302
23303
23309
23315
23315
23316
23321
23326
23328
23330
23332
23335
23336
23337
23338
23338
23340
23340
23343
23350
23351
23352
23353
23359
23365
23366
23370
23370
23372
23375
23383
23386
23387
23399
23409
23409
23424
23426
23429
23430
23438
23440
23453
23453
23455
23458
23470
23470
23477
23478
23489
23492
23497
23517
23521
23522
23523
23523
23524
23526
23531
23531
23534
23536
23542
23542
23548
23560
23563
23566
23570
23572
23573
23573
23577
23578
23582
23586
23587
23592
23602
23613
23614
23617
23620
23620
23621
23622
23628
23634
23640
23643
23646
23647
23652
23653
23658
23661
23668
23669
23669
23670
23691
23691
23698
23706
23708
23709
23709
23712
23713
23718
23719
23721
23724
23725
23741
23745
23749
23752
23761
23761
23762
23765
23767
23771
23780
23782
23785
23789
23791
23799
23801
23803
23804
23804
23804
23806
23809
23814
23821
23821
23832
23836
23840
23842
23850
23851
23859
23871
23873
23880
23880
23881
23886
23890
23890
23894
23896
23896
23898
23900
23902
23909
23911
23917
23918
23919
23921
23923
23926
23929
23933
23933
23937
23944
23957
23968
23968
23970
23974
23974
23983
23990
23999
24002
24002
24010
24016
24021
24022
24024
24026
24033
24036
24039
24042
24043
24046
24047
24047
24049
24050
24053
24060
24064
24072
24074
24074
24075
24076
24082
24090
24095
24100
24103
24107
24111
24112
24112
24115
24118
24119
24119
24131
24132
24135
24135
24139
24140
24141
24144
24144
24151
24152
24152
24154
24155
24155
24157
24162
24165
24169
24173
24174
24176
24178
24183
24184
24185
24191
24195
24195
24196
24198
24200
24200
24201
24203
24205
24210
24210
24210
24211
24213
24220
24221
24224
24230
24236
24239
24244
24246
24251
24257
24263
24267
24269
24271
24271
24278
24280
24283
24287
24292
24293
24299
24307
24315
24316
24327
24337
24339
24350
24351
24351
24352
24356
24359
24361
24363
24369
24370
24373
24376
24377
24379
24384
24384
24400
24412
24413
24413
24416
24417
24420
24420
24421
24424
24442
24449
24450
24450
24450
24457
24458
24459
24459
24465
24470
24473
24473
24483
24483
24490
24494
24494
24497
24497
24500
24500
24502
24504
24504
24505
24508
24512
24515
24521
24521
24530
24540
24540
24544
24544
24545
24545
24545
24549
24551
24552
24553
24561
24568
24569
24572
24574
24590
24601
24603
24604
24607
24610
24615
24623
24626
24629
24632
24642
24647
24649
24651
24651
24655
24666
24673
24674
24678
24680
24685
24687
24688
24691
24692
24704
24704
24705
24706
24707
24713
24714
24723
24724
24724
24725
24728
24729
24729
24733
24734
24736
24737
24738
24741
24742
24742
24743
24745
24748
24754
24767
24772
24773
24774
24774
24780
24782
24786
24788
24789
24789
24790
24791
24791
24794
24795
24796
24811
24814
24815
24817
24817
24826
24831
24837
24845
24851
24852
24858
24862
24862
24863
24864
24866
24869
24874
24876
24877
24886
24888
24888
24896
24898
24899
24902
24902
24904
24907
24908
24912
24914
24917
24919
24924
24937
24937
24938
24939
24944
24946
24947
24949
24950
24956
24961
24961
24964
24970
24974
24976
24982
24985
24991
24993
25001
25002
25003
25005
25007
25007
25011
25011
25014
25019
25023
25024
25034
25035
25036
25037
25039
25039
25042
25046
25051
25053
25056
25060
25060
25064
25067
25071
25072
25076
25079
25080
25085
25090
25093
25096
25100
25101
25105
25106
25117
25118
25121
25122
25122
25123
25130
25135
25151
25158
25159
25160
25161
25161
25167
25167
25171
25173
25179
25181
25201
25202
25206
25210
25213
25216
25216
25220
25225
25226
25228
25236
25248
25254
25257
25257
25258
25263
25265
25269
25272
25281
25289
25294
25296
25300
25302
25308
25310
25310
25314
25325
25332
25333
25333
25333
25337
25338
25346
25347
25352
25357
25357
25361
25362
25363
25363
25381
25390
25391
25395
25400
25400
25403
25405
25411
25413
25415
25420
25421
25422
25427
25432
25435
25435
25435
25437
25437
25439
25440
25448
25457
25459
25461
25462
25466
25471
25472
25483
25486
25493
25499
25503
25505
25508
25513
25514
25514
25515
25523
25527
25527
25528
25534
25535
25544
25546
25552
25555
25557
25558
25561
25562
25565
25571
25571
25573
25574
25578
25579
25583
25585
25586
25589
25592
25596
25597
25601
25604
25606
25607
25610
25610
25612
25617
25625
25627
25628
25632
25638
25644
25646
25655
25656
25660
25663
25666
25673
25674
25683
25689
25695
25698
25698
25702
25703
25704
25709
25720
25726
25730
25731
25737
25740
25751
25752
25762
25783
25784
25785
25787
25787
25790
25796
25797
25803
25805
25808
25808
25818
25820
25823
25835
25844
25844
25849
25854
25861
25863
25864
25865
25865
25865
25869
25874
25878
25885
25890
25897
25898
25899
25901
25902
25902
25909
25910
25913
25916
25916
25919
25928
25928
25929
25931
25949
25953
25953
25954
25955
25957
25965
25968
25971
25972
25973
25975
25975
25980
25985
25985
25994
25995
25997
25998
26000
26003
26010
26012
26017
26024
26031
26032
26032
26033
26034
26035
26039
26039
26041
26045
26045
26046
26047
26049
26057
26060
26062
26064
26067
26068
26068
26069
26075
26079
26081
26086
26096
26097
26106
26115
26121
26122
26123
26123
26124
26124
26134
26135
26136
26140
26140
26143
26143
26145
26149
26153
26160
26160
26164
26164
26169
26171
26177
26179
26179
26183
26184
26185
26192
26194
26195
26196
26197
26205
26209
26213
26214
26220
26222
26222
26225
26229
26234
26238
26243
26244
26253
26255
26257
26260
26262
26264
26280
26287
26292
26295
26301
26302
26305
26305
26305
26308
26315
26317
26323
26326
26329
26341
26341
26353
26357
26366
26366
26372
26376
26379
26383
26386
26387
26389
26391
26397
26398
26400
26403
26414
26417
26423
26428
26428
26430
26434
26435
26437
26438
26442
26443
26443
26454
26457
26457
26458
26459
26461
26464
26465
26466
26471
26473
26473
26475
26476
26478
26488
26489
26501
26501
26503
26509
26510
26517
26524
26528
26531
26532
26533
26535
26542
26545
26550
26552
26556
26557
26559
26561
26566
26570
26574
26578
26580
26581
26581
26586
26588
26591
26593
26598
26599
26600
26602
26609
26611
26612
26615
26617
26617
26627
26628
26633
26635
26637
26638
26644
26648
26651
26656
26657
26658
26661
26661
26665
26672
26678
26683
26685
26689
26690
26691
26691
26692
26693
26698
26699
26704
26704
26705
26707
26710
26712
26715
26719
26720
26723
26727
26729
26736
26737
26738
26743
26744
26745
26747
26748
26760
26761
26763
26768
26775
26777
26778
26780
26783
26788
26788
26790
26792
26798
26799
26805
26815
26829
26832
26834
26839
26846
26852
26856
26858
26858
26858
26858
26862
26864
26866
26867
26867
26868
26869
26873
26879
26882
26887
26888
26888
26889
26889
26890
26896
26900
26910
26915
26915
26919
26920
26929
26929
26930
26930
26936
26937
26940
26943
26943
26945
26949
26954
26963
26965
26969
26978
26980
26980
26982
26985
26987
26989
26991
26991
26993
27004
27010
27011
27016
27016
27017
27043
27043
27049
27051
27064
27068
27070
27075
27080
27081
27088
27090
27090
27090
27091
27097
27101
27114
27118
27118
27121
27124
27127
27131
27141
27142
27145
27149
27150
27151
27151
27151
27160
27173
27177
27179
27180
27181
27182
27182
27186
27189
27192
27193
27195
27204
27212
27212
27213
27215
27218
27218
27221
27224
27228
27231
27233
27234
27237
27242
27248
27248
27251
27260
27263
27273
27279
27280
27284
27291
27293
27301
27309
27311
27312
27315
27321
27324
27326
27328
27338
27345
27346
27348
27351
27356
27359
27359
27360
27360
27362
27369
27372
27373
27374
27379
27382
27386
27392
27399
27400
27403
27403
27410
27411
27412
27412
27415
27421
27426
27431
27432
27433
27434
27434
27435
27435
27436
27438
27440
27441
27442
27447
27451
27451
27453
27455
27457
27457
27460
27462
27464
27464
27467
27468
27469
27469
27472
27474
27476
27476
27487
27491
27492
27495
27495
27499
27501
27509
27511
27512
27516
27516
27519
27520
27524
27542
27543
27544
27544
27544
27552
27558
27560
27566
27569
27573
27575
27575
27575
27577
27580
27583
27592
27592
27592
27600
27610
27612
27618
27624
27624
27625
27633
27633
27636
27641
27642
27651
27651
27651
27652
27653
27654
27656
27657
27657
27658
27659
27668
27676
27676
27682
27684
27686
27688
27690
27691
27692
27693
27710
27717
27718
27719
27720
27721
27726
27730
27731
27734
27736
27736
27736
27737
27745
27746
27748
27753
27757
27765
27766
27766
27767
27769
27769
27771
27780
27796
27804
27805
27814
27814
27817
27818
27825
27825
27828
27828
27829
27829
27834
27837
27837
27843
27847
27849
27858
27859
27869
27870
27874
27874
27875
27876
27877
27877
27878
27879
27881
27882
27882
27891
27892
27892
27898
27907
27910
27912
27916
27918
27919
27932
27940
27944
27948
27953
27954
27956
27962
27962
27964
27970
27973
27978
27979
27982
27993
27996
27998
27999
27999
28000
28006
28007
28012
28014
28014
28016
28019
28029
28034
28036
28036
28036
28037
28042
28049
28050
28050
28056
28057
28060
28069
28075
28076
28080
28083
28087
28087
28088
28089
28089
28103
28107
28109
28111
28111
28111
28115
28123
28125
28127
28134
28143
28148
28149
28156
28160
28165
28166
28171
28174
28176
28179
28191
28191
28197
28201
28207
28208
28210
28219
28220
28221
28221
28224
28230
28233
28236
28238
28252
28254
28260
28262
28268
28268
28269
28276
28276
28281
28281
28282
28284
28298
28299
28303
28308
28314
28315
28322
28324
28324
28326
28329
28332
28334
28338
28341
28341
28345
28348
28349
28349
28350
28358
28359
28373
28382
28382
28388
28398
28400
28403
28403
28403
28404
28405
28405
28406
28407
28409
28410
28414
28427
28438
28443
28450
28451
28451
28452
28454
28457
28465
28471
28471
28474
28480
28480
28482
28482
28482
28483
28486
28487
28490
28491
28493
28494
28498
28514
28516
28519
28521
28524
28534
28538
28539
28539
28541
28542
28544
28545
28548
28550
28552
28560
28563
28573
28577
28582
28582
28583
28584
28587
28591
28595
28595
28600
28607
28608
28611
28615
28619
28620
28630
28631
28644
28651
28655
28657
28660
28661
28665
28668
28669
28673
28674
28678
28680
28681
28682
28683
28685
28690
28695
28695
28703
28718
28719
28720
28721
28723
28727
28729
28731
28732
28733
28741
28741
28746
28749
28754
28759
28761
28762
28762
28764
28766
28768
28769
28774
28775
28782
28784
28789
28796
28796
28801
28807
28807
28809
28814
28816
28819
28827
28827
28829
28829
28833
28834
28839
28840
28841
28842
28849
28851
28860
28861
28863
28865
28871
28878
28879
28880
28880
28887
28900
28901
28906
28907
28907
28912
28914
28921
28924
28926
28928
28931
28933
28936
28942
28942
28943
28944
28947
28952
28967
28968
28969
28973
28975
28976
28980
28983
28984
28985
28987
28987
28995
28997
28997
28998
29000
29001
29005
29006
29018
29019
29020
29026
29026
29028
29039
29043
29044
29055
29061
29072
29076
29077
29078
29079
29081
29083
29092
29095
29096
29097
29105
29111
29113
29116
29120
29122
29129
29129
29129
29131
29133
29137
29139
29139
29141
29144
29147
29148
29150
29151
29152
29154
29156
29160
29161
29163
29165
29166
29182
29184
29184
29192
29194
29197
29198
29198
29199
29202
29204
29208
29213
29217
29220
29221
29224
29227
29230
29240
29244
29248
29249
29251
29252
29258
29259
29267
29268
29272
29273
29274
29274
29277
29284
29285
29287
29296
29306
29308
29311
29318
29320
29321
29321
29323
29327
29327
29334
29335
29336
29339
29352
29354
29355
29356
29356
29356
29360
29364
29366
29373
29374
29375
29379
29379
29380
29381
29383
29384
29387
29391
29398
29398
29406
29415
29420
29421
29421
29423
29425
29431
29436
29438
29440
29444
29445
29445
29447
29454
29457
29463
29467
29469
29475
29477
29484
29487
29488
29492
29505
29506
29507
29510
29510
29516
29523
29524
29526
29526
29529
29535
29535
29537
29540
29549
29550
29550
29553
29553
29554
29558
29561
29561
29562
29563
29564
29565
29566
29570
29571
29576
29577
29580
29587
29595
29596
29599
29602
29602
29604
29604
29610
29613
29613
29615
29620
29621
29622
29627
29635
29636
29636
29640
29643
29644
29644
29656
29661
29666
29672
29673
29674
29681
29682
29691
29694
29695
29695
29696
29701
29704
29704
29704
29706
29709
29712
29713
29715
29716
29717
29721
29723
29734
29736
29737
29739
29749
29749
29752
29758
29760
29761
29764
29765
29767
29773
29775
29785
29790
29801
29803
29808
29815
29816
29821
29824
29824
29824
29825
29827
29834
29837
29837
29838
29841
29857
29857
29861
29863
29874
29884
29890
29891
29892
29897
29897
29908
29920
29921
29923
29924
29924
29924
29930
29935
29936
29941
29950
29951
29953
29955
29958
29965
29970
29976
29977
29978
29979
29980
29989
30004
30015
30022
30029
30036
30038
30039
30039
30043
30046
30049
30051
30055
30059
30063
30065
30067
30069
30069
30072
30072
30076
30076
30078
30078
30082
30083
30087
30088
30095
30099
30108
30109
30110
30116
30120
30125
30128
30132
30136
30138
30142
30149
30150
30156
30160
30167
30168
30171
30178
30181
30185
30185
30186
30193
30201
30201
30204
30206
30206
30212
30215
30215
30222
30224
30225
30229
30230
30232
30234
30234
30235
30238
30240
30241
30243
30244
30247
30248
30255
30259
30259
30262
30265
30272
30277
30280
30281
30284
30287
30289
30292
30297
30297
30303
30305
30312
30313
30325
30330
30336
30340
30346
30348
30348
30349
30351
30352
30355
30363
30365
30366
30377
30378
30381
30385
30390
30393
30405
30409
30413
30417
30425
30429
30432
30436
30451
30452
30454
30455
30456
30457
30459
30462
30463
30464
30465
30468
30472
30473
30480
30485
30490
30507
30509
30510
30513
30514
30516
30519
30531
30540
30540
30543
30547
30548
30567
30574
30577
30578
30580
30580
30581
30584
30587
30591
30595
30599
30602
30606
30616
30619
30620
30624
30625
30626
30632
30632
30635
30637
30642
30648
30651
30652
30657
30658
30658
30665
30666
30667
30673
30674
30679
30680
30685
30690
30694
30701
30702
30705
30708
30711
30714
30717
30721
30723
30724
30729
30735
30738
30739
30742
30742
30743
30745
30750
30752
30753
30755
30757
30760
30760
30763
30764
30765
30770
30776
30776
30779
30785
30793
30804
30806
30808
30810
30811
30814
30816
30820
30824
30826
30826
30826
30828
30837
30839
30840
30846
30854
30854
30856
30857
30860
30864
30867
30874
30879
30880
30889
30891
30891
30891
30898
30899
30901
30901
30903
30918
30922
30926
30927
30929
30936
30938
30942
30954
30955
30959
30959
30960
30964
30967
30986
30989
30993
30995
30999
31003
31003
31008
31011
31014
31023
31026
31028
31029
31035
31038
31039
31042
31044
31057
31061
31062
31066
31068
31072
31074
31079
31080
31082
31083
31091
31091
31092
31095
31105
31111
31112
31112
31114
31115
31116
31117
31118
31127
31127
31129
31134
31140
31144
31147
31158
31159
31167
31179
31181
31185
31190
31190
31191
31195
31199
31203
31204
31212
31213
31215
31216
31216
31216
31224
31224
31226
31229
31230
31236
31242
31248
31250
31250
31254
31254
31257
31263
31267
31268
31270
31278
31278
31287
31293
31299
31307
31316
31316
31322
31323
31324
31329
31334
31334
31335
31335
31340
31344
31348
31348
31359
31364
31365
31369
31370
31373
31375
31375
31379
31384
31395
31396
31405
31407
31411
31416
31424
31425
31426
31429
31444
31446
31450
31458
31458
31463
31466
31469
31472
31476
31483
31488
31488
31491
31494
31499
31504
31505
31506
31508
31511
31531
31534
31535
31535
31537
31538
31538
31538
31547
31556
31557
31557
31560
31561
31561
31568
31569
31573
31574
31584
31586
31587
31588
31590
31602
31604
31609
31613
31615
31625
31630
31632
31634
31635
31637
31638
31640
31641
31642
31643
31647
31651
31655
31659
31659
31663
31663
31666
31667
31672
31673
31674
31687
31687
31689
31690
31694
31695
31698
31699
31703
31704
31707
31708
31709
31710
31715
31715
31716
31717
31717
31723
31724
31727
31728
31730
31736
31743
31746
31757
31758
31758
31765
31766
31767
31767
31767
31774
31774
31782
31782
31782
31783
31785
31785
31791
31795
31795
31796
31797
31800
31806
31810
31811
31818
31819
31834
31835
31836
31838
31840
31848
31849
31852
31855
31856
31857
31859
31859
31861
31865
31866
31867
31871
31874
31874
31875
31875
31876
31876
31883
31886
31887
31898
31901
31903
31903
31908
31912
31915
31919
31920
31920
31929
31930
31939
31941
31943
31949
31952
31953
31954
31957
31960
31962
31965
31967
31969
31970
31972
31977
31982
31982
31984
31987
31987
31992
31996
31998
32001
32005
32005
32011
32013
32016
32016
32016
32017
32017
32018
32019
32022
32025
32027
32030
32035
32037
32039
32040
32042
32042
32045
32045
32049
32057
32061
32065
32065
32066
32069
32069
32072
32075
32077
32079
32080
32082
32105
32106
32107
32107
32109
32116
32123
32124
32124
32134
32144
32150
32159
32159
32161
32164
32171
32174
32178
32180
32185
32186
32191
32192
32195
32196
32198
32210
32211
32211
32215
32225
32227
32227
32228
32228
32237
32237
32242
32242
32243
32245
32246
32247
32250
32251
32259
32260
32263
32265
32265
32271
32273
32274
32277
32288
32288
32290
32290
32292
32294
32307
32310
32315
32320
32323
32324
32329
32331
32335
32342
32344
32345
32348
32349
32350
32351
32353
32357
32361
32365
32374
32378
32380
32381
32381
32383
32383
32384
32390
32396
32401
32402
32404
32406
32414
32415
32415
32418
32419
32421
32422
32428
32429
32438
32438
32440
32440
32442
32444
32445
32448
32450
32454
32455
32458
32459
32461
32462
32463
32465
32466
32466
32468
32475
32480
32482
32483
32484
32486
32491
32497
32504
32519
32520
32524
32524
32530
32531
32531
32533
32535
32538
32539
32544
32545
32545
32546
32550
32553
32553
32555
32556
32556
32561
32562
32563
32563
32563
32563
32567
32568
32570
32572
32573
32579
32581
32583
32585
32590
32596
32607
32607
32607
32617
32620
32620
32621
32623
32631
32631
32632
32634
32634
32635
32646
32646
32653
32655
32659
32659
32677
32679
32680
32681
32682
32683
32684
32688
32691
32698
32711
32711
32719
32721
32731
32732
32732
32757
32757
32758
32759
32761
32766
32766
32767
