1
2
6
6
9
13
16
20
22
28
29
29
36
36
36
37
43
46
47
55
56
64
76
77
78
86
87
87
93
96
96
101
102
105
112
121
122
122
122
128
131
135
137
143
143
146
147
148
150
152
154
162
165
165
166
169
170
182
190
192
193
193
198
201
206
213
217
217
220
224
224
233
236
237
246
246
246
248
255
255
257
268
269
269
269
271
273
274
275
278
280
289
290
292
300
301
301
302
304
306
308
308
309
314
320
321
324
327
331
336
336
339
339
352
353
355
356
357
364
373
376
377
378
378
378
381
388
393
394
410
412
414
416
425
426
428
429
430
431
433
436
442
444
446
448
452
455
455
456
456
463
464
470
478
481
484
488
498
505
511
519
525
528
528
529
532
534
534
535
537
539
542
545
546
547
551
555
556
559
559
563
564
565
567
572
575
578
579
582
583
586
587
588
588
589
593
596
601
607
610
610
611
612
620
621
622
630
637
638
639
644
645
645
652
653
660
668
672
675
675
677
680
682
685
689
690
691
695
701
702
710
714
714
722
723
724
731
734
735
737
741
741
742
745
746
746
747
748
749
758
761
764
768
769
772
776
777
785
797
799
810
815
822
824
826
831
831
835
838
842
842
843
843
844
847
849
850
851
852
854
863
869
871
881
888
890
900
904
907
907
918
922
922
923
931
936
951
957
957
965
965
966
967
969
970
971
971
973
977
978
979
980
984
988
991
999
1001
1002
1007
1008
1010
1017
1018
1022
1024
1027
1031
1038
1043
1047
1048
1051
1054
1058
1061
1065
1065
1066
1069
1075
1076
1079
1079
1083
1087
1090
1092
1097
1106
1108
1108
1109
1110
1111
1121
1124
1124
1125
1127
1129
1131
1132
1151
1151
1151
1155
1159
1179
1190
1194
1200
1210
1212
1215
1216
1216
1217
1219
1221
1223
1229
1240
1247
1251
1260
1262
1267
1274
1277
1280
1282
1284
1286
1289
1290
1294
1297
1304
1305
1308
1314
1314
1314
1316
1316
1318
1320
1321
1321
1324
1329
1329
1329
1331
1331
1333
1335
1340
1343
1346
1346
1354
1356
1358
1358
1360
1360
1363
1375
1378
1380
1383
1384
1384
1388
1390
1390
1398
1407
1417
1417
1420
1424
1424
1426
1433
1433
1437
1448
1452
1454
1462
1468
1468
1470
1471
1475
1478
1480
1490
1502
1504
1504
1506
1509
1512
1514
1515
1522
1528
1532
1534
1540
1540
1541
1541
1545
1546
1547
1576
1587
1596
1600
1601
1607
1608
1613
1613
1615
1622
1624
1626
1629
1630
1630
1635
1636
1639
1641
1645
1646
1646
1647
1651
1651
1652
1656
1661
1677
1681
1682
1683
1686
1689
1694
1696
1697
1697
1697
1704
1704
1705
1706
1707
1708
1717
1717
1718
1719
1721
1730
1732
1732
1734
1735
1737
1741
1741
1749
1749
1754
1754
1755
1756
1760
1761
1762
1768
1774
1791
1792
1793
1794
1803
1804
1804
1805
1807
1813
1817
1817
1818
1821
1822
1832
1835
1840
1844
1848
1856
1857
1863
1863
1866
1867
1873
1874
1874
1881
1885
1887
1889
1902
1909
1910
1916
1926
1935
1940
1948
1957
1958
1959
1959
1959
1961
1962
1968
1968
1968
1968
1969
1969
1973
1974
1976
1981
1983
1984
1985
1987
1997
2001
2002
2014
2017
2019
2019
2028
2031
2038
2039
2040
2041
2045
2046
2046
2048
2051
2052
2056
2068
2068
2077
2077
2078
2079
2080
2083
2084
2088
2090
2090
2099
2100
2100
2102
2112
2113
2115
2121
2123
2125
2129
2136
2138
2138
2138
2140
2147
2159
2166
2176
2178
2184
2195
2196
2198
2202
2202
2208
2209
2215
2217
2218
2218
2223
2231
2234
2240
2240
2241
2250
2253
2255
2259
2267
2272
2286
2289
2290
2300
2305
2310
2313
2314
2316
2318
2320
2322
2326
2336
2341
2341
2342
2347
2350
2353
2353
2355
2358
2362
2363
2364
2365
2366
2382
2389
2393
2395
2396
2399
2399
2401
2416
2420
2420
2426
2433
2435
2435
2443
2447
2448
2454
2454
2459
2462
2471
2481
2483
2489
2494
2506
2507
2513
2515
2520
2520
2523
2530
2537
2538
2538
2539
2541
2543
2543
2544
2544
2545
2549
2550
2554
2555
2557
2559
2559
2566
2567
2572
2575
2579
2581
2582
2583
2587
2588
2591
2593
2594
2597
2597
2599
2602
2603
2609
2633
2634
2638
2640
2640
2643
2644
2645
2649
2650
2655
2657
2658
2661
2667
2673
2674
2684
2686
2687
2687
2689
2690
2693
2696
2710
2711
2714
2714
2716
2718
2721
2728
2735
2735
2746
2748
2749
2751
2756
2756
2759
2763
2764
2764
2765
2773
2774
2777
2781
2782
2783
2783
2786
2791
2792
2801
2806
2806
2808
2810
2815
2818
2826
2831
2836
2838
2843
2843
2864
2864
2872
2885
2887
2895
2896
2896
2900
2901
2904
2909
2911
2912
2913
2913
2914
2914
2915
2916
2917
2922
2933
2935
2939
2944
2944
2948
2950
2950
2951
2954
2957
2957
2972
2976
2989
2993
2995
3010
3010
3010
3020
3030
3030
3032
3035
3036
3045
3045
3049
3049
3053
3054
3055
3062
3066
3078
3083
3090
3092
3098
3104
3104
3106
3109
3110
3115
3120
3123
3124
3130
3132
3134
3135
3136
3138
3142
3143
3143
3144
3144
3147
3148
3150
3152
3153
3157
3158
3159
3162
3165
3166
3171
3181
3184
3186
3187
3188
3190
3195
3199
3199
3201
3203
3208
3213
3223
3226
3227
3227
3229
3239
3246
3251
3257
3258
3265
3266
3267
3269
3272
3276
3279
3281
3281
3286
3289
3291
3300
3300
3302
3305
3307
3307
3308
3313
3323
3328
3332
3333
3334
3337
3338
3343
3353
3355
3357
3359
3360
3367
3367
3367
3368
3374
3375
3379
3380
3380
3383
3386
3390
3399
3401
3404
3409
3421
3426
3431
3434
3436
3439
3441
3446
3454
3457
3458
3459
3462
3471
3472
3475
3478
3478
3480
3480
3484
3487
3487
3490
3497
3497
3505
3506
3510
3517
3519
3521
3523
3535
3536
3539
3541
3547
3547
3553
3556
3557
3562
3564
3566
3567
3567
3568
3581
3587
3587
3590
3600
3611
3615
3616
3619
3626
3628
3634
3641
3644
3646
3650
3660
3662
3662
3666
3667
3668
3676
3676
3678
3679
3683
3683
3694
3695
3698
3701
3703
3703
3703
3707
3708
3712
3716
3719
3721
3722
3723
3724
3725
3731
3733
3738
3742
3747
3748
3749
3762
3766
3767
3770
3770
3774
3775
3779
3783
3787
3788
3788
3791
3795
3800
3806
3815
3815
3816
3817
3817
3819
3820
3823
3827
3833
3834
3837
3840
3842
3848
3848
3850
3852
3857
3861
3864
3864
3867
3872
3872
3872
3874
3878
3879
3883
3884
3885
3886
3890
3893
3895
3895
3901
3903
3906
3908
3909
3910
3918
3927
3928
3930
3931
3936
3936
3937
3942
3945
3946
3949
3951
3957
3958
3960
3966
3970
3972
3974
3976
3976
3978
3979
3982
3983
3991
3993
4001
4002
4007
4019
4021
4026
4026
4030
4031
4034
4038
4039
4043
4045
4053
4056
4062
4065
4065
4070
4072
4077
4081
4082
4082
4085
4089
4091
4094
4101
4105
4115
4117
4119
4122
4123
4127
4128
4128
4129
4132
4139
4139
4147
4152
4157
4164
4166
4170
4173
4175
4175
4176
4177
4177
4181
4187
4189
4194
4195
4199
4202
4206
4207
4210
4213
4215
4216
4217
4218
4219
4226
4226
4229
4232
4233
4240
4241
4242
4244
4245
4247
4248
4256
4261
4265
4266
4267
4273
4276
4276
4278
4281
4286
4286
4288
4288
4289
4292
4292
4299
4301
4306
4306
4307
4311
4315
4317
4318
4326
4332
4335
4337
4337
4337
4349
4351
4353
4353
4355
4356
4358
4358
4364
4367
4369
4369
4374
4375
4375
4381
4382
4388
4391
4392
4399
4400
4401
4402
4403
4403
4407
4409
4422
4422
4424
4425
4430
4436
4438
4445
4447
4448
4454
4455
4462
4474
4475
4477
4478
4480
4480
4485
4495
4497
4503
4503
4503
4503
4507
4507
4507
4508
4510
4511
4516
4520
4520
4524
4532
4532
4532
4554
4560
4563
4564
4564
4571
4572
4582
4585
4588
4594
4598
4604
4604
4608
4608
4614
4615
4615
4615
4621
4622
4626
4627
4628
4629
4632
4634
4635
4636
4636
4638
4640
4643
4647
4654
4659
4664
4667
4669
4671
4674
4676
4687
4688
4690
4691
4693
4693
4694
4694
4697
4699
4701
4701
4704
4705
4707
4709
4709
4710
4713
4718
4724
4728
4729
4733
4735
4736
4737
4743
4747
4747
4749
4750
4751
4754
4754
4756
4758
4761
4761
4762
4769
4770
4774
4774
4776
4777
4778
4782
4785
4788
4792
4792
4795
4800
4807
4811
4817
4818
4828
4832
4834
4834
4835
4843
4849
4855
4860
4872
4874
4879
4882
4884
4887
4888
4889
4891
4902
4904
4911
4922
4935
4936
4938
4945
4946
4946
4950
4950
4953
4957
4958
4960
4962
4965
4978
4983
4990
4990
4993
5000
5002
5006
5007
5015
5022
5026
5029
5032
5032
5032
5035
5045
5052
5053
5058
5068
5069
5072
5074
5075
5076
5076
5078
5081
5084
5086
5093
5094
5099
5101
5104
5106
5107
5108
5110
5112
5118
5118
5123
5128
5130
5134
5137
5149
5149
5159
5159
5159
5161
5168
5168
5172
5172
5173
5173
5173
5176
5177
5179
5182
5185
5191
5192
5192
5194
5199
5203
5218
5219
5236
5244
5246
5248
5251
5257
5258
5259
5259
5266
5266
5269
5269
5275
5282
5288
5296
5298
5298
5298
5311
5311
5311
5318
5319
5322
5323
5323
5326
5337
5337
5345
5350
5350
5368
5370
5370
5371
5376
5378
5379
5380
5380
5394
5396
5402
5407
5417
5420
5425
5426
5428
5429
5430
5433
5441
5442
5442
5443
5443
5447
5449
5451
5452
5459
5461
5462
5469
5470
5470
5473
5473
5473
5474
5480
5481
5481
5485
5487
5488
5489
5489
5490
5493
5504
5507
5508
5511
5513
5517
5517
5519
5522
5523
5526
5530
5534
5534
5545
5554
5555
5559
5573
5574
5594
5596
5598
5602
5602
5604
5604
5606
5620
5620
5621
5621
5625
5634
5641
5642
5650
5651
5657
5657
5664
5665
5666
5669
5672
5674
5678
5688
5689
5696
5699
5699
5705
5708
5710
5714
5726
5728
5731
5739
5748
5753
5754
5761
5762
5771
5771
5773
5776
5785
5786
5793
5796
5799
5800
5803
5807
5811
5825
5827
5829
5831
5831
5833
5840
5848
5850
5851
5852
5856
5864
5869
5876
5880
5880
5884
5885
5889
5890
5894
5895
5895
5900
5901
5904
5907
5909
5913
5918
5920
5921
5921
5927
5927
5928
5930
5933
5935
5942
5948
5953
5957
5957
5961
5964
5964
5964
5966
5974
5976
5979
5980
5982
5986
5991
6004
6004
6017
6018
6024
6024
6027
6028
6032
6037
6037
6049
6049
6049
6051
6059
6059
6060
6060
6065
6066
6067
6068
6083
6085
6085
6091
6092
6095
6096
6099
6099
6100
6101
6103
6105
6106
6108
6111
6111
6120
6124
6127
6130
6130
6133
6134
6137
6143
6144
6149
6150
6158
6162
6179
6179
6192
6201
6207
6208
6209
6212
6231
6232
6235
6237
6241
6242
6242
6243
6247
6248
6249
6250
6252
6253
6256
6257
6257
6259
6262
6264
6264
6264
6267
6277
6277
6282
6284
6286
6291
6293
6294
6295
6306
6311
6318
6318
6325
6325
6326
6328
6331
6335
6339
6339
6342
6343
6344
6344
6344
6345
6346
6348
6357
6359
6360
6364
6366
6368
6370
6380
6383
6386
6389
6391
6395
6396
6405
6405
6407
6407
6408
6408
6410
6412
6416
6420
6421
6424
6424
6426
6429
6431
6432
6432
6438
6440
6440
6442
6442
6446
6449
6449
6453
6455
6459
6459
6460
6461
6463
6479
6485
6487
6489
6490
6495
6506
6506
6512
6512
6513
6514
6514
6515
6516
6519
6521
6522
6525
6525
6528
6528
6531
6532
6535
6539
6539
6546
6547
6551
6555
6563
6566
6574
6577
6578
6580
6584
6590
6593
6595
6598
6601
6601
6603
6606
6615
6620
6620
6620
6626
6626
6627
6628
6629
6640
6648
6649
6654
6656
6665
6665
6668
6669
6669
6673
6674
6674
6674
6694
6694
6696
6697
6703
6706
6707
6711
6716
6720
6721
6734
6734
6739
6741
6743
6743
6745
6749
6750
6753
6755
6756
6772
6776
6777
6779
6782
6785
6786
6788
6797
6803
6804
6805
6810
6811
6815
6820
6822
6825
6825
6829
6834
6834
6836
6836
6838
6839
6840
6841
6843
6843
6844
6855
6855
6857
6858
6866
6866
6870
6872
6873
6873
6874
6877
6882
6882
6884
6886
6887
6888
6889
6891
6893
6894
6896
6898
6899
6899
6901
6901
6904
6905
6914
6919
6921
6922
6924
6924
6926
6927
6927
6929
6937
6939
6941
6942
6946
6949
6950
6951
6952
6954
6965
6971
6972
6973
6975
6975
6979
6981
6988
6988
6990
6990
6990
6994
6997
6999
7000
7004
7010
7010
7011
7012
7013
7021
7025
7026
7028
7031
7031
7033
7037
7038
7039
7041
7041
7043
7044
7046
7048
7053
7059
7061
7063
7065
7066
7071
7074
7078
7080
7089
7091
7092
7104
7104
7104
7116
7119
7120
7120
7124
7126
7128
7133
7138
7138
7138
7139
7141
7145
7148
7149
7150
7152
7156
7157
7158
7160
7165
7167
7170
7172
7172
7173
7177
7179
7179
7181
7184
7184
7189
7189
7197
7197
7202
7210
7214
7224
7225
7229
7235
7241
7243
7252
7257
7257
7264
7268
7270
7274
7277
7278
7282
7282
7285
7292
7293
7295
7296
7305
7308
7309
7314
7315
7319
7319
7330
7331
7333
7335
7336
7336
7337
7341
7345
7345
7346
7347
7349
7352
7354
7359
7364
7365
7367
7367
7371
7372
7375
7379
7379
7379
7385
7385
7386
7389
7403
7409
7409
7413
7413
7417
7417
7417
7420
7422
7423
7435
7435
7439
7442
7443
7443
7453
7456
7458
7468
7470
7474
7476
7476
7479
7480
7482
7482
7485
7490
7495
7500
7501
7503
7514
7532
7533
7537
7539
7543
7546
7548
7549
7558
7560
7565
7569
7573
7576
7576
7584
7585
7585
7587
7591
7592
7594
7604
7604
7606
7611
7612
7614
7618
7621
7622
7623
7635
7640
7646
7647
7649
7650
7652
7653
7654
7659
7660
7661
7665
7668
7670
7671
7671
7671
7672
7673
7678
7681
7689
7689
7691
7695
7701
7706
7709
7711
7712
7713
7715
7716
7716
7719
7719
7727
7728
7732
7735
7737
7738
7741
7743
7745
7749
7751
7752
7762
7764
7767
7773
7774
7781
7783
7786
7788
7789
7790
7795
7800
7808
7809
7811
7822
7823
7824
7826
7829
7834
7836
7839
7844
7849
7853
7854
7857
7859
7868
7871
7872
7886
7887
7887
7887
7891
7893
7893
7894
7895
7898
7898
7905
7907
7914
7916
7916
7920
7925
7925
7928
7929
7932
7932
7938
7941
7942
7945
7945
7955
7958
7960
7968
7970
7970
7970
7974
7974
7977
7979
7981
7995
7997
8009
8011
8013
8016
8016
8023
8031
8033
8034
8035
8036
8041
8041
8043
8051
8052
8054
8059
8063
8065
8078
8082
8084
8092
8092
8097
8097
8098
8098
8099
8099
8100
8102
8108
8112
8112
8113
8118
8121
8132
8136
8143
8156
8162
8165
8165
8178
8180
8181
8185
8192
8193
8200
8201
8202
8203
8209
8209
8210
8216
8229
8230
8231
8234
8235
8236
8238
8243
8243
8258
8260
8261
8264
8267
8268
8269
8269
8273
8281
8284
8285
8287
8289
8297
8309
8311
8315
8317
8328
8330
8340
8341
8341
8344
8348
8360
8364
8366
8369
8382
8386
8390
8391
8393
8394
8398
8402
8404
8407
8412
8414
8416
8419
8420
8420
8422
8428
8450
8452
8456
8456
8457
8458
8461
8461
8462
8463
8465
8469
8471
8477
8481
8487
8488
8490
8495
8496
8496
8496
8507
8508
8510
8511
8513
8514
8520
8524
8525
8526
8528
8531
8536
8541
8545
8554
8554
8558
8559
8565
8566
8570
8574
8577
8584
8585
8587
8591
8594
8596
8598
8600
8601
8601
8602
8607
8608
8611
8613
8614
8615
8615
8617
8617
8619
8623
8623
8624
8626
8626
8628
8630
8630
8630
8637
8637
8637
8644
8645
8647
8652
8663
8663
8663
8666
8669
8670
8670
8673
8676
8677
8680
8681
8684
8696
8698
8698
8706
8710
8713
8715
8718
8728
8729
8731
8734
8737
8738
8742
8747
8752
8752
8755
8757
8758
8772
8773
8773
8773
8779
8781
8783
8799
8803
8807
8809
8817
8820
8825
8829
8831
8831
8835
8836
8846
8850
8857
8863
8871
8872
8876
8882
8888
8893
8894
8898
8899
8904
8904
8904
8905
8906
8911
8918
8918
8922
8924
8924
8924
8928
8932
8936
8939
8946
8947
8948
8952
8952
8952
8956
8960
8961
8963
8965
8966
8968
8970
8972
8981
8982
8987
8993
8996
8997
8998
9007
9008
9014
9025
9037
9037
9049
9054
9057
9062
9070
9072
9073
9076
9077
9078
9079
9082
9086
9092
9097
9102
9108
9109
9112
9114
9114
9116
9118
9119
9126
9130
9131
9133
9135
9141
9143
9145
9147
9149
9153
9159
9161
9161
9167
9172
9181
9192
9195
9196
9197
9203
9208
9212
9213
9215
9218
9220
9227
9231
9232
9232
9237
9243
9244
9244
9251
9256
9261
9265
9272
9273
9274
9275
9276
9281
9283
9289
9294
9297
9297
9298
9303
9304
9305
9306
9308
9308
9317
9318
9318
9322
9323
9324
9329
9331
9337
9337
9347
9351
9351
9353
9354
9355
9358
9361
9363
9365
9366
9368
9377
9383
9384
9390
9392
9392
9403
9406
9410
9411
9413
9421
9421
9427
9430
9430
9434
9434
9435
9436
9438
9448
9456
9457
9458
9467
9474
9475
9480
9482
9487
9491
9493
9496
9497
9498
9499
9500
9501
9504
9508
9518
9525
9526
9532
9536
9540
9543
9545
9545
9550
9554
9556
9559
9561
9564
9568
9572
9575
9578
9586
9592
9592
9592
9593
9594
9594
9595
9595
9598
9602
9604
9611
9612
9618
9621
9621
9627
9627
9631
9635
9636
9637
9639
9644
9644
9650
9651
9659
9662
9665
9671
9673
9677
9678
9686
9687
9687
9690
9694
9703
9710
9717
9725
9727
9737
9739
9743
9764
9764
9765
9768
9771
9773
9774
9781
9783
9790
9798
9799
9801
9803
9804
9805
9828
9839
9840
9842
9844
9848
9848
9850
9853
9856
9856
9857
9858
9858
9858
9859
9863
9864
9865
9866
9872
9873
9873
9881
9882
9884
9885
9885
9888
9890
9892
9894
9899
9902
9903
9913
9914
9921
9926
9929
9931
9935
9943
9943
9946
9949
9950
9950
9951
9954
9957
9964
9979
9981
9982
9994
9995
9997
9998
9998
10000
10003
10009
10010
10012
10013
10014
10014
10017
10017
10022
10023
10029
10032
10035
10038
10041
10043
10044
10049
10050
10055
10061
10064
10067
10072
10077
10079
10080
10082
10083
10085
10089
10103
10116
10116
10118
10120
10121
10121
10124
10124
10130
10132
10132
10134
10141
10142
10151
10158
10159
10159
10161
10169
10173
10177
10188
10198
10199
10200
10201
10203
10204
10206
10209
10209
10214
10217
10220
10227
10235
10236
10237
10241
10242
10244
10252
10262
10263
10263
10266
10270
10274
10275
10276
10278
10278
10287
10295
10295
10295
10295
10296
10299
10300
10309
10311
10312
10315
10316
10316
10321
10330
10336
10336
10338
10345
10348
10348
10349
10351
10352
10355
10358
10365
10378
10379
10380
10382
10389
10390
10391
10393
10393
10394
10396
10397
10402
10410
10413
10420
10422
10423
10426
10438
10442
10442
10444
10445
10447
10450
10456
10456
10457
10457
10460
10462
10470
10470
10472
10475
10480
10481
10483
10484
10489
10496
10501
10504
10505
10509
10512
10516
10522
10522
10528
10529
10532
10536
10540
10545
10547
10549
10551
10552
10553
10557
10559
10567
10573
10575
10577
10582
10583
10592
10596
10597
10598
10600
10605
10607
10607
10610
10617
10618
10620
10621
10625
10637
10637
10640
10642
10643
10645
10645
10656
10667
10671
10673
10673
10674
10674
10681
10685
10689
10695
10697
10697
10698
10699
10699
10700
10701
10701
10704
10716
10717
10718
10723
10728
10730
10734
10736
10740
10741
10751
10755
10756
10761
10768
10769
10772
10778
10780
10787
10791
10807
10814
10821
10823
10824
10825
10828
10830
10830
10833
10834
10836
10839
10844
10846
10853
10858
10859
10861
10865
10872
10875
10882
10883
10887
10890
10890
10893
10894
10894
10897
10899
10904
10914
10921
10925
10925
10928
10928
10929
10934
10935
10935
10939
10939
10940
10941
10943
10948
10956
10957
10959
10959
10962
10965
10969
10972
10974
10977
10979
10984
10987
10989
10995
10998
11004
11009
11009
11015
11016
11018
11021
11021
11023
11023
11023
11025
11026
11028
11043
11044
11052
11052
11054
11059
11060
11068
11068
11070
11074
11082
11084
11090
11092
11093
11093
11096
11106
11109
11110
11111
11113
11122
11122
11125
11126
11134
11144
11148
11150
11151
11151
11152
11153
11154
11155
11157
11160
11163
11163
11164
11164
11170
11172
11172
11174
11174
11185
11185
11186
11186
11190
11193
11201
11201
11203
11206
11206
11207
11208
11208
11209
11217
11220
11222
11230
11231
11233
11237
11251
11252
11252
11254
11256
11256
11261
11262
11265
11269
11270
11270
11271
11274
11287
11288
11290
11295
11296
11298
11298
11298
11299
11302
11307
11313
11317
11324
11327
11342
11342
11352
11361
11364
11371
11375
11378
11381
11386
11395
11397
11399
11404
11405
11407
11412
11418
11420
11428
11432
11435
11440
11451
11461
11462
11464
11466
11466
11469
11470
11478
11485
11486
11486
11491
11492
11494
11494
11499
11509
11513
11522
11522
11522
11526
11533
11540
11541
11550
11552
11561
11562
11563
11566
11568
11571
11576
11577
11580
11585
11588
11599
11601
11608
11614
11621
11627
11628
11634
11638
11639
11641
11642
11644
11646
11651
11656
11657
11657
11659
11666
11672
11674
11676
11681
11687
11688
11693
11697
11702
11704
11706
11707
11708
11708
11709
11709
11714
11718
11720
11724
11724
11726
11731
11737
11738
11739
11742
11743
11744
11747
11749
11750
11755
11756
11765
11768
11770
11773
11774
11777
11778
11778
11782
11782
11786
11800
11802
11802
11803
11807
11813
11815
11816
11817
11820
11824
11826
11828
11829
11833
11835
11838
11840
11848
11849
11851
11854
11856
11858
11863
11867
11872
11873
11874
11880
11882
11889
11891
11900
11907
11911
11915
11916
11917
11922
11928
11936
11937
11939
11945
11946
11948
11949
11950
11950
11950
11956
11958
11960
11961
11961
11964
11974
11974
11974
11976
11980
11982
11983
11985
11987
11987
11991
11992
11995
12007
12008
12016
12017
12024
12025
12027
12028
12031
12033
12034
12035
12036
12040
12049
12057
12057
12060
12060
12064
12070
12071
12080
12083
12084
12095
12097
12097
12099
12100
12104
12105
12109
12119
12123
12135
12135
12135
12143
12144
12148
12152
12154
12164
12165
12169
12174
12177
12177
12188
12191
12195
12197
12198
12200
12205
12209
12210
12221
12225
12227
12228
12230
12231
12235
12236
12237
12242
12243
12243
12248
12250
12254
12255
12255
12257
12263
12270
12274
12275
12282
12283
12288
12297
12299
12303
12304
12304
12306
12308
12315
12315
12318
12320
12332
12333
12334
12338
12338
12341
12341
12342
12343
12346
12348
12359
12365
12368
12370
12376
12377
12382
12383
12390
12393
12393
12393
12396
12396
12397
12398
12401
12407
12407
12407
12407
12408
12408
12408
12409
12411
12414
12414
12420
12421
12425
12425
12426
12430
12439
12441
12446
12447
12450
12452
12453
12454
12456
12456
12461
12468
12468
12471
12474
12476
12480
12486
12487
12491
12494
12501
12503
12516
12518
12521
12526
12526
12529
12531
12539
12545
12545
12547
12550
12554
12557
12577
12579
12584
12592
12597
12599
12603
12604
12609
12618
12618
12627
12629
12635
12638
12642
12643
12643
12646
12646
12647
12647
12652
12656
12659
12669
12673
12679
12683
12685
12685
12687
12691
12695
12700
12702
12702
12704
12710
12713
12714
12718
12721
12725
12728
12728
12730
12731
12733
12737
12737
12738
12739
12746
12746
12760
12761
12766
12770
12771
12774
12779
12783
12783
12785
12786
12788
12791
12794
12797
12800
12800
12806
12806
12809
12810
12813
12814
12817
12822
12822
12824
12825
12826
12830
12837
12842
12852
12854
12855
12860
12869
12871
12872
12880
12881
12881
12888
12889
12890
12890
12893
12896
12909
12917
12921
12925
12926
12926
12931
12932
12938
12938
12947
12956
12957
12966
12971
12976
12981
12984
12990
12992
12993
12994
12996
12996
12997
12998
12999
12999
13002
13002
13008
13009
13010
13010
13020
13024
13031
13033
13035
13035
13036
13036
13037
13039
13040
13041
13041
13042
13043
13045
13055
13062
13069
13074
13075
13077
13079
13088
13098
13115
13116
13116
13118
13121
13121
13124
13126
13137
13143
13143
13146
13148
13161
13162
13165
13167
13168
13177
13178
13179
13182
13185
13194
13198
13199
13200
13208
13215
13229
13229
13231
13245
13246
13250
13252
13255
13255
13256
13259
13264
13271
13273
13274
13274
13275
13275
13276
13276
13277
13279
13288
13291
13294
13294
13295
13306
13309
13315
13316
13316
13324
13338
13340
13343
13343
13343
13346
13353
13360
13361
13361
13365
13367
13371
13372
13374
13375
13385
13387
13390
13391
13393
13395
13401
13402
13404
13418
13423
13426
13427
13430
13430
13431
13432
13434
13440
13442
13444
13449
13450
13454
13461
13462
13464
13465
13467
13470
13475
13478
13480
13480
13481
13482
13484
13485
13487
13488
13489
13490
13497
13504
13506
13508
13525
13527
13530
13544
13544
13546
13547
13548
13558
13559
13559
13569
13583
13583
13586
13589
13591
13594
13596
13599
13601
13602
13605
13605
13608
13614
13618
13626
13626
13629
13629
13635
13635
13637
13637
13641
13642
13644
13644
13653
13661
13662
13662
13671
13676
13678
13679
13682
13687
13690
13692
13693
13706
13707
13708
13711
13719
13724
13724
13724
13724
13730
13731
13731
13735
13736
13736
13737
13742
13744
13744
13747
13747
13748
13748
13751
13753
13754
13754
13757
13758
13763
13764
13765
13770
13772
13772
13773
13773
13780
13781
13785
13785
13788
13789
13791
13791
13797
13798
13813
13819
13824
13829
13838
13845
13845
13848
13860
13862
13864
13866
13874
13876
13876
13876
13888
13888
13891
13893
13894
13904
13914
13915
13916
13916
13918
13920
13921
13924
13934
13936
13941
13941
13942
13943
13948
13949
13949
13957
13959
13960
13962
13965
13968
13975
13976
13981
13982
13983
13986
13990
13990
14003
14015
14025
14029
14035
14036
14036
14043
14046
14049
14051
14052
14052
14054
14054
14059
14065
14065
14070
14071
14074
14076
14078
14084
14085
14099
14100
14101
14106
14111
14112
14118
14118
14124
14124
14126
14129
14130
14131
14131
14131
14133
14133
14133
14139
14141
14146
14151
14153
14156
14171
14175
14176
14177
14184
14184
14187
14191
14199
14200
14200
14203
14205
14207
14208
14210
14212
14213
14216
14222
14224
14225
14226
14229
14231
14234
14236
14245
14246
14248
14250
14250
14254
14255
14256
14261
14267
14268
14270
14281
14285
14285
14285
14288
14294
14298
14300
14300
14300
14302
14304
14305
14305
14307
14311
14315
14321
14326
14326
14329
14330
14332
14332
14333
14334
14338
14340
14342
14346
14346
14350
14355
14357
14359
14361
14363
14364
14367
14369
14376
14378
14381
14395
14395
14403
14417
14421
14422
14422
14423
14432
14432
14443
14445
14450
14467
14468
14473
14479
14491
14494
14494
14495
14499
14499
14501
14503
14516
14523
14524
14533
14543
14547
14559
14563
14566
14569
14572
14574
14581
14588
14589
14592
14593
14594
14595
14598
14599
14603
14605
14605
14606
14611
14612
14618
14618
14620
14623
14623
14631
14636
14638
14639
14644
14645
14658
14665
14668
14671
14673
14674
14675
14677
14682
14682
14685
14688
14693
14694
14695
14696
14697
14700
14703
14703
14704
14711
14716
14724
14727
14736
14737
14739
14741
14762
14769
14770
14770
14771
14774
14786
14786
14795
14798
14799
14800
14801
14803
14808
14808
14812
14814
14818
14822
14824
14826
14829
14833
14843
14854
14860
14862
14862
14867
14867
14871
14872
14872
14876
14879
14880
14881
14881
14884
14885
14889
14899
14908
14909
14916
14922
14923
14923
14924
14929
14930
14933
14940
14943
14943
14943
14946
14946
14960
14962
14964
14965
14967
14975
14976
14977
14980
14983
14985
14985
14987
14987
14990
14992
14998
15005
15009
15011
15014
15023
15024
15029
15035
15036
15038
15043
15046
15046
15047
15051
15059
15061
15065
15065
15067
15068
15071
15086
15086
15090
15095
15098
15102
15109
15110
15114
15134
15136
15139
15140
15140
15144
15157
15162
15163
15170
15172
15172
15177
15180
15181
15186
15189
15191
15195
15200
15204
15206
15209
15211
15216
15219
15220
15223
15224
15229
15229
15233
15235
15239
15244
15247
15247
15250
15252
15260
15261
15269
15274
15277
15280
15280
15281
15281
15282
15290
15294
15307
15308
15312
15313
15315
15315
15315
15317
15320
15320
15325
15333
15337
15341
15347
15352
15356
15361
15368
15369
15375
15382
15382
15387
15388
15388
15389
15389
15392
15398
15400
15402
15402
15404
15418
15419
15422
15426
15426
15428
15429
15430
15430
15430
15432
15433
15442
15443
15445
15446
15448
15449
15459
15460
15460
15462
15463
15466
15467
15467
15472
15474
15474
15477
15479
15482
15488
15491
15493
15496
15500
15502
15502
15503
15505
15513
15515
15516
15517
15521
15522
15523
15524
15525
15527
15535
15542
15545
15552
15553
15565
15572
15577
15583
15592
15597
15597
15602
15603
15607
15608
15609
15612
15612
15615
15617
15624
15631
15632
15637
15643
15650
15651
15654
15656
15657
15658
15659
15662
15669
15674
15681
15685
15688
15688
15690
15691
15691
15697
15697
15698
15701
15703
15707
15711
15714
15717
15718
15721
15721
15724
15728
15731
15733
15746
15754
15756
15756
15762
15763
15772
15774
15775
15777
15777
15781
15783
15785
15802
15809
15817
15824
15826
15826
15827
15830
15831
15831
15831
15834
15839
15841
15845
15846
15850
15855
15858
15862
15865
15869
15874
15877
15878
15879
15882
15883
15883
15887
15887
15889
15891
15893
15902
15908
15919
15923
15923
15930
15934
15938
15941
15944
15944
15950
15959
15959
15960
15961
15962
15972
15972
15975
15982
15988
15989
15992
15993
16007
16007
16013
16015
16016
16018
16019
16022
16024
16027
16034
16035
16039
16043
16045
16046
16054
16069
16073
16082
16083
16085
16087
16089
16089
16090
16092
16097
16106
16108
16110
16114
16122
16126
16130
16144
16148
16160
16165
16167
16171
16171
16173
16176
16178
16178
16184
16195
16201
16202
16202
16202
16206
16207
16208
16214
16223
16223
16225
16225
16227
16230
16233
16234
16241
16246
16257
16261
16264
16265
16269
16271
16271
16276
16276
16277
16277
16278
16279
16280
16281
16285
16285
16296
16296
16296
16297
16304
16305
16306
16313
16314
16315
16319
16321
16326
16335
16335
16337
16340
16340
16341
16343
16343
16347
16353
16356
16356
16360
16361
16367
16369
16370
16372
16374
16374
16379
16381
16389
16389
16396
16400
16403
16404
16405
16405
16408
16411
16417
16417
16424
16425
16425
16426
16431
16433
16433
16433
16437
16439
16442
16445
16448
16450
16459
16467
16469
16479
16479
16480
16483
16490
16496
16497
16498
16498
16504
16505
16506
16510
16510
16520
16523
16525
16527
16532
16534
16538
16538
16551
16564
16566
16572
16572
16580
16585
16599
16601
16602
16602
16607
16609
16612
16612
16619
16621
16622
16626
16628
16632
16632
16633
16639
16640
16641
16642
16644
16663
16663
16664
16666
16668
16668
16669
16672
16672
16674
16682
16684
16684
16687
16691
16693
16694
16694
16696
16698
16710
16712
16712
16712
16721
16724
16725
16727
16735
16735
16743
16744
16750
16751
16752
16759
16765
16767
16771
16773
16775
16776
16784
16795
16801
16801
16814
16816
16817
16818
16819
16822
16822
16825
16831
16833
16835
16841
16843
16846
16859
16860
16867
16867
16872
16872
16872
16883
16885
16887
16889
16890
16896
16898
16904
16907
16914
16935
16941
16943
16945
16953
16953
16954
16954
16954
16955
16963
16963
16967
16968
16970
16982
16982
16986
16987
16994
16996
16998
17000
17003
17006
17007
17008
17012
17018
17018
17022
17023
17024
17033
17034
17041
17044
17044
17046
17047
17056
17070
17072
17076
17079
17079
17080
17082
17086
17086
17088
17091
17091
17093
17097
17097
17099
17104
17105
17111
17116
17117
17119
17120
17120
17126
17135
17137
17139
17144
17146
17151
17166
17172
17174
17181
17181
17182
17183
17183
17184
17184
17187
17188
17195
17195
17195
17204
17209
17209
17212
17213
17214
17225
17233
17244
17248
17252
17253
17254
17255
17256
17257
17257
17258
17260
17266
17269
17272
17277
17280
17295
17295
17297
17300
17303
17309
17318
17321
17327
17331
17332
17332
17340
17355
17356
17364
17367
17370
17370
17374
17374
17376
17381
17387
17388
17402
17411
17413
17413
17415
17417
17418
17419
17421
17427
17435
17442
17444
17446
17448
17451
17452
17454
17458
17460
17464
17465
17472
17473
17479
17494
17497
17499
17503
17504
17507
17509
17509
17513
17514
17515
17545
17548
17550
17550
17551
17555
17558
17561
17561
17561
17564
17565
17577
17578
17584
17585
17586
17587
17601
17603
17607
17607
17613
17618
17618
17622
17629
17629
17630
17635
17635
17636
17637
17639
17641
17650
17650
17652
17653
17665
17668
17668
17669
17672
17672
17674
17675
17676
17683
17686
17686
17692
17698
17700
17700
17701
17702
17705
17708
17713
17717
17717
17717
17723
17730
17731
17735
17736
17741
17747
17749
17749
17757
17759
17766
17770
17774
17777
17777
17780
17788
17791
17791
17794
17797
17798
17802
17807
17808
17810
17810
17810
17815
17819
17827
17831
17836
17840
17843
17846
17848
17849
17854
17856
17863
17868
17869
17870
17872
17872
17878
17883
17884
17885
17887
17889
17891
17895
17902
17904
17905
17905
17907
17908
17911
17911
17913
17914
17914
17929
17932
17933
17936
17948
17949
17954
17956
17960
17964
17965
17968
17968
17977
17979
17979
17981
17989
17994
17996
17997
17999
18003
18004
18010
18024
18024
18024
18025
18025
18027
18035
18035
18036
18037
18038
18042
18043
18046
18051
18053
18055
18058
18059
18068
18069
18072
18072
18077
18078
18078
18081
18083
18084
18100
18101
18108
18116
18117
18122
18122
18127
18130
18138
18138
18143
18147
18147
18157
18159
18160
18161
18161
18163
18175
18177
18181
18181
18182
18184
18186
18198
18199
18199
18200
18202
18202
18205
18208
18210
18213
18243
18245
18248
18249
18252
18252
18255
18258
18262
18263
18264
18266
18270
18270
18271
18281
18281
18283
18284
18285
18285
18287
18291
18291
18299
18302
18303
18310
18311
18312
18315
18317
18318
18321
18326
18327
18330
18330
18339
18342
18343
18348
18352
18364
18368
18371
18371
18373
18376
18380
18381
18393
18394
18395
18396
18398
18399
18400
18400
18400
18401
18401
18407
18413
18414
18416
18419
18434
18435
18436
18437
18443
18443
18448
18449
18449
18452
18454
18459
18462
18465
18467
18471
18471
18474
18475
18482
18483
18486
18487
18490
18495
18510
18522
18525
18526
18527
18534
18539
18542
18551
18555
18560
18563
18580
18582
18591
18593
18596
18601
18604
18609
18614
18615
18621
18635
18635
18636
18642
18643
18647
18647
18647
18649
18654
18655
18661
18664
18665
18676
18679
18681
18695
18696
18697
18698
18706
18708
18710
18713
18723
18725
18729
18731
18731
18732
18737
18750
18750
18754
18758
18761
18762
18762
18767
18770
18775
18780
18782
18787
18788
18788
18799
18800
18801
18802
18804
18804
18814
18814
18820
18821
18824
18829
18831
18842
18849
18854
18861
18865
18865
18867
18872
18874
18877
18879
18882
18883
18886
18887
18889
18893
18900
18902
18913
18928
18930
18933
18936
18943
18944
18948
18949
18956
18964
18970
18976
18982
18985
18993
19003
19003
19006
19011
19011
19012
19013
19014
19014
19021
19022
19024
19026
19030
19031
19033
19035
19037
19039
19041
19043
19043
19045
19050
19056
19058
19059
19060
19061
19065
19070
19078
19079
19084
19090
19092
19095
19095
19096
19098
19099
19099
19101
19104
19106
19107
19108
19112
19113
19114
19116
19121
19124
19129
19133
19137
19138
19143
19149
19152
19152
19155
19156
19158
19166
19171
19183
19184
19184
19189
19190
19206
19208
19209
19210
19211
19214
19215
19219
19225
19225
19225
19227
19229
19234
19236
19250
19253
19258
19259
19260
19271
19277
19277
19287
19288
19292
19297
19298
19306
19311
19311
19313
19321
19324
19330
19333
19334
19337
19338
19338
19347
19351
19352
19354
19360
19361
19365
19371
19373
19375
19376
19377
19380
19384
19397
19398
19402
19403
19407
19410
19416
19417
19418
19420
19425
19426
19432
19435
19439
19442
19444
19445
19450
19451
19454
19465
19470
19472
19472
19474
19474
19476
19476
19478
19484
19485
19485
19489
19489
19492
19493
19496
19498
19499
19505
19506
19506
19508
19509
19509
19511
19512
19515
19525
19527
19529
19537
19538
19538
19539
19552
19560
19561
19561
19568
19569
19578
19579
19580
19585
19589
19600
19602
19602
19604
19613
19613
19626
19628
19632
19633
19637
19639
19646
19649
19656
19662
19666
19668
19669
19674
19676
19688
19688
19689
19689
19693
19693
19697
19697
19706
19706
19713
19716
19719
19719
19724
19727
19729
19734
19738
19748
19748
19748
19756
19757
19761
19766
19769
19771
19783
19786
19793
19796
19798
19798
19800
19802
19804
19808
19814
19815
19816
19822
19830
19832
19838
19839
19843
19846
19849
19849
19852
19853
19854
19855
19860
19862
19872
19879
19887
19899
19907
19911
19912
19914
19919
19936
19937
19938
19938
19939
19940
19941
19953
19958
19960
19965
19967
19970
19975
19976
19982
19989
19996
19999
19999
19999
20004
20004
20008
20008
20014
20024
20025
20028
20035
20042
20042
20042
20043
20080
20093
20096
20096
20097
20101
20102
20104
20104
20104
20106
20106
20114
20118
20120
20126
20126
20132
20133
20135
20142
20152
20154
20155
20161
20162
20163
20166
20166
20168
20169
20171
20172
20174
20175
20181
20181
20186
20186
20193
20193
20194
20194
20200
20201
20202
20205
20207
20208
20211
20216
20221
20221
20226
20227
20229
20231
20233
20235
20238
20239
20245
20253
20254
20258
20268
20283
20285
20297
20303
20305
20312
20317
20317
20323
20336
20337
20338
20342
20343
20347
20348
20348
20351
20351
20360
20363
20365
20367
20372
20372
20373
20375
20378
20382
20385
20388
20391
20393
20394
20397
20398
20398
20401
20406
20408
20409
20410
20411
20418
20425
20434
20435
20436
20441
20449
20449
20451
20454
20460
20466
20474
20475
20477
20481
20485
20486
20496
20496
20497
20498
20507
20508
20508
20509
20512
20512
20515
20521
20523
20529
20534
20536
20542
20545
20546
20549
20550
20553
20555
20556
20562
20563
20569
20570
20571
20571
20575
20575
20577
20585
20586
20590
20592
20594
20597
20598
20599
20606
20607
20608
20609
20611
20615
20615
20623
20627
20627
20627
20629
20632
20635
20637
20649
20651
20652
20659
20664
20665
20668
20671
20678
20681
20683
20683
20684
20689
20691
20693
20695
20699
20701
20703
20707
20711
20714
20715
20718
20719
20724
20724
20726
20726
20728
20733
20737
20738
20744
20747
20752
20754
20754
20755
20756
20763
20766
20769
20770
20774
20776
20776
20782
20782
20786
20787
20789
20795
20797
20797
20801
20802
20802
20822
20827
20837
20841
20845
20847
20848
20850
20854
20856
20857
20858
20860
20864
20870
20871
20880
20882
20888
20897
20897
20907
20908
20915
20917
20923
20924
20926
20926
20928
20929
20933
20933
20940
20954
20955
20961
20962
20971
20976
20978
20983
20985
20994
21006
21008
21012
21014
21014
21017
21023
21024
21026
21026
21031
21035
21047
21049
21053
21060
21066
21066
21066
21077
21082
21082
21082
21089
21091
21092
21093
21094
21096
21096
21106
21109
21110
21117
21119
21121
21123
21125
21126
21126
21131
21132
21134
21135
21137
21139
21140
21143
21143
21155
21156
21165
21166
21174
21175
21179
21179
21183
21187
21193
21197
21197
21200
21201
21202
21202
21206
21208
21218
21219
21221
21222
21224
21241
21246
21251
21254
21257
21257
21259
21260
21260
21265
21265
21271
21274
21274
21277
21282
21286
21286
21287
21288
21296
21304
21305
21323
21324
21334
21335
21335
21342
21345
21351
21353
21355
21356
21357
21358
21359
21361
21366
21372
21374
21376
21377
21378
21382
21383
21395
21399
21408
21413
21415
21425
21429
21432
21433
21435
21436
21439
21443
21446
21446
21450
21457
21464
21467
21473
21483
21487
21488
21489
21489
21491
21495
21501
21504
21509
21517
21520
21521
21531
21535
21538
21542
21542
21544
21546
21547
21547
21552
21557
21563
21564
21567
21568
21570
21572
21572
21573
21574
21577
21583
21584
21593
21596
21597
21597
21599
21603
21606
21607
21608
21609
21610
21615
21620
21621
21623
21623
21634
21635
21636
21638
21648
21650
21650
21652
21655
21656
21671
21675
21675
21677
21680
21682
21688
21688
21695
21696
21698
21705
21707
21713
21715
21722
21725
21730
21730
21733
21733
21737
21754
21759
21760
21764
21768
21768
21774
21786
21793
21797
21801
21802
21804
21805
21805
21807
21818
21818
21823
21824
21834
21838
21840
21844
21845
21853
21859
21862
21863
21864
21865
21869
21873
21876
21876
21880
21883
21888
21892
21893
21893
21899
21902
21903
21907
21914
21917
21920
21920
21920
21925
21927
21938
21939
21940
21940
21941
21945
21950
21951
21951
21954
21954
21955
21955
21956
21956
21956
21964
21965
21966
21968
21969
21970
21971
21972
21986
21989
21991
21991
21997
22002
22008
22021
22023
22024
22025
22026
22027
22045
22049
22051
22052
22056
22056
22056
22058
22058
22059
22063
22065
22065
22068
22073
22074
22079
22079
22081
22083
22084
22088
22106
22106
22115
22116
22121
22122
22125
22129
22130
22140
22143
22145
22147
22160
22163
22165
22167
22170
22170
22171
22174
22182
22184
22184
22186
22187
22191
22192
22193
22194
22198
22207
22207
22216
22222
22223
22224
22226
22238
22245
22253
22257
22259
22266
22267
22278
22278
22280
22285
22288
22290
22303
22303
22303
22303
22304
22311
22316
22321
22324
22325
22327
22329
22331
22335
22336
22336
22337
22343
22343
22346
22351
22352
22359
22361
22362
22362
22363
22369
22371
22381
22384
22386
22387
22399
22416
22426
22427
22430
22433
22437
22440
22444
22445
22451
22452
22462
22469
22469
22472
22477
22478
22478
22478
22488
22488
22489
22489
22492
22498
22499
22501
22504
22507
22508
22509
22514
22515
22520
22520
22523
22526
22527
22528
22530
22532
22537
22540
22544
22549
22550
22551
22552
22559
22559
22564
22567
22571
22574
22583
22594
22594
22598
22598
22600
22604
22604
22611
22618
22620
22629
22638
22641
22643
22647
22648
22650
22653
22653
22655
22658
22663
22671
22672
22680
22688
22689
22690
22695
22700
22706
22710
22712
22713
22722
22725
22726
22727
22734
22734
22734
22735
22737
22739
22742
22751
22762
22762
22762
22773
22775
22775
22776
22778
22780
22784
22784
22784
22785
22787
22790
22795
22797
22806
22815
22821
22830
22831
22832
22833
22835
22839
22843
22846
22848
22854
22854
22854
22856
22863
22864
22865
22868
22869
22880
22881
22884
22894
22894
22899
22900
22907
22912
22915
22918
22919
22920
22922
22923
22932
22935
22941
22941
22944
22946
22950
22954
22954
22954
22956
22961
22971
22977
22985
22986
22997
23000
23000
23007
23012
23019
23023
23023
23024
23032
23034
23044
23048
23055
23060
23069
23076
23078
23085
23086
23090
23095
23097
23108
23110
23110
23118
23120
23120
23122
23122
23131
23133
23139
23141
23149
23153
23154
23154
23164
23166
23168
23170
23171
23172
23180
23185
23192
23196
23221
23224
23224
23229
23233
23234
23234
23240
23254
23257
23259
23262
23265
23266
23275
23276
23279
23286
23291
23293
23300
23301
23303
23304
23307
23308
23312
23312
23325
23326
23330
23331
23343
23344
23345
23346
23348
23352
23356
23358
23359
23365
23365
23369
23374
23378
23379
23383
23384
23386
23389
23391
23391
23391
23395
23396
23403
23407
23415
23417
23419
23426
23427
23428
23440
23443
23454
23455
23457
23460
23468
23471
23477
23477
23483
23487
23490
23493
23494
23496
23499
23505
23509
23509
23510
23511
23514
23515
23516
23523
23523
23523
23524
23528
23533
23540
23541
23549
23549
23551
23558
23559
23563
23564
23565
23575
23578
23578
23580
23581
23581
23581
23586
23590
23591
23606
23607
23612
23619
23622
23624
23629
23630
23630
23630
23631
23632
23633
23636
23638
23644
23645
23650
23655
23657
23658
23664
23664
23665
23666
23666
23675
23681
23685
23688
23695
23695
23697
23697
23697
23697
23702
23707
23710
23710
23712
23712
23714
23720
23726
23727
23732
23737
23739
23744
23755
23758
23761
23762
23769
23775
23784
23790
23795
23799
23808
23813
23823
23833
23840
23842
23844
23845
23847
23848
23848
23861
23861
23861
23861
23868
23874
23879
23882
23885
23887
23887
23887
23887
23887
23887
23889
23891
23892
23903
23912
23918
23918
23919
23919
23925
23927
23930
23937
23940
23941
23947
23948
23949
23949
23950
23952
23955
23957
23960
23961
23965
23967
23967
23968
23973
23976
23980
23984
23984
23988
23988
23997
23999
24000
24001
24001
24006
24010
24016
24017
24018
24019
24027
24028
24041
24043
24045
24047
24056
24061
24070
24071
24071
24075
24076
24088
24091
24097
24098
24099
24103
24103
24105
24106
24109
24114
24117
24119
24126
24129
24130
24130
24133
24134
24135
24136
24137
24139
24145
24145
24148
24153
24153
24158
24158
24161
24164
24165
24166
24167
24169
24169
24171
24178
24184
24187
24189
24191
24194
24206
24208
24209
24212
24212
24220
24221
24227
24233
24234
24235
24236
24236
24240
24248
24251
24252
24254
24264
24269
24276
24278
24281
24286
24289
24290
24294
24296
24302
24305
24308
24312
24317
24320
24321
24325
24328
24329
24333
24335
24339
24342
24344
24348
24348
24349
24350
24360
24363
24370
24376
24386
24387
24393
24393
24400
24400
24402
24402
24402
24408
24409
24415
24416
24418
24418
24423
24429
24431
24432
24433
24434
24435
24437
24437
24440
24449
24451
24462
24471
24476
24485
24485
24494
24495
24498
24502
24504
24506
24508
24511
24512
24512
24512
24520
24521
24523
24523
24525
24526
24528
24530
24530
24532
24534
24537
24539
24541
24543
24555
24559
24561
24566
24566
24577
24578
24579
24584
24596
24601
24601
24602
24603
24611
24611
24612
24612
24614
24620
24620
24623
24624
24624
24631
24638
24640
24643
24647
24649
24651
24654
24655
24660
24663
24667
24668
24668
24672
24674
24676
24677
24680
24681
24685
24686
24689
24693
24699
24702
24706
24711
24711
24714
24722
24726
24726
24735
24739
24742
24748
24750
24757
24757
24758
24766
24767
24770
24772
24774
24774
24782
24782
24783
24797
24799
24800
24800
24801
24808
24811
24813
24814
24816
24821
24825
24828
24829
24833
24835
24837
24841
24851
24852
24853
24853
24854
24858
24861
24869
24873
24875
24876
24880
24887
24887
24889
24891
24893
24896
24901
24910
24911
24915
24922
24922
24926
24932
24933
24934
24935
24936
24938
24941
24942
24952
24955
24958
24963
24964
24964
24976
24977
24981
24985
24986
24988
24993
24994
24999
25001
25004
25005
25007
25019
25020
25022
25022
25024
25031
25036
25041
25048
25050
25060
25060
25063
25064
25066
25069
25076
25078
25081
25082
25085
25086
25090
25091
25104
25105
25105
25107
25129
25129
25132
25145
25161
25163
25168
25171
25178
25185
25190
25191
25192
25192
25201
25203
25205
25207
25207
25210
25211
25211
25217
25220
25221
25223
25223
25226
25229
25230
25234
25244
25245
25247
25249
25251
25259
25261
25273
25273
25275
25277
25283
25287
25287
25299
25299
25302
25306
25314
25318
25322
25338
25344
25346
25349
25352
25352
25357
25360
25362
25363
25367
25368
25377
25377
25390
25391
25392
25392
25396
25396
25397
25400
25400
25405
25410
25413
25417
25419
25420
25422
25422
25424
25425
25427
25442
25450
25452
25454
25457
25458
25475
25478
25484
25487
25488
25491
25494
25496
25498
25503
25507
25507
25513
25514
25514
25518
25525
25526
25529
25531
25532
25534
25536
25541
25541
25545
25548
25552
25554
25555
25558
25563
25567
25567
25570
25572
25577
25577
25578
25581
25582
25591
25595
25597
25598
25598
25602
25603
25603
25604
25607
25611
25611
25616
25617
25625
25627
25632
25635
25638
25641
25647
25650
25657
25657
25658
25667
25674
25678
25680
25681
25685
25687
25689
25691
25692
25697
25703
25704
25705
25709
25711
25716
25719
25721
25723
25724
25724
25727
25727
25728
25728
25729
25731
25734
25734
25735
25739
25741
25749
25757
25762
25766
25770
25783
25786
25787
25789
25791
25795
25798
25811
25811
25814
25825
25828
25829
25833
25839
25843
25851
25852
25861
25867
25868
25869
25872
25877
25880
25883
25883
25892
25893
25895
25895
25899
25899
25899
25901
25902
25904
25906
25907
25909
25911
25912
25913
25914
25921
25930
25932
25934
25936
25937
25937
25941
25945
25946
25959
25959
25961
25965
25968
25973
25974
25975
25979
25981
25985
25988
25989
25994
25994
25995
25995
25997
26000
26002
26003
26005
26007
26013
26013
26018
26024
26026
26034
26035
26039
26042
26043
26045
26054
26055
26055
26058
26059
26060
26065
26066
26074
26077
26077
26081
26084
26086
26090
26090
26096
26104
26108
26114
26124
26127
26135
26140
26141
26142
26143
26149
26154
26156
26156
26158
26164
26168
26170
26178
26181
26182
26184
26186
26187
26197
26215
26218
26222
26226
26227
26232
26232
26234
26242
26244
26246
26248
26251
26253
26253
26255
26261
26263
26264
26266
26267
26269
26270
26275
26276
26278
26278
26279
26280
26280
26281
26285
26286
26287
26288
26290
26297
26298
26304
26314
26316
26319
26320
26320
26320
26324
26330
26332
26335
26337
26342
26342
26344
26348
26349
26349
26363
26366
26367
26376
26377
26379
26382
26383
26386
26391
26398
26398
26401
26402
26403
26403
26404
26405
26407
26409
26413
26416
26421
26421
26431
26440
26441
26443
26444
26447
26452
26459
26462
26463
26466
26468
26470
26471
26474
26474
26481
26482
26485
26490
26498
26500
26501
26502
26516
26518
26519
26519
26532
26534
26542
26544
26546
26552
26554
26557
26561
26562
26564
26570
26573
26580
26583
26585
26587
26587
26588
26588
26589
26592
26592
26594
26596
26596
26596
26597
26603
26606
26613
26615
26622
26626
26628
26629
26632
26634
26635
26637
26640
26640
26644
26650
26651
26651
26659
26659
26660
26661
26663
26664
26664
26664
26668
26671
26674
26676
26676
26681
26685
26686
26690
26699
26703
26706
26709
26711
26713
26719
26719
26719
26722
26725
26725
26727
26732
26735
26737
26741
26741
26744
26748
26753
26754
26754
26758
26763
26763
26764
26766
26766
26767
26770
26772
26774
26777
26778
26791
26792
26796
26798
26802
26805
26809
26814
26819
26822
26826
26827
26830
26832
26836
26838
26838
26843
26844
26847
26849
26852
26853
26854
26859
26870
26874
26878
26882
26885
26886
26888
26889
26891
26895
26897
26900
26900
26902
26906
26907
26908
26910
26911
26920
26922
26924
26933
26935
26936
26943
26943
26948
26949
26949
26954
26962
26964
26974
26976
26977
26982
26984
26991
26993
27000
27000
27002
27003
27005
27010
27011
27013
27013
27014
27017
27017
27018
27018
27022
27025
27026
27027
27028
27028
27031
27032
27032
27033
27039
27039
27041
27049
27052
27055
27066
27069
27070
27071
27072
27072
27073
27080
27081
27085
27090
27090
27091
27099
27101
27110
27113
27113
27114
27119
27121
27122
27135
27139
27146
27150
27153
27158
27165
27165
27173
27173
27180
27183
27183
27184
27186
27188
27188
27190
27191
27192
27198
27207
27219
27221
27223
27223
27227
27231
27232
27233
27234
27238
27238
27238
27239
27245
27248
27255
27258
27267
27269
27271
27273
27278
27280
27286
27288
27299
27300
27303
27303
27304
27306
27308
27309
27320
27320
27322
27323
27324
27326
27326
27329
27330
27330
27333
27335
27336
27337
27338
27340
27341
27342
27344
27349
27350
27354
27356
27367
27370
27378
27381
27389
27395
27396
27399
27400
27402
27408
27411
27417
27419
27428
27429
27430
27433
27435
27441
27444
27446
27446
27454
27455
27461
27462
27468
27469
27471
27471
27478
27482
27488
27489
27491
27492
27499
27501
27502
27514
27515
27527
27528
27533
27533
27535
27539
27540
27541
27547
27548
27552
27553
27557
27558
27566
27567
27569
27573
27576
27577
27579
27581
27582
27584
27586
27587
27588
27605
27605
27608
27608
27612
27615
27616
27622
27622
27623
27625
27627
27629
27631
27631
27632
27632
27632
27632
27633
27634
27637
27638
27639
27641
27642
27646
27648
27650
27655
27656
27661
27665
27666
27671
27672
27676
27676
27683
27684
27685
27693
27694
27694
27695
27696
27698
27701
27701
27703
27705
27706
27706
27709
27712
27712
27714
27724
27729
27733
27745
27746
27754
27754
27754
27757
27760
27777
27779
27779
27786
27790
27792
27803
27804
27805
27806
27813
27815
27817
27818
27822
27823
27827
27829
27830
27833
27833
27833
27835
27838
27841
27842
27843
27845
27847
27848
27852
27855
27855
27863
27864
27866
27877
27895
27897
27901
27903
27907
27908
27909
27916
27916
27919
27919
27924
27927
27933
27934
27936
27942
27943
27945
27955
27955
27963
27963
27964
27964
27965
27968
27969
27971
27977
27986
27990
27992
27996
27998
27999
28004
28004
28008
28008
28009
28010
28010
28010
28011
28015
28027
28027
28037
28038
28043
28044
28053
28053
28057
28062
28070
28072
28073
28074
28076
28078
28083
28092
28093
28094
28094
28095
28095
28096
28097
28103
28104
28105
28105
28106
28106
28108
28109
28113
28114
28117
28124
28127
28128
28140
28142
28145
28150
28154
28155
28157
28161
28165
28169
28174
28183
28183
28191
28193
28199
28206
28208
28210
28212
28214
28215
28216
28220
28221
28222
28227
28229
28235
28240
28246
28247
28255
28255
28263
28267
28267
28268
28283
28286
28293
28298
28300
28301
28301
28303
28308
28310
28313
28313
28314
28319
28320
28325
28329
28333
28334
28339
28343
28343
28354
28361
28372
28380
28390
28391
28398
28402
28404
28406
28408
28409
28411
28411
28412
28417
28422
28426
28426
28432
28436
28436
28439
28439
28439
28445
28451
28455
28455
28456
28458
28460
28464
28468
28470
28474
28477
28478
28479
28480
28488
28489
28493
28494
28494
28494
28496
28503
28504
28504
28513
28520
28521
28522
28527
28528
28539
28541
28545
28548
28548
28553
28553
28559
28564
28567
28568
28569
28569
28570
28570
28571
28573
28577
28584
28588
28592
28592
28596
28598
28601
28602
28604
28609
28609
28612
28612
28618
28630
28632
28632
28635
28638
28640
28647
28650
28652
28652
28663
28663
28670
28670
28670
28671
28673
28674
28677
28678
28682
28684
28685
28689
28690
28691
28692
28693
28697
28697
28698
28702
28704
28716
28717
28720
28721
28726
28732
28733
28736
28741
28746
28748
28754
28759
28768
28774
28780
28785
28785
28796
28798
28810
28814
28823
28826
28826
28827
28830
28831
28838
28853
28856
28859
28861
28868
28872
28875
28879
28883
28895
28898
28901
28901
28903
28904
28905
28907
28909
28912
28912
28912
28917
28922
28925
28933
28938
28939
28940
28946
28946
28948
28948
28953
28960
28963
28967
28969
28969
28971
28972
28972
28974
28975
28980
28982
28983
29009
29009
29009
29009
29010
29014
29025
29027
29029
29030
29040
29045
29048
29049
29052
29057
29062
29064
29071
29075
29081
29082
29082
29083
29084
29085
29087
29089
29090
29095
29095
29097
29102
29106
29106
29112
29113
29127
29128
29133
29137
29141
29147
29150
29150
29151
29155
29157
29160
29161
29162
29163
29167
29168
29169
29170
29170
29170
29172
29172
29181
29185
29189
29192
29196
29202
29203
29207
29211
29213
29216
29218
29220
29224
29228
29231
29234
29236
29241
29245
29246
29254
29265
29266
29269
29277
29279
29283
29296
29297
29298
29302
29312
29313
29313
29315
29316
29317
29318
29318
29319
29319
29321
29321
29323
29326
29328
29334
29337
29345
29346
29350
29355
29358
29361
29368
29376
29376
29385
29387
29391
29394
29398
29399
29400
29401
29401
29402
29408
29411
29417
29421
29425
29427
29428
29430
29433
29440
29443
29453
29459
29459
29463
29463
29470
29471
29471
29472
29474
29482
29483
29485
29492
29496
29498
29499
29510
29510
29511
29511
29512
29512
29522
29524
29524
29528
29530
29533
29538
29548
29554
29559
29559
29560
29563
29568
29569
29572
29577
29582
29585
29590
29590
29592
29592
29611
29613
29614
29620
29620
29635
29636
29639
29639
29640
29640
29652
29656
29657
29657
29666
29668
29673
29675
29675
29678
29678
29681
29689
29690
29691
29691
29695
29696
29697
29701
29706
29711
29716
29720
29721
29721
29727
29732
29746
29750
29750
29757
29757
29762
29767
29771
29773
29776
29776
29777
29784
29785
29786
29786
29790
29793
29798
29806
29806
29808
29814
29815
29819
29826
29829
29830
29831
29831
29831
29838
29850
29852
29854
29857
29865
29865
29868
29872
29873
29885
29886
29887
29887
29889
29891
29894
29907
29916
29917
29918
29920
29922
29926
29927
29927
29928
29932
29941
29945
29957
29961
29961
29966
29967
29967
29968
29970
29974
29982
29986
29994
29997
30013
30015
30017
30031
30034
30048
30059
30064
30064
30065
30066
30069
30076
30081
30086
30086
30090
30097
30097
30102
30102
30105
30108
30111
30118
30118
30125
30129
30130
30131
30136
30139
30141
30143
30145
30145
30145
30146
30152
30154
30154
30159
30162
30163
30166
30178
30180
30189
30191
30192
30193
30200
30207
30209
30211
30214
30217
30219
30228
30230
30237
30245
30245
30245
30249
30250
30253
30273
30277
30289
30290
30290
30299
30303
30303
30303
30306
30306
30309
30309
30314
30321
30322
30325
30325
30328
30334
30336
30336
30340
30341
30342
30342
30344
30349
30350
30353
30355
30357
30364
30369
30369
30369
30370
30377
30377
30379
30381
30393
30393
30394
30395
30399
30407
30410
30421
30423
30439
30440
30445
30446
30448
30448
30449
30451
30451
30452
30459
30463
30477
30480
30483
30484
30485
30490
30506
30507
30509
30511
30514
30514
30516
30519
30522
30525
30527
30531
30533
30534
30542
30546
30546
30551
30554
30554
30559
30565
30565
30573
30579
30582
30588
30591
30595
30596
30597
30602
30605
30609
30615
30618
30623
30629
30645
30645
30654
30662
30666
30672
30677
30678
30684
30684
30687
30687
30689
30690
30694
30695
30697
30697
30699
30699
30701
30703
30704
30707
30708
30709
30709
30714
30720
30720
30725
30725
30726
30733
30741
30746
30748
30750
30752
30755
30756
30761
30770
30772
30773
30777
30780
30781
30786
30787
30789
30794
30800
30805
30811
30815
30820
30826
30828
30829
30834
30835
30837
30837
30839
30842
30846
30848
30850
30851
30852
30854
30858
30861
30861
30861
30862
30872
30873
30874
30884
30886
30888
30889
30891
30891
30892
30893
30901
30902
30902
30904
30907
30907
30908
30929
30938
30939
30946
30948
30951
30955
30960
30966
30968
30973
30973
30974
30975
30979
30980
30984
30987
30988
30992
30993
30995
30998
31005
31014
31018
31031
31033
31036
31037
31051
31053
31063
31066
31077
31078
31081
31095
31096
31100
31104
31106
31116
31125
31126
31126
31128
31129
31129
31130
31142
31150
31162
31166
31170
31172
31174
31179
31182
31183
31191
31192
31193
31200
31202
31203
31231
31232
31232
31234
31242
31243
31246
31246
31247
31247
31275
31282
31283
31288
31290
31292
31293
31297
31301
31303
31306
31307
31326
31326
31332
31334
31335
31339
31347
31349
31350
31358
31365
31370
31372
31373
31374
31375
31378
31382
31387
31387
31387
31396
31406
31409
31416
31419
31419
31421
31422
31424
31425
31427
31432
31438
31438
31440
31443
31446
31447
31449
31452
31452
31468
31472
31481
31487
31487
31488
31488
31492
31492
31492
31494
31501
31501
31503
31503
31506
31509
31509
31515
31515
31517
31519
31519
31523
31526
31529
31536
31537
31538
31540
31542
31543
31546
31550
31551
31552
31554
31563
31565
31566
31574
31578
31584
31586
31588
31589
31589
31589
31603
31605
31607
31610
31614
31615
31616
31617
31619
31620
31622
31623
31626
31634
31638
31641
31643
31649
31650
31650
31655
31657
31658
31659
31663
31664
31667
31672
31674
31678
31681
31683
31689
31690
31698
31699
31703
31705
31712
31713
31716
31717
31724
31728
31731
31737
31744
31744
31745
31745
31749
31749
31750
31753
31757
31758
31760
31762
31765
31768
31775
31788
31788
31791
31791
31792
31796
31796
31805
31807
31818
31818
31823
31824
31825
31827
31838
31839
31839
31844
31846
31848
31849
31855
31860
31865
31871
31872
31875
31882
31883
31888
31890
31897
31897
31898
31917
31918
31919
31922
31924
31925
31928
31929
31931
31934
31934
31937
31938
31946
31953
31959
31959
31962
31966
31968
31972
31973
31976
31976
31977
31977
31979
31984
31988
31988
31994
31999
32001
32004
32004
32004
32007
32011
32011
32014
32016
32017
32023
32023
32031
32033
32034
32040
32041
32044
32049
32054
32054
32062
32063
32070
32076
32078
32078
32084
32086
32086
32086
32088
32090
32099
32104
32105
32109
32114
32115
32129
32132
32135
32137
32137
32141
32144
32144
32146
32148
32149
32155
32156
32158
32159
32160
32161
32163
32165
32167
32168
32170
32173
32176
32180
32180
32186
32189
32191
32196
32196
32198
32200
32201
32205
32205
32207
32208
32211
32213
32214
32217
32222
32228
32234
32234
32236
32243
32245
32246
32246
32251
32252
32253
32256
32260
32262
32267
32269
32269
32271
32272
32272
32279
32284
32284
32285
32297
32301
32302
32310
32314
32317
32317
32328
32329
32335
32338
32338
32340
32340
32341
32342
32344
32350
32357
32358
32360
32361
32365
32370
32371
32372
32376
32380
32381
32386
32391
32392
32394
32395
32399
32413
32414
32420
32423
32425
32428
32430
32431
32433
32433
32436
32438
32451
32452
32455
32456
32459
32460
32467
32468
32468
32469
32469
32476
32478
32488
32489
32491
32494
32495
32505
32508
32509
32511
32511
32514
32515
32516
32517
32527
32528
32532
32542
32543
32543
32552
32552
32556
32557
32559
32559
32566
32566
32567
32570
32570
32573
32576
32578
32580
32580
32590
32591
32595
32595
32597
32608
32609
32609
32612
32616
32620
32622
32627
32633
32633
32637
32639
32640
32642
32656
32657
32660
32665
32670
32670
32674
32676
32685
32686
32694
32697
32698
32704
32705
32706
32711
32714
32714
32721
32728
32735
32737
32742
32746
32746
32747
32749
32751
32758
32760
32766
32767
