10
13
16
19
20
22
29
32
33
42
48
48
48
49
50
52
55
57
64
65
68
71
72
75
80
83
90
91
98
103
105
128
129
129
131
131
138
139
141
143
151
155
157
157
157
157
158
159
160
163
163
174
175
179
182
190
190
192
193
197
202
207
211
212
222
222
223
244
246
247
252
253
254
260
264
268
272
279
283
298
299
304
311
318
322
329
332
333
333
337
342
343
344
345
350
351
352
354
354
355
357
363
365
371
373
375
376
376
379
379
382
383
384
385
385
398
404
413
415
427
428
431
432
435
436
442
448
450
452
452
453
460
465
469
476
480
484
488
489
490
491
494
503
505
512
515
515
517
522
522
524
528
531
532
533
534
540
540
541
541
543
543
546
561
562
568
576
576
581
583
584
584
584
585
586
586
588
589
593
595
596
596
602
608
614
614
620
621
623
629
635
636
637
639
640
643
644
648
654
654
657
657
663
663
665
665
670
680
684
686
690
691
691
692
693
694
696
697
703
703
705
705
705
710
712
714
714
720
720
736
739
742
743
747
749
756
756
760
763
763
763
763
768
772
774
774
776
780
785
785
793
793
795
795
801
803
804
807
811
812
816
816
821
827
829
830
835
837
841
841
843
844
845
851
855
856
858
859
860
865
867
867
868
868
869
874
875
877
880
884
887
897
902
902
907
917
917
918
923
928
928
931
932
934
936
938
940
941
943
949
949
952
954
954
955
959
961
962
963
964
970
970
971
973
974
977
980
988
988
989
990
1006
1012
1012
1014
1015
1018
1021
1026
1026
1029
1029
1035
1036
1037
1043
1045
1048
1065
1067
1069
1071
1072
1086
1086
1089
1094
1095
1100
1115
1126
1127
1129
1131
1135
1135
1135
1137
1137
1140
1143
1143
1146
1148
1149
1150
1152
1156
1169
1171
1173
1177
1180
1186
1195
1201
1207
1215
1215
1216
1218
1219
1222
1223
1224
1227
1231
1233
1237
1238
1241
1242
1243
1244
1251
1254
1254
1255
1257
1261
1267
1275
1278
1279
1281
1281
1284
1284
1297
1298
1311
1311
1313
1314
1319
1325
1332
1332
1336
1338
1339
1342
1342
1343
1346
1346
1348
1351
1355
1355
1361
1363
1366
1370
1371
1374
1378
1378
1383
1386
1387
1389
1391
1391
1391
1394
1397
1401
1404
1406
1407
1407
1408
1409
1415
1417
1420
1425
1427
1431
1432
1441
1446
1447
1452
1454
1456
1457
1470
1471
1473
1478
1488
1490
1492
1495
1496
1502
1504
1507
1508
1513
1513
1513
1520
1523
1524
1530
1531
1537
1544
1548
1548
1551
1557
1559
1567
1571
1574
1577
1580
1583
1585
1585
1586
1591
1601
1602
1604
1604
1606
1610
1610
1611
1614
1615
1615
1622
1623
1624
1625
1627
1633
1639
1639
1643
1644
1645
1645
1646
1653
1654
1655
1657
1662
1671
1683
1685
1694
1697
1699
1701
1704
1705
1706
1707
1712
1714
1724
1734
1754
1762
1766
1767
1767
1768
1771
1777
1784
1786
1787
1788
1790
1791
1794
1794
1797
1800
1800
1804
1806
1806
1809
1811
1815
1815
1815
1823
1824
1830
1832
1834
1839
1840
1841
1843
1844
1850
1863
1866
1866
1866
1867
1876
1877
1882
1883
1891
1892
1896
1906
1907
1909
1910
1914
1923
1925
1926
1928
1935
1935
1946
1962
1965
1966
1970
1973
1974
1975
1976
1977
1977
1984
1991
1991
1992
1993
1993
1998
2001
2002
2003
2008
2008
2011
2011
2014
2019
2019
2020
2021
2028
2033
2036
2044
2048
2053
2053
2054
2057
2058
2061
2063
2064
2066
2075
2079
2079
2080
2089
2091
2091
2093
2095
2098
2098
2099
2101
2107
2108
2110
2110
2114
2126
2128
2130
2131
2131
2133
2138
2143
2147
2149
2150
2151
2155
2161
2162
2166
2167
2187
2190
2192
2193
2198
2202
2202
2204
2204
2205
2213
2214
2215
2216
2222
2225
2225
2229
2229
2231
2231
2232
2237
2239
2243
2247
2254
2262
2262
2263
2271
2272
2274
2275
2283
2283
2286
2286
2302
2303
2310
2311
2312
2313
2320
2320
2322
2323
2330
2331
2334
2337
2337
2345
2352
2355
2358
2359
2362
2364
2366
2372
2372
2374
2380
2381
2384
2387
2390
2394
2394
2398
2400
2404
2408
2408
2414
2417
2417
2423
2425
2428
2430
2437
2438
2440
2443
2447
2448
2448
2448
2448
2449
2452
2473
2478
2479
2481
2487
2488
2488
2489
2490
2491
2496
2497
2501
2508
2508
2509
2509
2518
2518
2526
2528
2531
2531
2535
2537
2539
2540
2540
2542
2545
2549
2551
2559
2560
2569
2569
2574
2575
2581
2581
2586
2591
2593
2593
2598
2602
2605
2614
2614
2618
2625
2626
2629
2631
2637
2639
2648
2654
2659
2660
2662
2666
2673
2676
2677
2678
2678
2680
2682
2687
2688
2693
2694
2701
2708
2710
2712
2712
2730
2733
2737
2739
2739
2739
2740
2741
2742
2745
2747
2749
2760
2760
2765
2771
2774
2775
2776
2777
2778
2795
2796
2796
2797
2799
2801
2805
2807
2808
2814
2816
2816
2819
2820
2824
2832
2834
2841
2842
2846
2847
2852
2867
2868
2870
2871
2873
2883
2891
2894
2894
2895
2898
2902
2904
2906
2907
2910
2915
2924
2928
2944
2949
2950
2959
2959
2961
2963
2976
2976
2977
2981
2981
2988
2989
2993
3007
3010
3012
3016
3021
3022
3023
3027
3027
3028
3034
3034
3034
3034
3037
3037
3040
3041
3047
3047
3050
3054
3058
3069
3069
3070
3072
3072
3077
3078
3079
3080
3081
3085
3088
3092
3093
3093
3094
3098
3103
3104
3113
3113
3113
3118
3122
3123
3126
3128
3128
3129
3133
3134
3148
3152
3155
3156
3163
3168
3168
3170
3173
3174
3180
3181
3183
3184
3184
3186
3186
3187
3194
3195
3200
3213
3213
3218
3219
3219
3224
3224
3226
3226
3230
3232
3236
3247
3247
3248
3251
3251
3251
3255
3260
3263
3263
3265
3266
3269
3271
3273
3275
3276
3280
3284
3289
3289
3294
3294
3299
3301
3303
3307
3311
3314
3318
3322
3328
3334
3340
3346
3349
3350
3350
3350
3351
3361
3362
3364
3364
3364
3366
3379
3385
3387
3389
3390
3393
3397
3400
3402
3409
3422
3424
3431
3440
3440
3445
3456
3461
3463
3463
3464
3465
3468
3468
3470
3477
3479
3485
3490
3492
3495
3495
3497
3499
3502
3506
3509
3517
3518
3520
3523
3528
3536
3537
3542
3544
3545
3548
3549
3551
3553
3556
3560
3561
3561
3561
3564
3567
3570
3573
3574
3576
3579
3583
3589
3592
3593
3595
3598
3599
3604
3611
3618
3630
3631
3633
3634
3639
3641
3642
3645
3648
3649
3652
3656
3658
3664
3665
3665
3671
3671
3676
3677
3683
3685
3686
3691
3691
3693
3698
3698
3700
3700
3702
3709
3710
3717
3731
3732
3733
3735
3735
3738
3748
3753
3756
3756
3763
3769
3776
3779
3784
3790
3798
3799
3800
3803
3803
3813
3813
3815
3815
3817
3819
3819
3820
3822
3823
3826
3833
3834
3843
3849
3851
3852
3863
3864
3865
3866
3868
3872
3873
3876
3877
3882
3885
3891
3893
3896
3898
3898
3901
3910
3910
3912
3921
3922
3927
3933
3934
3936
3940
3941
3942
3954
3964
3965
3965
3971
3974
3979
3980
3982
3986
3990
4002
4004
4012
4017
4017
4019
4021
4021
4023
4026
4037
4041
4042
4045
4046
4052
4053
4055
4056
4063
4065
4071
4082
4087
4090
4093
4097
4105
4115
4117
4117
4117
4118
4125
4131
4137
4140
4140
4141
4145
4149
4151
4152
4155
4155
4158
4158
4161
4162
4165
4171
4174
4176
4184
4186
4189
4197
4198
4201
4204
4213
4220
4228
4230
4235
4241
4245
4253
4260
4262
4264
4271
4272
4282
4287
4290
4290
4298
4299
4301
4303
4304
4307
4308
4308
4312
4317
4321
4323
4327
4331
4334
4341
4344
4354
4354
4354
4354
4361
4362
4363
4363
4364
4365
4369
4372
4373
4375
4378
4379
4381
4388
4390
4397
4400
4402
4409
4413
4414
4415
4421
4426
4427
4429
4430
4432
4442
4448
4450
4452
4454
4457
4461
4462
4467
4470
4476
4478
4487
4487
4488
4490
4494
4495
4497
4498
4498
4505
4507
4510
4512
4519
4522
4525
4526
4526
4537
4546
4547
4549
4553
4554
4555
4560
4562
4562
4564
4567
4568
4569
4570
4570
4572
4575
4580
4585
4587
4587
4597
4599
4600
4602
4602
4607
4613
4620
4623
4625
4625
4626
4626
4632
4632
4632
4636
4639
4642
4649
4652
4660
4663
4664
4665
4667
4669
4669
4670
4672
4673
4673
4674
4679
4685
4688
4694
4705
4706
4713
4713
4713
4717
4720
4721
4721
4726
4734
4741
4742
4750
4751
4753
4760
4761
4764
4768
4771
4774
4780
4785
4788
4789
4792
4792
4798
4803
4803
4803
4810
4817
4825
4828
4828
4828
4833
4842
4843
4845
4845
4849
4850
4853
4854
4858
4858
4860
4861
4865
4865
4866
4875
4876
4881
4881
4885
4895
4896
4897
4901
4905
4925
4927
4930
4937
4939
4941
4941
4944
4944
4944
4945
4950
4952
4952
4952
4953
4954
4955
4957
4960
4966
4966
4972
4973
4989
4996
4997
5000
5000
5007
5010
5012
5012
5013
5014
5014
5016
5020
5022
5023
5024
5026
5028
5046
5048
5051
5051
5052
5055
5055
5058
5061
5062
5063
5067
5067
5073
5087
5094
5099
5099
5101
5108
5110
5112
5115
5115
5116
5121
5128
5128
5134
5136
5137
5140
5148
5149
5152
5159
5170
5173
5173
5180
5186
5188
5189
5189
5192
5193
5195
5201
5204
5215
5217
5220
5226
5235
5236
5239
5242
5243
5245
5246
5251
5256
5257
5262
5263
5265
5266
5266
5268
5272
5272
5279
5281
5282
5285
5294
5295
5296
5300
5304
5309
5313
5315
5322
5325
5328
5329
5334
5334
5339
5347
5351
5351
5356
5363
5369
5370
5377
5382
5382
5384
5384
5385
5398
5398
5399
5401
5401
5408
5410
5411
5412
5414
5416
5418
5428
5428
5428
5429
5435
5436
5437
5437
5442
5451
5453
5457
5457
5459
5459
5463
5466
5467
5468
5469
5469
5475
5480
5484
5489
5498
5503
5504
5505
5506
5510
5513
5516
5522
5523
5527
5535
5536
5543
5546
5548
5552
5553
5554
5556
5557
5558
5559
5560
5560
5561
5563
5565
5566
5591
5591
5593
5595
5598
5599
5601
5601
5608
5610
5617
5628
5630
5633
5639
5645
5647
5650
5652
5654
5656
5661
5661
5663
5666
5667
5671
5677
5678
5679
5681
5683
5684
5686
5692
5695
5697
5698
5699
5721
5721
5724
5727
5727
5727
5730
5735
5740
5741
5742
5747
5750
5751
5754
5759
5762
5763
5771
5771
5771
5779
5783
5796
5801
5807
5811
5819
5827
5831
5836
5841
5842
5843
5845
5846
5848
5848
5851
5851
5853
5870
5874
5880
5881
5882
5884
5889
5890
5892
5895
5900
5913
5914
5918
5920
5925
5927
5929
5930
5935
5936
5938
5943
5943
5943
5947
5947
5951
5953
5954
5959
5959
5967
5968
5971
5981
5987
5992
5999
5999
6003
6009
6010
6012
6013
6015
6019
6019
6022
6026
6032
6033
6035
6038
6041
6042
6046
6049
6055
6055
6056
6059
6062
6063
6064
6066
6067
6069
6071
6074
6077
6083
6091
6099
6103
6105
6106
6107
6108
6112
6114
6118
6119
6119
6125
6127
6128
6131
6140
6140
6142
6145
6153
6156
6156
6165
6181
6183
6193
6198
6202
6205
6218
6222
6223
6229
6234
6236
6243
6248
6252
6252
6257
6259
6274
6278
6281
6282
6282
6294
6305
6305
6316
6316
6317
6317
6318
6322
6326
6326
6342
6344
6345
6345
6346
6348
6350
6351
6356
6357
6360
6363
6364
6366
6367
6370
6375
6376
6376
6378
6378
6384
6387
6397
6398
6399
6400
6400
6401
6405
6406
6408
6409
6413
6413
6417
6419
6425
6430
6441
6444
6445
6445
6449
6451
6452
6452
6458
6462
6465
6465
6466
6468
6468
6472
6473
6474
6476
6478
6479
6482
6483
6486
6487
6488
6489
6491
6495
6497
6497
6498
6508
6513
6514
6514
6515
6516
6524
6524
6528
6529
6536
6536
6538
6540
6541
6542
6547
6554
6557
6565
6566
6568
6570
6572
6576
6577
6578
6579
6580
6584
6585
6589
6592
6595
6595
6598
6605
6613
6616
6616
6616
6629
6629
6631
6631
6635
6641
6650
6651
6651
6654
6654
6666
6670
6670
6672
6677
6679
6679
6680
6682
6686
6689
6690
6694
6695
6698
6703
6712
6714
6720
6724
6725
6725
6728
6730
6731
6732
6733
6733
6735
6737
6737
6740
6741
6745
6746
6749
6749
6750
6751
6756
6757
6758
6759
6762
6768
6768
6771
6771
6773
6774
6774
6780
6783
6787
6788
6790
6792
6807
6808
6809
6813
6816
6824
6827
6832
6832
6833
6834
6834
6844
6845
6845
6857
6863
6867
6868
6870
6872
6874
6878
6879
6879
6882
6883
6889
6898
6898
6900
6901
6907
6912
6919
6920
6930
6931
6931
6936
6942
6942
6944
6945
6949
6949
6950
6958
6961
6962
6962
6965
6970
6971
6976
6977
6979
6989
6992
6994
6996
7001
7010
7012
7013
7017
7020
7023
7024
7030
7030
7032
7038
7038
7040
7041
7045
7046
7048
7054
7055
7055
7057
7061
7063
7065
7066
7071
7073
7077
7081
7083
7086
7095
7100
7105
7106
7109
7110
7111
7122
7125
7132
7137
7143
7148
7153
7154
7155
7156
7158
7164
7166
7167
7177
7179
7190
7191
7191
7201
7201
7204
7211
7221
7224
7227
7235
7240
7244
7249
7251
7256
7256
7266
7276
7277
7278
7280
7281
7282
7284
7293
7300
7307
7308
7312
7313
7315
7318
7320
7323
7327
7340
7351
7354
7357
7357
7363
7364
7381
7386
7392
7398
7401
7404
7405
7409
7418
7419
7445
7446
7447
7450
7454
7456
7456
7457
7458
7460
7464
7466
7466
7468
7469
7470
7477
7478
7486
7487
7494
7504
7504
7506
7511
7512
7512
7512
7512
7514
7515
7516
7517
7519
7519
7521
7523
7523
7530
7530
7530
7536
7538
7543
7548
7549
7551
7552
7556
7556
7558
7561
7563
7565
7567
7568
7573
7574
7576
7579
7580
7580
7580
7586
7589
7602
7614
7615
7615
7617
7624
7625
7626
7630
7631
7632
7633
7633
7634
7635
7636
7656
7659
7663
7665
7666
7670
7672
7679
7680
7682
7682
7683
7683
7685
7690
7692
7693
7697
7697
7708
7714
7715
7718
7724
7728
7730
7737
7739
7741
7742
7744
7748
7751
7755
7757
7759
7763
7764
7767
7768
7769
7772
7772
7775
7775
7776
7778
7779
7779
7780
7786
7790
7794
7799
7803
7816
7828
7829
7830
7833
7833
7834
7835
7837
7842
7847
7850
7852
7853
7853
7858
7859
7862
7863
7866
7866
7871
7878
7887
7889
7901
7906
7907
7909
7912
7916
7917
7921
7928
7932
7932
7936
7939
7945
7949
7950
7951
7956
7957
7960
7964
7967
7970
7975
7977
7980
7982
7983
7984
7985
7987
7988
7990
7993
7996
7997
8004
8007
8017
8020
8023
8023
8024
8025
8030
8032
8035
8037
8049
8049
8060
8061
8062
8062
8062
8065
8069
8072
8073
8076
8083
8084
8086
8087
8097
8101
8103
8106
8109
8118
8118
8118
8120
8124
8126
8126
8126
8127
8132
8136
8144
8144
8152
8154
8154
8158
8171
8172
8173
8178
8186
8187
8187
8201
8206
8206
8207
8212
8217
8225
8237
8242
8242
8247
8250
8251
8258
8260
8262
8263
8265
8268
8277
8279
8281
8284
8284
8289
8290
8291
8293
8305
8309
8312
8314
8320
8320
8326
8330
8339
8348
8349
8350
8353
8356
8359
8360
8364
8366
8368
8368
8377
8390
8394
8396
8403
8409
8410
8415
8417
8422
8424
8424
8424
8437
8437
8439
8442
8443
8445
8450
8454
8458
8462
8462
8463
8465
8465
8466
8468
8472
8473
8476
8483
8484
8485
8498
8500
8502
8503
8505
8508
8511
8514
8523
8531
8535
8537
8549
8550
8551
8555
8555
8557
8560
8563
8563
8567
8568
8572
8576
8580
8582
8587
8588
8590
8599
8603
8603
8605
8608
8618
8625
8626
8630
8635
8652
8654
8656
8658
8660
8660
8664
8665
8669
8671
8677
8678
8679
8687
8693
8695
8703
8703
8705
8707
8712
8712
8714
8715
8718
8722
8725
8726
8736
8738
8739
8740
8746
8746
8747
8751
8763
8780
8783
8784
8788
8789
8792
8795
8795
8800
8802
8806
8807
8819
8825
8826
8829
8834
8840
8840
8844
8844
8845
8846
8852
8857
8858
8859
8860
8866
8867
8873
8895
8895
8895
8896
8896
8896
8898
8911
8918
8924
8927
8929
8930
8931
8933
8936
8936
8936
8940
8943
8945
8950
8952
8953
8954
8956
8958
8966
8972
8975
8977
8979
8979
8983
8986
8990
8990
8992
8996
8998
9003
9006
9013
9013
9028
9032
9032
9034
9037
9038
9040
9042
9043
9043
9044
9046
9047
9047
9047
9048
9048
9049
9054
9056
9078
9079
9080
9081
9085
9087
9098
9098
9104
9111
9114
9118
9123
9127
9129
9133
9133
9133
9134
9134
9134
9143
9143
9151
9154
9156
9157
9159
9164
9169
9169
9171
9176
9178
9180
9183
9183
9184
9184
9187
9189
9189
9190
9190
9190
9203
9208
9208
9210
9212
9214
9215
9221
9222
9228
9229
9232
9239
9240
9242
9244
9246
9247
9254
9255
9259
9260
9263
9265
9270
9272
9272
9288
9289
9298
9299
9306
9316
9321
9326
9328
9329
9330
9338
9341
9341
9345
9354
9359
9359
9361
9365
9375
9376
9379
9380
9386
9388
9391
9392
9395
9398
9398
9399
9399
9403
9404
9416
9417
9418
9418
9419
9423
9427
9428
9432
9439
9444
9447
9448
9449
9449
9449
9456
9460
9471
9474
9482
9483
9490
9493
9494
9496
9500
9503
9503
9504
9507
9509
9515
9516
9529
9531
9532
9534
9540
9541
9544
9555
9556
9561
9568
9575
9577
9577
9579
9580
9582
9582
9584
9591
9595
9599
9600
9602
9602
9606
9608
9614
9617
9627
9630
9631
9633
9639
9645
9647
9648
9649
9652
9655
9663
9676
9680
9683
9684
9684
9688
9688
9690
9700
9702
9703
9706
9707
9711
9713
9713
9718
9718
9718
9727
9730
9731
9737
9740
9748
9755
9762
9766
9768
9770
9773
9773
9775
9776
9780
9780
9783
9786
9787
9789
9789
9792
9794
9794
9800
9802
9809
9814
9819
9820
9822
9822
9823
9832
9833
9834
9835
9839
9849
9851
9852
9854
9855
9855
9861
9864
9865
9880
9885
9887
9887
9888
9890
9900
9900
9901
9902
9915
9924
9925
9928
9939
9941
9945
9945
9954
9960
9973
9984
9986
9991
10003
10005
10008
10009
10010
10013
10013
10019
10024
10025
10026
10036
10043
10045
10048
10049
10051
10053
10055
10055
10056
10057
10058
10059
10062
10068
10070
10074
10075
10082
10083
10084
10090
10090
10102
10104
10106
10107
10109
10111
10112
10114
10119
10123
10126
10129
10129
10137
10139
10141
10146
10155
10157
10159
10163
10166
10166
10168
10171
10181
10183
10186
10186
10187
10188
10191
10205
10207
10209
10210
10219
10220
10226
10226
10227
10232
10236
10241
10257
10268
10268
10269
10270
10273
10279
10279
10286
10289
10289
10290
10295
10297
10303
10303
10303
10313
10315
10320
10322
10323
10330
10331
10342
10343
10347
10353
10353
10354
10360
10361
10368
10371
10374
10378
10380
10382
10384
10386
10386
10388
10393
10395
10396
10403
10405
10405
10411
10413
10416
10421
10423
10427
10433
10438
10438
10440
10442
10451
10456
10466
10469
10471
10471
10476
10477
10486
10490
10498
10498
10500
10501
10501
10505
10505
10508
10511
10512
10513
10518
10520
10520
10522
10522
10524
10526
10527
10532
10532
10534
10546
10548
10553
10555
10559
10561
10573
10576
10577
10580
10581
10582
10587
10593
10593
10595
10604
10609
10610
10622
10627
10633
10633
10633
10635
10641
10645
10649
10654
10656
10657
10659
10664
10665
10666
10669
10670
10670
10670
10675
10677
10679
10681
10685
10686
10687
10688
10693
10693
10703
10710
10713
10714
10715
10716
10729
10733
10738
10738
10743
10745
10750
10752
10758
10762
10768
10774
10775
10778
10781
10784
10803
10809
10810
10811
10814
10816
10818
10820
10824
10829
10832
10833
10833
10835
10844
10845
10847
10851
10852
10854
10858
10858
10859
10865
10867
10868
10868
10872
10876
10877
10888
10891
10893
10895
10899
10902
10906
10907
10907
10910
10914
10917
10919
10921
10935
10936
10947
10948
10949
10951
10951
10954
10954
10956
10956
10957
10966
10969
10969
10985
10985
10989
10990
10996
10998
11004
11004
11005
11011
11017
11021
11021
11021
11023
11024
11024
11025
11054
11056
11061
11064
11065
11067
11077
11082
11085
11086
11088
11088
11092
11092
11093
11093
11096
11096
11098
11101
11107
11110
11111
11117
11123
11124
11128
11128
11128
11129
11130
11142
11143
11143
11144
11148
11151
11151
11153
11154
11155
11155
11158
11158
11161
11163
11166
11168
11170
11170
11170
11170
11178
11181
11187
11190
11191
11192
11193
11204
11221
11230
11230
11235
11247
11266
11267
11269
11269
11269
11274
11281
11289
11292
11312
11312
11313
11313
11317
11318
11318
11320
11328
11332
11333
11333
11333
11336
11338
11338
11344
11348
11348
11349
11357
11364
11365
11369
11371
11376
11382
11383
11387
11391
11392
11396
11396
11402
11403
11407
11407
11410
11412
11417
11417
11417
11418
11418
11421
11422
11423
11424
11426
11429
11430
11437
11440
11447
11454
11454
11458
11461
11468
11480
11482
11482
11483
11486
11487
11492
11493
11494
11496
11499
11500
11501
11502
11503
11504
11508
11508
11512
11514
11516
11516
11517
11518
11526
11526
11530
11538
11545
11546
11549
11560
11566
11568
11573
11583
11584
11588
11591
11593
11602
11608
11609
11609
11612
11625
11627
11630
11631
11640
11640
11642
11643
11646
11646
11648
11653
11656
11670
11672
11673
11673
11679
11683
11684
11689
11691
11693
11696
11697
11706
11707
11713
11720
11733
11741
11743
11744
11744
11745
11747
11748
11755
11757
11757
11765
11770
11773
11777
11777
11780
11785
11786
11789
11793
11795
11796
11805
11811
11812
11814
11815
11815
11816
11817
11830
11835
11840
11845
11849
11855
11858
11858
11861
11862
11865
11865
11866
11873
11873
11873
11877
11877
11878
11884
11886
11894
11894
11896
11896
11899
11908
11917
11918
11920
11922
11922
11925
11925
11927
11927
11929
11932
11937
11939
11940
11941
11949
11955
11957
11964
11964
11973
11977
11982
11983
11986
11996
12001
12004
12004
12005
12008
12011
12013
12023
12024
12025
12027
12029
12031
12032
12036
12041
12042
12046
12053
12054
12058
12059
12062
12067
12068
12069
12075
12076
12077
12079
12082
12084
12090
12095
12096
12096
12106
12107
12111
12118
12121
12121
12122
12124
12130
12134
12134
12135
12136
12141
12151
12152
12153
12153
12153
12156
12157
12164
12167
12167
12169
12170
12172
12173
12177
12179
12180
12186
12193
12196
12199
12199
12200
12200
12202
12203
12203
12203
12204
12205
12205
12206
12218
12219
12221
12232
12232
12232
12237
12245
12247
12249
12259
12270
12276
12277
12279
12291
12292
12295
12299
12300
12301
12313
12314
12316
12316
12317
12318
12320
12320
12324
12327
12327
12335
12347
12347
12354
12355
12357
12358
12362
12372
12375
12379
12379
12381
12383
12383
12385
12388
12390
12391
12392
12393
12395
12403
12411
12416
12419
12427
12428
12428
12430
12434
12439
12439
12442
12444
12449
12450
12452
12454
12455
12459
12461
12461
12461
12468
12468
12469
12474
12478
12481
12492
12499
12500
12502
12503
12503
12511
12513
12514
12514
12519
12523
12524
12525
12526
12528
12531
12534
12534
12539
12543
12544
12548
12550
12563
12564
12566
12568
12571
12580
12581
12588
12588
12588
12597
12598
12598
12598
12600
12600
12602
12603
12604
12606
12606
12610
12613
12625
12639
12643
12644
12656
12660
12661
12661
12670
12679
12683
12686
12686
12688
12690
12697
12698
12699
12700
12700
12700
12704
12706
12708
12709
12717
12718
12720
12721
12729
12732
12737
12739
12740
12745
12745
12747
12752
12754
12757
12761
12769
12771
12771
12774
12776
12789
12789
12795
12796
12797
12802
12804
12826
12827
12830
12835
12843
12846
12854
12856
12857
12860
12862
12868
12868
12869
12872
12876
12885
12887
12889
12894
12895
12900
12903
12912
12916
12917
12919
12924
12934
12934
12938
12938
12945
12953
12955
12957
12965
12972
12973
12976
12977
12977
12978
12979
12980
12981
12982
12983
12985
12986
12987
12989
12989
12990
12991
12997
12998
12999
13002
13004
13013
13017
13023
13026
13028
13031
13031
13033
13034
13037
13042
13044
13051
13052
13054
13055
13056
13060
13067
13069
13070
13074
13075
13076
13077
13081
13082
13082
13091
13095
13101
13108
13111
13114
13120
13126
13128
13133
13136
13136
13138
13142
13152
13152
13162
13163
13163
13164
13171
13174
13174
13179
13179
13201
13207
13211
13219
13219
13224
13224
13224
13225
13227
13234
13242
13247
13249
13250
13251
13257
13257
13263
13264
13272
13275
13282
13282
13284
13286
13287
13291
13291
13293
13299
13307
13310
13313
13319
13323
13326
13334
13335
13337
13338
13338
13339
13346
13349
13349
13354
13359
13363
13368
13372
13375
13378
13390
13391
13394
13398
13402
13403
13404
13405
13405
13411
13413
13428
13430
13436
13440
13448
13453
13456
13461
13466
13467
13477
13477
13483
13485
13485
13485
13498
13507
13507
13508
13509
13510
13515
13517
13524
13526
13531
13532
13533
13535
13536
13545
13551
13551
13559
13560
13567
13568
13569
13575
13575
13576
13589
13591
13594
13595
13601
13602
13608
13609
13612
13620
13623
13629
13629
13631
13638
13640
13648
13648
13655
13656
13666
13668
13668
13672
13675
13693
13698
13701
13706
13708
13709
13714
13718
13732
13734
13742
13743
13745
13753
13753
13754
13762
13763
13771
13775
13775
13779
13780
13781
13790
13790
13792
13797
13797
13799
13800
13801
13807
13810
13817
13818
13825
13828
13830
13834
13834
13847
13851
13851
13870
13871
13877
13886
13886
13890
13901
13905
13905
13909
13919
13922
13926
13942
13945
13947
13947
13953
13955
13958
13964
13968
13969
13972
13976
13982
13986
13991
13994
13997
13997
14005
14012
14013
14014
14015
14018
14021
14022
14024
14027
14037
14041
14042
14042
14044
14047
14047
14051
14051
14053
14059
14062
14067
14069
14069
14072
14073
14077
14079
14084
14084
14091
14091
14095
14102
14102
14104
14105
14107
14111
14114
14117
14118
14122
14122
14136
14138
14140
14144
14155
14158
14171
14173
14185
14190
14194
14198
14202
14204
14207
14220
14221
14228
14229
14230
14239
14243
14246
14247
14249
14249
14249
14251
14254
14264
14266
14267
14270
14271
14274
14280
14280
14284
14286
14288
14291
14292
14295
14296
14302
14305
14317
14329
14330
14339
14344
14346
14346
14348
14352
14353
14360
14363
14365
14370
14373
14375
14375
14382
14382
14383
14386
14391
14392
14394
14404
14406
14413
14425
14425
14427
14433
14434
14440
14440
14453
14458
14459
14462
14466
14467
14472
14475
14477
14479
14482
14486
14486
14489
14489
14490
14490
14491
14495
14500
14512
14520
14523
14523
14527
14530
14534
14534
14535
14537
14539
14541
14542
14545
14549
14550
14555
14563
14563
14565
14565
14567
14572
14574
14583
14587
14593
14593
14596
14603
14605
14606
14610
14610
14613
14618
14620
14625
14626
14628
14628
14631
14633
14634
14640
14645
14647
14653
14664
14676
14680
14681
14682
14685
14691
14696
14699
14702
14707
14709
14709
14717
14720
14728
14729
14732
14732
14733
14733
14736
14740
14740
14743
14747
14747
14747
14753
14754
14759
14760
14761
14764
14766
14766
14767
14767
14776
14778
14779
14791
14795
14798
14804
14806
14808
14811
14812
14815
14818
14823
14826
14826
14829
14831
14831
14837
14839
14840
14842
14843
14844
14845
14845
14851
14855
14857
14867
14870
14870
14871
14871
14872
14872
14873
14877
14881
14893
14897
14902
14908
14909
14910
14917
14929
14932
14941
14949
14953
14970
14973
14974
14975
14975
14979
14979
14983
14992
14996
15002
15003
15011
15013
15014
15021
15024
15030
15030
15031
15031
15037
15040
15043
15065
15067
15067
15068
15074
15084
15085
15088
15089
15095
15099
15104
15105
15110
15117
15119
15122
15135
15135
15138
15139
15140
15141
15150
15153
15155
15164
15167
15176
15180
15182
15188
15189
15199
15204
15206
15207
15207
15212
15213
15221
15222
15227
15228
15230
15231
15235
15235
15240
15242
15249
15249
15249
15250
15252
15254
15256
15257
15261
15263
15264
15266
15266
15266
15268
15270
15274
15275
15279
15285
15296
15297
15302
15303
15303
15304
15319
15321
15325
15325
15328
15329
15331
15337
15337
15340
15350
15352
15357
15358
15359
15366
15368
15370
15371
15372
15373
15373
15373
15378
15389
15393
15394
15394
15395
15401
15401
15404
15405
15407
15407
15408
15411
15420
15425
15427
15428
15428
15430
15432
15443
15445
15447
15449
15455
15456
15471
15471
15479
15481
15491
15492
15499
15500
15503
15507
15507
15510
15513
15523
15523
15532
15539
15541
15546
15561
15561
15563
15565
15565
15566
15570
15582
15583
15587
15588
15591
15591
15591
15596
15598
15602
15606
15614
15615
15615
15626
15628
15628
15629
15632
15633
15634
15643
15644
15646
15650
15653
15656
15658
15660
15667
15671
15672
15674
15676
15684
15687
15690
15692
15694
15696
15697
15700
15700
15704
15707
15709
15716
15718
15720
15723
15725
15733
15737
15738
15743
15771
15772
15773
15782
15788
15791
15797
15801
15802
15803
15807
15808
15809
15815
15817
15819
15824
15825
15828
15830
15830
15832
15834
15835
15836
15851
15856
15859
15877
15879
15879
15880
15883
15884
15885
15894
15895
15898
15898
15901
15902
15907
15915
15917
15920
15925
15927
15935
15938
15946
15948
15958
15963
15971
15977
15979
15983
15983
15984
15985
15990
15994
15997
16002
16005
16006
16006
16009
16009
16012
16014
16016
16016
16020
16021
16023
16024
16027
16029
16029
16032
16036
16037
16042
16043
16049
16051
16052
16053
16054
16057
16057
16059
16065
16070
16076
16079
16083
16085
16089
16089
16090
16093
16098
16105
16107
16115
16117
16120
16123
16125
16126
16135
16136
16138
16154
16154
16163
16164
16166
16169
16169
16173
16175
16175
16177
16179
16179
16180
16180
16182
16183
16186
16187
16190
16190
16196
16202
16214
16216
16216
16220
16223
16224
16226
16226
16231
16236
16238
16244
16249
16250
16253
16256
16261
16263
16268
16273
16275
16277
16289
16298
16308
16313
16315
16325
16326
16328
16329
16330
16335
16338
16348
16348
16349
16356
16356
16358
16361
16366
16372
16378
16385
16386
16386
16386
16388
16398
16400
16402
16402
16402
16407
16410
16413
16415
16415
16420
16421
16421
16429
16429
16430
16440
16441
16442
16445
16447
16448
16449
16451
16451
16454
16455
16460
16471
16473
16474
16482
16487
16488
16491
16498
16506
16510
16510
16513
16513
16517
16521
16522
16523
16548
16549
16554
16556
16556
16557
16557
16560
16567
16567
16574
16574
16575
16577
16580
16580
16584
16584
16589
16591
16592
16593
16594
16601
16603
16618
16621
16621
16625
16626
16627
16631
16631
16637
16638
16641
16650
16654
16657
16662
16663
16664
16665
16668
16680
16694
16696
16700
16704
16704
16723
16723
16724
16727
16730
16743
16750
16753
16754
16757
16758
16760
16766
16766
16770
16771
16772
16774
16776
16779
16786
16788
16789
16790
16793
16794
16795
16798
16801
16809
16815
16816
16826
16827
16828
16830
16831
16836
16839
16841
16844
16844
16846
16846
16847
16849
16851
16852
16858
16859
16859
16862
16877
16881
16889
16889
16891
16896
16899
16899
16904
16906
16907
16909
16910
16911
16914
16920
16921
16927
16927
16938
16938
16939
16943
16954
16956
16961
16962
16966
16968
16972
16974
16976
16976
16978
16980
16994
16994
16995
16998
17012
17017
17023
17026
17034
17049
17050
17051
17052
17068
17070
17080
17082
17086
17096
17096
17098
17098
17101
17106
17113
17127
17131
17132
17138
17140
17143
17143
17146
17152
17156
17157
17160
17162
17162
17162
17166
17169
17171
17171
17172
17173
17183
17186
17190
17192
17194
17194
17196
17205
17209
17217
17221
17221
17225
17234
17235
17236
17239
17246
17246
17248
17249
17251
17252
17254
17254
17255
17255
17259
17263
17263
17268
17268
17269
17271
17281
17288
17291
17293
17297
17302
17303
17305
17305
17306
17306
17306
17308
17312
17317
17318
17319
17320
17322
17322
17323
17328
17335
17335
17338
17345
17350
17351
17351
17352
17353
17353
17354
17354
17355
17357
17360
17367
17369
17371
17376
17379
17381
17386
17388
17393
17414
17422
17433
17438
17443
17444
17448
17453
17455
17466
17471
17473
17474
17474
17477
17480
17481
17494
17495
17496
17496
17498
17500
17506
17512
17516
17526
17528
17529
17532
17532
17536
17539
17541
17548
17549
17551
17551
17552
17555
17555
17555
17557
17561
17565
17566
17570
17575
17577
17578
17578
17579
17579
17581
17586
17587
17590
17593
17593
17594
17599
17615
17618
17620
17620
17622
17622
17629
17632
17634
17636
17637
17639
17643
17643
17643
17649
17650
17651
17656
17660
17660
17669
17674
17675
17675
17677
17678
17679
17681
17686
17687
17690
17690
17690
17690
17693
17695
17696
17696
17696
17699
17699
17703
17713
17714
17715
17716
17720
17722
17729
17737
17738
17738
17741
17748
17751
17755
17758
17764
17766
17767
17768
17770
17773
17774
17776
17776
17781
17784
17787
17788
17792
17797
17811
17811
17812
17812
17820
17821
17822
17824
17830
17840
17841
17842
17847
17852
17852
17857
17865
17865
17867
17867
17875
17879
17879
17883
17886
17886
17887
17888
17891
17892
17899
17903
17904
17906
17907
17910
17913
17917
17918
17926
17926
17933
17938
17938
17939
17941
17941
17943
17945
17945
17948
17949
17953
17960
17974
17975
17980
17984
17985
17985
17999
18000
18002
18003
18004
18005
18010
18016
18020
18033
18033
18040
18041
18045
18047
18050
18050
18051
18051
18052
18052
18054
18054
18061
18061
18065
18069
18070
18071
18072
18074
18077
18079
18089
18090
18091
18098
18101
18102
18103
18103
18108
18109
18120
18124
18129
18130
18134
18137
18138
18139
18140
18142
18142
18144
18153
18154
18156
18156
18157
18159
18160
18165
18168
18171
18173
18174
18179
18179
18182
18184
18187
18196
18198
18202
18205
18209
18221
18226
18227
18228
18230
18232
18236
18238
18239
18242
18243
18248
18254
18255
18263
18265
18266
18267
18270
18275
18277
18278
18278
18279
18281
18283
18283
18285
18287
18289
18295
18298
18299
18303
18317
18318
18319
18324
18325
18329
18329
18334
18338
18338
18340
18342
18343
18348
18349
18351
18360
18360
18369
18370
18376
18386
18392
18395
18399
18402
18406
18408
18411
18413
18414
18414
18418
18419
18420
18423
18423
18424
18431
18435
18435
18437
18438
18439
18442
18444
18446
18450
18452
18455
18458
18458
18469
18472
18473
18480
18485
18501
18501
18505
18505
18514
18514
18514
18516
18518
18520
18520
18522
18525
18530
18535
18536
18537
18541
18541
18545
18546
18556
18573
18574
18578
18588
18589
18589
18592
18593
18600
18601
18602
18603
18604
18614
18615
18618
18619
18622
18623
18625
18629
18634
18636
18636
18645
18646
18646
18647
18650
18653
18653
18654
18655
18655
18658
18658
18658
18661
18662
18664
18666
18672
18673
18683
18690
18693
18698
18708
18708
18708
18709
18716
18721
18725
18729
18730
18734
18736
18740
18741
18742
18742
18745
18746
18763
18764
18765
18767
18770
18777
18783
18785
18786
18790
18794
18795
18798
18799
18801
18803
18805
18817
18821
18822
18822
18843
18849
18849
18852
18854
18858
18860
18860
18862
18863
18864
18864
18865
18866
18866
18868
18869
18870
18874
18874
18875
18876
18879
18889
18889
18892
18896
18897
18897
18899
18900
18901
18903
18905
18913
18914
18930
18931
18932
18933
18938
18942
18947
18953
18962
18963
18963
18963
18968
18973
18974
18977
18978
18979
18981
18983
18985
18990
18990
18990
18997
19002
19002
19002
19004
19004
19012
19015
19019
19023
19024
19030
19031
19033
19033
19034
19047
19053
19053
19067
19067
19069
19072
19074
19081
19085
19087
19090
19097
19097
19098
19099
19100
19102
19103
19104
19104
19109
19112
19115
19121
19126
19131
19142
19144
19148
19148
19149
19159
19164
19168
19176
19177
19179
19181
19183
19186
19186
19188
19189
19196
19199
19205
19206
19206
19210
19211
19213
19219
19224
19226
19227
19228
19231
19236
19238
19239
19240
19251
19252
19254
19257
19258
19278
19289
19291
19294
19302
19302
19312
19316
19318
19319
19325
19325
19330
19337
19340
19341
19345
19356
19357
19359
19363
19370
19377
19382
19386
19394
19405
19408
19408
19408
19411
19413
19415
19422
19422
19429
19430
19430
19432
19434
19436
19436
19437
19437
19438
19438
19439
19444
19447
19452
19454
19455
19465
19466
19467
19467
19469
19476
19477
19480
19485
19489
19496
19497
19503
19505
19512
19514
19517
19518
19521
19524
19525
19525
19525
19533
19534
19539
19546
19551
19551
19559
19562
19564
19564
19571
19572
19575
19576
19579
19584
19587
19587
19590
19592
19595
19597
19609
19610
19611
19613
19615
19621
19624
19626
19628
19629
19634
19639
19651
19655
19658
19659
19660
19662
19663
19669
19671
19671
19675
19677
19684
19685
19691
19697
19702
19704
19710
19711
19713
19717
19724
19725
19736
19740
19741
19745
19755
19756
19757
19761
19761
19764
19770
19771
19773
19776
19777
19777
19781
19785
19785
19787
19787
19788
19794
19796
19803
19803
19804
19807
19808
19809
19814
19815
19817
19818
19820
19827
19828
19828
19828
19828
19830
19831
19833
19835
19837
19843
19844
19847
19847
19860
19861
19864
19867
19868
19868
19874
19874
19879
19886
19902
19904
19910
19911
19911
19912
19914
19917
19919
19922
19925
19942
19943
19944
19945
19946
19947
19952
19957
19958
19962
19964
19967
19968
19974
19977
19980
19980
19986
19991
19992
19992
19996
19996
19998
20002
20002
20007
20013
20016
20016
20024
20035
20037
20039
20041
20042
20044
20051
20055
20059
20060
20061
20076
20084
20084
20085
20086
20088
20094
20095
20097
20098
20100
20105
20119
20124
20133
20142
20144
20149
20152
20153
20157
20160
20164
20169
20169
20171
20180
20183
20185
20186
20187
20189
20190
20192
20195
20197
20200
20203
20210
20212
20214
20215
20219
20219
20220
20227
20240
20244
20247
20248
20257
20269
20271
20271
20271
20273
20281
20286
20288
20289
20292
20294
20295
20308
20310
20315
20319
20325
20329
20331
20332
20335
20338
20340
20341
20348
20360
20362
20368
20371
20374
20377
20383
20389
20390
20395
20395
20410
20418
20420
20424
20425
20425
20434
20442
20442
20444
20445
20449
20450
20453
20455
20455
20457
20459
20460
20466
20467
20469
20471
20473
20478
20478
20483
20484
20485
20490
20501
20503
20505
20511
20514
20516
20521
20525
20529
20534
20538
20542
20543
20547
20550
20552
20555
20559
20568
20579
20579
20583
20585
20586
20598
20599
20600
20607
20614
20622
20622
20623
20624
20629
20635
20635
20639
20644
20646
20650
20651
20653
20654
20655
20657
20659
20663
20664
20664
20666
20667
20667
20667
20671
20672
20677
20680
20682
20683
20683
20684
20686
20701
20702
20705
20706
20707
20717
20717
20722
20725
20725
20732
20733
20742
20743
20751
20753
20756
20757
20758
20759
20767
20768
20770
20770
20779
20780
20781
20781
20781
20782
20783
20784
20788
20791
20799
20804
20805
20807
20809
20810
20812
20812
20814
20829
20830
20831
20834
20835
20838
20844
20852
20852
20855
20858
20858
20861
20861
20861
20865
20866
20870
20870
20873
20873
20873
20878
20879
20879
20883
20883
20886
20886
20891
20893
20895
20897
20902
20903
20906
20906
20910
20911
20912
20912
20916
20923
20925
20931
20934
20936
20938
20948
20950
20953
20962
20962
20962
20963
20963
20963
20968
20971
20972
20974
20978
20982
20992
21001
21003
21007
21012
21014
21016
21020
21020
21024
21026
21036
21038
21047
21049
21053
21053
21056
21058
21069
21073
21074
21074
21081
21084
21090
21090
21092
21092
21094
21099
21101
21101
21102
21104
21105
21113
21115
21118
21119
21122
21123
21124
21125
21138
21141
21156
21159
21165
21166
21169
21169
21172
21173
21174
21179
21189
21191
21192
21192
21195
21202
21219
21221
21225
21225
21231
21232
21232
21236
21238
21244
21244
21247
21251
21263
21264
21264
21269
21270
21274
21284
21294
21294
21296
21300
21302
21307
21307
21310
21312
21313
21319
21319
21319
21327
21327
21333
21334
21341
21344
21346
21346
21348
21349
21349
21351
21354
21356
21358
21360
21360
21363
21368
21371
21374
21377
21381
21386
21394
21395
21407
21409
21409
21410
21416
21417
21421
21424
21428
21437
21440
21442
21444
21445
21456
21456
21464
21465
21468
21474
21476
21480
21481
21484
21485
21486
21487
21491
21492
21495
21496
21501
21502
21506
21507
21510
21510
21516
21519
21521
21522
21528
21532
21533
21533
21535
21537
21538
21543
21548
21554
21555
21557
21559
21561
21564
21566
21570
21572
21573
21575
21584
21584
21585
21586
21588
21589
21590
21594
21599
21599
21602
21610
21611
21612
21617
21618
21624
21635
21637
21642
21642
21647
21647
21650
21654
21660
21679
21684
21684
21685
21686
21686
21693
21694
21702
21702
21706
21707
21708
21709
21715
21720
21731
21735
21735
21736
21738
21741
21749
21750
21753
21754
21756
21773
21775
21779
21788
21794
21796
21803
21804
21814
21814
21817
21820
21824
21832
21837
21838
21842
21847
21852
21852
21870
21874
21875
21877
21879
21881
21882
21884
21885
21885
21888
21899
21903
21904
21914
21924
21934
21946
21950
21952
21954
21957
21961
21964
21971
21971
21971
21972
21985
21991
21996
21996
22001
22008
22008
22011
22011
22012
22014
22015
22016
22016
22018
22023
22024
22026
22027
22035
22035
22041
22046
22047
22050
22054
22054
22055
22059
22059
22060
22068
22082
22088
22089
22096
22107
22108
22109
22109
22119
22119
22121
22121
22126
22127
22138
22139
22151
22151
22155
22158
22164
22166
22176
22181
22192
22194
22204
22206
22210
22217
22219
22223
22225
22225
22228
22230
22230
22231
22241
22244
22246
22246
22255
22255
22256
22257
22265
22266
22273
22275
22278
22288
22290
22291
22294
22296
22301
22308
22308
22319
22320
22323
22326
22331
22332
22337
22337
22353
22355
22356
22360
22366
22373
22381
22383
22384
22385
22385
22391
22395
22405
22406
22410
22416
22429
22432
22432
22437
22437
22441
22447
22462
22475
22477
22479
22479
22488
22490
22491
22497
22497
22500
22501
22503
22504
22509
22509
22519
22521
22522
22523
22526
22537
22540
22549
22549
22550
22551
22554
22557
22561
22566
22571
22572
22572
22573
22573
22576
22582
22586
22588
22589
22590
22594
22595
22596
22597
22597
22598
22599
22601
22604
22606
22612
22614
22616
22618
22619
22623
22631
22633
22635
22635
22636
22637
22641
22641
22643
22649
22652
22653
22664
22671
22673
22674
22675
22675
22677
22684
22684
22690
22694
22699
22709
22714
22722
22724
22725
22736
22738
22745
22748
22749
22749
22751
22761
22763
22775
22777
22783
22785
22787
22787
22788
22790
22793
22794
22796
22798
22800
22803
22805
22809
22813
22821
22824
22825
22829
22834
22835
22838
22838
22840
22849
22850
22852
22857
22861
22863
22870
22870
22872
22875
22878
22880
22880
22889
22892
22892
22900
22906
22908
22908
22915
22920
22925
22929
22929
22931
22931
22937
22939
22945
22954
22958
22961
22970
22976
22978
22987
22996
23001
23003
23011
23016
23023
23023
23025
23025
23026
23030
23036
23043
23045
23046
23047
23057
23065
23071
23075
23078
23081
23081
23087
23088
23090
23091
23091
23093
23094
23095
23098
23103
23105
23112
23112
23113
23113
23116
23117
23118
23121
23123
23125
23131
23133
23136
23139
23143
23147
23147
23149
23149
23152
23154
23159
23168
23170
23171
23171
23172
23173
23181
23184
23189
23192
23196
23196
23213
23217
23219
23220
23221
23221
23222
23224
23228
23229
23229
23232
23232
23238
23243
23244
23245
23252
23254
23256
23275
23275
23279
23287
23288
23290
23290
23291
23293
23301
23307
23309
23310
23311
23312
23317
23319
23324
23325
23326
23331
23333
23334
23334
23340
23343
23343
23343
23344
23353
23353
23354
23355
23360
23361
23361
23362
23364
23368
23369
23373
23374
23374
23376
23380
23382
23385
23385
23388
23389
23389
23393
23402
23403
23404
23405
23405
23407
23408
23410
23413
23414
23418
23421
23421
23445
23447
23450
23455
23463
23465
23468
23472
23473
23474
23474
23476
23477
23483
23483
23491
23493
23500
23502
23502
23503
23507
23514
23515
23516
23519
23520
23525
23527
23551
23551
23551
23553
23559
23561
23561
23564
23566
23568
23569
23588
23590
23590
23593
23597
23604
23611
23622
23624
23624
23627
23630
23645
23649
23652
23653
23654
23655
23657
23658
23661
23661
23662
23663
23664
23667
23669
23673
23674
23677
23684
23692
23697
23701
23710
23712
23723
23730
23730
23746
23746
23750
23758
23758
23762
23762
23765
23765
23766
23767
23776
23777
23778
23787
23803
23806
23811
23814
23815
23818
23820
23821
23831
23835
23836
23837
23852
23854
23861
23863
23865
23873
23874
23876
23876
23880
23881
23883
23884
23884
23885
23888
23889
23892
23895
23899
23901
23904
23906
23910
23914
23917
23919
23921
23923
23925
23928
23932
23940
23940
23940
23945
23947
23951
23952
23958
23958
23960
23970
23974
23974
23976
23977
23981
23985
23987
23987
23991
23992
23996
24001
24010
24011
24013
24014
24016
24017
24025
24042
24045
24050
24053
24054
24059
24061
24066
24069
24070
24072
24086
24098
24103
24104
24107
24107
24111
24114
24118
24118
24127
24140
24140
24143
24143
24147
24149
24153
24157
24159
24161
24167
24167
24169
24170
24173
24174
24176
24179
24180
24182
24183
24184
24185
24186
24188
24192
24196
24199
24203
24210
24211
24213
24218
24218
24227
24230
24238
24239
24239
24240
24241
24250
24254
24258
24260
24261
24264
24268
24271
24273
24274
24275
24278
24282
24282
24286
24287
24289
24295
24296
24296
24299
24301
24301
24305
24311
24314
24318
24318
24321
24326
24336
24341
24344
24346
24346
24347
24350
24352
24352
24356
24360
24374
24374
24378
24379
24384
24385
24389
24394
24395
24396
24400
24406
24412
24413
24414
24417
24418
24419
24424
24431
24432
24457
24458
24464
24468
24468
24470
24473
24474
24478
24480
24480
24481
24482
24484
24486
24488
24489
24492
24495
24495
24501
24502
24507
24508
24509
24511
24516
24516
24521
24532
24535
24538
24542
24542
24543
24543
24550
24552
24557
24560
24568
24568
24570
24570
24575
24586
24587
24594
24598
24604
24607
24618
24625
24629
24630
24633
24643
24651
24653
24655
24658
24662
24663
24663
24664
24665
24665
24665
24667
24670
24671
24674
24676
24678
24679
24681
24690
24696
24702
24704
24710
24713
24718
24721
24721
24722
24731
24732
24734
24747
24752
24755
24760
24760
24763
24765
24768
24768
24771
24778
24779
24783
24787
24787
24792
24796
24799
24800
24800
24801
24807
24809
24815
24815
24819
24823
24825
24830
24830
24830
24833
24834
24837
24840
24841
24841
24841
24844
24845
24851
24855
24856
24856
24861
24866
24872
24880
24882
24883
24887
24887
24890
24893
24899
24900
24903
24908
24910
24910
24912
24912
24915
24919
24919
24920
24922
24923
24925
24925
24934
24938
24940
24945
24945
24950
24952
24962
24970
24971
24979
24987
24988
24988
24989
24990
24995
24998
24998
25000
25003
25008
25009
25016
25019
25021
25023
25029
25030
25038
25039
25040
25041
25050
25051
25051
25055
25057
25058
25059
25062
25065
25067
25090
25090
25098
25098
25102
25112
25115
25120
25120
25123
25123
25124
25125
25132
25138
25152
25152
25160
25161
25164
25172
25174
25175
25176
25177
25180
25186
25188
25192
25192
25195
25195
25196
25196
25197
25207
25209
25209
25214
25214
25217
25220
25221
25222
25226
25232
25235
25235
25237
25238
25252
25257
25263
25263
25264
25269
25273
25275
25280
25283
25284
25291
25291
25295
25299
25305
25307
25308
25311
25312
25312
25313
25321
25322
25323
25330
25333
25340
25342
25343
25348
25350
25363
25370
25373
25374
25375
25375
25376
25379
25381
25382
25385
25385
25404
25406
25412
25413
25414
25417
25417
25418
25429
25437
25438
25440
25448
25450
25454
25455
25456
25457
25457
25460
25461
25467
25469
25472
25473
25475
25477
25482
25483
25488
25489
25489
25494
25496
25503
25505
25506
25512
25516
25524
25532
25533
25542
25543
25547
25556
25558
25561
25562
25562
25571
25571
25572
25580
25584
25585
25586
25588
25589
25589
25593
25594
25595
25598
25601
25604
25604
25608
25610
25610
25614
25622
25623
25624
25625
25632
25634
25638
25639
25642
25645
25651
25653
25656
25658
25658
25660
25661
25665
25666
25666
25673
25674
25677
25682
25682
25686
25688
25691
25698
25701
25703
25704
25715
25715
25721
25724
25728
25729
25735
25736
25738
25740
25740
25749
25749
25755
25758
25759
25759
25761
25763
25780
25780
25785
25787
25796
25796
25796
25801
25802
25803
25803
25803
25804
25804
25806
25810
25812
25816
25816
25820
25826
25832
25836
25841
25842
25843
25845
25846
25849
25860
25860
25863
25867
25867
25868
25869
25873
25874
25875
25890
25891
25893
25893
25894
25907
25909
25910
25913
25913
25914
25917
25920
25924
25934
25939
25942
25946
25957
25963
25964
25972
25975
25978
25983
25988
25995
25998
26003
26006
26007
26010
26014
26015
26016
26017
26019
26023
26023
26023
26030
26032
26041
26043
26050
26054
26058
26059
26059
26064
26067
26068
26072
26080
26082
26083
26088
26090
26094
26098
26098
26102
26105
26106
26108
26109
26116
26118
26118
26121
26121
26123
26123
26128
26128
26134
26134
26140
26144
26152
26167
26168
26172
26173
26174
26177
26178
26180
26183
26185
26187
26187
26189
26189
26195
26195
26200
26204
26206
26208
26209
26210
26211
26212
26214
26214
26216
26217
26218
26226
26229
26237
26238
26240
26244
26245
26247
26251
26253
26254
26256
26257
26261
26262
26264
26267
26268
26273
26277
26281
26286
26291
26295
26296
26296
26297
26305
26312
26313
26313
26318
26323
26329
26335
26347
26351
26353
26354
26355
26361
26361
26362
26364
26372
26380
26380
26387
26387
26388
26394
26405
26406
26407
26409
26415
26416
26418
26429
26431
26435
26438
26448
26449
26464
26466
26473
26476
26478
26484
26487
26488
26488
26491
26502
26504
26514
26527
26528
26538
26539
26540
26544
26546
26548
26554
26559
26559
26560
26561
26563
26565
26579
26582
26582
26583
26585
26589
26591
26594
26596
26596
26597
26600
26601
26602
26607
26609
26613
26615
26623
26626
26633
26638
26640
26644
26653
26657
26667
26668
26681
26687
26687
26694
26697
26699
26701
26701
26702
26706
26707
26708
26715
26717
26724
26726
26727
26741
26745
26745
26750
26751
26753
26760
26766
26769
26770
26770
26770
26771
26772
26775
26777
26782
26785
26786
26787
26789
26790
26793
26799
26801
26802
26803
26804
26804
26806
26810
26816
26817
26817
26826
26829
26829
26829
26840
26840
26842
26845
26849
26850
26856
26857
26858
26860
26860
26870
26871
26871
26874
26877
26879
26880
26880
26885
26886
26889
26893
26895
26897
26899
26902
26904
26908
26908
26914
26914
26915
26922
26929
26932
26934
26937
26941
26943
26947
26947
26960
26961
26971
26973
26977
26977
26988
26989
26991
26993
26997
26999
27000
27005
27016
27018
27024
27036
27036
27036
27038
27041
27047
27048
27054
27054
27057
27057
27058
27061
27062
27062
27070
27071
27072
27075
27078
27079
27080
27083
27091
27099
27103
27107
27112
27114
27123
27125
27130
27131
27131
27133
27146
27149
27154
27154
27157
27157
27163
27166
27171
27181
27181
27186
27186
27187
27187
27191
27195
27198
27201
27203
27205
27205
27208
27209
27215
27218
27221
27222
27223
27235
27237
27240
27250
27252
27252
27254
27264
27272
27277
27281
27290
27291
27291
27292
27302
27302
27304
27308
27312
27314
27314
27314
27323
27323
27325
27327
27331
27342
27342
27343
27345
27348
27348
27351
27354
27357
27362
27368
27376
27376
27377
27378
27385
27388
27404
27405
27407
27407
27408
27418
27423
27428
27429
27435
27439
27440
27442
27449
27451
27452
27459
27464
27467
27470
27472
27474
27487
27487
27490
27491
27491
27498
27509
27509
27511
27519
27537
27544
27547
27552
27553
27557
27558
27560
27573
27574
27575
27580
27581
27595
27598
27605
27608
27609
27615
27619
27624
27626
27626
27627
27632
27633
27636
27638
27641
27642
27644
27644
27647
27647
27649
27657
27658
27660
27666
27668
27669
27672
27679
27680
27683
27687
27689
27689
27694
27695
27700
27703
27703
27705
27711
27713
27715
27716
27717
27721
27726
27729
27737
27739
27741
27746
27746
27748
27751
27755
27755
27756
27757
27760
27763
27768
27780
27780
27789
27797
27799
27801
27802
27804
27804
27806
27811
27820
27825
27825
27826
27830
27832
27835
27836
27843
27844
27846
27846
27847
27850
27853
27856
27858
27859
27867
27870
27872
27872
27872
27876
27877
27886
27888
27889
27889
27891
27892
27892
27893
27900
27900
27900
27902
27906
27906
27906
27909
27912
27917
27921
27922
27924
27925
27928
27929
27930
27932
27932
27933
27936
27936
27939
27944
27945
27949
27954
27956
27961
27961
27964
27967
27970
27980
27988
27994
27997
27998
27998
28000
28003
28004
28004
28006
28014
28016
28018
28021
28026
28030
28033
28033
28037
28039
28039
28043
28045
28052
28058
28060
28078
28080
28081
28083
28090
28092
28094
28104
28106
28120
28121
28122
28128
28128
28132
28134
28135
28135
28136
28136
28137
28140
28141
28142
28143
28143
28146
28155
28157
28158
28159
28161
28164
28169
28170
28170
28178
28180
28181
28181
28182
28185
28193
28195
28195
28199
28209
28210
28220
28237
28246
28248
28253
28259
28268
28268
28268
28268
28270
28276
28288
28291
28294
28295
28298
28298
28300
28301
28324
28332
28332
28336
28339
28345
28356
28361
28364
28367
28376
28377
28378
28378
28383
28386
28388
28389
28395
28397
28399
28402
28404
28407
28410
28415
28415
28419
28421
28425
28434
28437
28444
28448
28451
28454
28455
28459
28461
28475
28480
28483
28498
28501
28502
28503
28509
28511
28514
28516
28520
28522
28525
28533
28536
28536
28538
28544
28547
28547
28549
28550
28551
28552
28553
28553
28558
28558
28559
28565
28569
28570
28579
28583
28585
28589
28590
28591
28591
28592
28594
28597
28599
28603
28603
28623
28627
28631
28632
28638
28640
28646
28648
28661
28668
28669
28675
28676
28676
28679
28680
28681
28686
28688
28692
28694
28699
28703
28704
28710
28712
28713
28713
28729
28740
28743
28745
28746
28746
28749
28751
28757
28757
28766
28770
28771
28773
28773
28774
28780
28784
28789
28790
28800
28802
28803
28809
28815
28816
28816
28816
28818
28829
28832
28838
28841
28852
28861
28865
28868
28871
28874
28878
28881
28887
28889
28890
28890
28895
28895
28896
28899
28902
28906
28910
28914
28919
28922
28923
28926
28938
28941
28942
28942
28944
28950
28951
28954
28957
28962
28962
28964
28965
28968
28971
28971
28975
28977
28985
28993
28993
28994
28997
29010
29014
29017
29017
29018
29022
29024
29029
29035
29044
29045
29049
29051
29051
29060
29064
29065
29066
29069
29070
29078
29079
29086
29092
29095
29107
29108
29109
29116
29118
29121
29122
29122
29125
29126
29131
29134
29140
29144
29144
29145
29145
29147
29147
29148
29156
29162
29163
29163
29167
29171
29172
29172
29176
29178
29179
29183
29186
29192
29199
29199
29200
29204
29204
29206
29222
29225
29228
29229
29231
29237
29240
29242
29246
29250
29250
29252
29253
29253
29257
29257
29258
29259
29266
29272
29276
29281
29282
29283
29286
29299
29304
29304
29306
29306
29310
29313
29315
29317
29317
29317
29319
29323
29323
29329
29329
29330
29334
29335
29340
29341
29342
29342
29344
29347
29355
29367
29368
29369
29377
29381
29384
29386
29387
29390
29393
29397
29400
29409
29410
29416
29419
29427
29428
29433
29433
29434
29434
29435
29435
29436
29444
29444
29444
29448
29448
29455
29457
29461
29461
29464
29467
29470
29470
29471
29475
29477
29477
29479
29488
29502
29505
29511
29513
29513
29514
29515
29515
29516
29518
29519
29522
29529
29529
29531
29534
29537
29540
29542
29545
29549
29550
29552
29552
29553
29563
29566
29567
29567
29568
29569
29570
29571
29572
29574
29576
29579
29581
29581
29583
29584
29585
29603
29609
29612
29621
29627
29632
29639
29643
29644
29655
29655
29662
29663
29666
29673
29677
29678
29683
29683
29691
29694
29702
29703
29703
29704
29717
29717
29725
29732
29738
29740
29741
29744
29746
29750
29751
29751
29757
29759
29766
29766
29766
29769
29782
29783
29783
29784
29792
29794
29794
29797
29803
29805
29806
29816
29817
29820
29820
29821
29824
29826
29830
29834
29840
29841
29845
29847
29848
29854
29856
29856
29858
29859
29861
29865
29868
29869
29879
29881
29881
29883
29885
29886
29895
29895
29899
29900
29903
29909
29911
29912
29920
29922
29925
29932
29941
29945
29946
29947
29954
29956
29957
29959
29967
29967
29970
29974
29975
29979
29980
29981
29985
29987
29988
29992
29993
29995
29999
30000
30005
30007
30010
30010
30011
30011
30012
30020
30020
30025
30025
30027
30031
30039
30041
30049
30051
30057
30060
30065
30067
30068
30068
30068
30069
30070
30074
30080
30085
30087
30088
30091
30093
30097
30102
30107
30115
30119
30122
30130
30139
30143
30146
30149
30149
30149
30150
30155
30156
30158
30159
30164
30166
30169
30171
30177
30178
30180
30184
30190
30197
30200
30200
30201
30202
30205
30206
30212
30212
30213
30214
30222
30229
30231
30235
30237
30238
30241
30244
30247
30247
30255
30255
30263
30269
30269
30270
30270
30270
30274
30277
30284
30286
30289
30291
30292
30295
30297
30299
30303
30309
30310
30310
30314
30315
30316
30316
30316
30317
30317
30322
30325
30327
30333
30337
30337
30341
30344
30347
30351
30352
30355
30355
30357
30368
30370
30373
30382
30390
30394
30396
30397
30398
30406
30407
30408
30412
30423
30424
30427
30432
30436
30438
30442
30446
30448
30449
30460
30464
30465
30466
30466
30479
30482
30484
30489
30497
30498
30498
30498
30520
30521
30521
30523
30525
30527
30534
30536
30538
30543
30551
30553
30561
30562
30565
30568
30570
30575
30576
30587
30596
30606
30611
30620
30623
30626
30631
30631
30637
30643
30647
30651
30653
30654
30654
30662
30663
30665
30670
30672
30675
30676
30680
30681
30681
30684
30688
30691
30691
30695
30698
30700
30701
30710
30715
30718
30723
30730
30731
30731
30748
30751
30752
30754
30759
30762
30769
30771
30774
30775
30777
30777
30780
30787
30788
30791
30792
30795
30804
30814
30822
30825
30829
30829
30838
30842
30843
30848
30852
30856
30859
30862
30865
30867
30869
30869
30870
30874
30879
30888
30890
30893
30899
30899
30902
30911
30914
30923
30924
30927
30928
30929
30932
30934
30938
30940
30941
30942
30942
30946
30951
30954
30956
30961
30964
30966
30970
30970
30971
30978
30988
30991
30993
30998
31006
31011
31020
31022
31024
31027
31027
31031
31047
31049
31060
31060
31064
31069
31069
31073
31073
31073
31080
31082
31086
31088
31095
31095
31097
31105
31106
31107
31109
31109
31112
31113
31117
31117
31120
31124
31127
31128
31131
31133
31133
31136
31137
31139
31143
31144
31146
31153
31157
31160
31165
31180
31184
31185
31186
31194
31194
31199
31200
31200
31201
31208
31214
31215
31217
31221
31224
31236
31236
31249
31250
31250
31253
31261
31270
31273
31273
31274
31276
31279
31284
31285
31288
31295
31298
31299
31307
31311
31317
31317
31322
31323
31324
31327
31330
31343
31344
31349
31350
31350
31352
31353
31354
31358
31358
31359
31364
31365
31370
31371
31374
31382
31388
31392
31392
31395
31402
31403
31409
31411
31413
31415
31419
31420
31422
31423
31426
31427
31428
31428
31435
31437
31438
31438
31439
31442
31443
31443
31445
31447
31450
31456
31458
31466
31467
31475
31476
31479
31480
31481
31482
31489
31490
31490
31491
31493
31495
31500
31501
31502
31512
31517
31520
31524
31536
31538
31540
31545
31545
31545
31548
31549
31550
31550
31553
31554
31554
31554
31557
31560
31561
31562
31564
31565
31566
31567
31573
31574
31576
31577
31579
31579
31586
31594
31602
31620
31632
31636
31637
31640
31641
31645
31647
31648
31649
31651
31652
31652
31664
31666
31667
31677
31679
31681
31682
31687
31688
31692
31696
31702
31705
31715
31715
31715
31721
31723
31731
31732
31740
31743
31743
31747
31752
31756
31763
31767
31769
31773
31775
31779
31781
31787
31789
31795
31802
31802
31804
31813
31816
31816
31826
31828
31835
31837
31840
31864
31865
31870
31871
31878
31881
31885
31891
31895
31898
31905
31907
31909
31909
31910
31916
31917
31921
31928
31929
31934
31938
31941
31958
31960
31960
31961
31961
31962
31962
31962
31963
31963
31980
31981
31983
31985
31988
31994
31994
31998
32004
32008
32012
32013
32015
32028
32031
32037
32038
32045
32045
32048
32048
32050
32052
32054
32055
32059
32062
32065
32068
32070
32070
32076
32077
32080
32081
32084
32085
32086
32088
32088
32090
32091
32091
32091
32092
32097
32097
32097
32099
32102
32116
32117
32118
32126
32129
32137
32137
32138
32142
32145
32147
32159
32159
32160
32162
32169
32171
32177
32178
32178
32180
32183
32183
32187
32189
32191
32194
32196
32200
32202
32203
32209
32210
32214
32221
32224
32225
32228
32230
32230
32238
32239
32240
32241
32243
32250
32251
32253
32255
32257
32259
32266
32269
32271
32272
32272
32274
32276
32278
32280
32280
32280
32281
32286
32290
32292
32294
32299
32302
32305
32306
32312
32313
32314
32317
32319
32320
32327
32329
32330
32332
32333
32333
32335
32338
32341
32341
32344
32354
32356
32356
32359
32364
32365
32368
32373
32374
32375
32388
32393
32399
32401
32401
32401
32409
32410
32412
32417
32418
32426
32432
32432
32436
32440
32448
32448
32448
32452
32452
32453
32455
32458
32465
32480
32482
32483
32491
32493
32493
32499
32499
32501
32504
32510
32510
32511
32511
32512
32514
32514
32515
32515
32516
32518
32523
32526
32528
32529
32529
32532
32535
32541
32541
32544
32544
32546
32546
32546
32548
32551
32566
32570
32575
32578
32581
32581
32586
32595
32602
32602
32604
32606
32609
32610
32610
32620
32623
32629
32630
32630
32632
32634
32636
32638
32649
32651
32654
32659
32662
32669
32669
32671
32676
32680
32683
32684
32688
32695
32697
32697
32702
32705
32710
32712
32724
32726
32733
32733
32734
32750
32754
32756
32761
