6
6
11
15
20
22
25
26
30
31
31
37
41
45
45
45
51
54
61
66
69
74
76
77
79
80
83
84
85
102
111
113
118
120
120
121
125
125
129
132
136
136
156
157
158
158
169
171
171
180
181
181
185
188
193
196
201
205
207
208
210
211
214
214
215
217
220
224
224
232
237
240
242
243
249
262
262
263
266
266
268
273
278
278
288
295
303
305
311
313
319
326
332
332
337
351
351
352
354
355
366
367
370
372
372
373
374
377
378
385
385
401
402
405
405
412
418
422
430
432
445
445
445
450
451
454
455
456
468
477
477
477
487
488
489
491
493
495
502
503
503
506
507
509
510
518
518
518
523
526
526
527
535
546
547
548
549
549
551
554
557
559
559
565
567
570
571
572
574
579
580
581
583
583
584
586
595
597
608
609
611
616
619
625
628
629
630
631
641
645
650
653
658
662
664
666
668
669
677
683
692
697
698
701
703
703
704
705
712
719
728
731
733
741
745
751
751
752
756
762
770
770
771
776
792
794
803
805
808
809
811
823
823
828
831
832
834
843
845
846
849
849
850
857
858
858
863
866
869
876
876
880
884
888
888
892
892
893
895
899
908
909
911
919
920
921
921
927
928
933
937
942
942
944
949
949
955
955
956
957
960
965
970
970
972
973
974
987
987
988
988
990
991
991
992
1000
1000
1002
1006
1011
1012
1014
1021
1029
1036
1044
1045
1047
1057
1060
1063
1064
1069
1070
1070
1072
1076
1079
1084
1092
1092
1093
1098
1099
1105
1114
1122
1126
1130
1142
1148
1150
1150
1156
1157
1161
1163
1166
1169
1169
1173
1179
1179
1182
1184
1188
1188
1199
1202
1204
1206
1209
1211
1218
1219
1220
1222
1223
1229
1244
1248
1250
1251
1253
1258
1262
1263
1269
1281
1283
1292
1293
1297
1297
1300
1301
1302
1303
1308
1315
1315
1319
1320
1321
1324
1325
1325
1327
1329
1335
1335
1337
1339
1339
1343
1345
1347
1347
1349
1353
1354
1360
1363
1367
1371
1372
1373
1374
1377
1379
1379
1383
1385
1387
1389
1390
1392
1392
1399
1402
1405
1405
1412
1422
1426
1426
1436
1445
1445
1447
1448
1455
1456
1461
1462
1473
1479
1486
1492
1493
1495
1497
1498
1505
1510
1511
1513
1518
1519
1519
1527
1532
1536
1536
1537
1539
1545
1546
1548
1551
1552
1558
1559
1560
1561
1566
1568
1569
1572
1573
1575
1576
1576
1578
1582
1583
1587
1590
1591
1594
1596
1600
1602
1603
1604
1605
1609
1612
1627
1634
1635
1648
1656
1656
1657
1660
1670
1671
1675
1678
1680
1681
1681
1681
1681
1681
1682
1684
1691
1696
1705
1708
1710
1714
1714
1716
1720
1724
1724
1726
1727
1729
1730
1731
1736
1739
1740
1741
1753
1756
1773
1775
1776
1781
1785
1785
1786
1793
1799
1804
1804
1807
1808
1812
1813
1814
1817
1821
1821
1822
1827
1831
1835
1838
1838
1840
1843
1855
1863
1864
1874
1878
1878
1879
1879
1882
1891
1894
1896
1898
1898
1906
1907
1912
1913
1920
1920
1922
1924
1924
1928
1931
1938
1940
1946
1946
1947
1951
1953
1954
1967
1967
1969
1970
1971
1976
1982
1984
1989
1990
1991
1991
1998
1999
2002
2003
2003
2009
2013
2013
2014
2020
2020
2024
2026
2037
2041
2048
2055
2057
2060
2070
2080
2082
2085
2086
2088
2089
2090
2092
2095
2096
2097
2101
2110
2114
2114
2120
2120
2120
2123
2125
2125
2132
2137
2137
2143
2143
2147
2148
2151
2152
2157
2161
2163
2164
2165
2165
2173
2174
2178
2184
2184
2185
2188
2199
2200
2203
2206
2207
2207
2208
2209
2209
2211
2219
2220
2221
2222
2223
2224
2229
2241
2252
2253
2255
2257
2257
2264
2266
2278
2283
2293
2294
2295
2297
2299
2299
2300
2303
2305
2306
2308
2310
2313
2314
2314
2318
2324
2331
2332
2339
2343
2344
2347
2358
2359
2360
2362
2364
2367
2375
2377
2381
2383
2386
2386
2386
2405
2410
2411
2419
2420
2422
2425
2429
2430
2433
2435
2437
2441
2444
2449
2454
2459
2460
2462
2462
2466
2471
2474
2475
2480
2482
2484
2490
2497
2500
2504
2510
2513
2513
2514
2515
2517
2520
2522
2527
2529
2540
2541
2543
2545
2547
2552
2556
2558
2559
2560
2562
2566
2568
2578
2580
2581
2585
2585
2591
2593
2598
2610
2611
2614
2617
2618
2631
2633
2635
2647
2648
2648
2649
2657
2665
2666
2671
2675
2682
2684
2689
2690
2695
2696
2698
2704
2706
2713
2717
2723
2723
2723
2724
2726
2730
2731
2732
2736
2739
2740
2756
2757
2760
2761
2762
2768
2769
2777
2790
2791
2794
2802
2806
2813
2814
2814
2818
2818
2819
2819
2820
2821
2830
2832
2833
2839
2840
2840
2842
2843
2852
2854
2855
2873
2876
2878
2882
2885
2887
2895
2897
2898
2901
2902
2902
2906
2907
2908
2908
2910
2912
2913
2914
2917
2921
2925
2928
2934
2935
2941
2944
2945
2948
2958
2961
2963
2963
2967
2974
2980
2981
2983
2984
2987
2987
2990
2990
2991
2993
2993
2995
2995
3003
3004
3007
3008
3014
3018
3025
3029
3031
3036
3038
3042
3045
3046
3049
3049
3052
3053
3053
3055
3056
3061
3067
3069
3071
3072
3079
3080
3081
3084
3085
3086
3090
3091
3091
3095
3096
3096
3100
3102
3105
3106
3122
3126
3134
3140
3140
3141
3149
3151
3155
3168
3169
3176
3177
3181
3183
3186
3189
3197
3200
3208
3208
3215
3218
3220
3220
3221
3221
3226
3229
3233
3234
3240
3242
3242
3247
3251
3252
3253
3255
3256
3257
3259
3260
3261
3265
3269
3272
3275
3276
3277
3282
3285
3289
3294
3296
3299
3302
3308
3310
3320
3326
3328
3328
3329
3335
3341
3341
3343
3347
3349
3350
3351
3354
3358
3359
3359
3360
3363
3366
3369
3369
3370
3375
3377
3378
3379
3380
3380
3382
3385
3386
3387
3388
3392
3398
3404
3406
3408
3412
3417
3419
3421
3425
3427
3434
3436
3436
3439
3439
3446
3449
3455
3459
3468
3469
3469
3481
3481
3484
3486
3487
3489
3492
3493
3493
3501
3502
3508
3510
3510
3511
3514
3516
3521
3525
3526
3535
3537
3537
3544
3545
3551
3557
3560
3575
3578
3578
3579
3585
3589
3591
3592
3595
3595
3596
3596
3598
3598
3599
3605
3610
3615
3617
3617
3625
3628
3632
3634
3634
3638
3640
3644
3645
3647
3648
3656
3663
3664
3669
3673
3678
3684
3690
3691
3699
3700
3706
3707
3717
3720
3721
3722
3723
3729
3731
3740
3744
3749
3751
3751
3755
3756
3757
3759
3766
3766
3772
3782
3788
3791
3801
3801
3804
3805
3806
3808
3811
3812
3814
3816
3816
3818
3818
3824
3825
3828
3831
3832
3832
3833
3837
3841
3842
3842
3844
3845
3849
3849
3851
3852
3854
3855
3856
3858
3864
3868
3873
3878
3880
3891
3892
3894
3901
3915
3916
3918
3919
3922
3922
3926
3933
3937
3938
3956
3957
3965
3968
3969
3969
3976
3980
3983
3990
3995
4001
4001
4004
4009
4013
4016
4018
4020
4022
4032
4037
4052
4053
4063
4064
4069
4070
4072
4073
4078
4084
4084
4092
4093
4093
4097
4102
4104
4104
4107
4108
4112
4119
4144
4145
4149
4150
4151
4152
4159
4164
4164
4165
4166
4169
4185
4187
4192
4193
4199
4203
4214
4215
4218
4228
4229
4230
4230
4231
4235
4245
4250
4250
4256
4256
4257
4258
4259
4265
4270
4273
4277
4281
4287
4293
4295
4296
4297
4305
4306
4307
4308
4309
4319
4320
4321
4325
4325
4327
4329
4329
4330
4332
4334
4339
4343
4346
4349
4353
4359
4359
4361
4365
4368
4373
4374
4384
4384
4385
4394
4396
4397
4397
4402
4411
4412
4415
4416
4416
4416
4417
4419
4426
4435
4437
4444
4446
4448
4464
4474
4481
4482
4484
4487
4487
4492
4499
4502
4510
4511
4516
4516
4517
4526
4528
4528
4529
4530
4531
4532
4538
4540
4544
4547
4550
4550
4554
4565
4566
4566
4568
4568
4581
4596
4601
4604
4604
4609
4609
4611
4611
4611
4612
4612
4614
4617
4621
4625
4625
4627
4628
4629
4632
4635
4636
4637
4637
4637
4638
4639
4643
4644
4650
4663
4667
4668
4668
4670
4675
4676
4678
4684
4684
4685
4689
4697
4698
4700
4701
4703
4711
4712
4712
4718
4726
4729
4736
4739
4742
4743
4744
4744
4746
4748
4748
4749
4753
4758
4765
4767
4771
4771
4771
4772
4777
4780
4786
4787
4788
4796
4797
4800
4804
4808
4811
4812
4813
4813
4816
4823
4830
4834
4838
4844
4845
4845
4847
4852
4852
4858
4859
4860
4864
4865
4882
4884
4888
4888
4894
4898
4899
4899
4906
4907
4922
4923
4927
4929
4931
4934
4946
4954
4954
4960
4962
4963
4964
4964
4966
4966
4968
4970
4976
4978
4978
4979
4980
4981
4983
4983
4986
4987
4988
4995
4998
5000
5006
5006
5013
5015
5020
5026
5027
5029
5038
5041
5046
5049
5051
5053
5054
5055
5058
5061
5064
5067
5068
5070
5071
5073
5078
5080
5083
5084
5085
5087
5088
5090
5094
5095
5095
5097
5098
5102
5102
5107
5107
5107
5111
5112
5113
5116
5121
5121
5126
5128
5137
5142
5144
5144
5144
5150
5152
5160
5165
5166
5167
5173
5173
5173
5174
5175
5178
5189
5191
5193
5196
5201
5201
5203
5206
5207
5209
5210
5215
5218
5223
5224
5225
5227
5228
5228
5232
5233
5233
5236
5247
5248
5249
5253
5253
5255
5258
5260
5265
5267
5273
5273
5274
5274
5275
5281
5282
5283
5286
5293
5300
5303
5303
5306
5306
5309
5311
5316
5316
5319
5326
5331
5335
5336
5338
5342
5347
5349
5350
5350
5364
5366
5371
5374
5379
5381
5391
5392
5394
5398
5399
5402
5412
5419
5420
5423
5425
5431
5432
5441
5446
5448
5454
5455
5458
5461
5461
5463
5466
5475
5488
5489
5489
5494
5496
5498
5500
5502
5504
5508
5510
5511
5512
5516
5522
5527
5529
5533
5535
5536
5536
5537
5538
5542
5544
5547
5555
5556
5558
5561
5563
5566
5569
5578
5580
5581
5583
5584
5586
5588
5588
5589
5591
5596
5596
5607
5607
5611
5611
5613
5614
5619
5627
5627
5627
5631
5636
5637
5641
5649
5653
5656
5658
5658
5659
5659
5666
5666
5667
5668
5671
5671
5675
5675
5677
5684
5686
5690
5698
5703
5707
5710
5710
5711
5716
5721
5722
5724
5733
5734
5736
5741
5744
5747
5752
5754
5754
5758
5760
5762
5762
5763
5765
5769
5771
5775
5776
5778
5779
5785
5785
5792
5798
5801
5804
5808
5809
5814
5820
5821
5822
5827
5833
5833
5840
5841
5843
5844
5845
5846
5847
5849
5857
5862
5862
5862
5867
5869
5869
5870
5881
5882
5886
5886
5888
5890
5891
5892
5894
5895
5896
5900
5900
5902
5905
5905
5910
5913
5915
5916
5917
5920
5931
5932
5938
5941
5941
5942
5945
5946
5948
5948
5949
5958
5964
5966
5972
5974
5989
5993
5994
5997
6002
6003
6003
6006
6007
6007
6011
6012
6013
6013
6022
6027
6030
6036
6040
6045
6045
6046
6051
6052
6062
6062
6072
6073
6076
6079
6082
6082
6085
6086
6096
6097
6097
6103
6108
6108
6112
6113
6117
6118
6128
6129
6132
6134
6134
6135
6140
6148
6158
6159
6160
6165
6170
6173
6179
6195
6196
6197
6199
6203
6207
6207
6211
6217
6217
6219
6220
6224
6225
6228
6228
6237
6238
6241
6241
6242
6246
6251
6258
6259
6261
6261
6264
6277
6285
6286
6286
6287
6288
6292
6295
6297
6297
6300
6313
6315
6317
6326
6330
6333
6337
6345
6356
6357
6360
6360
6361
6363
6364
6365
6366
6366
6368
6374
6376
6376
6379
6379
6388
6389
6395
6396
6397
6403
6406
6407
6408
6411
6411
6417
6417
6418
6424
6427
6429
6431
6436
6436
6437
6438
6439
6456
6461
6461
6463
6466
6473
6481
6482
6485
6487
6494
6494
6495
6500
6500
6502
6504
6504
6506
6513
6517
6519
6526
6527
6527
6531
6534
6534
6535
6538
6541
6542
6543
6555
6565
6566
6574
6578
6579
6580
6581
6588
6594
6613
6616
6624
6627
6627
6630
6632
6636
6638
6642
6643
6646
6653
6655
6656
6658
6664
6667
6670
6674
6675
6677
6679
6682
6683
6684
6693
6699
6701
6704
6704
6704
6717
6717
6718
6719
6720
6721
6721
6729
6732
6734
6735
6737
6738
6743
6747
6750
6751
6752
6753
6755
6756
6758
6767
6769
6771
6771
6775
6783
6785
6786
6786
6788
6789
6789
6792
6796
6812
6812
6814
6815
6816
6817
6817
6826
6829
6830
6830
6834
6834
6840
6844
6844
6849
6854
6854
6855
6857
6858
6858
6861
6862
6864
6864
6866
6870
6871
6876
6885
6888
6889
6902
6910
6912
6913
6913
6932
6933
6934
6938
6940
6940
6945
6947
6950
6953
6958
6959
6965
6971
6975
6982
6982
6982
6987
6989
6991
6995
7000
7005
7006
7008
7013
7013
7025
7029
7030
7037
7053
7062
7070
7070
7073
7074
7078
7078
7089
7091
7091
7093
7093
7094
7102
7105
7106
7109
7111
7112
7122
7122
7122
7123
7123
7123
7125
7128
7129
7132
7132
7133
7144
7145
7145
7152
7155
7157
7163
7164
7165
7166
7181
7181
7186
7189
7194
7198
7199
7207
7208
7214
7216
7224
7224
7226
7233
7235
7240
7241
7249
7253
7254
7257
7259
7263
7267
7271
7280
7281
7286
7286
7287
7293
7296
7302
7302
7304
7307
7311
7321
7322
7322
7329
7333
7334
7335
7350
7353
7355
7355
7360
7364
7376
7388
7391
7391
7392
7393
7400
7402
7404
7407
7412
7418
7422
7425
7426
7426
7427
7428
7428
7434
7435
7441
7442
7444
7446
7447
7454
7460
7461
7465
7466
7467
7468
7469
7470
7471
7479
7482
7483
7487
7488
7488
7494
7495
7498
7501
7503
7506
7508
7511
7512
7512
7514
7516
7517
7518
7521
7527
7528
7531
7532
7534
7543
7548
7548
7556
7556
7557
7566
7573
7574
7585
7586
7587
7588
7589
7593
7595
7596
7600
7606
7608
7608
7611
7615
7617
7618
7620
7622
7622
7626
7629
7631
7633
7636
7641
7641
7644
7648
7648
7654
7656
7658
7663
7663
7665
7666
7668
7670
7674
7681
7681
7683
7685
7691
7693
7695
7699
7703
7710
7724
7727
7731
7732
7739
7740
7741
7742
7743
7744
7746
7748
7754
7757
7757
7757
7759
7761
7761
7771
7775
7775
7780
7781
7786
7788
7798
7812
7813
7815
7817
7818
7831
7834
7838
7847
7851
7852
7853
7864
7868
7873
7874
7879
7880
7885
7886
7886
7895
7895
7896
7901
7921
7926
7931
7938
7942
7943
7947
7948
7950
7953
7954
7957
7958
7958
7960
7960
7965
7966
7967
7967
7969
7970
7973
7974
7976
7981
7985
7986
7988
7989
7992
7993
7995
7999
8003
8009
8014
8021
8023
8025
8026
8027
8028
8030
8034
8035
8036
8036
8039
8047
8048
8048
8049
8049
8049
8054
8054
8055
8058
8067
8068
8072
8073
8073
8074
8075
8076
8081
8085
8089
8102
8103
8105
8109
8111
8113
8120
8125
8125
8127
8135
8136
8139
8141
8142
8145
8147
8152
8153
8154
8158
8163
8164
8165
8169
8171
8174
8176
8189
8192
8193
8196
8197
8203
8205
8205
8206
8212
8213
8219
8223
8223
8225
8227
8234
8235
8237
8238
8240
8244
8247
8248
8257
8259
8260
8260
8260
8267
8269
8281
8281
8289
8291
8291
8293
8302
8308
8310
8313
8314
8315
8321
8325
8326
8334
8341
8346
8354
8355
8356
8358
8359
8366
8373
8373
8377
8379
8381
8382
8391
8392
8392
8393
8395
8395
8397
8405
8408
8408
8410
8413
8420
8421
8423
8425
8425
8434
8435
8437
8438
8438
8453
8453
8455
8457
8459
8459
8461
8461
8462
8464
8466
8466
8469
8472
8473
8473
8481
8498
8500
8505
8514
8515
8533
8536
8541
8542
8543
8544
8550
8550
8552
8553
8555
8555
8556
8557
8560
8563
8563
8563
8566
8568
8570
8574
8586
8587
8592
8599
8602
8603
8606
8608
8608
8612
8612
8613
8619
8625
8631
8632
8633
8637
8638
8641
8655
8657
8659
8663
8664
8665
8665
8672
8676
8680
8683
8687
8687
8694
8698
8699
8701
8703
8703
8704
8721
8722
8740
8740
8744
8753
8754
8762
8763
8766
8767
8771
8772
8772
8775
8775
8790
8798
8799
8810
8831
8840
8855
8857
8858
8860
8866
8870
8871
8874
8875
8876
8877
8879
8880
8881
8881
8887
8888
8894
8903
8909
8913
8920
8921
8921
8924
8924
8929
8933
8941
8942
8945
8949
8949
8953
8959
8964
8970
8974
8978
8981
8983
8990
8995
8996
8998
9003
9005
9007
9007
9008
9011
9013
9016
9016
9020
9024
9030
9038
9040
9042
9044
9049
9054
9058
9059
9062
9064
9068
9072
9073
9075
9094
9094
9102
9102
9104
9105
9106
9110
9115
9115
9118
9123
9123
9124
9127
9127
9130
9131
9138
9138
9142
9142
9149
9157
9159
9169
9173
9173
9175
9175
9176
9178
9183
9185
9189
9191
9194
9203
9203
9208
9210
9211
9212
9213
9217
9224
9228
9231
9232
9233
9238
9244
9244
9248
9249
9250
9250
9251
9255
9256
9265
9266
9271
9272
9274
9285
9285
9288
9289
9290
9292
9292
9293
9294
9302
9303
9308
9308
9311
9311
9319
9324
9329
9331
9331
9332
9341
9341
9345
9347
9348
9349
9354
9357
9358
9358
9362
9364
9364
9368
9368
9369
9373
9374
9377
9380
9382
9382
9388
9389
9395
9395
9397
9399
9400
9401
9401
9403
9409
9413
9413
9414
9416
9416
9419
9419
9422
9422
9424
9426
9427
9428
9431
9433
9434
9435
9440
9442
9444
9446
9446
9449
9456
9467
9467
9496
9497
9498
9500
9506
9508
9508
9520
9522
9522
9529
9529
9534
9536
9537
9547
9550
9554
9557
9558
9558
9558
9559
9561
9561
9563
9567
9570
9574
9576
9579
9588
9594
9604
9604
9611
9612
9615
9618
9623
9624
9626
9627
9628
9635
9639
9642
9645
9645
9646
9650
9650
9662
9663
9669
9677
9678
9682
9683
9685
9685
9688
9691
9695
9696
9696
9699
9699
9710
9711
9712
9713
9714
9720
9721
9721
9725
9727
9732
9737
9737
9742
9745
9747
9749
9749
9751
9763
9763
9765
9766
9771
9775
9781
9785
9789
9791
9793
9793
9795
9800
9800
9800
9806
9808
9809
9809
9812
9814
9816
9818
9823
9823
9825
9826
9832
9836
9842
9845
9849
9851
9852
9857
9857
9858
9860
9861
9864
9868
9868
9869
9878
9879
9881
9881
9882
9885
9887
9888
9891
9891
9895
9898
9902
9903
9906
9909
9925
9930
9931
9931
9935
9935
9936
9937
9945
9948
9949
9950
9952
9952
9954
9954
9957
9962
9963
9964
9966
9970
9973
9975
9976
9978
9982
9988
9989
9993
9996
9996
9996
10003
10005
10007
10009
10019
10023
10029
10031
10032
10033
10036
10036
10037
10041
10045
10046
10053
10060
10064
10066
10069
10072
10074
10075
10079
10088
10088
10095
10098
10101
10110
10117
10117
10117
10121
10124
10129
10134
10139
10142
10142
10143
10145
10148
10169
10173
10174
10180
10182
10189
10196
10202
10203
10206
10209
10213
10215
10215
10216
10223
10225
10225
10226
10232
10238
10242
10251
10253
10265
10267
10274
10278
10280
10283
10285
10288
10291
10292
10300
10302
10304
10305
10312
10332
10336
10341
10344
10347
10353
10355
10355
10360
10361
10366
10371
10374
10376
10380
10381
10382
10387
10394
10395
10413
10418
10420
10427
10428
10428
10431
10432
10433
10443
10443
10447
10451
10453
10454
10458
10469
10469
10470
10476
10480
10482
10485
10489
10489
10490
10491
10497
10498
10499
10501
10505
10510
10511
10512
10514
10519
10519
10521
10533
10537
10544
10544
10560
10561
10567
10568
10569
10570
10574
10575
10576
10592
10595
10602
10609
10614
10616
10618
10622
10623
10627
10629
10631
10631
10632
10635
10635
10636
10640
10643
10645
10646
10652
10653
10654
10654
10655
10659
10660
10662
10676
10681
10685
10694
10698
10700
10702
10711
10714
10715
10720
10727
10733
10738
10739
10743
10744
10746
10747
10747
10747
10750
10752
10755
10757
10759
10762
10767
10767
10768
10771
10772
10776
10777
10778
10779
10779
10788
10789
10790
10798
10800
10807
10810
10812
10814
10820
10821
10823
10824
10831
10832
10833
10838
10840
10841
10846
10847
10854
10862
10862
10869
10872
10877
10879
10881
10883
10886
10888
10890
10892
10893
10894
10900
10903
10904
10905
10908
10914
10919
10929
10930
10931
10937
10941
10943
10943
10944
10948
10951
10951
10956
10958
10959
10963
10964
10966
10970
10976
10976
10978
10978
10981
10986
10987
10988
10989
10998
11002
11008
11012
11014
11015
11020
11025
11029
11030
11032
11038
11041
11056
11057
11061
11062
11065
11065
11066
11070
11072
11077
11079
11090
11092
11093
11103
11112
11116
11117
11118
11121
11121
11122
11133
11140
11141
11141
11141
11146
11152
11153
11156
11156
11160
11163
11164
11165
11165
11169
11170
11178
11178
11189
11198
11201
11202
11208
11215
11215
11217
11218
11220
11223
11225
11227
11227
11230
11230
11231
11233
11248
11251
11257
11261
11266
11270
11272
11278
11280
11281
11294
11294
11302
11310
11317
11323
11324
11325
11326
11327
11327
11328
11334
11335
11336
11344
11344
11351
11352
11359
11359
11359
11362
11369
11385
11387
11392
11395
11397
11400
11403
11406
11407
11410
11413
11419
11426
11428
11431
11431
11433
11433
11444
11447
11449
11451
11452
11455
11461
11461
11463
11467
11471
11471
11474
11475
11482
11484
11496
11498
11507
11514
11516
11518
11523
11532
11535
11536
11538
11539
11539
11548
11549
11553
11555
11559
11564
11566
11571
11571
11573
11573
11576
11588
11589
11592
11592
11592
11595
11596
11598
11602
11611
11611
11613
11615
11620
11625
11627
11631
11640
11641
11649
11653
11665
11673
11678
11678
11680
11686
11686
11694
11697
11697
11700
11701
11705
11713
11714
11715
11718
11723
11725
11725
11727
11731
11733
11735
11736
11738
11742
11745
11750
11756
11759
11761
11763
11768
11770
11774
11778
11783
11790
11791
11792
11792
11801
11801
11803
11808
11808
11810
11811
11812
11817
11817
11817
11820
11825
11826
11837
11840
11841
11843
11846
11848
11850
11852
11859
11862
11865
11867
11872
11872
11879
11882
11886
11886
11889
11889
11890
11890
11892
11895
11899
11900
11903
11915
11916
11924
11924
11930
11932
11933
11937
11948
11958
11962
11963
11965
11970
11970
11972
11973
11974
11983
11990
11991
11993
11993
11994
11995
12008
12011
12016
12026
12030
12033
12035
12038
12039
12045
12048
12049
12052
12055
12055
12056
12056
12062
12062
12064
12065
12069
12072
12075
12078
12080
12091
12096
12097
12097
12108
12110
12110
12113
12115
12117
12118
12120
12125
12128
12133
12134
12156
12158
12160
12162
12162
12165
12166
12172
12173
12174
12176
12176
12179
12182
12182
12185
12190
12191
12196
12202
12202
12203
12207
12210
12211
12213
12225
12226
12226
12231
12236
12237
12243
12245
12251
12256
12267
12277
12278
12278
12279
12287
12289
12289
12290
12290
12290
12294
12300
12300
12302
12302
12305
12308
12312
12319
12329
12338
12339
12340
12341
12342
12352
12353
12354
12362
12362
12365
12365
12375
12379
12382
12383
12384
12389
12389
12399
12400
12401
12403
12404
12408
12409
12414
12415
12416
12417
12419
12422
12424
12424
12426
12426
12427
12430
12435
12446
12446
12447
12448
12449
12450
12451
12458
12465
12472
12478
12483
12483
12486
12491
12493
12497
12499
12500
12505
12506
12517
12521
12522
12531
12538
12539
12542
12543
12544
12545
12551
12552
12560
12564
12565
12566
12571
12573
12574
12575
12575
12575
12577
12579
12582
12588
12595
12596
12596
12603
12604
12605
12610
12611
12615
12615
12619
12620
12626
12627
12627
12629
12629
12629
12629
12632
12632
12634
12638
12639
12644
12646
12647
12648
12649
12657
12659
12660
12661
12663
12664
12684
12685
12687
12689
12691
12695
12697
12703
12708
12709
12709
12712
12714
12714
12717
12719
12723
12726
12729
12730
12737
12738
12742
12752
12752
12754
12756
12756
12762
12765
12768
12772
12773
12776
12785
12794
12796
12797
12797
12801
12807
12812
12813
12814
12815
12826
12827
12828
12831
12832
12834
12836
12837
12842
12847
12848
12850
12857
12859
12868
12874
12883
12891
12895
12896
12896
12898
12898
12900
12900
12906
12907
12909
12912
12918
12921
12922
12925
12927
12932
12933
12935
12941
12947
12948
12952
12954
12956
12973
12979
12981
12983
13003
13005
13005
13007
13010
13011
13020
13022
13024
13025
13025
13028
13033
13037
13040
13051
13053
13059
13063
13066
13076
13079
13080
13082
13089
13090
13095
13095
13097
13101
13105
13106
13107
13111
13111
13114
13118
13121
13125
13126
13128
13130
13137
13139
13143
13145
13148
13150
13152
13153
13157
13157
13159
13162
13169
13169
13170
13177
13178
13180
13185
13189
13191
13197
13198
13199
13209
13214
13215
13217
13218
13220
13226
13230
13232
13232
13237
13237
13238
13241
13245
13250
13260
13266
13268
13270
13271
13271
13274
13282
13283
13287
13290
13291
13292
13292
13293
13295
13296
13298
13299
13299
13300
13305
13306
13308
13311
13317
13317
13318
13325
13326
13328
13333
13340
13342
13351
13354
13357
13368
13368
13370
13380
13382
13389
13392
13396
13398
13401
13405
13407
13410
13414
13414
13420
13423
13424
13429
13435
13436
13438
13439
13443
13443
13447
13452
13456
13461
13465
13473
13474
13478
13483
13484
13484
13496
13502
13506
13507
13510
13513
13514
13525
13525
13526
13527
13532
13532
13537
13539
13541
13542
13543
13544
13547
13549
13552
13553
13557
13558
13560
13564
13569
13575
13584
13586
13593
13595
13595
13597
13602
13602
13605
13612
13613
13620
13620
13624
13644
13650
13656
13661
13681
13682
13684
13689
13694
13697
13698
13699
13710
13716
13723
13728
13730
13734
13735
13745
13747
13753
13753
13755
13758
13763
13765
13765
13769
13771
13776
13777
13784
13798
13799
13803
13804
13805
13807
13811
13817
13818
13822
13826
13830
13831
13837
13843
13844
13848
13852
13854
13856
13856
13859
13860
13863
13867
13872
13874
13877
13877
13880
13881
13882
13887
13891
13891
13891
13894
13895
13895
13898
13906
13909
13914
13918
13924
13939
13940
13943
13943
13946
13947
13947
13949
13951
13952
13953
13959
13962
13964
13970
13972
13973
13983
13984
13991
13994
13996
14011
14014
14016
14017
14017
14020
14033
14034
14055
14056
14068
14071
14073
14082
14082
14083
14084
14087
14093
14102
14115
14121
14122
14124
14128
14135
14139
14141
14142
14142
14146
14152
14153
14159
14162
14166
14168
14175
14178
14190
14191
14203
14212
14220
14230
14232
14237
14240
14250
14251
14254
14259
14266
14266
14272
14274
14274
14276
14279
14281
14288
14290
14294
14297
14299
14299
14301
14306
14309
14310
14312
14317
14321
14321
14323
14327
14329
14335
14346
14347
14350
14357
14358
14360
14367
14369
14371
14372
14379
14388
14392
14397
14398
14400
14404
14404
14406
14407
14407
14408
14409
14411
14412
14420
14425
14426
14426
14429
14429
14433
14434
14446
14448
14450
14453
14460
14462
14465
14465
14468
14477
14482
14482
14482
14483
14483
14485
14485
14487
14487
14487
14493
14498
14501
14521
14524
14525
14526
14533
14538
14541
14553
14555
14556
14564
14569
14569
14570
14573
14574
14579
14580
14584
14587
14600
14601
14615
14622
14629
14629
14631
14632
14637
14638
14639
14646
14648
14657
14659
14662
14666
14669
14670
14674
14682
14688
14691
14694
14695
14698
14707
14707
14710
14715
14724
14724
14727
14727
14727
14729
14732
14733
14734
14744
14745
14752
14754
14758
14766
14767
14772
14772
14774
14774
14777
14778
14780
14783
14784
14785
14787
14788
14789
14789
14794
14799
14804
14804
14808
14812
14812
14812
14816
14823
14828
14837
14837
14839
14840
14841
14848
14852
14854
14857
14866
14869
14877
14878
14878
14880
14883
14888
14889
14891
14893
14897
14901
14902
14904
14905
14907
14910
14910
14910
14914
14917
14921
14922
14925
14925
14928
14933
14935
14938
14943
14947
14954
14957
14958
14960
14961
14961
14961
14963
14966
14968
14970
14975
14976
14978
14979
14981
14981
14982
14987
14989
14997
14999
14999
15001
15010
15019
15020
15028
15029
15040
15042
15044
15047
15049
15055
15059
15062
15070
15073
15086
15086
15091
15091
15093
15099
15108
15119
15121
15124
15125
15128
15131
15132
15132
15132
15138
15138
15141
15143
15143
15154
15157
15157
15158
15159
15166
15170
15176
15183
15186
15187
15196
15216
15222
15224
15225
15226
15227
15229
15237
15238
15240
15243
15244
15246
15253
15253
15254
15260
15268
15270
15272
15274
15275
15277
15287
15292
15292
15294
15296
15296
15306
15309
15310
15330
15335
15342
15349
15353
15354
15358
15366
15369
15374
15376
15377
15380
15386
15387
15394
15397
15397
15398
15401
15402
15402
15405
15407
15407
15409
15412
15412
15416
15417
15420
15423
15434
15440
15441
15443
15444
15449
15458
15460
15462
15462
15477
15480
15483
15484
15494
15496
15505
15506
15506
15507
15508
15511
15521
15527
15528
15530
15533
15533
15538
15541
15553
15554
15558
15562
15564
15568
15568
15572
15575
15585
15590
15592
15596
15597
15610
15613
15615
15618
15625
15625
15627
15629
15630
15631
15636
15638
15639
15641
15646
15649
15649
15650
15651
15652
15664
15665
15676
15676
15687
15704
15706
15707
15710
15714
15721
15724
15729
15739
15740
15741
15741
15743
15757
15758
15765
15765
15766
15768
15768
15769
15771
15775
15775
15778
15780
15782
15782
15783
15783
15786
15787
15790
15800
15801
15808
15808
15809
15810
15810
15811
15814
15817
15817
15819
15827
15827
15833
15833
15840
15852
15853
15859
15872
15873
15876
15877
15877
15883
15885
15886
15886
15887
15888
15889
15894
15895
15901
15906
15908
15911
15913
15914
15918
15919
15924
15928
15931
15933
15934
15934
15935
15937
15940
15943
15945
15949
15953
15962
15963
15963
15966
15967
15970
15971
15973
15975
15976
15978
15981
15988
15991
15996
16005
16008
16008
16009
16015
16024
16033
16034
16035
16037
16044
16045
16052
16053
16055
16061
16062
16069
16069
16069
16070
16075
16080
16081
16081
16082
16087
16087
16087
16097
16105
16110
16114
16117
16118
16127
16135
16136
16142
16143
16143
16149
16151
16157
16161
16161
16162
16162
16166
16166
16173
16174
16178
16180
16182
16190
16191
16195
16196
16200
16202
16205
16208
16208
16221
16221
16221
16222
16223
16226
16228
16231
16232
16234
16239
16246
16250
16253
16256
16257
16260
16266
16267
16271
16274
16275
16277
16280
16284
16285
16286
16286
16298
16301
16302
16310
16312
16316
16317
16319
16326
16336
16346
16346
16351
16353
16353
16357
16361
16366
16366
16367
16367
16368
16372
16372
16378
16390
16396
16398
16403
16405
16406
16409
16410
16415
16421
16422
16425
16427
16431
16433
16447
16448
16449
16449
16453
16461
16462
16469
16470
16472
16476
16480
16482
16484
16485
16485
16487
16491
16492
16496
16497
16498
16505
16505
16512
16514
16516
16519
16521
16527
16532
16538
16543
16547
16553
16554
16558
16558
16560
16572
16575
16580
16580
16581
16587
16594
16595
16601
16602
16604
16605
16613
16613
16616
16617
16618
16621
16637
16638
16640
16640
16643
16643
16646
16653
16654
16665
16680
16685
16687
16688
16692
16693
16694
16696
16700
16700
16701
16703
16713
16716
16721
16723
16727
16728
16730
16735
16736
16739
16746
16749
16749
16756
16758
16759
16765
16766
16766
16773
16778
16780
16781
16782
16782
16783
16784
16792
16793
16802
16803
16809
16812
16814
16821
16824
16830
16831
16837
16837
16838
16841
16843
16859
16859
16860
16862
16863
16864
16867
16869
16880
16883
16883
16885
16886
16888
16888
16889
16890
16892
16893
16893
16893
16893
16896
16898
16899
16899
16900
16901
16905
16906
16907
16909
16915
16931
16932
16934
16953
16954
16954
16955
16955
16957
16958
16958
16960
16965
16974
16977
16982
16989
16990
16995
16997
16997
17000
17000
17006
17007
17009
17014
17014
17015
17015
17015
17024
17029
17029
17032
17032
17037
17038
17040
17048
17063
17078
17079
17080
17087
17093
17097
17098
17100
17101
17109
17109
17110
17112
17113
17123
17123
17124
17126
17127
17127
17127
17128
17131
17132
17134
17137
17138
17138
17138
17140
17141
17150
17160
17161
17162
17166
17166
17170
17172
17180
17195
17198
17202
17203
17209
17213
17218
17219
17220
17221
17227
17229
17231
17241
17249
17251
17254
17261
17261
17268
17271
17276
17278
17278
17279
17284
17284
17291
17295
17296
17299
17304
17309
17311
17312
17317
17317
17318
17324
17327
17329
17330
17340
17343
17344
17352
17353
17353
17355
17356
17357
17368
17369
17374
17376
17380
17380
17381
17381
17386
17399
17400
17404
17405
17405
17405
17405
17409
17410
17413
17417
17418
17421
17423
17426
17426
17434
17435
17439
17444
17445
17447
17447
17461
17469
17477
17482
17486
17491
17493
17496
17496
17498
17499
17507
17510
17514
17519
17523
17524
17524
17525
17531
17532
17533
17540
17541
17541
17543
17543
17545
17546
17550
17551
17552
17554
17554
17557
17559
17560
17561
17564
17567
17570
17577
17578
17580
17584
17585
17585
17587
17593
17594
17603
17604
17605
17608
17619
17621
17624
17624
17628
17635
17638
17641
17641
17652
17660
17663
17669
17669
17672
17674
17678
17683
17689
17692
17692
17698
17698
17700
17701
17704
17708
17709
17709
17710
17710
17710
17717
17720
17724
17733
17736
17745
17746
17750
17756
17757
17760
17769
17769
17773
17773
17777
17777
17779
17795
17799
17801
17802
17803
17804
17805
17812
17820
17821
17828
17832
17839
17843
17846
17847
17850
17852
17853
17854
17857
17857
17867
17874
17880
17884
17884
17892
17901
17906
17908
17910
17915
17917
17923
17925
17929
17932
17933
17937
17938
17946
17946
17951
17953
17955
17956
17958
17960
17963
17971
17975
17981
17982
17982
17985
17986
17994
18005
18011
18012
18013
18015
18021
18026
18028
18029
18031
18035
18035
18039
18043
18049
18053
18054
18065
18067
18069
18071
18072
18073
18077
18084
18085
18089
18089
18093
18099
18100
18102
18103
18111
18111
18116
18118
18134
18140
18141
18153
18153
18156
18158
18162
18166
18169
18178
18185
18199
18200
18202
18203
18213
18216
18223
18226
18227
18227
18227
18234
18235
18236
18237
18242
18243
18249
18251
18253
18257
18257
18260
18260
18262
18264
18270
18279
18281
18284
18285
18287
18295
18304
18305
18306
18307
18307
18310
18321
18331
18334
18335
18337
18340
18346
18346
18360
18369
18369
18371
18377
18378
18379
18382
18384
18392
18392
18402
18402
18403
18411
18412
18413
18413
18414
18422
18422
18427
18429
18434
18435
18436
18440
18447
18453
18457
18465
18469
18473
18480
18490
18490
18493
18497
18503
18504
18512
18512
18516
18518
18518
18523
18524
18540
18543
18544
18544
18545
18550
18555
18557
18561
18566
18582
18583
18585
18597
18601
18604
18604
18618
18622
18626
18628
18634
18639
18644
18644
18646
18652
18652
18660
18664
18666
18670
18670
18674
18676
18677
18685
18686
18693
18693
18696
18699
18703
18713
18713
18720
18722
18725
18731
18735
18738
18748
18752
18757
18761
18761
18767
18770
18773
18775
18783
18795
18798
18804
18806
18809
18819
18820
18823
18826
18828
18832
18840
18840
18841
18845
18852
18857
18857
18857
18859
18860
18861
18862
18862
18862
18866
18867
18867
18873
18883
18888
18898
18906
18909
18916
18917
18917
18922
18923
18927
18928
18928
18929
18938
18940
18940
18941
18947
18959
18965
18968
18970
18972
18979
18984
18985
18991
18991
18993
18994
18994
18996
18996
19000
19003
19006
19010
19013
19015
19015
19016
19016
19016
19018
19021
19023
19025
19026
19026
19032
19033
19039
19042
19046
19046
19054
19060
19060
19062
19063
19065
19068
19068
19077
19081
19081
19082
19091
19101
19102
19102
19104
19114
19119
19122
19124
19126
19129
19130
19133
19133
19142
19145
19146
19147
19149
19168
19180
19181
19182
19186
19191
19191
19192
19193
19196
19197
19202
19208
19210
19211
19211
19211
19221
19221
19227
19230
19230
19245
19246
19247
19249
19249
19252
19256
19256
19261
19280
19282
19283
19284
19288
19289
19290
19292
19297
19301
19302
19302
19304
19305
19310
19313
19325
19329
19339
19343
19352
19356
19358
19371
19380
19387
19388
19389
19394
19395
19398
19399
19403
19404
19409
19411
19414
19419
19420
19421
19421
19425
19435
19435
19441
19441
19446
19448
19448
19449
19450
19452
19455
19457
19457
19459
19461
19461
19463
19466
19467
19469
19470
19470
19476
19480
19484
19484
19488
19492
19493
19495
19495
19496
19502
19502
19502
19515
19517
19517
19517
19523
19524
19526
19528
19529
19530
19534
19535
19535
19536
19537
19538
19538
19541
19541
19543
19548
19549
19551
19552
19553
19564
19564
19566
19572
19574
19574
19577
19578
19587
19589
19595
19600
19600
19603
19605
19606
19611
19611
19614
19615
19616
19619
19623
19623
19646
19648
19649
19650
19651
19651
19667
19672
19673
19674
19678
19686
19688
19688
19691
19694
19695
19698
19700
19703
19710
19720
19722
19726
19730
19733
19739
19740
19742
19744
19746
19751
19759
19761
19764
19764
19775
19775
19779
19781
19783
19783
19786
19787
19790
19790
19792
19796
19799
19799
19805
19806
19806
19808
19808
19810
19812
19824
19826
19827
19828
19832
19835
19838
19841
19846
19848
19850
19853
19871
19874
19878
19885
19888
19891
19892
19896
19899
19908
19909
19910
19916
19919
19919
19922
19923
19924
19932
19942
19943
19944
19946
19947
19950
19951
19962
19962
19963
19963
19965
19967
19975
19978
19980
19983
19984
19989
19990
19991
19993
20003
20004
20009
20016
20021
20023
20025
20026
20030
20030
20033
20036
20042
20049
20051
20057
20064
20071
20074
20080
20083
20084
20087
20088
20089
20089
20092
20094
20098
20103
20107
20109
20109
20112
20119
20122
20127
20127
20140
20141
20158
20159
20160
20162
20163
20165
20165
20166
20171
20179
20181
20184
20191
20198
20198
20201
20203
20203
20204
20205
20207
20212
20215
20217
20220
20226
20229
20233
20234
20240
20241
20241
20253
20259
20262
20264
20265
20266
20270
20270
20270
20271
20276
20277
20277
20278
20279
20279
20285
20293
20298
20302
20307
20307
20310
20312
20315
20316
20319
20320
20323
20327
20327
20336
20337
20337
20339
20339
20340
20344
20344
20345
20346
20346
20348
20351
20352
20354
20362
20365
20374
20378
20381
20381
20385
20385
20387
20389
20399
20402
20403
20406
20406
20417
20422
20423
20428
20429
20431
20435
20453
20457
20462
20465
20469
20471
20471
20476
20479
20480
20482
20483
20485
20493
20498
20507
20510
20522
20528
20536
20537
20552
20557
20563
20566
20566
20569
20572
20579
20582
20588
20593
20598
20599
20605
20607
20608
20613
20614
20618
20619
20621
20625
20630
20631
20634
20636
20637
20640
20642
20643
20653
20661
20662
20663
20671
20677
20679
20679
20680
20681
20691
20692
20693
20708
20714
20721
20724
20725
20726
20729
20729
20737
20739
20740
20744
20745
20750
20752
20752
20755
20760
20762
20764
20765
20769
20770
20772
20780
20784
20785
20786
20788
20790
20790
20791
20792
20798
20802
20803
20804
20807
20815
20822
20834
20834
20835
20839
20840
20844
20849
20850
20855
20857
20858
20859
20867
20867
20868
20888
20889
20895
20895
20896
20906
20907
20907
20908
20909
20910
20912
20912
20917
20920
20920
20922
20922
20923
20930
20932
20934
20936
20937
20938
20943
20951
20951
20954
20956
20957
20957
20958
20960
20964
20964
20968
20973
20975
20976
20980
20991
20996
20998
21001
21025
21031
21031
21032
21039
21044
21045
21046
21049
21052
21055
21059
21061
21063
21072
21081
21081
21083
21084
21086
21087
21099
21102
21106
21107
21114
21115
21116
21118
21118
21121
21122
21124
21135
21136
21137
21139
21141
21142
21144
21146
21148
21149
21152
21155
21157
21163
21167
21169
21172
21175
21185
21186
21193
21195
21195
21195
21198
21198
21202
21204
21218
21219
21221
21221
21223
21232
21234
21239
21239
21240
21241
21242
21242
21246
21247
21247
21251
21251
21257
21259
21260
21261
21270
21274
21278
21290
21292
21295
21299
21301
21306
21306
21307
21309
21310
21310
21310
21311
21322
21324
21325
21332
21332
21335
21336
21337
21342
21350
21355
21360
21361
21367
21370
21371
21372
21377
21377
21384
21390
21394
21396
21400
21400
21401
21403
21406
21413
21415
21416
21417
21418
21419
21419
21423
21429
21431
21432
21435
21438
21439
21443
21446
21447
21456
21462
21467
21470
21478
21478
21480
21486
21492
21492
21496
21498
21503
21505
21507
21509
21510
21511
21518
21519
21521
21523
21530
21531
21531
21532
21539
21542
21545
21548
21549
21549
21550
21550
21554
21560
21561
21561
21568
21569
21571
21573
21575
21577
21578
21580
21583
21587
21592
21593
21595
21598
21600
21602
21603
21603
21608
21610
21611
21612
21613
21614
21614
21616
21618
21618
21618
21626
21627
21628
21642
21648
21665
21668
21670
21671
21675
21678
21684
21688
21690
21691
21692
21693
21696
21697
21701
21710
21711
21718
21720
21721
21727
21729
21736
21737
21739
21739
21742
21746
21752
21753
21754
21754
21760
21778
21784
21785
21793
21801
21803
21807
21808
21809
21812
21817
21824
21826
21827
21827
21828
21833
21837
21839
21845
21858
21862
21863
21864
21864
21866
21869
21869
21872
21882
21883
21887
21887
21896
21899
21899
21900
21903
21907
21908
21909
21915
21923
21929
21929
21932
21933
21935
21936
21938
21941
21946
21949
21953
21953
21962
21964
21964
21969
21972
21975
21980
21985
21985
21992
21995
21998
22006
22009
22010
22019
22027
22030
22032
22035
22037
22040
22041
22045
22046
22049
22057
22058
22060
22062
22064
22068
22069
22071
22072
22073
22080
22082
22084
22088
22090
22091
22092
22099
22101
22104
22109
22112
22117
22117
22118
22121
22127
22130
22135
22135
22136
22138
22143
22144
22149
22151
22153
22154
22155
22156
22158
22161
22168
22169
22174
22176
22190
22193
22198
22201
22201
22206
22209
22210
22211
22214
22218
22220
22220
22225
22227
22229
22230
22233
22236
22238
22239
22241
22244
22244
22245
22247
22251
22258
22263
22265
22269
22278
22278
22278
22289
22289
22290
22293
22299
22300
22300
22302
22303
22307
22310
22312
22314
22320
22321
22324
22326
22328
22330
22331
22335
22339
22340
22342
22345
22348
22350
22354
22357
22358
22362
22367
22369
22371
22373
22374
22374
22374
22380
22381
22386
22391
22392
22393
22394
22397
22401
22401
22406
22406
22413
22415
22416
22423
22424
22424
22426
22428
22437
22439
22440
22445
22446
22447
22452
22457
22460
22461
22463
22464
22465
22466
22467
22471
22471
22475
22479
22483
22487
22489
22489
22490
22496
22499
22504
22507
22511
22513
22517
22518
22523
22525
22527
22529
22533
22534
22540
22542
22555
22556
22559
22561
22564
22568
22572
22578
22592
22593
22594
22599
22605
22610
22611
22612
22613
22613
22613
22618
22622
22622
22624
22624
22624
22628
22630
22630
22634
22637
22637
22640
22642
22646
22649
22659
22662
22673
22676
22677
22685
22687
22689
22689
22698
22700
22701
22705
22713
22714
22723
22724
22725
22728
22732
22734
22735
22739
22740
22740
22741
22742
22745
22755
22756
22758
22767
22768
22771
22775
22777
22778
22783
22789
22791
22792
22799
22800
22800
22804
22805
22805
22809
22811
22813
22815
22816
22819
22823
22830
22831
22838
22839
22840
22840
22841
22844
22853
22853
22855
22858
22858
22860
22864
22865
22871
22881
22884
22885
22887
22888
22892
22893
22903
22906
22909
22910
22911
22912
22917
22917
22918
22919
22924
22927
22928
22934
22934
22936
22938
22940
22940
22940
22944
22947
22947
22951
22951
22951
22953
22954
22954
22957
22960
22969
22974
22975
22977
22979
22982
22983
22988
22995
22995
22997
23000
23009
23010
23011
23017
23028
23036
23038
23041
23043
23047
23049
23054
23058
23059
23059
23061
23062
23064
23080
23081
23082
23085
23093
23095
23098
23101
23103
23108
23112
23112
23114
23114
23114
23122
23132
23143
23148
23151
23152
23153
23156
23157
23161
23166
23172
23173
23177
23179
23183
23190
23197
23197
23197
23197
23203
23205
23207
23211
23224
23229
23235
23238
23243
23256
23257
23259
23269
23272
23281
23282
23284
23285
23289
23291
23292
23294
23296
23305
23315
23317
23321
23326
23326
23328
23334
23334
23335
23336
23338
23342
23342
23345
23348
23351
23352
23354
23355
23357
23361
23364
23370
23373
23374
23377
23384
23384
23395
23396
23397
23397
23397
23399
23401
23405
23411
23419
23419
23427
23428
23428
23430
23431
23431
23434
23436
23441
23443
23464
23465
23470
23473
23476
23477
23481
23483
23483
23484
23485
23489
23495
23499
23505
23510
23512
23518
23520
23524
23524
23525
23531
23537
23537
23537
23539
23541
23543
23546
23548
23549
23550
23560
23560
23563
23567
23567
23567
23568
23569
23572
23573
23577
23578
23580
23583
23585
23589
23589
23591
23591
23596
23597
23601
23602
23609
23613
23613
23614
23616
23618
23623
23628
23634
23637
23644
23645
23647
23647
23673
23674
23682
23683
23689
23691
23695
23699
23722
23730
23735
23738
23746
23748
23749
23754
23754
23755
23770
23773
23785
23791
23794
23794
23796
23804
23804
23805
23805
23806
23807
23817
23822
23826
23833
23833
23838
23843
23847
23862
23863
23869
23871
23872
23873
23880
23882
23888
23888
23895
23901
23911
23912
23916
23927
23932
23932
23933
23934
23936
23939
23942
23943
23948
23950
23952
23954
23955
23962
23964
23964
23968
23970
23973
23973
23984
23990
23994
24000
24001
24004
24006
24007
24012
24014
24015
24015
24019
24025
24026
24027
24031
24038
24039
24039
24044
24053
24057
24059
24060
24065
24066
24068
24071
24074
24076
24079
24094
24117
24123
24127
24132
24134
24138
24141
24143
24145
24147
24148
24150
24157
24163
24165
24166
24167
24167
24169
24169
24173
24173
24183
24185
24187
24190
24192
24193
24194
24194
24195
24196
24207
24218
24220
24221
24224
24231
24232
24235
24236
24237
24241
24243
24246
24246
24248
24252
24254
24256
24260
24270
24275
24276
24280
24283
24287
24290
24298
24300
24301
24302
24310
24310
24311
24315
24327
24328
24343
24346
24351
24358
24358
24358
24362
24363
24367
24367
24372
24374
24375
24382
24382
24385
24386
24386
24387
24391
24393
24394
24399
24400
24400
24403
24409
24411
24413
24414
24416
24416
24418
24419
24420
24422
24422
24424
24427
24431
24435
24435
24436
24449
24453
24459
24460
24461
24464
24465
24470
24481
24482
24483
24484
24486
24493
24498
24500
24501
24506
24508
24510
24511
24511
24522
24534
24536
24540
24543
24543
24545
24545
24552
24557
24560
24564
24568
24570
24571
24574
24575
24577
24581
24585
24590
24600
24605
24605
24606
24609
24611
24613
24614
24614
24617
24621
24623
24624
24626
24637
24639
24645
24645
24646
24648
24654
24661
24662
24664
24664
24668
24669
24674
24678
24680
24680
24684
24684
24685
24687
24688
24690
24690
24693
24695
24699
24699
24703
24704
24705
24708
24709
24716
24717
24717
24723
24726
24733
24734
24739
24739
24747
24747
24753
24761
24764
24769
24777
24781
24792
24798
24800
24804
24805
24808
24808
24815
24815
24819
24820
24822
24828
24829
24829
24832
24832
24836
24841
24843
24847
24848
24850
24853
24856
24859
24859
24861
24867
24872
24876
24877
24878
24882
24883
24887
24889
24891
24892
24892
24894
24897
24897
24899
24899
24902
24904
24904
24904
24910
24915
24920
24921
24922
24922
24923
24927
24929
24931
24932
24938
24938
24939
24947
24948
24952
24956
24957
24957
24959
24959
24959
24959
24975
24978
24987
24987
24991
24996
25003
25005
25014
25022
25023
25028
25030
25032
25035
25036
25037
25039
25044
25044
25046
25052
25053
25058
25064
25073
25077
25084
25085
25090
25092
25105
25107
25116
25123
25123
25125
25125
25128
25130
25133
25133
25136
25136
25143
25144
25145
25167
25172
25172
25181
25184
25186
25186
25187
25190
25192
25193
25202
25205
25209
25215
25216
25217
25221
25228
25230
25239
25241
25242
25258
25260
25265
25268
25270
25271
25276
25285
25288
25289
25296
25297
25301
25302
25306
25309
25310
25311
25314
25319
25320
25323
25330
25333
25335
25338
25339
25347
25351
25352
25364
25369
25370
25372
25372
25374
25375
25375
25380
25380
25381
25382
25382
25382
25383
25387
25387
25389
25392
25393
25395
25395
25401
25401
25403
25403
25405
25414
25415
25415
25417
25429
25429
25431
25431
25432
25433
25437
25438
25441
25444
25446
25447
25448
25449
25450
25451
25453
25454
25454
25455
25456
25458
25461
25463
25467
25470
25475
25478
25481
25482
25483
25486
25488
25488
25489
25495
25497
25506
25510
25511
25513
25526
25526
25528
25533
25533
25534
25535
25541
25546
25549
25549
25554
25562
25565
25568
25569
25575
25578
25581
25587
25588
25589
25591
25592
25592
25593
25594
25597
25603
25607
25607
25607
25618
25622
25632
25635
25640
25643
25647
25660
25662
25666
25670
25677
25678
25680
25683
25684
25689
25690
25704
25704
25704
25705
25706
25711
25714
25717
25727
25731
25731
25733
25737
25743
25744
25744
25744
25745
25746
25747
25750
25754
25757
25757
25759
25759
25760
25760
25763
25764
25782
25784
25787
25787
25789
25791
25794
25805
25810
25818
25822
25823
25823
25824
25828
25836
25836
25838
25839
25840
25840
25842
25843
25844
25845
25846
25856
25857
25860
25866
25869
25874
25889
25892
25893
25893
25897
25898
25899
25905
25905
25906
25906
25908
25910
25914
25915
25917
25918
25919
25933
25936
25940
25942
25944
25945
25947
25951
25952
25957
25961
25961
25965
25966
25966
25966
25969
25970
25978
25983
25985
25988
25989
25992
25993
26005
26008
26009
26016
26023
26031
26039
26040
26041
26049
26052
26053
26059
26059
26060
26062
26068
26079
26082
26089
26095
26095
26098
26100
26102
26107
26110
26117
26117
26119
26120
26125
26131
26134
26138
26145
26147
26147
26153
26156
26162
26173
26174
26178
26183
26187
26188
26188
26189
26191
26196
26197
26204
26215
26223
26225
26235
26236
26236
26237
26238
26239
26239
26239
26239
26241
26253
26263
26264
26268
26272
26275
26278
26280
26281
26282
26283
26286
26286
26291
26294
26297
26298
26300
26305
26307
26308
26310
26316
26318
26319
26337
26339
26342
26342
26349
26353
26354
26360
26363
26364
26365
26369
26372
26373
26385
26391
26394
26395
26398
26403
26404
26404
26405
26413
26418
26425
26426
26428
26430
26438
26443
26446
26450
26450
26451
26451
26452
26454
26460
26462
26463
26470
26476
26479
26479
26482
26488
26488
26488
26488
26491
26492
26492
26494
26495
26497
26500
26510
26511
26511
26516
26518
26522
26537
26539
26539
26541
26542
26544
26553
26560
26564
26576
26578
26580
26585
26597
26602
26604
26610
26613
26615
26618
26620
26623
26624
26630
26642
26642
26648
26650
26651
26651
26659
26660
26663
26667
26667
26669
26676
26683
26696
26696
26697
26697
26698
26703
26708
26710
26710
26714
26715
26716
26720
26721
26724
26724
26730
26736
26741
26741
26743
26745
26746
26749
26753
26756
26759
26760
26762
26766
26769
26770
26771
26771
26786
26789
26791
26802
26802
26805
26813
26815
26818
26824
26825
26826
26826
26827
26834
26837
26841
26843
26844
26847
26847
26848
26854
26857
26858
26859
26867
26871
26879
26884
26887
26888
26893
26895
26900
26901
26906
26906
26912
26923
26926
26931
26931
26932
26932
26937
26937
26944
26944
26945
26945
26951
26957
26962
26973
26976
26987
26990
26996
26999
27010
27017
27017
27025
27030
27036
27042
27044
27056
27067
27071
27073
27074
27075
27076
27078
27080
27080
27081
27085
27096
27102
27102
27108
27108
27109
27110
27110
27111
27115
27117
27119
27120
27122
27125
27129
27142
27143
27149
27150
27155
27157
27167
27173
27173
27176
27178
27182
27184
27187
27199
27203
27208
27219
27221
27222
27230
27245
27246
27251
27253
27254
27256
27276
27277
27277
27277
27278
27278
27287
27288
27294
27297
27300
27305
27312
27312
27314
27318
27319
27320
27326
27326
27332
27334
27337
27339
27341
27341
27342
27345
27350
27361
27367
27372
27376
27381
27384
27389
27389
27396
27405
27407
27410
27410
27421
27423
27432
27434
27434
27439
27440
27444
27446
27446
27447
27449
27450
27451
27452
27454
27455
27459
27464
27465
27469
27471
27478
27480
27480
27492
27498
27500
27502
27506
27506
27506
27512
27515
27518
27519
27520
27521
27521
27539
27539
27540
27541
27543
27544
27545
27557
27559
27561
27561
27563
27564
27565
27565
27565
27566
27567
27574
27577
27578
27592
27592
27597
27603
27604
27607
27610
27611
27613
27613
27615
27616
27618
27621
27622
27623
27626
27629
27631
27634
27641
27644
27650
27651
27651
27657
27672
27678
27691
27694
27703
27708
27709
27714
27715
27718
27719
27729
27735
27740
27741
27745
27749
27750
27751
27754
27755
27757
27758
27758
27759
27759
27762
27768
27770
27772
27777
27777
27777
27778
27783
27787
27788
27790
27799
27801
27801
27802
27809
27812
27813
27818
27819
27820
27821
27823
27828
27829
27830
27831
27831
27833
27833
27839
27845
27846
27847
27848
27860
27863
27863
27864
27866
27867
27871
27877
27878
27879
27880
27880
27884
27887
27891
27897
27900
27901
27903
27906
27911
27915
27917
27920
27924
27925
27931
27935
27936
27940
27943
27949
27957
27970
27972
27975
27976
27978
27980
27980
27988
27996
27996
27997
27999
28001
28005
28008
28010
28024
28029
28031
28034
28036
28041
28043
28044
28047
28048
28048
28048
28049
28058
28065
28065
28066
28067
28074
28085
28086
28087
28091
28105
28106
28114
28116
28121
28121
28121
28121
28124
28126
28128
28128
28133
28138
28139
28143
28145
28149
28153
28153
28155
28156
28160
28163
28166
28168
28171
28176
28177
28177
28178
28181
28184
28184
28190
28198
28208
28211
28217
28217
28219
28223
28227
28227
28236
28240
28244
28245
28253
28254
28257
28262
28263
28266
28268
28272
28274
28279
28285
28286
28293
28297
28300
28300
28301
28302
28308
28310
28313
28319
28322
28322
28322
28325
28327
28332
28332
28337
28342
28345
28348
28350
28361
28362
28372
28375
28378
28379
28380
28381
28389
28392
28398
28404
28407
28409
28414
28421
28426
28426
28428
28429
28429
28433
28434
28435
28435
28436
28437
28447
28448
28449
28452
28455
28455
28456
28458
28459
28463
28467
28469
28470
28471
28476
28477
28481
28486
28486
28492
28493
28494
28494
28495
28497
28499
28504
28505
28511
28519
28523
28523
28526
28527
28528
28533
28533
28536
28543
28543
28544
28550
28560
28563
28576
28579
28584
28585
28588
28591
28591
28593
28600
28608
28608
28609
28610
28612
28619
28622
28624
28628
28641
28642
28644
28647
28651
28653
28656
28661
28664
28668
28672
28676
28690
28700
28701
28707
28707
28714
28716
28721
28724
28729
28729
28730
28730
28733
28734
28736
28738
28739
28742
28743
28745
28745
28751
28754
28761
28772
28774
28776
28782
28783
28786
28787
28788
28793
28794
28795
28797
28797
28818
28820
28821
28823
28832
28832
28833
28834
28835
28836
28838
28839
28844
28849
28853
28854
28855
28861
28861
28862
28864
28866
28875
28884
28894
28895
28896
28896
28900
28901
28902
28911
28916
28917
28923
28928
28929
28930
28931
28934
28935
28942
28944
28949
28959
28961
28965
28968
28972
28973
28982
28984
28988
28994
28995
28997
28998
29002
29007
29009
29009
29010
29026
29027
29028
29029
29031
29050
29055
29062
29069
29075
29076
29079
29081
29082
29087
29087
29093
29096
29097
29098
29100
29107
29109
29110
29111
29122
29126
29131
29132
29134
29146
29151
29151
29152
29155
29155
29161
29170
29176
29177
29178
29183
29184
29184
29185
29185
29187
29187
29190
29196
29196
29196
29198
29199
29200
29202
29206
29208
29211
29217
29219
29222
29222
29225
29229
29233
29243
29243
29245
29250
29252
29253
29255
29256
29260
29263
29266
29271
29272
29273
29277
29283
29284
29285
29287
29288
29294
29298
29300
29306
29309
29316
29321
29328
29333
29344
29351
29354
29361
29364
29366
29367
29372
29377
29377
29384
29385
29386
29403
29417
29421
29424
29424
29425
29431
29431
29437
29438
29438
29443
29451
29452
29456
29469
29469
29470
29474
29476
29478
29491
29491
29498
29504
29506
29514
29515
29519
29520
29524
29531
29535
29543
29545
29546
29547
29548
29550
29553
29556
29561
29563
29569
29570
29579
29582
29585
29587
29602
29602
29603
29604
29606
29609
29611
29613
29623
29624
29627
29631
29633
29637
29640
29648
29650
29650
29652
29652
29665
29669
29669
29670
29670
29673
29673
29675
29676
29680
29684
29686
29696
29697
29700
29704
29707
29709
29712
29713
29714
29719
29720
29722
29731
29735
29737
29738
29744
29745
29747
29747
29748
29758
29760
29764
29770
29775
29777
29793
29795
29795
29796
29805
29806
29807
29810
29810
29811
29812
29815
29815
29820
29821
29827
29828
29828
29829
29833
29833
29835
29840
29851
29856
29862
29862
29863
29869
29870
29872
29880
29891
29892
29894
29900
29905
29906
29909
29909
29912
29913
29914
29918
29920
29926
29927
29929
29933
29935
29935
29937
29945
29945
29962
29966
29968
29969
29970
29981
29991
30001
30009
30010
30010
30012
30012
30014
30020
30023
30024
30027
30028
30031
30035
30035
30038
30039
30041
30044
30045
30047
30053
30061
30069
30070
30072
30073
30074
30078
30081
30082
30087
30088
30088
30089
30090
30092
30093
30095
30103
30108
30110
30112
30112
30122
30123
30128
30128
30136
30140
30142
30143
30151
30153
30154
30154
30155
30167
30168
30169
30170
30172
30173
30184
30187
30192
30193
30197
30197
30203
30203
30210
30211
30213
30213
30214
30218
30218
30222
30223
30224
30226
30228
30231
30235
30240
30242
30245
30251
30253
30254
30256
30258
30259
30266
30266
30269
30277
30281
30284
30284
30285
30293
30294
30298
30299
30299
30301
30306
30307
30310
30311
30317
30319
30319
30325
30328
30335
30336
30339
30339
30354
30355
30367
30373
30376
30379
30383
30385
30387
30390
30390
30396
30401
30402
30402
30403
30404
30406
30407
30410
30414
30416
30420
30422
30424
30427
30433
30442
30446
30449
30449
30452
30456
30457
30457
30459
30461
30463
30465
30466
30474
30475
30476
30479
30487
30487
30487
30488
30497
30505
30525
30527
30531
30537
30545
30550
30552
30556
30559
30568
30568
30569
30572
30580
30587
30589
30597
30598
30598
30600
30613
30623
30625
30628
30631
30633
30641
30641
30646
30653
30660
30668
30668
30669
30673
30675
30678
30681
30683
30687
30691
30693
30697
30699
30708
30708
30710
30722
30722
30723
30727
30729
30730
30732
30733
30735
30754
30754
30761
30764
30781
30781
30783
30791
30791
30792
30792
30793
30796
30797
30802
30805
30805
30806
30806
30807
30808
30809
30812
30813
30820
30821
30821
30822
30827
30828
30833
30835
30835
30837
30839
30844
30852
30853
30857
30867
30870
30873
30878
30878
30886
30886
30886
30887
30890
30894
30899
30904
30909
30911
30913
30915
30915
30917
30917
30918
30920
30923
30926
30926
30927
30929
30930
30932
30934
30936
30937
30938
30938
30948
30950
30952
30954
30955
30957
30960
30968
30976
30981
30986
30988
30991
30995
30998
31002
31006
31015
31015
31016
31017
31021
31022
31023
31030
31031
31033
31033
31039
31045
31046
31047
31049
31049
31050
31056
31059
31059
31059
31064
31064
31066
31077
31081
31084
31086
31092
31093
31094
31100
31105
31107
31108
31115
31115
31121
31124
31125
31125
31130
31130
31133
31133
31134
31135
31140
31142
31143
31153
31154
31157
31158
31159
31159
31161
31161
31163
31167
31167
31172
31177
31179
31182
31186
31187
31189
31200
31200
31202
31205
31210
31211
31217
31218
31225
31227
31230
31235
31237
31244
31246
31252
31253
31253
31256
31257
31266
31269
31270
31273
31275
31275
31279
31292
31295
31296
31299
31300
31303
31303
31304
31309
31315
31316
31323
31323
31324
31324
31324
31327
31328
31330
31344
31345
31358
31358
31359
31365
31368
31369
31371
31371
31371
31372
31373
31383
31387
31391
31391
31398
31398
31398
31411
31422
31425
31426
31428
31432
31441
31441
31441
31453
31455
31457
31457
31458
31458
31461
31467
31467
31468
31472
31475
31483
31488
31494
31501
31502
31505
31509
31513
31515
31525
31527
31528
31532
31532
31534
31535
31535
31538
31541
31541
31548
31560
31560
31564
31571
31575
31581
31581
31605
31606
31610
31611
31614
31615
31621
31625
31631
31636
31637
31641
31644
31647
31649
31651
31653
31660
31672
31680
31681
31699
31706
31710
31711
31715
31718
31720
31722
31723
31730
31734
31735
31738
31741
31753
31766
31768
31769
31772
31774
31774
31775
31779
31785
31788
31796
31808
31809
31813
31815
31821
31823
31824
31825
31826
31826
31832
31838
31844
31845
31848
31849
31855
31855
31857
31866
31884
31885
31905
31909
31914
31916
31919
31927
31927
31935
31935
31936
31937
31940
31944
31945
31951
31952
31953
31956
31968
31969
31972
31972
31977
31984
31985
31989
31990
31998
32005
32005
32009
32012
32017
32023
32025
32037
32048
32063
32063
32068
32069
32069
32095
32103
32116
32118
32118
32123
32130
32130
32132
32132
32134
32139
32152
32157
32162
32165
32166
32168
32172
32173
32177
32184
32186
32189
32192
32197
32198
32201
32205
32206
32211
32212
32212
32213
32213
32215
32217
32223
32233
32239
32239
32241
32242
32243
32247
32256
32263
32265
32269
32270
32271
32272
32272
32276
32279
32280
32281
32289
32290
32290
32291
32293
32305
32310
32311
32316
32318
32318
32323
32325
32330
32331
32332
32335
32352
32357
32359
32359
32362
32366
32368
32369
32369
32370
32373
32376
32382
32382
32383
32385
32388
32389
32390
32391
32393
32399
32401
32401
32407
32408
32408
32410
32412
32419
32423
32430
32430
32431
32435
32444
32451
32451
32452
32453
32458
32460
32462
32467
32470
32473
32473
32477
32481
32482
32487
32489
32497
32502
32505
32511
32513
32514
32519
32521
32522
32525
32526
32528
32530
32534
32535
32539
32539
32540
32546
32548
32551
32554
32561
32563
32565
32570
32572
32581
32590
32592
32593
32594
32596
32597
32597
32598
32600
32602
32602
32608
32611
32614
32619
32629
32644
32645
32646
32650
32655
32658
32659
32669
32671
32672
32672
32673
32674
32675
32676
32682
32689
32690
32695
32701
32703
32704
32710
32714
32715
32726
32726
32727
32730
32733
32734
32740
32742
32744
32749
32752
32755
32755
32760
32762
32764
