3
7
10
13
15
24
24
27
29
34
35
38
38
41
42
42
43
48
49
49
58
60
70
86
88
89
89
90
100
101
104
106
117
117
129
130
142
142
143
144
152
156
163
168
179
184
188
188
189
193
194
194
197
197
197
200
203
204
208
215
219
226
229
239
239
249
250
253
254
259
260
260
262
263
263
264
266
267
271
281
284
288
288
289
289
302
312
312
313
315
315
317
320
324
325
331
335
336
352
356
370
373
373
374
374
377
377
388
392
397
398
402
404
404
409
412
413
415
416
423
424
425
425
426
427
430
432
432
434
437
439
440
445
449
452
456
456
456
457
460
473
475
480
489
494
495
497
499
499
506
509
511
512
513
513
517
518
519
520
520
527
528
531
532
533
539
541
543
543
545
546
546
552
554
558
564
564
565
568
570
572
572
572
574
578
581
583
586
592
594
596
614
623
625
632
635
639
642
642
648
657
661
663
666
667
668
675
675
681
686
689
694
694
695
699
700
700
706
708
713
713
717
724
724
724
726
732
736
738
743
743
744
746
755
755
755
758
763
763
764
766
766
767
770
772
773
777
790
794
794
795
795
796
798
802
803
805
806
808
820
825
834
835
836
837
840
845
858
870
878
880
890
895
898
899
899
903
912
913
913
914
917
917
920
921
923
926
927
932
936
937
937
949
951
953
962
966
974
974
978
983
986
988
988
989
989
990
994
1002
1003
1003
1005
1005
1008
1011
1014
1015
1018
1023
1027
1032
1033
1044
1047
1051
1053
1055
1056
1058
1063
1065
1067
1067
1080
1084
1092
1097
1106
1107
1107
1110
1111
1115
1115
1118
1119
1120
1121
1126
1126
1127
1127
1129
1129
1133
1136
1136
1140
1141
1144
1147
1153
1153
1154
1157
1158
1159
1163
1166
1168
1168
1171
1173
1175
1175
1185
1194
1203
1204
1212
1213
1216
1217
1219
1221
1224
1227
1227
1228
1230
1231
1234
1235
1236
1239
1250
1250
1256
1266
1267
1267
1268
1269
1270
1274
1275
1280
1282
1283
1283
1283
1295
1296
1298
1299
1301
1307
1308
1318
1328
1328
1329
1336
1341
1341
1346
1352
1352
1357
1357
1362
1368
1369
1370
1377
1377
1382
1386
1387
1388
1391
1392
1393
1393
1395
1399
1408
1413
1413
1417
1423
1426
1429
1430
1436
1444
1459
1459
1463
1470
1472
1473
1477
1478
1487
1487
1489
1489
1490
1495
1500
1501
1504
1508
1509
1513
1523
1530
1545
1558
1560
1560
1561
1563
1565
1568
1569
1571
1577
1581
1583
1584
1587
1587
1589
1590
1592
1592
1595
1595
1603
1609
1621
1622
1624
1625
1626
1630
1631
1637
1637
1637
1642
1648
1650
1653
1656
1657
1657
1665
1667
1668
1672
1672
1672
1677
1677
1678
1678
1679
1679
1679
1685
1686
1692
1695
1698
1706
1707
1708
1709
1714
1715
1717
1735
1742
1744
1751
1759
1763
1770
1774
1776
1779
1788
1794
1800
1800
1802
1803
1804
1805
1812
1814
1815
1819
1820
1820
1820
1822
1823
1832
1836
1836
1837
1844
1847
1847
1848
1849
1851
1852
1856
1864
1865
1877
1879
1883
1884
1893
1893
1894
1908
1910
1911
1912
1919
1920
1924
1926
1933
1939
1941
1942
1943
1947
1950
1950
1956
1958
1959
1960
1968
1972
1972
1978
1980
1982
1985
1990
1991
1992
1993
1993
1997
2015
2021
2023
2024
2025
2030
2034
2035
2042
2053
2056
2056
2056
2057
2063
2063
2064
2068
2089
2089
2090
2090
2095
2097
2111
2114
2114
2115
2124
2126
2136
2139
2144
2158
2162
2165
2170
2173
2174
2179
2181
2186
2187
2190
2194
2200
2213
2219
2223
2233
2234
2234
2240
2248
2249
2250
2250
2257
2258
2259
2264
2265
2266
2267
2267
2269
2271
2277
2279
2281
2282
2284
2287
2292
2301
2303
2311
2316
2321
2321
2325
2329
2334
2334
2334
2337
2338
2339
2348
2353
2356
2357
2363
2363
2363
2365
2366
2367
2374
2374
2380
2389
2396
2401
2404
2405
2406
2415
2416
2422
2423
2429
2438
2444
2445
2448
2449
2450
2452
2452
2457
2458
2473
2474
2475
2476
2477
2480
2487
2495
2496
2500
2500
2510
2515
2516
2520
2520
2523
2523
2525
2531
2536
2537
2540
2541
2542
2544
2545
2546
2555
2557
2560
2562
2565
2565
2573
2576
2578
2579
2587
2587
2587
2589
2591
2591
2592
2592
2593
2598
2603
2609
2609
2611
2615
2615
2620
2620
2621
2623
2634
2637
2645
2646
2649
2659
2659
2659
2660
2666
2666
2671
2673
2673
2675
2675
2680
2684
2687
2691
2693
2694
2694
2696
2697
2698
2698
2704
2707
2712
2723
2725
2725
2725
2729
2730
2731
2732
2736
2737
2749
2771
2772
2773
2774
2776
2777
2787
2794
2796
2796
2806
2814
2820
2821
2823
2823
2824
2826
2831
2835
2849
2850
2857
2861
2862
2868
2868
2869
2874
2875
2885
2894
2894
2899
2905
2906
2910
2910
2912
2918
2918
2919
2922
2924
2924
2929
2942
2943
2957
2962
2966
2967
2968
2976
2979
2982
2982
2983
2984
2984
2986
2991
2996
2998
3004
3010
3013
3019
3026
3036
3038
3039
3041
3044
3048
3048
3049
3050
3051
3054
3055
3061
3062
3065
3067
3068
3073
3090
3091
3095
3096
3101
3102
3103
3104
3105
3110
3115
3116
3117
3118
3119
3121
3121
3121
3122
3124
3125
3129
3136
3139
3143
3143
3147
3150
3157
3159
3163
3165
3172
3175
3182
3186
3189
3194
3199
3204
3208
3212
3213
3215
3215
3220
3223
3226
3233
3238
3241
3246
3247
3250
3252
3252
3258
3261
3264
3265
3266
3266
3268
3270
3274
3276
3277
3293
3297
3299
3305
3306
3312
3313
3313
3314
3319
3324
3328
3335
3337
3337
3341
3341
3345
3345
3350
3354
3364
3368
3369
3371
3377
3383
3384
3384
3389
3396
3396
3396
3398
3399
3400
3400
3410
3415
3416
3416
3417
3422
3423
3423
3425
3428
3442
3442
3447
3448
3451
3457
3459
3461
3461
3461
3464
3468
3468
3469
3470
3472
3476
3480
3482
3487
3488
3490
3493
3497
3507
3507
3521
3523
3523
3525
3526
3534
3538
3539
3545
3547
3554
3555
3560
3564
3566
3568
3571
3571
3580
3594
3596
3604
3606
3611
3613
3615
3617
3619
3619
3620
3625
3626
3628
3631
3631
3634
3643
3645
3647
3647
3648
3650
3653
3663
3664
3670
3676
3676
3677
3678
3679
3682
3682
3683
3693
3697
3699
3701
3702
3703
3703
3707
3707
3709
3709
3711
3712
3713
3714
3714
3717
3719
3720
3727
3728
3729
3729
3730
3737
3740
3742
3746
3746
3747
3747
3752
3754
3755
3760
3761
3762
3764
3766
3766
3780
3788
3805
3805
3805
3806
3811
3812
3816
3818
3819
3820
3828
3831
3836
3840
3850
3854
3854
3855
3856
3857
3862
3865
3873
3874
3877
3882
3884
3890
3894
3897
3910
3910
3916
3919
3920
3922
3923
3926
3933
3935
3936
3936
3938
3942
3944
3947
3950
3956
3957
3957
3957
3968
3968
3971
3974
3980
3982
3984
3985
3990
3991
3994
3999
4003
4006
4010
4011
4012
4013
4014
4022
4023
4025
4027
4029
4029
4032
4042
4049
4049
4060
4060
4064
4067
4069
4071
4074
4077
4079
4081
4088
4090
4092
4092
4096
4103
4128
4130
4135
4136
4142
4142
4152
4153
4156
4163
4164
4167
4174
4174
4177
4182
4183
4184
4185
4187
4190
4193
4194
4194
4206
4213
4215
4217
4232
4234
4240
4245
4252
4256
4259
4260
4266
4269
4280
4284
4286
4287
4287
4289
4291
4298
4301
4301
4304
4305
4310
4315
4316
4317
4318
4320
4322
4324
4325
4329
4330
4333
4337
4340
4343
4346
4350
4360
4362
4367
4371
4373
4375
4380
4380
4381
4385
4387
4388
4389
4395
4407
4416
4426
4426
4430
4434
4434
4439
4444
4444
4449
4454
4459
4459
4460
4461
4467
4468
4469
4473
4474
4477
4483
4490
4493
4500
4500
4501
4504
4506
4514
4515
4515
4516
4518
4538
4551
4551
4554
4559
4561
4565
4567
4568
4568
4569
4571
4573
4581
4584
4584
4586
4596
4602
4603
4606
4616
4625
4628
4629
4634
4644
4645
4646
4648
4650
4652
4655
4656
4658
4661
4662
4662
4669
4671
4674
4675
4676
4680
4685
4685
4691
4691
4693
4693
4695
4696
4699
4706
4707
4711
4713
4721
4721
4722
4724
4725
4727
4732
4733
4734
4737
4738
4741
4750
4752
4754
4757
4758
4763
4770
4771
4775
4775
4791
4799
4799
4800
4800
4801
4802
4802
4805
4807
4818
4818
4819
4823
4827
4834
4834
4836
4837
4838
4841
4842
4846
4847
4849
4850
4853
4855
4859
4860
4861
4863
4865
4866
4868
4869
4872
4875
4883
4886
4891
4898
4900
4906
4915
4918
4923
4925
4925
4936
4942
4946
4956
4961
4962
4966
4969
4971
4972
4973
4978
4978
4980
4984
4985
4987
4990
4993
5002
5004
5005
5006
5017
5019
5021
5021
5023
5024
5029
5032
5034
5035
5039
5040
5043
5044
5053
5054
5055
5058
5058
5063
5066
5068
5069
5070
5076
5079
5081
5082
5083
5087
5090
5091
5092
5093
5097
5098
5107
5112
5113
5117
5125
5127
5128
5130
5130
5132
5134
5139
5144
5144
5145
5148
5151
5153
5155
5156
5156
5162
5164
5165
5166
5169
5171
5174
5177
5177
5178
5182
5186
5192
5192
5195
5195
5195
5196
5200
5206
5209
5211
5223
5223
5228
5237
5240
5249
5256
5256
5259
5260
5260
5262
5268
5272
5275
5277
5278
5279
5283
5283
5284
5287
5290
5291
5291
5297
5303
5317
5326
5330
5340
5352
5353
5360
5361
5362
5364
5366
5370
5375
5378
5378
5391
5391
5396
5402
5403
5403
5407
5407
5411
5422
5422
5431
5431
5437
5440
5441
5445
5446
5447
5447
5450
5452
5454
5456
5460
5461
5462
5464
5467
5472
5472
5473
5474
5475
5479
5480
5482
5483
5486
5487
5489
5490
5492
5493
5500
5502
5505
5514
5519
5519
5524
5525
5526
5527
5528
5530
5543
5545
5545
5548
5552
5555
5555
5558
5565
5566
5566
5570
5571
5581
5581
5584
5586
5624
5632
5637
5653
5654
5658
5659
5663
5665
5666
5674
5674
5680
5688
5693
5696
5706
5710
5710
5715
5725
5731
5731
5738
5740
5741
5748
5750
5752
5753
5758
5764
5767
5769
5769
5771
5774
5789
5795
5798
5799
5799
5813
5813
5817
5817
5817
5818
5822
5827
5831
5831
5835
5835
5836
5846
5846
5850
5856
5858
5867
5869
5869
5870
5875
5879
5881
5889
5892
5895
5896
5897
5899
5899
5900
5914
5921
5925
5927
5928
5933
5940
5944
5951
5951
5953
5953
5956
5967
5969
5979
5984
5992
5997
5997
5999
6005
6007
6010
6010
6017
6022
6029
6030
6040
6044
6045
6046
6051
6051
6054
6056
6066
6085
6088
6090
6093
6096
6097
6098
6099
6104
6104
6106
6109
6116
6125
6131
6131
6133
6136
6142
6156
6156
6157
6159
6160
6161
6166
6166
6168
6169
6176
6179
6184
6185
6186
6187
6194
6194
6201
6201
6202
6205
6205
6205
6219
6223
6246
6247
6249
6252
6254
6256
6259
6262
6263
6265
6269
6270
6291
6297
6297
6302
6304
6309
6309
6311
6319
6322
6324
6325
6343
6348
6350
6366
6366
6369
6370
6371
6378
6381
6386
6388
6389
6390
6399
6400
6400
6403
6407
6407
6409
6413
6413
6414
6416
6418
6428
6435
6436
6442
6444
6451
6454
6454
6455
6456
6457
6460
6464
6467
6468
6469
6471
6471
6472
6475
6478
6480
6484
6485
6488
6491
6492
6495
6513
6514
6516
6531
6531
6532
6534
6540
6540
6542
6544
6549
6550
6555
6561
6565
6567
6571
6574
6580
6580
6592
6607
6608
6611
6613
6614
6617
6621
6622
6625
6626
6627
6629
6632
6635
6638
6639
6640
6641
6641
6644
6651
6662
6663
6664
6668
6669
6669
6671
6676
6677
6677
6678
6678
6681
6682
6684
6685
6686
6690
6695
6696
6699
6699
6700
6706
6707
6713
6716
6724
6738
6739
6740
6741
6744
6745
6749
6749
6753
6759
6761
6763
6765
6786
6787
6789
6791
6797
6798
6799
6799
6800
6806
6807
6809
6811
6812
6818
6822
6825
6834
6841
6848
6853
6858
6859
6864
6868
6872
6880
6880
6881
6882
6885
6887
6887
6891
6895
6897
6899
6899
6900
6901
6901
6905
6910
6916
6918
6918
6918
6920
6926
6934
6934
6934
6938
6939
6939
6941
6942
6945
6948
6957
6961
6977
6977
6981
6985
6985
6986
6987
6989
6996
6999
7000
7006
7007
7010
7012
7016
7017
7019
7019
7021
7029
7034
7035
7035
7047
7048
7052
7052
7055
7057
7067
7072
7075
7077
7079
7084
7087
7088
7092
7094
7095
7095
7101
7104
7106
7107
7111
7116
7117
7120
7124
7130
7130
7131
7140
7140
7141
7142
7143
7147
7150
7152
7152
7159
7161
7165
7166
7168
7170
7175
7178
7182
7188
7191
7192
7192
7193
7206
7206
7208
7211
7217
7219
7220
7223
7226
7227
7227
7228
7235
7236
7236
7237
7240
7243
7247
7250
7252
7256
7258
7260
7262
7265
7269
7270
7271
7271
7279
7279
7280
7281
7286
7287
7288
7299
7300
7302
7313
7317
7322
7325
7325
7331
7335
7337
7337
7349
7351
7362
7363
7365
7365
7366
7367
7369
7370
7376
7376
7377
7380
7380
7380
7383
7390
7391
7392
7392
7396
7399
7399
7403
7405
7405
7420
7428
7428
7430
7430
7432
7436
7436
7441
7443
7454
7454
7455
7456
7465
7469
7469
7471
7473
7479
7482
7482
7483
7489
7491
7491
7497
7499
7502
7507
7508
7509
7510
7510
7510
7513
7516
7517
7522
7523
7525
7530
7531
7536
7538
7538
7539
7541
7544
7546
7548
7551
7551
7552
7563
7568
7575
7578
7580
7581
7587
7588
7592
7593
7593
7594
7595
7595
7598
7600
7602
7610
7614
7616
7624
7631
7635
7649
7650
7656
7664
7668
7670
7671
7672
7675
7679
7681
7682
7683
7684
7690
7693
7696
7696
7701
7708
7709
7710
7711
7718
7719
7724
7726
7729
7731
7736
7748
7749
7749
7753
7755
7759
7766
7768
7772
7774
7776
7779
7779
7779
7786
7789
7793
7800
7802
7810
7812
7813
7819
7819
7820
7834
7835
7837
7841
7842
7844
7849
7855
7860
7860
7867
7872
7886
7890
7901
7902
7903
7906
7908
7911
7918
7919
7923
7930
7931
7935
7937
7945
7945
7946
7952
7956
7962
7962
7965
7968
7974
7983
7985
7992
7992
7994
7995
7996
7998
8002
8008
8012
8012
8015
8028
8028
8028
8029
8029
8036
8040
8041
8047
8048
8055
8056
8059
8060
8061
8066
8067
8069
8070
8071
8073
8074
8077
8080
8088
8089
8090
8092
8093
8096
8098
8102
8102
8106
8109
8114
8115
8117
8122
8124
8125
8127
8127
8128
8129
8133
8133
8136
8136
8137
8138
8139
8140
8140
8142
8143
8145
8147
8149
8149
8153
8168
8173
8183
8185
8186
8188
8188
8192
8198
8204
8208
8212
8213
8219
8224
8228
8238
8239
8241
8242
8253
8261
8265
8268
8270
8271
8272
8276
8279
8280
8285
8295
8295
8300
8306
8309
8317
8318
8320
8327
8328
8330
8331
8332
8334
8334
8335
8343
8351
8360
8363
8366
8367
8370
8373
8383
8399
8407
8408
8409
8410
8417
8425
8428
8429
8429
8435
8438
8441
8444
8444
8447
8452
8454
8460
8463
8463
8465
8465
8471
8476
8478
8484
8486
8490
8492
8493
8494
8495
8495
8499
8502
8506
8512
8517
8527
8529
8532
8535
8536
8538
8542
8543
8547
8550
8550
8553
8554
8555
8558
8562
8572
8573
8574
8574
8577
8578
8582
8582
8586
8590
8590
8590
8593
8597
8602
8603
8607
8607
8610
8613
8614
8619
8624
8627
8628
8630
8631
8633
8636
8637
8638
8639
8641
8642
8643
8646
8649
8652
8661
8662
8676
8679
8681
8681
8682
8688
8688
8693
8699
8699
8708
8710
8720
8722
8722
8725
8726
8738
8741
8743
8743
8746
8749
8752
8754
8758
8764
8770
8777
8778
8783
8789
8791
8792
8794
8801
8806
8809
8813
8823
8835
8839
8844
8844
8845
8847
8850
8851
8854
8858
8858
8859
8859
8867
8868
8872
8873
8875
8877
8877
8877
8879
8889
8890
8890
8894
8897
8897
8900
8902
8905
8906
8908
8909
8916
8922
8925
8926
8926
8927
8932
8933
8938
8939
8940
8942
8944
8945
8954
8961
8966
8969
8971
8974
8976
8976
8976
8977
8978
8986
8986
8988
8999
9000
9001
9001
9003
9006
9013
9020
9021
9022
9040
9041
9045
9046
9047
9048
9051
9053
9056
9059
9059
9061
9067
9068
9073
9077
9083
9089
9091
9095
9096
9096
9103
9108
9110
9113
9116
9119
9120
9122
9123
9124
9128
9131
9131
9132
9142
9142
9149
9150
9154
9159
9161
9171
9173
9173
9173
9174
9175
9175
9191
9191
9202
9202
9203
9210
9213
9215
9216
9225
9225
9226
9227
9229
9230
9236
9242
9244
9246
9248
9249
9249
9250
9251
9251
9253
9261
9261
9262
9263
9266
9268
9269
9274
9275
9281
9282
9284
9287
9287
9293
9294
9296
9301
9306
9306
9309
9313
9320
9323
9323
9327
9328
9332
9334
9337
9343
9343
9344
9348
9358
9359
9360
9364
9366
9368
9370
9373
9380
9381
9386
9386
9394
9395
9398
9401
9406
9410
9411
9420
9423
9426
9428
9435
9436
9437
9438
9445
9449
9452
9453
9461
9461
9461
9463
9471
9471
9475
9477
9477
9480
9480
9491
9494
9501
9501
9501
9510
9516
9517
9521
9521
9523
9524
9525
9526
9531
9537
9538
9540
9544
9544
9550
9557
9558
9561
9565
9565
9566
9568
9568
9570
9572
9578
9583
9592
9593
9600
9600
9606
9609
9610
9615
9616
9619
9622
9628
9628
9629
9632
9636
9641
9645
9645
9647
9647
9658
9662
9672
9683
9684
9686
9690
9690
9693
9694
9695
9697
9705
9706
9709
9713
9731
9731
9731
9733
9734
9737
9745
9745
9753
9754
9755
9756
9757
9759
9764
9764
9766
9766
9767
9767
9774
9775
9787
9789
9791
9794
9795
9797
9798
9801
9805
9823
9827
9828
9833
9833
9835
9841
9847
9852
9854
9856
9859
9865
9871
9873
9873
9875
9875
9877
9879
9886
9886
9888
9895
9896
9898
9904
9907
9908
9918
9918
9918
9929
9930
9931
9931
9933
9935
9937
9937
9938
9945
9948
9950
9950
9956
9958
9959
9960
9962
9969
9971
9972
9972
9976
9979
9981
9983
9994
9996
9999
10002
10004
10006
10009
10014
10015
10020
10021
10022
10025
10030
10035
10044
10050
10052
10054
10054
10056
10056
10060
10060
10061
10067
10068
10072
10075
10078
10083
10087
10090
10096
10097
10103
10106
10107
10110
10111
10122
10126
10128
10129
10137
10137
10141
10143
10145
10149
10154
10158
10159
10161
10170
10171
10172
10178
10181
10182
10189
10192
10196
10200
10203
10212
10215
10222
10228
10232
10233
10241
10245
10249
10250
10255
10261
10261
10269
10270
10278
10284
10284
10287
10289
10295
10298
10299
10304
10305
10306
10310
10315
10323
10328
10330
10332
10332
10333
10337
10338
10340
10346
10348
10349
10350
10351
10354
10358
10363
10366
10367
10369
10370
10379
10383
10384
10387
10394
10396
10396
10398
10403
10407
10408
10411
10431
10434
10435
10437
10441
10443
10449
10452
10453
10455
10456
10462
10462
10465
10468
10469
10470
10471
10478
10479
10482
10485
10488
10495
10497
10500
10501
10502
10505
10506
10509
10510
10518
10522
10525
10525
10527
10527
10527
10530
10531
10532
10538
10547
10548
10549
10551
10552
10552
10554
10559
10562
10566
10566
10566
10566
10569
10570
10572
10575
10579
10586
10587
10587
10589
10589
10591
10596
10598
10602
10603
10604
10604
10607
10610
10618
10623
10624
10624
10633
10634
10640
10647
10647
10649
10652
10657
10657
10666
10671
10673
10676
10676
10682
10682
10689
10694
10696
10700
10702
10702
10709
10711
10715
10719
10725
10729
10731
10737
10738
10738
10742
10745
10751
10753
10758
10768
10772
10772
10785
10785
10787
10796
10802
10803
10803
10807
10813
10817
10819
10821
10822
10827
10831
10831
10832
10834
10841
10843
10846
10846
10849
10851
10852
10856
10863
10865
10867
10870
10875
10877
10877
10878
10882
10882
10883
10886
10886
10887
10892
10894
10908
10908
10921
10922
10924
10926
10927
10930
10936
10941
10941
10945
10945
10947
10954
10954
10955
10966
10968
10969
10970
10970
10975
10983
10991
10991
10992
10996
11008
11010
11011
11014
11015
11020
11026
11027
11031
11033
11042
11044
11045
11052
11052
11054
11061
11063
11063
11082
11082
11085
11086
11088
11088
11089
11100
11103
11104
11110
11110
11112
11112
11117
11118
11118
11119
11125
11129
11129
11129
11134
11135
11137
11156
11156
11156
11158
11162
11165
11166
11175
11181
11186
11186
11188
11189
11194
11196
11196
11199
11204
11211
11215
11216
11219
11223
11223
11228
11229
11234
11235
11247
11248
11252
11252
11253
11257
11260
11261
11262
11271
11276
11278
11287
11291
11304
11304
11306
11308
11310
11315
11315
11316
11317
11318
11327
11330
11339
11340
11349
11352
11352
11358
11361
11362
11363
11363
11366
11367
11371
11372
11374
11374
11377
11378
11379
11379
11379
11380
11381
11383
11395
11396
11399
11404
11406
11411
11412
11414
11415
11420
11420
11423
11426
11426
11427
11439
11439
11441
11442
11444
11444
11445
11452
11454
11456
11458
11458
11460
11461
11461
11468
11471
11472
11473
11474
11475
11478
11479
11485
11489
11494
11495
11502
11505
11506
11510
11513
11518
11524
11527
11529
11531
11538
11540
11541
11542
11543
11548
11548
11551
11553
11559
11562
11564
11567
11570
11571
11575
11576
11579
11583
11583
11586
11587
11589
11591
11592
11593
11600
11602
11603
11612
11614
11618
11633
11633
11635
11640
11645
11648
11648
11660
11669
11673
11675
11677
11678
11679
11689
11690
11696
11697
11698
11701
11706
11708
11711
11712
11713
11715
11717
11721
11724
11728
11731
11734
11734
11740
11751
11751
11752
11757
11757
11759
11762
11763
11773
11781
11782
11782
11788
11789
11793
11793
11797
11799
11802
11802
11804
11806
11811
11814
11821
11828
11835
11839
11847
11848
11858
11861
11862
11862
11868
11870
11870
11871
11872
11873
11875
11887
11888
11891
11895
11897
11897
11898
11905
11907
11910
11914
11922
11925
11926
11928
11929
11935
11942
11945
11953
11957
11968
11969
11975
11977
11987
11992
11999
11999
12000
12002
12003
12004
12008
12017
12018
12022
12025
12031
12041
12041
12042
12043
12050
12050
12056
12058
12064
12065
12073
12078
12081
12082
12088
12088
12089
12090
12096
12098
12098
12099
12102
12102
12103
12104
12109
12111
12115
12116
12118
12124
12125
12126
12130
12133
12135
12141
12142
12142
12149
12150
12154
12177
12183
12187
12188
12190
12192
12196
12201
12205
12214
12216
12222
12231
12231
12233
12234
12239
12239
12245
12252
12254
12254
12256
12258
12259
12261
12263
12263
12268
12268
12272
12274
12277
12277
12278
12282
12284
12286
12287
12289
12290
12296
12298
12299
12300
12300
12309
12319
12323
12324
12331
12332
12336
12342
12345
12351
12352
12354
12357
12361
12366
12367
12368
12377
12379
12385
12388
12388
12397
12401
12401
12401
12403
12403
12407
12411
12416
12423
12426
12430
12430
12432
12435
12437
12437
12438
12440
12458
12473
12475
12476
12493
12496
12501
12512
12512
12516
12526
12526
12526
12533
12533
12539
12545
12547
12548
12549
12560
12561
12564
12564
12566
12567
12567
12568
12569
12571
12572
12574
12590
12590
12590
12591
12595
12596
12596
12599
12599
12600
12603
12605
12606
12607
12607
12610
12613
12616
12616
12616
12618
12619
12620
12626
12627
12638
12639
12640
12646
12647
12653
12658
12658
12659
12663
12669
12684
12686
12687
12692
12694
12696
12703
12703
12710
12711
12715
12725
12727
12727
12730
12731
12735
12736
12741
12743
12744
12745
12747
12748
12752
12753
12754
12757
12773
12778
12778
12778
12778
12781
12783
12787
12789
12790
12791
12794
12795
12797
12810
12812
12815
12819
12820
12826
12829
12830
12830
12833
12833
12834
12837
12838
12840
12842
12844
12846
12850
12854
12860
12862
12862
12862
12866
12871
12871
12872
12873
12877
12878
12880
12880
12883
12885
12886
12886
12887
12888
12895
12896
12897
12904
12907
12907
12908
12908
12909
12917
12920
12921
12922
12924
12928
12932
12933
12934
12943
12948
12951
12956
12956
12960
12965
12970
12972
12972
12976
12978
12986
12987
12988
12999
12999
13005
13005
13017
13019
13022
13022
13024
13025
13026
13026
13029
13031
13033
13036
13036
13047
13055
13057
13067
13070
13070
13075
13080
13082
13090
13092
13093
13094
13105
13111
13112
13113
13114
13114
13124
13129
13131
13133
13139
13144
13145
13146
13150
13161
13167
13175
13181
13183
13197
13200
13204
13205
13210
13212
13221
13222
13222
13223
13225
13230
13235
13237
13238
13245
13253
13255
13257
13260
13262
13264
13265
13265
13271
13275
13275
13276
13282
13284
13290
13292
13303
13312
13324
13326
13327
13327
13330
13337
13346
13350
13356
13364
13365
13365
13374
13375
13376
13380
13380
13381
13386
13387
13391
13393
13397
13398
13399
13405
13405
13406
13417
13417
13420
13421
13424
13426
13429
13432
13432
13435
13440
13441
13446
13448
13450
13451
13453
13465
13468
13471
13471
13475
13483
13484
13484
13491
13491
13502
13504
13505
13508
13513
13519
13522
13522
13523
13528
13530
13533
13536
13538
13539
13540
13542
13544
13545
13547
13550
13550
13554
13563
13571
13572
13573
13573
13577
13587
13590
13592
13599
13601
13603
13603
13605
13608
13610
13612
13625
13626
13628
13631
13651
13654
13655
13655
13666
13667
13669
13669
13669
13674
13675
13676
13680
13684
13685
13693
13693
13733
13740
13742
13743
13743
13744
13745
13745
13750
13752
13755
13759
13760
13761
13766
13768
13771
13771
13777
13779
13790
13792
13796
13798
13799
13801
13811
13812
13812
13812
13814
13815
13818
13823
13829
13830
13834
13839
13839
13848
13851
13854
13856
13858
13867
13869
13872
13874
13878
13885
13885
13889
13890
13895
13898
13900
13906
13908
13915
13918
13919
13920
13922
13924
13927
13928
13929
13940
13945
13950
13953
13958
13960
13964
13965
13966
13976
13976
13979
13979
13979
13980
13980
13980
13983
13986
13990
13991
13993
13999
14003
14005
14014
14014
14025
14026
14029
14030
14037
14038
14041
14042
14049
14059
14060
14064
14064
14065
14070
14073
14073
14074
14079
14080
14081
14087
14091
14093
14095
14096
14103
14107
14109
14110
14111
14118
14118
14120
14123
14123
14127
14127
14138
14140
14141
14143
14145
14148
14151
14160
14160
14165
14165
14169
14175
14176
14176
14182
14182
14187
14187
14188
14192
14202
14206
14207
14210
14211
14211
14215
14217
14219
14229
14232
14243
14244
14247
14254
14255
14270
14273
14273
14274
14276
14276
14277
14278
14285
14289
14292
14299
14300
14302
14306
14306
14308
14320
14321
14324
14332
14340
14346
14349
14355
14357
14358
14360
14362
14364
14366
14367
14368
14373
14374
14374
14378
14382
14383
14389
14390
14390
14394
14397
14400
14402
14403
14403
14403
14414
14416
14417
14419
14421
14422
14426
14427
14431
14432
14437
14439
14439
14442
14444
14446
14449
14450
14458
14459
14459
14459
14463
14463
14463
14468
14468
14470
14470
14473
14477
14482
14483
14484
14487
14490
14492
14500
14501
14510
14510
14520
14525
14529
14534
14537
14539
14545
14550
14552
14555
14556
14561
14562
14566
14567
14570
14573
14574
14575
14585
14602
14603
14604
14605
14608
14609
14612
14612
14614
14621
14628
14629
14633
14636
14642
14645
14651
14651
14652
14653
14655
14664
14664
14676
14676
14678
14679
14683
14683
14687
14688
14696
14697
14699
14699
14701
14710
14714
14715
14719
14719
14722
14724
14731
14731
14738
14738
14747
14756
14759
14761
14763
14764
14766
14767
14770
14773
14779
14780
14785
14785
14791
14791
14795
14797
14804
14807
14816
14821
14823
14829
14835
14840
14841
14841
14843
14852
14855
14860
14866
14875
14880
14880
14882
14886
14886
14887
14888
14889
14889
14895
14897
14898
14898
14901
14905
14911
14914
14919
14922
14926
14929
14932
14937
14940
14940
14943
14947
14950
14954
14960
14960
14963
14967
14968
14973
14984
14985
14988
14989
14991
14996
15003
15003
15013
15033
15039
15043
15043
15043
15049
15050
15050
15054
15055
15056
15057
15057
15070
15074
15076
15077
15080
15087
15089
15094
15095
15095
15097
15098
15099
15100
15101
15116
15116
15119
15121
15126
15129
15135
15138
15142
15144
15144
15144
15144
15145
15146
15148
15149
15154
15155
15158
15161
15166
15168
15171
15171
15171
15171
15173
15175
15175
15181
15183
15186
15189
15195
15196
15202
15206
15206
15208
15209
15210
15211
15223
15229
15232
15238
15240
15240
15240
15243
15244
15247
15249
15250
15251
15254
15257
15259
15261
15268
15268
15270
15277
15280
15281
15281
15282
15283
15284
15291
15291
15295
15298
15301
15303
15305
15309
15321
15326
15332
15333
15334
15335
15339
15346
15352
15354
15354
15361
15361
15361
15363
15372
15377
15380
15385
15393
15394
15404
15407
15412
15424
15438
15442
15442
15444
15446
15446
15449
15456
15456
15457
15474
15478
15483
15487
15489
15491
15497
15497
15500
15514
15516
15516
15529
15530
15546
15549
15553
15553
15559
15562
15567
15567
15573
15574
15574
15576
15587
15589
15590
15591
15593
15595
15595
15599
15610
15611
15618
15627
15629
15638
15642
15648
15648
15649
15649
15650
15650
15652
15654
15666
15668
15669
15672
15673
15676
15681
15684
15689
15691
15692
15697
15698
15698
15701
15702
15712
15719
15722
15724
15727
15729
15740
15742
15743
15746
15749
15752
15754
15756
15759
15764
15766
15771
15771
15775
15780
15781
15787
15793
15796
15800
15800
15802
15804
15805
15812
15821
15823
15825
15828
15829
15835
15846
15848
15863
15868
15870
15870
15870
15872
15872
15873
15875
15876
15885
15887
15894
15905
15905
15906
15908
15911
15912
15917
15923
15928
15928
15940
15941
15942
15942
15943
15947
15948
15949
15950
15951
15955
15965
15966
15969
15973
15982
15983
15992
15995
15996
16012
16012
16013
16014
16015
16015
16018
16022
16034
16035
16036
16039
16041
16042
16043
16044
16045
16065
16070
16071
16075
16078
16078
16079
16080
16086
16088
16089
16101
16111
16111
16121
16127
16129
16132
16135
16149
16155
16160
16165
16182
16186
16187
16191
16191
16195
16196
16199
16204
16204
16205
16206
16207
16219
16221
16224
16225
16226
16227
16227
16228
16229
16232
16233
16235
16236
16238
16248
16250
16252
16258
16259
16259
16259
16260
16263
16270
16285
16286
16288
16291
16299
16300
16300
16305
16311
16312
16316
16317
16319
16319
16320
16321
16321
16333
16335
16340
16341
16345
16346
16349
16355
16356
16360
16361
16366
16369
16375
16377
16378
16378
16379
16379
16393
16401
16405
16412
16412
16422
16423
16427
16431
16431
16433
16438
16441
16454
16457
16459
16461
16462
16463
16464
16464
16468
16471
16473
16474
16475
16477
16481
16489
16492
16492
16497
16498
16503
16503
16516
16523
16530
16530
16531
16540
16549
16550
16554
16555
16558
16560
16562
16571
16574
16575
16575
16578
16580
16581
16584
16585
16589
16592
16593
16595
16596
16598
16598
16598
16599
16600
16606
16608
16609
16620
16631
16638
16638
16643
16646
16648
16648
16656
16659
16660
16665
16666
16674
16679
16681
16681
16685
16685
16688
16695
16700
16702
16703
16708
16711
16714
16717
16719
16723
16725
16730
16742
16747
16751
16754
16758
16764
16765
16767
16768
16775
16777
16778
16782
16790
16790
16791
16793
16797
16799
16804
16805
16808
16809
16817
16818
16821
16821
16823
16824
16827
16829
16842
16845
16845
16851
16853
16853
16853
16855
16864
16864
16866
16868
16871
16876
16879
16882
16886
16887
16889
16891
16895
16895
16897
16898
16902
16903
16904
16910
16911
16916
16916
16918
16918
16923
16925
16938
16941
16942
16946
16948
16951
16959
16962
16970
16973
16976
16978
16980
16984
16988
16989
16989
16991
16996
16997
17001
17008
17015
17020
17022
17032
17035
17039
17041
17042
17049
17053
17055
17060
17061
17075
17077
17079
17082
17092
17092
17094
17095
17098
17103
17107
17117
17118
17119
17121
17122
17127
17133
17137
17137
17139
17145
17149
17154
17155
17159
17160
17163
17164
17165
17166
17167
17169
17171
17174
17175
17177
17179
17187
17191
17191
17195
17196
17197
17203
17208
17211
17212
17215
17218
17220
17222
17225
17225
17231
17240
17240
17241
17242
17246
17247
17248
17249
17255
17256
17256
17256
17258
17259
17262
17263
17264
17267
17272
17278
17279
17286
17286
17286
17287
17292
17297
17297
17297
17301
17309
17318
17318
17318
17325
17334
17337
17339
17340
17342
17346
17346
17350
17351
17355
17355
17355
17357
17360
17360
17364
17366
17368
17379
17380
17383
17387
17389
17389
17390
17391
17394
17403
17404
17406
17409
17410
17412
17426
17427
17428
17431
17432
17432
17434
17438
17439
17439
17441
17442
17444
17460
17460
17462
17464
17465
17467
17478
17478
17484
17485
17487
17490
17490
17490
17493
17494
17495
17497
17503
17504
17507
17508
17513
17516
17525
17527
17528
17536
17538
17539
17542
17548
17554
17556
17560
17560
17564
17566
17570
17570
17572
17573
17575
17579
17581
17585
17596
17597
17599
17605
17605
17610
17611
17614
17617
17623
17623
17629
17633
17640
17641
17656
17661
17662
17668
17672
17672
17674
17676
17685
17685
17685
17687
17687
17687
17688
17691
17698
17701
17703
17704
17708
17714
17717
17720
17729
17730
17731
17742
17754
17755
17756
17757
17760
17763
17765
17770
17771
17773
17773
17782
17783
17784
17784
17785
17786
17789
17792
17793
17795
17803
17805
17806
17809
17815
17816
17829
17832
17837
17838
17844
17849
17849
17850
17850
17851
17851
17857
17857
17865
17866
17868
17878
17880
17889
17890
17891
17894
17894
17894
17898
17903
17907
17909
17909
17915
17920
17921
17921
17921
17929
17931
17932
17936
17939
17943
17944
17945
17952
17952
17955
17955
17963
17964
17964
17967
17968
17968
17969
17970
17972
17974
17980
17983
17983
17984
17986
17990
17990
17996
17999
18001
18008
18015
18016
18018
18024
18029
18034
18038
18042
18047
18050
18051
18053
18056
18064
18069
18071
18073
18077
18089
18095
18096
18097
18107
18115
18117
18124
18136
18149
18150
18153
18154
18156
18171
18172
18175
18176
18176
18184
18186
18188
18188
18188
18198
18198
18199
18202
18205
18210
18211
18213
18215
18216
18216
18219
18220
18221
18223
18225
18229
18230
18240
18242
18242
18243
18244
18245
18256
18278
18279
18279
18283
18284
18293
18305
18312
18315
18322
18324
18326
18329
18332
18348
18349
18350
18352
18357
18365
18368
18373
18374
18375
18376
18380
18381
18384
18385
18386
18387
18394
18395
18399
18404
18408
18419
18419
18426
18431
18434
18434
18438
18440
18440
18445
18447
18447
18450
18454
18456
18458
18458
18459
18460
18464
18467
18468
18470
18471
18475
18479
18484
18486
18488
18489
18490
18494
18494
18497
18505
18507
18508
18510
18513
18517
18526
18529
18530
18532
18532
18533
18536
18537
18540
18541
18548
18552
18558
18560
18560
18561
18564
18570
18572
18578
18578
18579
18585
18592
18594
18603
18608
18613
18615
18624
18629
18630
18631
18634
18637
18645
18653
18659
18660
18661
18662
18664
18664
18665
18665
18673
18679
18679
18680
18681
18685
18692
18694
18696
18700
18707
18708
18717
18719
18721
18727
18730
18732
18734
18734
18738
18744
18755
18755
18755
18756
18756
18757
18757
18769
18771
18772
18778
18781
18783
18789
18790
18794
18794
18795
18799
18801
18806
18810
18811
18816
18819
18821
18821
18830
18835
18836
18841
18841
18847
18855
18860
18870
18872
18876
18877
18883
18883
18884
18889
18890
18893
18896
18896
18906
18907
18908
18915
18918
18926
18927
18927
18935
18938
18940
18962
18972
18976
18977
18977
18990
18990
18992
19000
19000
19004
19004
19010
19010
19015
19029
19030
19030
19035
19038
19042
19046
19047
19052
19053
19053
19057
19065
19067
19079
19081
19083
19085
19086
19087
19090
19092
19094
19095
19098
19099
19103
19112
19115
19120
19124
19124
19126
19129
19131
19135
19144
19150
19161
19174
19174
19175
19184
19184
19185
19185
19187
19189
19193
19199
19199
19207
19210
19216
19225
19225
19226
19232
19242
19246
19247
19248
19272
19276
19285
19289
19289
19300
19305
19306
19308
19311
19314
19324
19333
19334
19336
19337
19346
19348
19355
19356
19357
19360
19365
19365
19367
19369
19377
19380
19382
19386
19396
19398
19400
19405
19406
19407
19412
19414
19417
19419
19421
19421
19429
19439
19442
19445
19450
19451
19455
19457
19459
19463
19463
19465
19466
19466
19469
19469
19471
19473
19476
19478
19480
19484
19489
19491
19493
19505
19505
19505
19511
19511
19514
19515
19516
19526
19541
19542
19543
19543
19549
19550
19553
19569
19570
19571
19572
19585
19588
19589
19593
19598
19608
19615
19616
19617
19621
19628
19629
19634
19641
19644
19670
19675
19677
19683
19685
19691
19695
19696
19704
19704
19705
19714
19726
19732
19733
19741
19745
19750
19750
19751
19752
19752
19754
19760
19762
19770
19771
19784
19789
19789
19790
19790
19794
19794
19796
19797
19801
19802
19802
19803
19804
19805
19805
19806
19810
19817
19820
19822
19828
19830
19840
19847
19849
19853
19854
19854
19856
19865
19869
19874
19878
19879
19880
19883
19894
19897
19900
19903
19904
19911
19913
19913
19916
19919
19920
19925
19930
19938
19942
19944
19953
19959
19962
19968
19969
19972
19974
19975
19977
19978
19979
19982
19982
19984
19989
19991
19992
19993
19993
20017
20019
20022
20023
20028
20028
20032
20033
20039
20046
20047
20047
20051
20058
20061
20061
20063
20064
20077
20089
20096
20098
20099
20115
20116
20116
20117
20117
20118
20119
20119
20122
20127
20129
20130
20131
20138
20150
20154
20156
20157
20161
20168
20169
20170
20172
20188
20192
20193
20200
20201
20202
20202
20206
20207
20209
20215
20218
20220
20225
20228
20241
20242
20244
20247
20248
20251
20255
20256
20258
20259
20273
20273
20276
20289
20291
20293
20301
20301
20307
20316
20319
20321
20322
20332
20334
20335
20338
20340
20346
20349
20353
20353
20355
20358
20358
20362
20364
20365
20365
20366
20366
20369
20370
20371
20383
20389
20394
20396
20397
20399
20401
20409
20412
20416
20418
20418
20419
20420
20425
20426
20427
20429
20430
20432
20436
20437
20438
20439
20440
20442
20442
20443
20445
20446
20447
20454
20457
20462
20468
20468
20475
20476
20480
20483
20483
20484
20491
20493
20494
20495
20500
20501
20503
20508
20512
20519
20530
20532
20535
20536
20539
20542
20545
20547
20551
20556
20559
20561
20562
20563
20575
20576
20578
20579
20582
20589
20597
20597
20601
20603
20605
20607
20610
20610
20610
20618
20620
20625
20625
20628
20630
20630
20635
20635
20635
20635
20638
20641
20642
20666
20667
20668
20670
20670
20672
20681
20686
20688
20691
20697
20699
20705
20710
20715
20715
20718
20726
20727
20729
20740
20742
20744
20751
20753
20753
20754
20760
20766
20766
20767
20768
20773
20773
20774
20776
20781
20785
20788
20790
20792
20794
20797
20801
20802
20804
20804
20809
20811
20813
20815
20817
20821
20823
20823
20825
20827
20832
20833
20840
20841
20845
20846
20848
20850
20857
20858
20860
20872
20872
20883
20887
20890
20894
20896
20896
20896
20898
20910
20910
20913
20916
20925
20928
20931
20932
20932
20935
20939
20942
20946
20946
20947
20947
20951
20952
20958
20958
20959
20963
20970
20986
20989
20989
20995
20997
20998
20998
21001
21002
21005
21007
21007
21009
21010
21012
21014
21016
21018
21020
21030
21037
21038
21039
21040
21049
21058
21058
21060
21061
21063
21065
21070
21071
21074
21074
21077
21077
21077
21080
21083
21084
21086
21092
21094
21099
21106
21108
21109
21112
21114
21118
21130
21135
21135
21135
21136
21149
21156
21159
21164
21175
21177
21178
21180
21191
21193
21195
21196
21200
21200
21201
21204
21205
21208
21220
21227
21234
21235
21237
21239
21243
21246
21248
21254
21260
21260
21265
21272
21288
21290
21299
21303
21304
21305
21306
21307
21308
21315
21317
21318
21321
21327
21332
21334
21335
21335
21341
21346
21347
21348
21350
21350
21352
21353
21360
21365
21369
21370
21373
21376
21385
21388
21400
21406
21415
21415
21420
21423
21424
21425
21430
21431
21435
21441
21453
21453
21455
21461
21464
21468
21468
21479
21479
21486
21489
21492
21493
21495
21499
21502
21504
21504
21504
21505
21506
21506
21507
21509
21510
21515
21516
21517
21518
21520
21523
21523
21525
21528
21537
21542
21544
21546
21554
21562
21564
21568
21570
21574
21576
21578
21581
21583
21586
21587
21594
21601
21603
21603
21604
21606
21607
21614
21621
21626
21631
21634
21637
21637
21638
21638
21646
21650
21654
21656
21659
21661
21668
21674
21675
21675
21676
21678
21679
21682
21685
21688
21691
21692
21694
21695
21697
21700
21701
21705
21706
21710
21712
21714
21720
21724
21727
21735
21744
21745
21745
21748
21748
21749
21756
21757
21761
21765
21766
21770
21773
21778
21781
21785
21788
21789
21790
21795
21806
21807
21813
21822
21826
21831
21832
21833
21834
21846
21848
21849
21851
21853
21853
21855
21855
21856
21859
21874
21886
21887
21891
21901
21907
21917
21919
21928
21929
21930
21932
21932
21933
21934
21941
21941
21946
21951
21957
21960
21964
21965
21966
21966
21980
21985
21985
21989
21990
21996
21999
22006
22007
22017
22019
22023
22031
22031
22032
22041
22050
22051
22056
22058
22058
22060
22063
22063
22070
22073
22075
22077
22082
22086
22086
22086
22089
22103
22105
22110
22114
22115
22115
22118
22118
22119
22123
22126
22132
22132
22136
22142
22143
22146
22146
22151
22152
22161
22176
22182
22197
22197
22200
22201
22204
22215
22218
22219
22223
22231
22233
22237
22241
22242
22243
22248
22249
22251
22251
22253
22254
22263
22266
22266
22268
22270
22277
22279
22281
22281
22285
22288
22293
22294
22301
22302
22303
22304
22308
22309
22313
22319
22320
22330
22332
22334
22337
22339
22339
22352
22353
22356
22357
22357
22368
22369
22370
22370
22372
22373
22376
22378
22383
22385
22387
22388
22388
22399
22402
22403
22407
22414
22415
22417
22419
22420
22421
22426
22428
22433
22439
22439
22439
22445
22460
22461
22462
22463
22469
22475
22476
22478
22478
22482
22485
22489
22507
22510
22515
22519
22526
22530
22537
22543
22545
22552
22563
22563
22570
22574
22577
22584
22590
22591
22592
22609
22611
22613
22625
22626
22630
22637
22638
22640
22645
22647
22651
22652
22653
22655
22663
22663
22664
22668
22668
22669
22670
22671
22675
22676
22683
22684
22685
22696
22696
22697
22701
22705
22709
22715
22718
22719
22724
22725
22728
22729
22733
22735
22740
22740
22742
22742
22748
22752
22756
22756
22760
22762
22764
22765
22768
22770
22772
22773
22780
22783
22785
22787
22788
22792
22805
22810
22813
22814
22817
22820
22821
22821
22827
22827
22828
22829
22832
22835
22835
22837
22837
22837
22839
22843
22845
22847
22856
22857
22858
22859
22860
22866
22869
22875
22876
22880
22884
22890
22899
22903
22904
22905
22910
22912
22914
22922
22924
22924
22925
22926
22928
22932
22934
22934
22939
22940
22942
22944
22948
22949
22952
22953
22957
22957
22958
22966
22967
22970
22972
22978
22982
22982
22991
22993
22997
23004
23006
23007
23008
23012
23015
23016
23018
23019
23024
23026
23029
23031
23031
23034
23040
23041
23042
23048
23061
23069
23074
23085
23090
23093
23093
23095
23098
23099
23099
23107
23107
23114
23115
23120
23123
23124
23125
23131
23133
23134
23134
23134
23135
23137
23142
23143
23144
23147
23148
23148
23163
23164
23167
23175
23178
23179
23189
23196
23197
23200
23206
23208
23209
23213
23215
23219
23231
23231
23234
23235
23238
23241
23241
23247
23257
23257
23261
23262
23266
23275
23275
23276
23284
23288
23291
23293
23296
23298
23298
23301
23304
23308
23309
23309
23310
23324
23324
23329
23334
23337
23337
23343
23347
23347
23351
23352
23355
23356
23359
23360
23366
23366
23366
23378
23381
23382
23387
23387
23392
23397
23398
23407
23411
23424
23429
23431
23435
23443
23446
23457
23459
23459
23461
23461
23466
23472
23476
23479
23484
23487
23495
23500
23503
23514
23524
23529
23530
23530
23537
23539
23543
23545
23546
23547
23548
23549
23553
23554
23559
23568
23571
23576
23577
23581
23589
23593
23609
23613
23616
23621
23623
23627
23627
23629
23631
23638
23642
23646
23653
23655
23656
23660
23661
23662
23666
23668
23671
23671
23672
23672
23673
23674
23681
23682
23689
23696
23697
23711
23712
23716
23720
23720
23721
23727
23730
23734
23742
23746
23749
23757
23759
23759
23761
23762
23772
23775
23784
23784
23786
23794
23795
23800
23801
23803
23803
23806
23809
23809
23811
23813
23815
23817
23822
23829
23830
23833
23850
23851
23859
23861
23861
23864
23867
23869
23875
23893
23895
23896
23898
23904
23906
23911
23916
23917
23921
23922
23922
23926
23929
23934
23944
23949
23954
23968
23971
23972
23973
23977
23980
23983
23985
23985
23986
23991
23992
23993
23993
23997
23998
24000
24006
24011
24018
24021
24021
24022
24023
24024
24027
24029
24030
24030
24030
24032
24033
24035
24037
24038
24047
24050
24062
24063
24065
24069
24074
24079
24079
24083
24085
24085
24091
24091
24092
24093
24094
24095
24101
24107
24108
24108
24109
24113
24116
24122
24124
24125
24133
24134
24139
24145
24145
24149
24162
24165
24165
24167
24171
24175
24176
24178
24180
24186
24195
24195
24196
24199
24200
24206
24207
24212
24213
24215
24216
24219
24223
24224
24225
24226
24232
24234
24234
24235
24240
24240
24245
24248
24253
24254
24256
24261
24263
24264
24266
24273
24276
24279
24281
24282
24286
24287
24288
24295
24296
24301
24303
24308
24309
24311
24312
24313
24313
24315
24315
24331
24332
24332
24334
24337
24344
24347
24348
24348
24350
24351
24359
24359
24362
24362
24367
24368
24373
24374
24377
24377
24381
24389
24392
24394
24405
24410
24412
24414
24415
24419
24420
24428
24429
24434
24439
24440
24447
24449
24450
24456
24456
24457
24460
24466
24467
24469
24475
24486
24488
24498
24499
24499
24501
24503
24505
24508
24513
24522
24527
24530
24532
24534
24536
24542
24547
24549
24553
24554
24557
24565
24569
24569
24577
24579
24583
24587
24588
24589
24590
24596
24597
24597
24598
24599
24602
24606
24608
24612
24614
24614
24618
24624
24624
24625
24627
24633
24634
24636
24638
24643
24645
24657
24660
24664
24666
24673
24674
24676
24682
24687
24688
24690
24690
24691
24693
24694
24694
24697
24704
24705
24710
24712
24714
24719
24723
24737
24739
24739
24743
24744
24747
24753
24757
24767
24767
24772
24775
24776
24783
24784
24789
24793
24794
24801
24805
24806
24807
24807
24809
24810
24816
24820
24822
24839
24843
24855
24855
24858
24859
24866
24867
24869
24871
24871
24874
24875
24876
24876
24879
24879
24879
24880
24882
24888
24889
24891
24895
24897
24897
24899
24899
24901
24903
24904
24907
24916
24919
24922
24925
24928
24928
24930
24933
24937
24938
24938
24942
24947
24948
24949
24952
24954
24956
24959
24960
24961
24962
24963
24968
24969
24975
24976
24981
24983
24985
24985
24988
24998
25000
25007
25012
25012
25012
25017
25019
25021
25027
25029
25030
25031
25034
25035
25036
25041
25043
25059
25066
25070
25077
25083
25084
25088
25094
25099
25104
25107
25115
25115
25119
25124
25128
25133
25138
25138
25139
25140
25143
25144
25149
25159
25160
25160
25160
25168
25173
25180
25188
25188
25197
25197
25203
25207
25210
25211
25215
25223
25224
25230
25231
25249
25254
25254
25259
25261
25261
25272
25273
25278
25278
25279
25286
25290
25291
25292
25295
25296
25297
25297
25307
25307
25308
25314
25316
25317
25322
25322
25322
25322
25322
25323
25328
25332
25332
25337
25338
25342
25344
25351
25351
25354
25355
25356
25359
25359
25361
25361
25366
25366
25367
25369
25375
25375
25375
25376
25377
25389
25390
25393
25404
25404
25405
25406
25409
25409
25414
25420
25420
25422
25424
25433
25433
25437
25439
25446
25449
25451
25451
25454
25470
25470
25470
25473
25475
25477
25483
25488
25490
25495
25498
25500
25501
25505
25505
25506
25510
25511
25518
25520
25523
25525
25529
25530
25537
25540
25540
25545
25550
25551
25554
25555
25555
25556
25561
25562
25562
25562
25563
25566
25568
25569
25570
25572
25574
25578
25591
25609
25610
25611
25612
25613
25616
25617
25619
25622
25623
25624
25630
25641
25645
25646
25647
25647
25658
25661
25667
25674
25675
25675
25676
25677
25678
25682
25684
25687
25687
25691
25699
25699
25702
25705
25710
25710
25710
25711
25714
25716
25720
25723
25728
25734
25735
25741
25744
25753
25757
25760
25762
25762
25771
25775
25778
25783
25789
25793
25794
25795
25803
25804
25807
25810
25815
25817
25825
25834
25835
25836
25838
25839
25840
25843
25849
25849
25851
25857
25861
25866
25868
25869
25873
25877
25881
25886
25887
25887
25897
25898
25900
25907
25908
25910
25916
25919
25921
25925
25925
25930
25932
25932
25932
25934
25939
25942
25942
25944
25947
25947
25947
25952
25967
25969
25970
25972
25976
25978
25979
25979
25982
25987
25988
25989
26008
26017
26018
26027
26029
26047
26049
26050
26051
26051
26063
26072
26076
26079
26080
26082
26088
26088
26091
26095
26098
26107
26108
26111
26111
26112
26116
26120
26122
26126
26127
26129
26131
26131
26133
26133
26138
26145
26151
26153
26156
26168
26171
26172
26175
26178
26178
26179
26182
26183
26187
26190
26194
26207
26208
26208
26209
26211
26212
26220
26221
26222
26224
26228
26231
26241
26241
26246
26248
26249
26251
26251
26252
26261
26277
26281
26284
26294
26297
26302
26317
26323
26323
26330
26336
26336
26337
26340
26340
26344
26347
26347
26350
26352
26352
26355
26361
26361
26362
26368
26370
26371
26377
26382
26384
26389
26391
26398
26407
26408
26414
26418
26419
26424
26425
26425
26427
26433
26435
26440
26448
26449
26455
26461
26471
26482
26483
26486
26499
26499
26503
26505
26511
26516
26524
26539
26544
26547
26549
26549
26555
26555
26556
26558
26559
26562
26572
26573
26573
26576
26576
26579
26582
26584
26585
26585
26594
26597
26604
26606
26608
26609
26610
26613
26617
26620
26621
26622
26630
26634
26636
26639
26639
26639
26645
26645
26649
26650
26653
26653
26656
26657
26660
26661
26662
26670
26677
26687
26697
26698
26701
26704
26711
26714
26717
26723
26731
26732
26735
26736
26739
26740
26740
26745
26748
26748
26748
26750
26751
26754
26756
26762
26766
26766
26767
26771
26775
26777
26779
26785
26785
26789
26792
26795
26796
26796
26801
26807
26818
26822
26826
26832
26835
26840
26842
26843
26848
26850
26851
26852
26864
26867
26868
26868
26872
26874
26875
26880
26880
26881
26882
26883
26884
26887
26888
26890
26895
26896
26899
26902
26907
26913
26916
26918
26919
26919
26920
26922
26924
26927
26927
26928
26934
26940
26941
26944
26945
26950
26950
26952
26953
26959
26960
26968
26968
26969
26970
26975
26985
26986
26989
26990
26994
26997
27001
27003
27008
27020
27020
27022
27027
27029
27031
27035
27035
27036
27038
27040
27044
27046
27047
27047
27056
27057
27060
27061
27067
27068
27070
27073
27074
27075
27076
27078
27086
27090
27107
27108
27111
27114
27115
27119
27120
27121
27127
27133
27137
27138
27140
27141
27158
27161
27163
27164
27165
27166
27167
27168
27173
27173
27173
27174
27175
27188
27193
27198
27201
27206
27206
27210
27211
27212
27214
27214
27218
27220
27223
27229
27230
27231
27231
27231
27232
27233
27234
27236
27240
27241
27248
27248
27249
27251
27254
27255
27259
27261
27264
27269
27272
27278
27279
27282
27283
27284
27285
27289
27290
27292
27300
27301
27317
27317
27320
27320
27321
27333
27337
27337
27340
27341
27341
27344
27345
27348
27349
27354
27354
27357
27362
27364
27373
27373
27373
27388
27389
27390
27391
27393
27393
27397
27399
27407
27411
27411
27417
27418
27419
27423
27423
27425
27430
27432
27434
27440
27442
27444
27447
27454
27454
27456
27456
27458
27461
27470
27476
27478
27485
27485
27488
27492
27494
27498
27499
27504
27515
27518
27520
27524
27531
27536
27537
27540
27541
27548
27548
27557
27558
27559
27559
27566
27569
27570
27571
27577
27577
27578
27579
27583
27584
27584
27587
27603
27603
27604
27604
27605
27605
27615
27617
27621
27623
27625
27634
27634
27636
27637
27641
27641
27642
27656
27656
27657
27661
27663
27666
27667
27671
27671
27678
27681
27682
27688
27695
27705
27708
27710
27726
27729
27730
27732
27734
27736
27738
27743
27745
27752
27754
27757
27758
27758
27758
27762
27766
27768
27771
27784
27785
27785
27788
27789
27799
27799
27800
27802
27803
27807
27808
27808
27808
27810
27812
27812
27812
27813
27813
27816
27821
27823
27825
27838
27838
27838
27839
27844
27848
27848
27852
27852
27856
27856
27856
27862
27862
27863
27865
27866
27866
27869
27870
27873
27876
27886
27896
27898
27906
27907
27911
27917
27919
27930
27931
27937
27937
27938
27939
27943
27946
27950
27951
27952
27952
27955
27959
27963
27964
27964
27967
27968
27969
27974
27974
27976
27981
28008
28013
28013
28018
28022
28026
28027
28028
28028
28030
28033
28035
28036
28036
28041
28041
28053
28064
28064
28068
28075
28077
28080
28086
28087
28091
28096
28096
28097
28097
28098
28100
28102
28102
28112
28116
28117
28117
28117
28119
28121
28125
28128
28129
28135
28144
28145
28146
28150
28153
28154
28162
28166
28167
28168
28170
28172
28172
28172
28173
28174
28174
28180
28182
28186
28191
28193
28194
28195
28196
28206
28210
28214
28217
28221
28221
28226
28229
28237
28240
28242
28243
28245
28247
28255
28257
28260
28261
28270
28275
28276
28279
28288
28289
28290
28293
28296
28302
28304
28306
28308
28310
28318
28320
28323
28333
28335
28337
28337
28339
28347
28353
28356
28360
28366
28369
28378
28378
28380
28383
28385
28387
28389
28391
28391
28392
28394
28396
28397
28397
28402
28403
28407
28407
28407
28410
28410
28414
28420
28423
28427
28431
28435
28436
28444
28444
28447
28447
28455
28461
28465
28467
28467
28469
28471
28475
28479
28484
28490
28492
28493
28503
28504
28514
28517
28518
28522
28527
28529
28534
28535
28535
28540
28541
28546
28546
28550
28562
28564
28565
28571
28574
28577
28578
28585
28588
28589
28592
28592
28595
28595
28600
28602
28602
28617
28622
28628
28629
28633
28635
28638
28641
28646
28648
28648
28649
28649
28653
28656
28657
28659
28661
28675
28680
28681
28687
28689
28690
28690
28690
28691
28691
28702
28706
28708
28708
28714
28714
28715
28721
28727
28729
28731
28733
28736
28738
28739
28741
28745
28749
28754
28755
28757
28759
28763
28769
28770
28771
28774
28774
28776
28777
28779
28779
28789
28789
28798
28800
28803
28808
28812
28814
28819
28820
28825
28830
28833
28838
28839
28845
28846
28850
28852
28855
28860
28861
28866
28868
28870
28871
28874
28875
28878
28878
28889
28893
28898
28899
28903
28906
28906
28907
28913
28915
28929
28930
28932
28948
28949
28957
28960
28964
28965
28971
28972
28976
28977
28984
28985
28988
28997
28998
29000
29000
29000
29008
29008
29010
29016
29020
29022
29026
29037
29040
29044
29051
29055
29058
29060
29061
29062
29064
29065
29066
29073
29074
29074
29078
29079
29082
29085
29085
29086
29092
29093
29093
29095
29096
29101
29103
29104
29116
29117
29119
29124
29129
29129
29132
29133
29135
29138
29139
29139
29145
29145
29149
29159
29161
29163
29170
29172
29173
29173
29174
29179
29189
29193
29196
29197
29198
29203
29203
29206
29208
29213
29213
29214
29216
29218
29219
29221
29222
29226
29229
29230
29232
29234
29243
29259
29272
29273
29275
29277
29281
29281
29289
29292
29298
29303
29307
29307
29308
29311
29324
29335
29335
29340
29342
29344
29349
29362
29363
29365
29365
29366
29367
29373
29375
29388
29399
29411
29411
29411
29414
29423
29427
29429
29440
29444
29451
29454
29454
29455
29456
29458
29462
29467
29479
29483
29484
29485
29486
29486
29488
29490
29505
29506
29518
29518
29519
29520
29520
29525
29530
29542
29542
29544
29544
29545
29545
29545
29545
29545
29553
29554
29562
29562
29563
29566
29570
29573
29575
29579
29585
29587
29597
29602
29604
29605
29612
29612
29612
29613
29614
29617
29622
29624
29625
29629
29632
29632
29633
29635
29635
29644
29647
29649
29652
29655
29657
29658
29672
29672
29674
29675
29675
29677
29680
29680
29683
29685
29687
29688
29688
29692
29692
29693
29703
29703
29704
29708
29708
29710
29710
29715
29721
29727
29736
29737
29740
29742
29743
29748
29751
29754
29754
29755
29765
29766
29768
29771
29774
29774
29774
29777
29779
29781
29781
29782
29782
29783
29792
29796
29802
29804
29812
29814
29815
29817
29820
29824
29831
29837
29837
29840
29844
29845
29846
29847
29850
29854
29855
29856
29863
29866
29873
29879
29879
29879
29880
29892
29896
29898
29902
29905
29909
29909
29911
29913
29917
29917
29919
29926
29927
29930
29931
29936
29941
29943
29946
29948
29948
29957
29958
29963
29963
29964
29965
29967
29968
29972
29979
29984
29985
29987
29987
29990
29991
29993
29993
29994
29997
29999
30001
30013
30015
30015
30024
30026
30032
30041
30041
30045
30049
30050
30051
30055
30058
30062
30065
30071
30072
30080
30083
30086
30090
30095
30095
30097
30100
30102
30102
30103
30108
30110
30114
30125
30129
30129
30141
30146
30151
30164
30167
30168
30174
30174
30181
30182
30184
30190
30191
30192
30194
30195
30196
30199
30203
30204
30205
30209
30211
30211
30214
30225
30227
30233
30235
30237
30239
30251
30253
30254
30268
30270
30271
30271
30273
30277
30283
30283
30287
30287
30287
30295
30298
30300
30302
30308
30311
30311
30327
30327
30331
30333
30334
30339
30345
30354
30354
30355
30356
30356
30359
30369
30372
30373
30376
30377
30379
30387
30391
30391
30391
30395
30398
30400
30410
30413
30414
30417
30422
30422
30426
30427
30438
30439
30440
30448
30449
30449
30454
30455
30456
30457
30467
30469
30486
30486
30487
30491
30492
30493
30494
30495
30497
30502
30504
30504
30507
30508
30512
30516
30521
30524
30524
30525
30531
30538
30542
30544
30549
30551
30553
30559
30564
30572
30574
30575
30577
30587
30588
30590
30606
30606
30610
30615
30617
30621
30621
30627
30628
30629
30637
30639
30645
30645
30649
30650
30658
30659
30662
30673
30677
30683
30689
30695
30698
30702
30702
30703
30704
30708
30710
30710
30712
30713
30714
30714
30714
30717
30717
30735
30741
30745
30750
30761
30762
30773
30779
30779
30779
30780
30781
30783
30783
30784
30785
30787
30788
30793
30793
30795
30795
30798
30799
30801
30802
30805
30806
30808
30809
30810
30810
30818
30827
30829
30832
30833
30844
30846
30848
30849
30851
30852
30857
30857
30865
30866
30870
30875
30878
30884
30886
30891
30894
30899
30900
30901
30906
30911
30915
30921
30926
30932
30933
30933
30933
30940
30948
30950
30951
30957
30958
30961
30962
30976
30978
30981
30981
30982
30982
30992
31002
31003
31004
31004
31005
31015
31016
31025
31032
31035
31035
31035
31036
31041
31046
31047
31048
31051
31052
31054
31059
31065
31066
31076
31089
31089
31096
31102
31105
31107
31110
31114
31116
31126
31127
31137
31142
31148
31148
31152
31153
31156
31159
31161
31173
31175
31179
31180
31185
31191
31193
31201
31203
31208
31212
31219
31222
31226
31227
31228
31229
31230
31230
31232
31234
31238
31245
31251
31253
31256
31258
31259
31267
31267
31269
31275
31282
31289
31294
31295
31296
31300
31302
31314
31319
31326
31326
31332
31334
31337
31339
31340
31346
31350
31351
31356
31358
31358
31362
31374
31378
31380
31383
31394
31406
31406
31408
31417
31420
31423
31428
31429
31430
31433
31439
31441
31444
31444
31448
31450
31452
31454
31456
31460
31464
31464
31474
31476
31479
31479
31484
31490
31492
31501
31501
31502
31503
31504
31505
31506
31511
31520
31521
31522
31523
31523
31524
31525
31526
31538
31540
31552
31558
31561
31569
31571
31578
31580
31585
31587
31588
31591
31606
31606
31606
31607
31611
31615
31615
31615
31616
31616
31616
31617
31622
31638
31652
31657
31658
31663
31670
31672
31672
31676
31677
31678
31679
31679
31681
31682
31684
31687
31693
31695
31695
31699
31701
31707
31709
31711
31717
31724
31726
31729
31730
31732
31737
31745
31748
31750
31751
31752
31754
31767
31771
31772
31772
31773
31774
31776
31783
31787
31794
31800
31807
31811
31816
31817
31820
31820
31821
31822
31824
31830
31833
31836
31837
31840
31843
31853
31854
31857
31857
31858
31864
31866
31866
31870
31873
31876
31883
31888
31896
31904
31904
31906
31908
31909
31910
31912
31915
31920
31922
31925
31927
31929
31932
31932
31933
31933
31937
31937
31939
31941
31941
31941
31946
31947
31948
31951
31954
31955
31960
31962
31965
31968
31972
31972
31974
31976
31977
31983
31988
31990
31998
32004
32004
32006
32006
32009
32011
32011
32021
32023
32028
32032
32037
32044
32047
32050
32055
32058
32058
32058
32068
32069
32071
32072
32076
32079
32079
32082
32084
32085
32086
32087
32088
32109
32111
32112
32114
32115
32122
32124
32125
32126
32126
32136
32138
32141
32144
32147
32149
32155
32162
32170
32172
32173
32176
32182
32182
32188
32192
32194
32194
32195
32199
32199
32202
32204
32206
32209
32209
32210
32212
32214
32217
32218
32223
32227
32232
32234
32244
32245
32247
32248
32249
32250
32253
32253
32272
32279
32280
32281
32287
32290
32290
32292
32297
32305
32307
32308
32309
32313
32334
32339
32342
32346
32348
32350
32352
32353
32360
32363
32366
32367
32374
32374
32375
32384
32386
32387
32393
32394
32415
32421
32423
32424
32427
32431
32447
32448
32449
32450
32454
32455
32456
32457
32458
32471
32477
32481
32482
32483
32488
32488
32488
32491
32493
32493
32495
32507
32508
32511
32512
32512
32515
32521
32524
32524
32529
32529
32531
32533
32534
32543
32543
32544
32552
32554
32555
32559
32563
32569
32571
32577
32582
32586
32586
32586
32597
32601
32604
32609
32611
32616
32617
32623
32627
32632
32632
32633
32634
32641
32645
32649
32650
32650
32654
32661
32665
32666
32669
32670
32671
32675
32675
32680
32682
32696
32698
32710
32711
32712
32713
32713
32715
32719
32722
32725
32727
32728
32729
32732
32732
32735
32736
32738
32739
32741
32741
32745
32748
32755
32758
32758
32759
32759
