8
11
30
35
35
37
38
39
40
41
41
50
52
53
57
59
66
70
73
74
75
76
78
78
84
87
88
89
102
103
104
110
118
118
124
125
126
126
127
135
135
136
138
140
145
145
146
148
158
159
166
172
179
182
183
184
188
189
192
196
204
216
217
221
222
229
231
240
245
245
247
247
248
250
251
252
253
257
259
262
265
268
271
279
285
286
290
291
293
294
297
302
303
311
317
318
320
327
327
334
338
341
341
342
344
347
348
349
352
354
365
366
379
382
386
388
392
397
400
400
405
408
412
415
417
418
424
425
427
428
432
434
435
435
438
450
451
451
452
453
454
460
469
475
480
480
482
489
489
494
499
500
502
504
509
509
511
512
513
515
528
530
540
542
545
546
548
548
550
554
555
560
565
566
569
575
577
577
578
582
584
585
587
589
589
593
593
594
596
599
604
605
606
610
612
616
617
621
622
628
632
637
638
639
640
649
652
654
660
667
668
673
676
678
687
690
696
701
703
704
704
706
707
707
715
715
716
727
730
733
742
746
746
747
756
767
767
778
779
783
785
786
786
786
787
790
792
798
802
807
808
808
812
813
818
819
821
823
827
829
830
832
836
839
841
850
858
858
859
859
862
862
862
865
868
870
871
872
885
885
891
896
897
899
902
910
911
925
934
940
941
944
946
946
949
958
958
958
964
971
976
980
983
987
990
992
996
998
1008
1008
1019
1019
1020
1030
1030
1042
1045
1047
1049
1051
1057
1072
1078
1080
1083
1088
1089
1093
1094
1094
1098
1098
1099
1101
1108
1109
1110
1112
1117
1123
1128
1128
1129
1132
1135
1136
1137
1138
1139
1140
1149
1149
1154
1159
1167
1169
1170
1177
1182
1184
1186
1188
1189
1194
1197
1199
1200
1202
1203
1204
1204
1210
1216
1219
1222
1231
1232
1232
1237
1238
1241
1242
1242
1245
1246
1247
1249
1253
1256
1257
1269
1271
1272
1274
1290
1294
1296
1297
1299
1306
1307
1314
1321
1335
1335
1337
1337
1340
1344
1344
1345
1352
1354
1358
1360
1361
1364
1367
1371
1373
1373
1375
1377
1383
1392
1395
1395
1398
1402
1404
1405
1411
1416
1418
1423
1428
1429
1432
1439
1445
1446
1447
1448
1452
1453
1456
1458
1461
1461
1466
1467
1467
1477
1490
1493
1496
1502
1520
1526
1530
1532
1534
1536
1539
1541
1542
1550
1552
1554
1556
1557
1558
1560
1563
1566
1570
1572
1573
1574
1578
1586
1587
1589
1595
1595
1597
1597
1598
1598
1599
1600
1600
1605
1609
1613
1614
1614
1617
1622
1625
1625
1635
1637
1639
1642
1642
1646
1649
1650
1651
1654
1656
1657
1663
1668
1668
1676
1677
1696
1697
1699
1700
1705
1717
1723
1728
1736
1738
1738
1740
1747
1751
1757
1766
1766
1766
1766
1766
1770
1771
1778
1783
1787
1787
1788
1790
1793
1794
1796
1798
1800
1810
1810
1819
1825
1828
1837
1839
1844
1853
1860
1861
1863
1864
1866
1870
1872
1873
1881
1882
1884
1886
1886
1887
1887
1890
1892
1893
1896
1897
1899
1914
1917
1918
1920
1921
1934
1939
1949
1952
1955
1957
1961
1962
1967
1973
1974
1974
1990
1993
1997
1999
2000
2002
2003
2005
2008
2013
2020
2022
2023
2030
2039
2041
2050
2055
2057
2059
2059
2060
2064
2066
2067
2068
2068
2070
2073
2075
2075
2075
2078
2079
2083
2087
2090
2091
2092
2100
2100
2103
2107
2111
2112
2116
2120
2122
2124
2125
2129
2133
2133
2136
2136
2139
2139
2144
2146
2147
2155
2156
2161
2164
2164
2165
2173
2175
2176
2177
2178
2178
2178
2180
2188
2188
2192
2197
2197
2199
2202
2208
2209
2217
2218
2224
2226
2238
2240
2242
2249
2256
2259
2269
2274
2278
2278
2282
2285
2291
2295
2296
2301
2305
2310
2313
2315
2318
2321
2323
2327
2329
2330
2331
2331
2331
2334
2339
2350
2350
2353
2363
2366
2373
2383
2386
2387
2391
2391
2393
2393
2394
2394
2396
2401
2408
2415
2416
2417
2421
2429
2442
2447
2452
2464
2465
2475
2477
2483
2495
2501
2502
2503
2503
2516
2520
2521
2524
2537
2539
2542
2543
2543
2550
2556
2571
2579
2580
2585
2588
2596
2596
2602
2604
2604
2607
2611
2616
2616
2619
2626
2626
2632
2646
2651
2654
2654
2658
2658
2661
2666
2667
2668
2669
2670
2670
2688
2688
2688
2692
2703
2707
2710
2711
2713
2717
2725
2730
2731
2731
2733
2735
2741
2742
2746
2749
2750
2755
2755
2760
2761
2763
2766
2771
2772
2783
2784
2785
2786
2787
2792
2793
2793
2794
2795
2803
2816
2818
2821
2822
2826
2832
2832
2836
2840
2840
2841
2852
2855
2858
2863
2863
2866
2868
2872
2881
2885
2888
2900
2901
2901
2904
2908
2916
2917
2921
2926
2926
2928
2930
2932
2935
2941
2950
2952
2953
2954
2960
2962
2963
2972
2975
2977
2978
2980
2981
2984
2986
2995
2995
2998
2998
2998
3003
3009
3014
3021
3029
3030
3037
3037
3039
3041
3044
3046
3047
3050
3050
3052
3055
3059
3059
3060
3062
3069
3073
3075
3078
3078
3080
3082
3084
3085
3087
3093
3096
3111
3112
3115
3117
3117
3118
3118
3121
3126
3129
3132
3133
3135
3139
3141
3142
3144
3146
3146
3154
3157
3158
3163
3163
3167
3171
3173
3174
3183
3188
3189
3190
3197
3199
3200
3205
3210
3211
3212
3213
3213
3217
3218
3219
3221
3223
3230
3232
3233
3236
3237
3241
3242
3245
3245
3247
3248
3248
3249
3254
3265
3266
3267
3279
3280
3282
3283
3286
3291
3315
3315
3316
3318
3319
3327
3332
3339
3339
3342
3348
3352
3357
3361
3364
3366
3368
3370
3379
3379
3383
3386
3387
3388
3388
3391
3392
3394
3397
3398
3399
3402
3406
3410
3411
3411
3415
3416
3418
3422
3424
3426
3429
3429
3435
3437
3441
3444
3449
3450
3452
3453
3453
3459
3465
3470
3471
3471
3480
3480
3489
3507
3509
3525
3531
3534
3538
3539
3542
3551
3561
3572
3572
3574
3575
3575
3578
3578
3580
3582
3584
3586
3587
3587
3587
3595
3603
3608
3608
3613
3615
3616
3616
3619
3634
3638
3639
3644
3644
3645
3647
3651
3652
3656
3657
3661
3663
3674
3682
3683
3695
3696
3698
3701
3704
3706
3708
3710
3711
3717
3723
3727
3729
3730
3735
3735
3736
3738
3740
3741
3742
3745
3755
3759
3760
3762
3762
3763
3764
3764
3769
3772
3773
3774
3776
3777
3781
3785
3788
3790
3793
3796
3804
3806
3809
3810
3818
3818
3821
3828
3832
3832
3833
3833
3836
3840
3845
3846
3854
3856
3858
3862
3864
3869
3870
3874
3893
3895
3897
3899
3903
3905
3907
3907
3909
3909
3916
3919
3921
3928
3928
3928
3929
3930
3933
3933
3943
3946
3947
3951
3960
3961
3962
3963
3965
3966
3967
3967
3967
3972
3974
3976
3978
3979
3979
3984
3992
3994
3999
4000
4002
4009
4010
4012
4018
4019
4021
4022
4028
4037
4038
4038
4041
4050
4050
4059
4079
4085
4089
4089
4092
4094
4102
4103
4104
4109
4110
4112
4113
4114
4121
4124
4127
4128
4130
4130
4132
4133
4138
4140
4143
4143
4145
4155
4157
4158
4168
4168
4169
4172
4173
4178
4179
4183
4189
4192
4193
4193
4194
4200
4201
4203
4205
4220
4231
4231
4235
4241
4241
4243
4244
4244
4265
4267
4267
4268
4275
4276
4278
4280
4282
4282
4285
4290
4294
4296
4304
4305
4307
4309
4317
4328
4330
4331
4338
4339
4343
4345
4345
4348
4351
4352
4355
4361
4364
4373
4376
4380
4387
4397
4398
4412
4414
4415
4431
4431
4433
4438
4443
4449
4454
4455
4455
4458
4458
4461
4465
4468
4469
4470
4473
4480
4483
4490
4496
4496
4500
4506
4521
4521
4524
4527
4531
4536
4541
4545
4547
4547
4551
4551
4554
4555
4568
4575
4584
4584
4586
4586
4589
4596
4600
4602
4603
4606
4607
4607
4608
4610
4611
4614
4617
4618
4619
4619
4623
4635
4635
4636
4644
4646
4646
4654
4654
4655
4659
4659
4661
4665
4667
4667
4668
4669
4670
4673
4676
4677
4677
4684
4689
4704
4705
4707
4711
4713
4717
4717
4720
4723
4729
4732
4734
4736
4743
4744
4744
4745
4752
4754
4754
4754
4755
4759
4762
4762
4762
4764
4766
4770
4770
4775
4776
4777
4777
4787
4787
4796
4803
4804
4805
4805
4807
4825
4825
4826
4827
4828
4831
4832
4833
4835
4835
4837
4847
4852
4858
4860
4861
4861
4865
4870
4871
4871
4876
4881
4881
4886
4888
4889
4894
4897
4899
4914
4914
4917
4918
4919
4926
4929
4934
4954
4956
4964
4971
4971
4975
4978
4978
4979
4981
4983
4984
4985
4989
4991
4992
4996
4996
5003
5005
5006
5007
5007
5008
5024
5024
5025
5033
5043
5045
5046
5047
5049
5051
5057
5059
5060
5066
5071
5082
5087
5088
5092
5094
5096
5100
5101
5106
5107
5112
5125
5126
5126
5128
5128
5131
5134
5134
5138
5139
5144
5144
5144
5149
5150
5155
5156
5159
5163
5163
5172
5178
5179
5180
5188
5192
5193
5195
5196
5203
5213
5217
5222
5222
5224
5225
5228
5230
5234
5235
5239
5264
5266
5268
5277
5279
5281
5286
5292
5293
5295
5298
5301
5301
5304
5306
5309
5310
5311
5316
5317
5321
5326
5328
5330
5341
5341
5342
5343
5349
5352
5353
5358
5359
5361
5361
5362
5366
5367
5375
5379
5382
5392
5392
5395
5396
5400
5404
5406
5412
5414
5414
5418
5421
5423
5434
5436
5436
5442
5450
5454
5456
5457
5459
5474
5474
5481
5482
5488
5500
5506
5506
5508
5514
5523
5523
5528
5529
5533
5533
5540
5541
5543
5546
5551
5554
5554
5558
5558
5562
5563
5565
5565
5565
5567
5569
5577
5580
5582
5585
5588
5596
5596
5608
5613
5622
5623
5626
5629
5630
5650
5653
5655
5669
5671
5675
5676
5688
5691
5695
5701
5702
5705
5705
5711
5711
5711
5716
5718
5719
5725
5749
5752
5754
5758
5761
5775
5785
5789
5795
5797
5798
5804
5808
5815
5820
5823
5833
5841
5845
5848
5850
5854
5857
5857
5863
5864
5869
5878
5881
5881
5882
5883
5884
5885
5893
5894
5903
5905
5907
5908
5916
5921
5921
5921
5924
5926
5928
5930
5931
5936
5937
5941
5943
5945
5951
5954
5954
5969
5969
5973
5974
5976
5983
5985
5986
5988
5990
5991
5991
5994
5996
5998
6000
6001
6001
6002
6004
6006
6007
6009
6015
6018
6026
6027
6037
6046
6047
6051
6060
6060
6061
6064
6065
6070
6074
6075
6076
6082
6084
6090
6096
6124
6125
6127
6127
6127
6134
6137
6138
6142
6143
6151
6155
6156
6156
6159
6163
6163
6166
6167
6172
6179
6183
6184
6188
6194
6196
6200
6204
6205
6210
6219
6224
6224
6226
6233
6237
6247
6249
6259
6261
6271
6271
6273
6281
6282
6284
6287
6289
6292
6299
6301
6308
6308
6308
6309
6313
6314
6315
6317
6319
6337
6339
6342
6354
6354
6356
6358
6360
6361
6361
6362
6371
6371
6377
6383
6383
6384
6385
6387
6388
6388
6390
6396
6397
6403
6409
6409
6414
6422
6425
6426
6427
6441
6443
6445
6447
6453
6453
6459
6465
6472
6473
6473
6474
6475
6479
6479
6480
6480
6481
6482
6487
6488
6488
6490
6499
6501
6504
6504
6519
6519
6520
6521
6525
6527
6528
6534
6545
6548
6551
6552
6561
6562
6564
6567
6571
6575
6583
6583
6584
6588
6593
6602
6604
6605
6605
6607
6607
6608
6616
6629
6630
6632
6632
6638
6646
6650
6656
6660
6662
6668
6681
6683
6686
6687
6690
6692
6693
6702
6702
6705
6711
6714
6716
6719
6728
6729
6731
6738
6743
6745
6746
6753
6756
6761
6764
6764
6764
6765
6776
6777
6780
6781
6785
6788
6790
6791
6811
6812
6817
6817
6818
6824
6824
6824
6826
6831
6835
6838
6852
6852
6853
6857
6860
6862
6863
6865
6865
6870
6873
6874
6875
6877
6878
6878
6879
6879
6885
6885
6886
6888
6892
6893
6893
6894
6896
6898
6901
6903
6905
6907
6907
6908
6915
6917
6920
6924
6925
6932
6934
6934
6935
6939
6941
6954
6960
6965
6967
6968
6971
6974
6975
6975
6977
6980
6982
6986
6989
6992
6997
7001
7005
7013
7017
7023
7025
7025
7027
7038
7038
7042
7048
7053
7055
7055
7055
7056
7058
7070
7079
7085
7086
7088
7089
7091
7098
7103
7103
7104
7107
7109
7116
7126
7127
7128
7132
7134
7138
7140
7140
7148
7158
7163
7166
7172
7176
7176
7179
7180
7185
7186
7188
7192
7193
7196
7209
7210
7212
7214
7215
7217
7225
7227
7229
7232
7235
7244
7245
7259
7261
7268
7277
7280
7286
7288
7291
7296
7296
7303
7308
7308
7309
7311
7312
7319
7320
7325
7327
7328
7337
7337
7341
7341
7343
7344
7348
7351
7355
7356
7361
7369
7369
7371
7371
7387
7391
7391
7393
7394
7396
7396
7404
7408
7408
7413
7414
7419
7423
7425
7426
7427
7428
7430
7438
7443
7444
7444
7446
7449
7456
7457
7461
7465
7466
7473
7480
7480
7480
7482
7486
7488
7488
7488
7492
7492
7501
7503
7507
7509
7512
7515
7518
7530
7533
7536
7541
7543
7543
7545
7555
7568
7571
7584
7587
7593
7597
7607
7614
7619
7625
7629
7631
7633
7636
7636
7637
7638
7648
7650
7650
7651
7652
7652
7654
7656
7657
7667
7667
7668
7669
7675
7676
7687
7691
7694
7698
7700
7707
7711
7715
7717
7718
7718
7720
7721
7737
7737
7744
7745
7746
7747
7756
7757
7759
7769
7775
7778
7783
7784
7785
7786
7786
7787
7788
7789
7792
7794
7797
7800
7801
7804
7815
7816
7820
7830
7832
7833
7836
7842
7845
7848
7849
7853
7856
7861
7864
7867
7870
7870
7871
7872
7873
7878
7879
7879
7879
7879
7880
7883
7898
7900
7904
7911
7913
7913
7914
7921
7925
7927
7929
7932
7935
7936
7942
7944
7947
7950
7955
7955
7962
7964
7966
7971
7972
7973
7982
7982
7984
7985
7987
7990
7991
7993
7999
8008
8009
8009
8010
8020
8021
8025
8027
8033
8037
8038
8040
8053
8054
8057
8059
8059
8061
8066
8072
8073
8075
8076
8079
8079
8080
8084
8086
8087
8092
8093
8095
8097
8098
8099
8101
8104
8104
8105
8113
8113
8114
8116
8117
8120
8121
8122
8123
8127
8133
8134
8145
8147
8148
8153
8156
8157
8157
8161
8161
8163
8166
8166
8166
8168
8172
8174
8176
8181
8184
8187
8188
8189
8195
8207
8209
8211
8213
8219
8226
8236
8237
8241
8245
8249
8249
8250
8252
8252
8255
8256
8260
8262
8263
8265
8271
8275
8278
8279
8280
8283
8286
8287
8288
8290
8291
8295
8300
8302
8313
8315
8333
8339
8345
8350
8351
8353
8354
8358
8358
8358
8360
8371
8373
8379
8381
8384
8385
8392
8393
8401
8408
8411
8412
8413
8416
8419
8424
8429
8429
8438
8438
8441
8441
8441
8453
8455
8455
8459
8469
8469
8474
8476
8476
8480
8481
8482
8484
8491
8493
8504
8515
8521
8529
8535
8535
8539
8541
8542
8545
8547
8549
8555
8557
8562
8584
8593
8595
8596
8603
8606
8611
8612
8615
8621
8622
8623
8625
8630
8637
8651
8652
8656
8659
8662
8662
8663
8668
8670
8671
8672
8674
8675
8676
8678
8680
8687
8688
8690
8703
8711
8713
8715
8718
8719
8721
8728
8729
8732
8733
8739
8739
8741
8742
8743
8748
8748
8752
8757
8758
8760
8761
8768
8770
8772
8780
8782
8792
8793
8799
8799
8800
8810
8816
8823
8826
8830
8835
8835
8845
8845
8849
8853
8855
8856
8857
8860
8870
8871
8875
8877
8877
8879
8882
8895
8899
8906
8907
8909
8918
8919
8921
8922
8923
8933
8934
8938
8940
8942
8944
8948
8953
8956
8957
8961
8964
8966
8966
8966
8971
8972
8978
8980
8981
8993
8994
8999
9002
9005
9016
9020
9023
9024
9025
9027
9034
9034
9042
9043
9057
9062
9064
9065
9065
9067
9071
9072
9078
9080
9083
9084
9084
9084
9085
9094
9098
9100
9103
9103
9105
9114
9116
9123
9124
9125
9129
9144
9146
9146
9148
9151
9153
9156
9156
9160
9163
9164
9165
9167
9170
9171
9179
9191
9197
9199
9199
9201
9203
9210
9214
9215
9217
9221
9223
9228
9230
9232
9232
9239
9239
9239
9244
9248
9248
9249
9251
9251
9251
9252
9257
9260
9271
9273
9274
9275
9283
9284
9285
9296
9307
9307
9308
9309
9312
9321
9323
9325
9329
9329
9331
9332
9334
9334
9339
9340
9341
9354
9355
9357
9361
9362
9370
9370
9376
9379
9380
9383
9390
9393
9394
9399
9402
9407
9408
9410
9410
9418
9421
9421
9421
9422
9423
9430
9430
9431
9432
9434
9438
9449
9452
9454
9457
9459
9461
9461
9468
9469
9469
9469
9471
9481
9482
9483
9483
9486
9489
9490
9496
9496
9500
9510
9518
9521
9521
9527
9529
9543
9545
9545
9549
9549
9551
9551
9554
9560
9560
9564
9564
9565
9576
9583
9584
9588
9592
9592
9595
9596
9598
9599
9603
9607
9624
9627
9630
9632
9634
9636
9637
9637
9647
9648
9651
9656
9657
9659
9660
9663
9666
9666
9668
9668
9678
9685
9686
9691
9693
9699
9704
9705
9706
9708
9709
9710
9719
9723
9724
9731
9732
9734
9735
9736
9736
9748
9760
9763
9763
9763
9766
9768
9776
9778
9781
9787
9793
9797
9806
9810
9828
9831
9832
9833
9833
9834
9837
9838
9839
9841
9843
9846
9846
9854
9858
9859
9865
9865
9875
9877
9883
9885
9885
9889
9891
9894
9898
9899
9902
9905
9905
9907
9908
9909
9911
9912
9916
9926
9931
9937
9942
9944
9945
9948
9948
9968
9974
9977
9983
9985
9987
9990
9990
9992
9992
9993
9993
10002
10004
10009
10014
10015
10017
10018
10021
10024
10024
10025
10026
10034
10037
10044
10049
10049
10058
10059
10059
10059
10060
10064
10065
10066
10071
10074
10074
10083
10085
10086
10087
10088
10093
10094
10097
10100
10102
10102
10105
10109
10110
10110
10115
10115
10118
10120
10127
10128
10132
10133
10134
10139
10141
10145
10147
10152
10160
10160
10168
10171
10171
10172
10172
10173
10175
10177
10179
10181
10183
10185
10188
10188
10191
10196
10203
10205
10206
10210
10210
10213
10221
10224
10226
10228
10234
10234
10236
10240
10249
10261
10272
10273
10278
10280
10283
10284
10285
10286
10288
10291
10296
10297
10300
10304
10305
10306
10307
10311
10313
10313
10318
10327
10328
10328
10332
10340
10353
10357
10363
10372
10375
10384
10389
10392
10395
10400
10401
10401
10405
10405
10412
10416
10417
10422
10422
10424
10429
10429
10429
10430
10432
10437
10439
10441
10441
10448
10452
10456
10457
10458
10463
10464
10464
10464
10471
10481
10483
10485
10485
10489
10489
10490
10497
10498
10500
10506
10506
10508
10513
10515
10517
10518
10523
10524
10525
10530
10532
10541
10542
10544
10549
10551
10551
10556
10567
10568
10570
10575
10584
10585
10588
10591
10592
10592
10593
10596
10600
10602
10604
10607
10607
10610
10615
10621
10628
10629
10630
10631
10632
10634
10636
10637
10642
10654
10655
10658
10661
10663
10674
10677
10679
10682
10683
10685
10689
10689
10693
10697
10697
10700
10701
10701
10708
10713
10730
10736
10742
10746
10747
10750
10753
10757
10765
10769
10770
10771
10776
10777
10777
10778
10780
10781
10782
10784
10785
10785
10785
10785
10792
10792
10793
10795
10795
10799
10803
10807
10807
10814
10814
10820
10820
10820
10827
10831
10831
10832
10833
10842
10843
10844
10846
10851
10853
10855
10856
10860
10865
10865
10867
10881
10886
10887
10887
10890
10892
10893
10898
10899
10903
10905
10906
10907
10910
10911
10918
10919
10927
10928
10930
10930
10934
10935
10938
10945
10955
10957
10965
10970
10971
10975
10977
10983
10991
10994
10996
11001
11013
11019
11026
11027
11029
11030
11030
11032
11033
11033
11039
11040
11040
11042
11045
11047
11048
11050
11056
11059
11060
11070
11076
11081
11082
11083
11084
11091
11101
11106
11107
11112
11114
11116
11117
11120
11126
11130
11139
11142
11151
11151
11154
11155
11159
11167
11174
11175
11177
11178
11178
11180
11182
11184
11186
11187
11190
11191
11192
11195
11196
11201
11206
11207
11213
11220
11221
11222
11222
11224
11225
11233
11239
11241
11246
11246
11247
11251
11253
11254
11260
11264
11267
11270
11270
11271
11271
11277
11277
11278
11279
11281
11284
11286
11292
11294
11297
11300
11304
11304
11304
11306
11307
11315
11322
11326
11332
11333
11334
11335
11337
11338
11338
11340
11340
11341
11349
11350
11356
11363
11363
11370
11373
11378
11382
11384
11389
11395
11403
11406
11415
11418
11419
11419
11419
11420
11421
11421
11426
11432
11436
11438
11441
11441
11447
11460
11470
11473
11477
11480
11481
11488
11489
11497
11509
11509
11520
11521
11522
11522
11523
11524
11525
11527
11529
11530
11534
11536
11539
11543
11545
11551
11556
11559
11565
11568
11571
11574
11584
11587
11592
11595
11595
11595
11601
11601
11605
11611
11622
11624
11631
11633
11635
11636
11643
11644
11645
11648
11662
11667
11670
11686
11696
11697
11700
11709
11712
11716
11717
11724
11726
11727
11731
11731
11733
11735
11736
11738
11742
11743
11745
11747
11752
11753
11763
11768
11770
11771
11771
11772
11778
11778
11780
11786
11794
11798
11800
11808
11809
11809
11812
11812
11812
11817
11819
11823
11829
11832
11838
11841
11846
11846
11849
11849
11850
11855
11857
11858
11859
11862
11868
11869
11870
11871
11872
11873
11874
11876
11879
11888
11889
11893
11895
11918
11918
11924
11925
11926
11928
11929
11929
11929
11929
11931
11944
11958
11971
11981
11984
11985
11985
11985
11995
12000
12001
12006
12010
12014
12014
12016
12028
12035
12037
12037
12039
12039
12041
12045
12046
12053
12058
12062
12076
12076
12078
12080
12082
12086
12087
12088
12090
12094
12103
12105
12109
12116
12116
12117
12121
12125
12130
12132
12132
12134
12135
12137
12138
12139
12140
12145
12146
12148
12149
12151
12152
12152
12153
12163
12169
12175
12177
12180
12180
12181
12185
12185
12186
12186
12191
12192
12196
12198
12205
12206
12207
12209
12210
12212
12221
12225
12225
12227
12230
12235
12244
12255
12257
12258
12259
12259
12261
12272
12277
12284
12285
12288
12290
12290
12295
12299
12301
12304
12307
12314
12315
12331
12333
12338
12346
12347
12355
12356
12356
12357
12363
12371
12373
12375
12376
12378
12380
12383
12384
12386
12390
12391
12397
12405
12405
12407
12414
12414
12417
12421
12422
12426
12429
12434
12441
12442
12446
12447
12450
12454
12458
12463
12469
12472
12473
12473
12479
12482
12491
12494
12494
12494
12509
12510
12511
12518
12524
12528
12529
12534
12536
12538
12542
12544
12547
12550
12554
12560
12564
12573
12576
12577
12582
12589
12591
12593
12600
12603
12606
12607
12613
12615
12616
12617
12628
12631
12634
12635
12636
12639
12641
12643
12647
12650
12655
12659
12663
12668
12670
12673
12674
12681
12697
12700
12702
12703
12713
12720
12723
12723
12729
12730
12734
12737
12739
12740
12743
12745
12746
12748
12750
12753
12753
12758
12759
12762
12762
12769
12779
12781
12783
12789
12790
12792
12798
12798
12807
12812
12817
12819
12819
12821
12835
12842
12844
12849
12850
12851
12854
12854
12859
12875
12878
12880
12886
12889
12893
12896
12900
12901
12906
12909
12909
12911
12911
12914
12914
12917
12919
12920
12928
12932
12933
12941
12943
12943
12947
12956
12970
12977
12977
12978
12978
12980
12987
12989
12995
12999
13000
13001
13002
13003
13010
13010
13012
13016
13018
13020
13021
13028
13028
13033
13037
13042
13052
13057
13061
13064
13069
13072
13072
13073
13075
13079
13086
13090
13099
13099
13100
13100
13107
13107
13111
13112
13116
13116
13117
13121
13122
13130
13134
13135
13135
13137
13142
13144
13149
13151
13152
13154
13156
13161
13173
13175
13182
13190
13192
13193
13196
13196
13197
13198
13202
13202
13208
13222
13227
13229
13233
13236
13237
13238
13240
13242
13250
13251
13256
13258
13259
13272
13275
13276
13278
13279
13289
13290
13292
13294
13298
13305
13308
13312
13313
13315
13318
13320
13322
13324
13335
13344
13345
13348
13351
13354
13355
13358
13359
13363
13374
13379
13381
13384
13385
13386
13386
13387
13391
13391
13391
13392
13392
13407
13408
13408
13409
13422
13424
13426
13426
13427
13432
13434
13434
13456
13458
13463
13467
13468
13475
13481
13486
13489
13494
13494
13503
13504
13505
13512
13513
13514
13522
13524
13525
13527
13528
13530
13531
13535
13537
13541
13543
13545
13546
13547
13548
13557
13561
13562
13563
13565
13568
13578
13586
13588
13589
13593
13594
13595
13598
13600
13601
13601
13606
13607
13611
13613
13613
13613
13620
13624
13627
13628
13629
13633
13633
13643
13651
13652
13653
13654
13662
13662
13666
13666
13674
13675
13678
13681
13686
13686
13687
13688
13688
13693
13700
13700
13700
13701
13702
13706
13707
13711
13713
13718
13719
13719
13721
13721
13727
13734
13735
13745
13745
13749
13760
13764
13764
13764
13765
13765
13769
13770
13774
13774
13777
13779
13782
13787
13790
13793
13798
13803
13804
13806
13810
13812
13813
13813
13820
13822
13823
13830
13831
13833
13841
13845
13846
13850
13853
13854
13856
13856
13862
13865
13875
13875
13876
13880
13880
13881
13884
13891
13894
13902
13915
13915
13917
13918
13924
13924
13927
13932
13932
13933
13940
13940
13942
13943
13948
13951
13959
13972
13976
13977
13979
13981
13983
13988
13989
13991
13997
13999
14002
14005
14006
14009
14010
14011
14019
14025
14026
14030
14033
14045
14047
14048
14049
14051
14054
14057
14060
14064
14065
14066
14074
14074
14077
14079
14080
14080
14083
14088
14088
14092
14095
14095
14098
14098
14107
14107
14117
14129
14131
14133
14133
14135
14137
14143
14152
14153
14156
14161
14161
14162
14173
14182
14188
14197
14198
14198
14199
14200
14201
14206
14208
14211
14212
14215
14217
14218
14219
14221
14227
14229
14230
14231
14232
14237
14240
14245
14248
14251
14256
14261
14263
14264
14268
14269
14272
14279
14284
14284
14286
14287
14288
14289
14290
14290
14294
14301
14302
14318
14318
14319
14325
14325
14330
14332
14335
14336
14338
14343
14344
14352
14356
14357
14365
14367
14371
14371
14374
14376
14376
14377
14381
14381
14381
14387
14388
14388
14393
14394
14395
14398
14402
14406
14419
14420
14421
14426
14428
14429
14432
14433
14440
14452
14463
14472
14477
14483
14485
14485
14485
14486
14487
14489
14489
14489
14494
14495
14506
14510
14510
14511
14514
14515
14516
14519
14521
14522
14530
14530
14530
14531
14534
14538
14538
14549
14549
14550
14551
14552
14556
14565
14571
14571
14571
14577
14577
14583
14583
14593
14593
14594
14594
14595
14596
14599
14601
14605
14606
14607
14609
14612
14614
14617
14624
14629
14629
14630
14630
14631
14632
14637
14638
14641
14641
14645
14646
14656
14658
14666
14668
14673
14675
14676
14680
14681
14690
14690
14690
14692
14696
14700
14704
14705
14708
14711
14713
14718
14728
14730
14731
14734
14747
14751
14753
14756
14756
14766
14768
14768
14770
14782
14784
14791
14797
14805
14806
14806
14815
14816
14823
14828
14837
14841
14845
14846
14854
14855
14865
14865
14865
14870
14874
14874
14875
14875
14877
14888
14893
14894
14896
14899
14900
14905
14906
14908
14910
14912
14915
14923
14924
14926
14927
14929
14929
14938
14938
14941
14942
14944
14946
14947
14948
14950
14950
14957
14960
14962
14963
14966
14967
14967
14967
14971
14974
14976
14976
14978
14981
14986
14989
14989
14995
14997
15000
15002
15003
15003
15007
15010
15014
15015
15016
15019
15028
15037
15037
15039
15041
15041
15042
15042
15044
15047
15056
15056
15068
15068
15073
15077
15078
15093
15096
15099
15100
15101
15101
15102
15104
15107
15108
15110
15113
15114
15116
15117
15119
15121
15123
15123
15129
15129
15131
15134
15139
15143
15146
15152
15153
15166
15172
15173
15174
15182
15183
15183
15188
15189
15202
15213
15214
15215
15217
15218
15223
15225
15227
15227
15231
15232
15238
15241
15246
15251
15253
15255
15255
15256
15260
15279
15279
15281
15285
15287
15289
15291
15295
15296
15297
15308
15310
15310
15319
15327
15338
15338
15345
15347
15347
15361
15364
15365
15370
15377
15378
15385
15385
15387
15390
15391
15395
15398
15402
15404
15407
15409
15411
15417
15419
15421
15423
15436
15437
15442
15442
15446
15447
15452
15455
15458
15459
15460
15460
15465
15482
15483
15484
15498
15502
15503
15504
15504
15507
15513
15523
15525
15527
15530
15536
15538
15542
15548
15548
15550
15556
15570
15570
15571
15574
15576
15581
15585
15593
15601
15601
15602
15606
15610
15618
15619
15622
15626
15628
15630
15630
15631
15631
15634
15635
15635
15639
15642
15653
15653
15660
15665
15665
15665
15666
15668
15668
15670
15673
15673
15675
15676
15679
15683
15688
15690
15692
15696
15697
15704
15707
15709
15712
15714
15723
15750
15762
15766
15770
15772
15779
15780
15781
15784
15787
15788
15792
15800
15804
15811
15825
15827
15828
15829
15830
15831
15831
15838
15842
15844
15851
15854
15855
15858
15862
15875
15877
15877
15882
15892
15892
15901
15903
15905
15906
15907
15912
15914
15919
15921
15922
15925
15928
15929
15931
15932
15936
15938
15943
15948
15952
15954
15954
15962
15970
15973
15983
15987
15989
15990
15991
15996
16005
16013
16015
16015
16022
16024
16029
16030
16032
16035
16036
16038
16038
16040
16043
16047
16048
16052
16053
16059
16061
16063
16073
16081
16083
16086
16093
16095
16097
16104
16114
16114
16119
16123
16127
16132
16134
16134
16136
16143
16146
16148
16150
16150
16152
16156
16156
16158
16166
16166
16171
16173
16174
16190
16191
16192
16192
16193
16195
16196
16200
16203
16204
16206
16212
16215
16216
16226
16226
16235
16237
16243
16245
16255
16255
16260
16261
16261
16261
16265
16267
16271
16273
16274
16291
16292
16293
16298
16299
16304
16312
16319
16323
16323
16323
16327
16330
16332
16336
16338
16342
16343
16344
16344
16345
16346
16348
16349
16350
16353
16355
16355
16356
16372
16372
16373
16375
16393
16393
16395
16404
16405
16411
16411
16412
16413
16416
16417
16423
16426
16430
16433
16433
16437
16440
16443
16447
16447
16450
16450
16454
16459
16459
16459
16459
16463
16464
16466
16467
16470
16473
16478
16479
16484
16491
16498
16500
16501
16505
16505
16506
16508
16512
16513
16515
16515
16522
16524
16531
16535
16536
16536
16538
16545
16550
16550
16552
16554
16557
16571
16578
16579
16579
16587
16587
16589
16589
16595
16603
16604
16604
16612
16618
16626
16634
16639
16644
16646
16650
16666
16668
16670
16671
16672
16677
16677
16686
16689
16692
16696
16698
16703
16703
16709
16710
16710
16718
16721
16721
16722
16724
16726
16726
16735
16741
16742
16742
16742
16746
16748
16750
16756
16757
16759
16766
16769
16773
16773
16779
16779
16779
16781
16787
16787
16788
16788
16790
16797
16799
16802
16802
16806
16806
16807
16807
16811
16815
16819
16823
16824
16828
16830
16831
16834
16835
16837
16838
16843
16845
16850
16855
16860
16860
16864
16872
16873
16874
16876
16876
16877
16883
16885
16888
16893
16898
16898
16904
16909
16913
16920
16921
16921
16926
16927
16931
16931
16933
16937
16939
16940
16944
16944
16945
16946
16949
16950
16953
16954
16956
16959
16963
16969
16969
16970
16971
16974
16975
16976
16976
16977
16987
16990
16991
16994
17001
17005
17007
17009
17010
17013
17013
17017
17021
17022
17023
17028
17029
17032
17037
17051
17053
17054
17054
17057
17058
17059
17065
17072
17080
17084
17086
17087
17090
17093
17095
17095
17098
17101
17106
17107
17107
17107
17107
17110
17113
17132
17143
17148
17162
17164
17171
17175
17175
17180
17192
17192
17193
17200
17200
17210
17213
17215
17216
17222
17225
17225
17226
17231
17235
17243
17244
17249
17252
17254
17261
17261
17262
17265
17273
17276
17280
17284
17292
17294
17298
17298
17301
17302
17306
17308
17309
17328
17329
17330
17334
17336
17337
17343
17345
17345
17348
17350
17350
17351
17353
17358
17358
17361
17361
17362
17364
17366
17373
17373
17383
17390
17397
17404
17405
17409
17410
17419
17422
17422
17424
17429
17430
17433
17439
17440
17442
17442
17454
17455
17468
17469
17470
17473
17479
17481
17484
17485
17496
17501
17501
17502
17504
17508
17511
17513
17515
17516
17518
17521
17523
17526
17530
17531
17536
17537
17538
17543
17544
17546
17549
17550
17551
17552
17555
17558
17559
17559
17572
17577
17581
17589
17591
17596
17600
17610
17618
17619
17622
17629
17630
17631
17632
17641
17646
17653
17659
17666
17668
17671
17674
17674
17676
17676
17677
17691
17696
17708
17718
17718
17724
17725
17726
17739
17743
17743
17744
17745
17745
17751
17757
17761
17763
17767
17770
17770
17775
17777
17777
17780
17780
17782
17786
17795
17795
17797
17799
17808
17809
17810
17814
17814
17814
17820
17820
17831
17832
17833
17834
17837
17842
17843
17853
17853
17853
17856
17864
17870
17876
17879
17882
17886
17886
17891
17892
17893
17895
17897
17905
17906
17912
17913
17914
17916
17918
17919
17921
17928
17930
17932
17936
17937
17937
17940
17940
17941
17943
17943
17949
17949
17950
17954
17960
17963
17967
17969
17971
17976
17977
17978
17982
17982
17984
17986
17987
17988
17993
17994
17997
17997
17999
18000
18008
18010
18013
18020
18025
18025
18028
18033
18036
18039
18040
18048
18049
18052
18060
18061
18063
18064
18070
18078
18080
18081
18083
18083
18083
18083
18086
18087
18094
18097
18105
18105
18106
18109
18113
18127
18129
18130
18131
18132
18135
18141
18141
18143
18144
18145
18145
18162
18166
18168
18182
18182
18185
18186
18187
18188
18192
18196
18199
18200
18205
18210
18210
18218
18222
18226
18226
18232
18236
18239
18242
18242
18244
18248
18252
18257
18260
18262
18270
18278
18281
18283
18292
18294
18295
18298
18300
18303
18304
18310
18311
18328
18329
18330
18334
18339
18341
18344
18348
18352
18353
18359
18360
18361
18361
18369
18372
18374
18376
18378
18386
18386
18391
18406
18406
18408
18410
18411
18419
18421
18437
18441
18442
18442
18448
18449
18450
18450
18452
18454
18455
18460
18461
18462
18463
18464
18467
18469
18475
18477
18479
18481
18482
18482
18488
18492
18496
18497
18498
18513
18513
18517
18519
18521
18527
18530
18531
18535
18542
18543
18552
18552
18568
18568
18573
18587
18591
18593
18593
18600
18605
18606
18608
18611
18616
18616
18628
18632
18636
18638
18643
18645
18645
18645
18650
18653
18654
18659
18668
18672
18673
18674
18678
18683
18683
18686
18692
18694
18696
18696
18704
18707
18708
18720
18722
18727
18730
18732
18734
18735
18738
18740
18740
18741
18747
18749
18750
18760
18763
18764
18766
18767
18771
18777
18780
18782
18783
18785
18789
18797
18800
18801
18803
18804
18814
18814
18816
18818
18821
18822
18828
18836
18842
18845
18847
18848
18848
18859
18866
18867
18871
18875
18879
18885
18886
18887
18890
18890
18897
18898
18900
18901
18904
18905
18934
18935
18939
18943
18945
18947
18947
18947
18947
18956
18957
18968
18968
18974
18976
18982
18983
18987
18990
18993
18994
18995
18995
18996
18999
19001
19004
19005
19005
19009
19010
19017
19022
19024
19024
19024
19026
19030
19030
19030
19032
19036
19036
19040
19044
19046
19050
19051
19054
19056
19063
19066
19069
19069
19071
19075
19076
19078
19078
19079
19079
19085
19086
19088
19089
19093
19093
19098
19099
19100
19100
19109
19111
19113
19114
19115
19118
19121
19121
19122
19128
19131
19134
19135
19137
19140
19140
19143
19147
19147
19148
19150
19152
19154
19159
19160
19161
19162
19170
19174
19174
19177
19181
19192
19193
19194
19196
19199
19200
19204
19205
19207
19212
19222
19223
19225
19226
19228
19229
19230
19235
19243
19246
19252
19254
19262
19264
19274
19274
19276
19284
19286
19290
19300
19307
19309
19309
19314
19328
19331
19332
19334
19334
19334
19341
19342
19343
19344
19345
19349
19350
19354
19361
19370
19375
19380
19381
19390
19392
19393
19397
19397
19404
19409
19411
19411
19412
19419
19425
19428
19435
19435
19442
19443
19444
19450
19457
19462
19479
19483
19486
19488
19490
19500
19506
19508
19510
19512
19515
19517
19522
19531
19533
19537
19537
19539
19544
19553
19557
19558
19569
19571
19573
19578
19580
19584
19586
19590
19597
19601
19602
19605
19613
19627
19627
19629
19631
19632
19632
19633
19636
19637
19638
19640
19643
19648
19649
19658
19662
19672
19672
19675
19679
19682
19683
19687
19687
19687
19694
19707
19712
19715
19716
19719
19728
19730
19730
19732
19732
19740
19746
19748
19749
19750
19751
19757
19761
19764
19766
19766
19766
19767
19767
19768
19768
19769
19780
19781
19784
19787
19787
19792
19800
19801
19804
19807
19811
19811
19813
19815
19823
19826
19826
19827
19829
19831
19833
19836
19839
19840
19842
19844
19846
19849
19850
19852
19854
19855
19857
19858
19864
19868
19868
19871
19873
19875
19876
19879
19882
19884
19884
19886
19892
19897
19901
19904
19905
19906
19908
19912
19914
19916
19920
19922
19929
19933
19934
19942
19948
19956
19961
19963
19966
19970
19972
19981
19981
19983
19983
19984
19987
19992
19995
19997
19997
19998
19999
20000
20001
20004
20011
20015
20017
20020
20021
20024
20028
20029
20044
20049
20049
20054
20054
20058
20061
20062
20064
20068
20069
20069
20082
20084
20085
20092
20093
20094
20096
20101
20105
20106
20114
20116
20119
20123
20123
20128
20129
20134
20134
20134
20135
20138
20142
20148
20153
20153
20154
20160
20161
20169
20173
20175
20176
20181
20183
20183
20184
20185
20187
20193
20203
20204
20205
20207
20208
20210
20215
20217
20221
20221
20221
20223
20226
20228
20234
20234
20234
20237
20241
20241
20247
20248
20253
20266
20275
20275
20278
20280
20283
20284
20285
20286
20289
20290
20298
20305
20306
20312
20322
20323
20324
20329
20331
20332
20332
20338
20345
20349
20349
20352
20354
20356
20357
20357
20363
20371
20378
20381
20386
20391
20396
20396
20402
20409
20420
20420
20426
20429
20432
20437
20438
20448
20450
20458
20459
20460
20460
20462
20468
20479
20480
20490
20493
20495
20498
20500
20500
20504
20505
20507
20508
20510
20512
20513
20516
20517
20528
20533
20534
20553
20558
20564
20565
20571
20573
20576
20578
20578
20578
20580
20582
20588
20599
20601
20611
20619
20621
20628
20633
20634
20647
20648
20661
20662
20667
20668
20668
20679
20694
20696
20703
20703
20705
20714
20717
20720
20721
20729
20732
20733
20737
20743
20744
20749
20754
20762
20763
20768
20768
20769
20769
20772
20776
20776
20787
20789
20790
20793
20793
20803
20804
20805
20806
20812
20814
20816
20818
20822
20830
20835
20837
20841
20843
20845
20861
20872
20873
20877
20880
20883
20889
20891
20892
20895
20896
20899
20900
20902
20910
20914
20915
20917
20917
20921
20922
20927
20930
20931
20936
20940
20944
20946
20947
20947
20960
20967
20969
20973
20974
20980
20986
20986
20987
20987
20987
20991
20992
20994
20996
20996
20999
20999
21009
21011
21013
21016
21028
21039
21047
21049
21053
21057
21061
21063
21064
21080
21083
21084
21085
21088
21090
21090
21092
21097
21103
21107
21111
21114
21118
21121
21125
21125
21127
21129
21132
21134
21141
21142
21143
21162
21167
21173
21179
21180
21181
21187
21191
21196
21197
21197
21197
21198
21199
21202
21207
21208
21208
21209
21209
21210
21221
21222
21223
21231
21239
21243
21243
21246
21247
21251
21252
21253
21258
21260
21260
21260
21261
21264
21270
21271
21271
21271
21272
21276
21278
21281
21284
21289
21293
21293
21296
21296
21298
21303
21309
21312
21312
21312
21314
21315
21316
21319
21324
21324
21327
21329
21330
21330
21330
21330
21335
21340
21358
21359
21360
21362
21364
21370
21372
21380
21387
21388
21392
21393
21419
21424
21424
21424
21428
21429
21430
21441
21443
21448
21449
21450
21452
21457
21462
21469
21469
21470
21474
21476
21476
21476
21477
21480
21481
21482
21483
21483
21485
21487
21488
21489
21489
21489
21491
21496
21497
21504
21505
21507
21514
21517
21518
21522
21526
21531
21533
21533
21535
21538
21538
21538
21544
21571
21574
21575
21580
21584
21597
21600
21601
21606
21606
21606
21606
21607
21607
21614
21624
21625
21637
21638
21638
21640
21644
21653
21654
21660
21661
21669
21670
21671
21680
21683
21686
21687
21689
21692
21692
21694
21695
21697
21698
21705
21708
21710
21715
21718
21720
21722
21725
21726
21729
21730
21734
21734
21735
21737
21738
21741
21744
21745
21748
21751
21753
21753
21755
21757
21758
21759
21763
21770
21773
21787
21791
21792
21795
21799
21799
21800
21803
21809
21811
21813
21815
21818
21834
21836
21837
21838
21838
21848
21849
21850
21863
21864
21866
21868
21874
21876
21882
21883
21888
21894
21904
21905
21910
21914
21918
21919
21921
21924
21927
21928
21932
21942
21942
21943
21945
21953
21954
21956
21957
21958
21961
21962
21966
21969
21969
21970
21974
21981
21982
21983
21989
21991
22003
22005
22013
22014
22016
22020
22022
22028
22029
22030
22036
22037
22040
22041
22045
22046
22046
22048
22054
22060
22061
22064
22072
22078
22081
22082
22082
22084
22087
22087
22089
22091
22093
22095
22097
22101
22112
22113
22118
22120
22125
22127
22128
22131
22135
22136
22143
22147
22148
22149
22149
22151
22151
22152
22165
22165
22167
22167
22170
22170
22173
22180
22184
22185
22185
22193
22198
22198
22203
22208
22216
22218
22225
22228
22228
22229
22231
22233
22235
22239
22250
22252
22254
22257
22259
22267
22268
22270
22270
22272
22274
22274
22280
22283
22287
22287
22290
22302
22302
22308
22308
22315
22316
22316
22316
22320
22320
22323
22328
22329
22335
22336
22338
22339
22339
22340
22344
22346
22346
22347
22350
22351
22356
22360
22365
22372
22374
22377
22378
22381
22384
22392
22398
22405
22408
22410
22411
22413
22414
22415
22415
22416
22419
22421
22426
22427
22428
22434
22441
22442
22443
22445
22454
22454
22458
22466
22466
22466
22476
22483
22485
22485
22486
22487
22492
22495
22500
22503
22504
22508
22512
22514
22519
22519
22520
22528
22528
22532
22535
22535
22539
22541
22543
22546
22556
22557
22558
22560
22573
22581
22585
22587
22587
22593
22594
22598
22598
22607
22608
22614
22616
22617
22622
22625
22625
22629
22630
22631
22631
22632
22633
22635
22635
22636
22649
22660
22661
22666
22666
22669
22674
22676
22683
22685
22686
22686
22688
22691
22692
22692
22699
22700
22700
22706
22708
22710
22712
22713
22717
22720
22728
22728
22730
22736
22738
22740
22742
22746
22747
22749
22767
22768
22769
22772
22774
22774
22775
22779
22779
22787
22788
22792
22795
22806
22808
22812
22825
22826
22827
22827
22829
22834
22835
22837
22843
22846
22849
22851
22852
22852
22856
22858
22867
22873
22875
22879
22881
22883
22888
22888
22900
22902
22903
22908
22912
22926
22929
22931
22938
22940
22943
22944
22945
22959
22960
22975
22976
22983
22983
22988
22989
22993
22993
22999
23005
23007
23008
23011
23023
23027
23030
23034
23039
23046
23046
23046
23048
23048
23049
23061
23067
23080
23080
23082
23089
23089
23094
23096
23096
23101
23108
23111
23113
23113
23117
23124
23125
23129
23132
23137
23137
23138
23140
23141
23154
23155
23157
23163
23168
23174
23177
23181
23187
23192
23194
23195
23200
23209
23209
23212
23214
23221
23221
23227
23232
23236
23238
23244
23246
23248
23248
23249
23252
23264
23264
23266
23272
23272
23276
23277
23278
23281
23287
23289
23296
23302
23307
23311
23313
23327
23332
23332
23336
23340
23342
23342
23346
23348
23353
23353
23356
23362
23366
23369
23372
23375
23376
23381
23381
23382
23382
23388
23391
23395
23403
23405
23411
23411
23411
23412
23423
23425
23428
23432
23441
23443
23443
23447
23447
23447
23447
23448
23452
23454
23455
23457
23457
23462
23464
23465
23468
23470
23476
23486
23487
23492
23496
23498
23498
23501
23504
23507
23512
23512
23515
23518
23520
23524
23529
23539
23543
23544
23551
23553
23553
23554
23554
23556
23558
23575
23577
23578
23578
23579
23584
23585
23587
23587
23588
23595
23596
23609
23609
23609
23614
23618
23618
23623
23632
23634
23636
23640
23649
23653
23656
23657
23660
23662
23663
23664
23665
23665
23666
23668
23674
23677
23683
23684
23687
23687
23690
23690
23691
23698
23703
23708
23710
23714
23719
23724
23725
23731
23731
23734
23738
23740
23745
23752
23753
23754
23755
23760
23767
23772
23774
23775
23776
23780
23782
23783
23785
23786
23788
23791
23797
23798
23801
23802
23803
23809
23810
23816
23823
23827
23831
23831
23833
23835
23840
23847
23850
23851
23853
23854
23856
23860
23861
23862
23864
23866
23866
23869
23870
23871
23873
23878
23879
23880
23895
23898
23900
23907
23909
23910
23911
23912
23913
23921
23923
23923
23929
23933
23935
23936
23938
23939
23939
23939
23940
23942
23945
23947
23951
23959
23962
23968
23979
23980
23983
23985
23987
23987
23990
23991
23994
24001
24007
24015
24019
24023
24028
24029
24033
24034
24036
24036
24041
24043
24044
24047
24049
24052
24054
24059
24061
24066
24069
24072
24076
24076
24083
24083
24087
24089
24089
24090
24094
24096
24102
24103
24104
24105
24106
24112
24114
24118
24119
24120
24124
24127
24132
24134
24140
24152
24156
24158
24167
24168
24169
24171
24174
24177
24177
24178
24180
24190
24192
24199
24204
24210
24214
24225
24228
24233
24235
24238
24242
24242
24248
24248
24250
24251
24263
24265
24267
24269
24272
24275
24277
24278
24284
24287
24292
24294
24295
24300
24300
24304
24306
24306
24307
24307
24327
24329
24330
24331
24332
24335
24336
24338
24339
24353
24358
24361
24364
24366
24371
24373
24377
24379
24391
24393
24393
24393
24394
24398
24403
24404
24405
24407
24411
24413
24418
24418
24419
24422
24425
24427
24429
24429
24438
24440
24444
24447
24448
24448
24452
24456
24458
24462
24474
24475
24476
24478
24499
24500
24503
24506
24506
24509
24509
24510
24522
24522
24523
24527
24529
24529
24529
24531
24543
24543
24544
24548
24553
24559
24560
24566
24568
24569
24576
24578
24580
24583
24591
24591
24592
24594
24594
24597
24598
24604
24605
24610
24612
24612
24613
24620
24621
24635
24644
24645
24649
24650
24652
24652
24656
24665
24665
24666
24668
24672
24678
24683
24687
24693
24694
24699
24699
24701
24704
24712
24727
24729
24730
24733
24738
24744
24746
24752
24756
24763
24763
24765
24766
24769
24771
24779
24787
24794
24798
24803
24805
24806
24809
24818
24820
24821
24827
24832
24833
24834
24839
24839
24841
24841
24845
24846
24853
24854
24857
24863
24867
24869
24875
24875
24876
24886
24888
24899
24917
24920
24922
24927
24930
24932
24934
24934
24937
24938
24940
24941
24942
24943
24943
24945
24945
24951
24952
24954
24962
24966
24967
24969
24969
24970
24970
24975
24985
24992
24995
24995
24996
24997
24997
24999
24999
25002
25003
25006
25007
25009
25011
25012
25017
25020
25023
25023
25023
25023
25031
25033
25035
25047
25051
25051
25054
25055
25055
25056
25058
25059
25062
25065
25065
25069
25070
25073
25073
25075
25075
25078
25084
25092
25093
25098
25104
25113
25113
25114
25118
25119
25119
25122
25123
25123
25127
25129
25130
25134
25135
25141
25143
25150
25152
25156
25157
25157
25158
25158
25159
25162
25164
25164
25165
25165
25166
25167
25168
25168
25176
25176
25178
25178
25180
25182
25191
25191
25193
25199
25202
25203
25205
25209
25211
25211
25215
25215
25215
25224
25230
25230
25235
25238
25238
25239
25239
25242
25245
25250
25251
25253
25254
25256
25261
25262
25268
25272
25272
25273
25274
25278
25279
25281
25281
25282
25283
25285
25289
25295
25297
25297
25304
25305
25306
25309
25314
25316
25316
25320
25320
25326
25330
25333
25333
25336
25338
25342
25350
25350
25351
25352
25353
25372
25372
25374
25375
25376
25380
25384
25389
25390
25391
25393
25393
25394
25402
25403
25405
25406
25407
25410
25414
25414
25419
25420
25420
25422
25434
25435
25439
25441
25441
25455
25461
25469
25470
25477
25478
25486
25492
25493
25499
25501
25502
25502
25509
25511
25516
25524
25526
25528
25528
25536
25543
25545
25548
25550
25553
25553
25560
25564
25565
25571
25573
25577
25578
25586
25589
25594
25597
25597
25597
25600
25606
25609
25612
25616
25618
25620
25626
25631
25639
25643
25643
25643
25645
25648
25649
25651
25657
25658
25658
25662
25663
25664
25664
25667
25668
25672
25677
25678
25680
25683
25684
25685
25686
25687
25694
25699
25699
25703
25705
25706
25710
25714
25716
25717
25719
25721
25723
25729
25730
25731
25732
25736
25738
25760
25762
25764
25766
25769
25769
25771
25774
25777
25777
25779
25780
25780
25781
25792
25793
25800
25800
25801
25805
25809
25812
25815
25817
25819
25821
25822
25827
25830
25831
25840
25840
25856
25857
25857
25864
25868
25874
25876
25879
25883
25886
25893
25893
25895
25895
25898
25905
25905
25905
25906
25907
25912
25914
25915
25919
25921
25930
25941
25943
25945
25947
25954
25954
25955
25957
25958
25964
25974
25977
25979
25981
25983
25985
25987
25988
25990
25992
25993
25993
25994
25994
25997
25998
26000
26000
26001
26001
26005
26008
26010
26010
26014
26016
26019
26023
26023
26024
26027
26034
26036
26039
26042
26046
26046
26048
26053
26055
26055
26059
26069
26071
26071
26075
26076
26076
26076
26079
26089
26092
26093
26093
26100
26103
26107
26110
26115
26122
26123
26133
26137
26142
26144
26149
26164
26171
26171
26175
26182
26182
26190
26191
26195
26197
26197
26198
26202
26203
26203
26205
26206
26207
26208
26209
26209
26211
26215
26220
26223
26229
26231
26239
26240
26241
26244
26251
26251
26253
26256
26256
26257
26258
26259
26260
26261
26261
26273
26273
26277
26279
26280
26283
26289
26299
26301
26302
26304
26304
26304
26314
26315
26317
26319
26319
26319
26325
26328
26329
26330
26333
26338
26341
26344
26344
26345
26345
26348
26351
26354
26355
26356
26357
26358
26359
26360
26363
26364
26370
26373
26373
26374
26377
26377
26383
26389
26389
26390
26390
26393
26399
26401
26401
26411
26413
26415
26417
26417
26417
26419
26422
26430
26430
26437
26437
26439
26441
26442
26445
26448
26454
26462
26463
26467
26470
26472
26474
26481
26482
26486
26486
26486
26487
26496
26498
26503
26507
26507
26509
26509
26518
26524
26534
26534
26539
26541
26541
26543
26548
26550
26553
26553
26554
26561
26567
26568
26573
26574
26580
26582
26586
26587
26589
26589
26599
26601
26605
26608
26610
26611
26615
26618
26625
26625
26625
26631
26631
26632
26632
26634
26636
26639
26643
26653
26655
26659
26662
26666
26667
26669
26672
26676
26680
26684
26685
26702
26703
26704
26705
26708
26711
26713
26714
26717
26719
26724
26726
26728
26729
26731
26734
26742
26746
26748
26751
26753
26770
26772
26774
26774
26774
26777
26780
26780
26786
26799
26805
26816
26818
26819
26825
26831
26838
26841
26843
26850
26853
26854
26855
26857
26857
26857
26863
26865
26870
26871
26875
26875
26876
26876
26878
26882
26884
26884
26885
26887
26891
26892
26893
26893
26896
26904
26905
26905
26906
26911
26915
26918
26919
26919
26929
26930
26934
26935
26937
26938
26940
26940
26945
26949
26950
26954
26962
26965
26971
26977
26989
26993
26994
26995
26998
27000
27003
27004
27005
27007
27015
27017
27020
27031
27035
27037
27040
27044
27047
27048
27049
27053
27055
27058
27062
27063
27068
27070
27075
27077
27082
27084
27088
27088
27092
27104
27105
27108
27108
27112
27113
27113
27120
27124
27131
27147
27151
27152
27153
27156
27165
27172
27173
27175
27177
27179
27181
27181
27186
27192
27194
27195
27195
27204
27205
27218
27221
27226
27234
27235
27237
27251
27258
27264
27264
27264
27265
27266
27268
27269
27271
27271
27274
27280
27282
27286
27286
27290
27294
27300
27304
27308
27308
27310
27310
27314
27319
27325
27330
27332
27333
27336
27337
27337
27339
27340
27344
27346
27348
27354
27361
27362
27366
27366
27373
27374
27375
27378
27389
27392
27393
27402
27404
27405
27411
27418
27419
27421
27426
27432
27434
27435
27435
27436
27437
27438
27441
27453
27464
27474
27476
27476
27481
27486
27487
27489
27490
27492
27504
27507
27512
27513
27517
27524
27532
27534
27545
27548
27556
27557
27561
27562
27565
27565
27569
27569
27576
27577
27580
27583
27584
27585
27587
27601
27609
27614
27617
27617
27621
27621
27624
27625
27635
27638
27638
27642
27646
27650
27654
27659
27661
27662
27669
27672
27679
27689
27689
27690
27690
27694
27698
27700
27703
27736
27736
27736
27742
27742
27742
27745
27748
27751
27756
27756
27758
27763
27764
27767
27767
27768
27772
27784
27785
27785
27787
27788
27792
27793
27795
27799
27803
27804
27804
27806
27806
27807
27807
27807
27809
27818
27818
27818
27818
27827
27828
27832
27836
27836
27837
27842
27843
27844
27848
27851
27851
27853
27856
27863
27870
27872
27873
27873
27877
27879
27880
27884
27885
27885
27887
27889
27899
27904
27905
27907
27919
27919
27927
27930
27933
27933
27936
27943
27943
27950
27953
27964
27965
27968
27972
27977
27977
27977
27978
27983
27984
27987
27987
27989
27998
28000
28007
28009
28015
28016
28024
28025
28025
28029
28033
28035
28037
28038
28041
28041
28052
28052
28057
28065
28065
28067
28080
28084
28087
28091
28098
28103
28107
28111
28112
28113
28120
28121
28123
28127
28131
28132
28136
28139
28140
28145
28146
28147
28152
28157
28161
28166
28176
28177
28178
28181
28182
28185
28186
28187
28191
28195
28196
28203
28206
28217
28221
28222
28223
28224
28234
28236
28238
28243
28245
28246
28247
28254
28256
28261
28272
28279
28280
28281
28287
28287
28288
28291
28296
28299
28299
28302
28304
28306
28307
28311
28312
28313
28316
28318
28320
28322
28324
28325
28326
28329
28331
28339
28342
28351
28357
28357
28359
28359
28366
28368
28374
28377
28379
28380
28383
28390
28394
28396
28398
28401
28409
28410
28411
28422
28426
28426
28430
28434
28435
28443
28444
28455
28460
28461
28464
28472
28473
28475
28477
28479
28482
28488
28492
28492
28493
28497
28497
28500
28503
28504
28509
28512
28514
28515
28523
28530
28532
28532
28533
28535
28539
28543
28544
28544
28546
28549
28550
28550
28556
28557
28561
28563
28565
28568
28570
28570
28577
28585
28593
28607
28608
28611
28616
28626
28631
28634
28634
28634
28636
28640
28645
28650
28650
28653
28654
28656
28665
28665
28666
28670
28671
28672
28675
28677
28682
28683
28685
28685
28690
28693
28703
28708
28712
28719
28720
28722
28727
28737
28739
28739
28749
28755
28760
28763
28764
28766
28770
28776
28796
28801
28802
28804
28804
28805
28807
28810
28814
28815
28817
28823
28824
28824
28827
28827
28830
28830
28833
28836
28837
28838
28839
28845
28846
28847
28848
28849
28854
28858
28859
28863
28863
28869
28870
28871
28872
28874
28882
28884
28885
28891
28903
28912
28913
28915
28916
28917
28919
28919
28920
28923
28924
28931
28937
28946
28946
28947
28948
28952
28953
28956
28962
28964
28973
28978
28980
28981
28981
28988
28990
28993
28997
29001
29003
29003
29006
29006
29008
29010
29011
29015
29018
29019
29019
29026
29040
29045
29046
29047
29054
29057
29057
29058
29062
29062
29065
29072
29072
29075
29075
29082
29083
29091
29092
29092
29093
29096
29096
29107
29107
29108
29110
29110
29111
29112
29114
29129
29132
29137
29138
29143
29148
29160
29162
29168
29171
29175
29176
29180
29183
29184
29186
29189
29191
29192
29195
29196
29202
29202
29206
29207
29212
29215
29222
29223
29225
29228
29244
29244
29247
29249
29249
29250
29253
29259
29268
29271
29272
29282
29294
29298
29302
29306
29307
29308
29309
29311
29314
29314
29317
29318
29320
29322
29328
29330
29335
29337
29345
29348
29358
29358
29358
29371
29380
29383
29391
29392
29401
29403
29406
29409
29412
29422
29422
29423
29424
29434
29435
29440
29445
29446
29449
29455
29457
29460
29460
29462
29465
29469
29470
29478
29479
29479
29480
29480
29481
29481
29489
29490
29492
29494
29501
29506
29516
29516
29517
29520
29521
29521
29522
29522
29528
29528
29531
29531
29532
29533
29534
29534
29547
29549
29549
29558
29560
29561
29563
29566
29567
29569
29571
29571
29575
29582
29587
29591
29593
29594
29596
29606
29607
29608
29608
29610
29615
29623
29624
29631
29632
29635
29635
29636
29641
29647
29655
29660
29663
29666
29672
29681
29684
29685
29694
29695
29700
29707
29708
29710
29712
29715
29716
29716
29724
29724
29731
29738
29744
29745
29747
29763
29770
29771
29785
29797
29803
29810
29828
29832
29835
29837
29840
29841
29843
29844
29845
29845
29845
29851
29851
29855
29858
29862
29866
29867
29869
29869
29873
29875
29878
29878
29879
29879
29881
29886
29886
29891
29894
29899
29899
29899
29903
29909
29916
29918
29922
29924
29929
29930
29931
29933
29935
29936
29937
29941
29941
29942
29943
29943
29946
29953
29960
29965
29971
29972
29976
29977
29980
29981
29983
29985
29995
29998
30001
30011
30013
30015
30018
30018
30020
30020
30023
30025
30027
30028
30029
30031
30033
30034
30040
30048
30049
30053
30054
30056
30062
30066
30066
30068
30068
30069
30070
30071
30077
30080
30085
30087
30089
30090
30090
30104
30112
30112
30116
30125
30126
30129
30135
30136
30138
30144
30147
30153
30153
30154
30155
30158
30159
30169
30172
30174
30188
30189
30190
30193
30195
30205
30206
30212
30214
30215
30215
30216
30222
30223
30225
30225
30228
30230
30232
30239
30254
30255
30257
30262
30264
30269
30274
30279
30281
30282
30283
30284
30284
30290
30293
30299
30300
30307
30315
30321
30332
30335
30337
30340
30348
30356
30364
30370
30374
30380
30383
30383
30384
30388
30394
30397
30402
30405
30409
30410
30413
30414
30415
30426
30426
30427
30430
30434
30435
30435
30436
30440
30441
30445
30448
30452
30454
30461
30462
30464
30466
30469
30473
30473
30476
30490
30495
30498
30510
30521
30525
30527
30531
30534
30536
30539
30543
30543
30544
30544
30546
30546
30555
30557
30559
30559
30560
30563
30563
30568
30569
30574
30574
30575
30575
30580
30582
30586
30587
30590
30591
30594
30595
30598
30602
30606
30606
30613
30614
30616
30618
30620
30622
30628
30630
30634
30640
30641
30642
30654
30658
30661
30662
30664
30673
30674
30677
30678
30679
30682
30688
30693
30697
30699
30701
30703
30704
30706
30710
30710
30711
30712
30714
30719
30723
30723
30728
30738
30741
30743
30747
30750
30759
30760
30765
30774
30779
30783
30783
30784
30793
30805
30805
30812
30817
30817
30817
30822
30828
30830
30830
30834
30840
30840
30844
30846
30846
30848
30852
30856
30857
30860
30862
30869
30875
30876
30889
30890
30892
30893
30910
30911
30915
30916
30918
30920
30920
30924
30924
30926
30938
30939
30940
30940
30947
30949
30953
30955
30958
30969
30970
30973
30974
30981
30987
30994
30994
30995
30996
31004
31004
31005
31006
31007
31011
31011
31011
31016
31016
31018
31018
31019
31023
31024
31025
31027
31029
31034
31035
31037
31043
31044
31044
31046
31047
31052
31054
31054
31062
31069
31070
31071
31073
31074
31075
31079
31083
31083
31085
31089
31094
31097
31097
31097
31099
31105
31105
31109
31111
31111
31115
31123
31129
31131
31132
31137
31143
31151
31152
31153
31154
31154
31155
31155
31156
31169
31171
31172
31177
31178
31179
31180
31180
31185
31186
31187
31207
31212
31214
31221
31234
31236
31237
31238
31240
31246
31249
31260
31263
31267
31268
31268
31268
31269
31273
31279
31281
31284
31288
31289
31290
31290
31299
31310
31320
31321
31326
31327
31332
31334
31337
31337
31339
31343
31344
31345
31346
31351
31351
31357
31357
31359
31359
31360
31363
31368
31370
31371
31373
31376
31379
31381
31383
31387
31387
31388
31401
31404
31405
31408
31414
31419
31423
31426
31429
31434
31439
31441
31447
31456
31456
31463
31467
31470
31471
31476
31478
31479
31483
31487
31488
31491
31491
31495
31497
31504
31505
31513
31513
31522
31526
31531
31532
31532
31536
31537
31538
31546
31547
31550
31557
31559
31568
31577
31580
31581
31593
31597
31598
31614
31619
31622
31623
31625
31627
31631
31635
31638
31638
31639
31639
31642
31645
31646
31649
31651
31651
31651
31652
31660
31671
31675
31676
31683
31693
31693
31693
31696
31698
31698
31702
31702
31703
31705
31707
31708
31709
31712
31714
31717
31717
31720
31721
31728
31728
31730
31733
31737
31740
31742
31743
31743
31746
31748
31753
31762
31762
31769
31772
31774
31777
31783
31784
31785
31789
31798
31803
31808
31819
31820
31829
31830
31831
31833
31834
31834
31836
31837
31837
31840
31846
31847
31851
31852
31868
31869
31873
31874
31876
31879
31882
31884
31884
31888
31890
31895
31904
31907
31913
31916
31917
31919
31927
31940
31940
31941
31947
31948
31954
31954
31957
31961
31962
31966
31968
31974
31978
31979
31979
31981
31993
31994
31995
32008
32009
32015
32018
32018
32018
32028
32030
32039
32040
32043
32046
32047
32049
32050
32055
32058
32062
32067
32071
32085
32087
32089
32090
32091
32094
32100
32103
32106
32109
32112
32114
32116
32118
32124
32135
32142
32143
32146
32154
32157
32163
32164
32165
32171
32172
32173
32177
32181
32189
32199
32199
32200
32205
32208
32210
32211
32217
32217
32221
32223
32224
32234
32235
32237
32238
32239
32239
32239
32241
32248
32250
32251
32252
32258
32258
32263
32265
32273
32275
32282
32285
32287
32291
32293
32294
32296
32307
32314
32314
32319
32329
32330
32334
32334
32337
32354
32354
32368
32369
32372
32375
32377
32378
32389
32390
32392
32396
32398
32399
32402
32406
32413
32417
32422
32423
32425
32428
32432
32436
32436
32441
32452
32454
32454
32460
32460
32462
32466
32467
32469
32472
32477
32483
32488
32490
32492
32497
32498
32502
32502
32506
32507
32508
32509
32517
32518
32518
32520
32522
32524
32524
32526
32528
32534
32537
32537
32538
32541
32542
32546
32549
32552
32567
32568
32573
32573
32574
32579
32581
32581
32582
32589
32590
32591
32594
32595
32595
32597
32597
32598
32603
32603
32604
32610
32615
32617
32621
32621
32625
32625
32625
32628
32630
32634
32635
32643
32643
32646
32647
32651
32653
32673
32682
32686
32689
32689
32694
32708
32713
32717
32719
32721
32723
32724
32725
32729
32730
32733
32733
32734
32736
32738
32740
32740
32742
32746
32747
32749
32749
32751
32751
32754
32756
32761
32764
