1
6
7
10
16
20
23
23
28
30
33
37
45
48
50
53
53
54
54
57
58
58
65
67
70
77
89
90
92
94
96
101
114
116
121
125
129
133
134
137
139
139
140
142
144
147
153
154
158
158
160
167
179
188
194
194
199
201
202
203
204
205
207
208
208
208
216
219
219
226
231
237
244
247
247
247
250
250
251
253
254
255
256
256
266
266
269
270
271
278
278
285
288
290
291
292
293
295
315
316
322
322
323
327
331
331
335
335
340
341
342
344
345
345
346
351
352
353
357
359
360
362
365
370
377
379
382
384
384
387
395
399
400
401
405
407
408
415
420
421
422
428
429
433
434
435
439
450
450
453
458
466
473
476
477
479
480
481
482
483
484
486
488
502
504
505
510
512
514
521
523
534
534
537
539
539
546
550
567
576
576
583
591
606
616
616
616
624
625
630
636
638
642
642
642
644
648
658
660
663
664
667
668
668
670
674
679
697
698
702
702
703
709
724
727
727
730
732
734
734
736
736
747
750
759
765
773
779
790
791
794
799
801
801
804
811
811
822
823
826
827
828
830
830
832
836
841
842
843
844
845
852
853
853
854
854
863
865
867
868
872
872
872
875
876
884
888
891
893
893
898
899
902
908
916
917
919
921
931
934
935
939
939
946
961
962
976
980
982
989
999
1000
1000
1016
1018
1025
1026
1027
1030
1031
1032
1035
1038
1043
1044
1045
1046
1048
1051
1052
1054
1054
1055
1060
1063
1066
1067
1068
1071
1072
1073
1075
1080
1081
1081
1090
1093
1094
1099
1100
1103
1103
1116
1123
1128
1130
1140
1142
1145
1154
1157
1158
1159
1162
1165
1167
1179
1180
1183
1186
1187
1189
1202
1204
1205
1211
1216
1222
1224
1227
1230
1232
1232
1237
1238
1243
1243
1244
1245
1251
1251
1251
1252
1260
1261
1265
1267
1268
1268
1269
1270
1270
1270
1276
1278
1279
1287
1289
1289
1290
1292
1302
1316
1316
1318
1324
1324
1329
1332
1333
1335
1337
1343
1347
1350
1352
1357
1362
1370
1373
1380
1389
1390
1392
1395
1396
1409
1414
1416
1416
1417
1418
1419
1438
1440
1454
1464
1468
1470
1471
1472
1475
1476
1478
1485
1493
1494
1496
1497
1508
1510
1510
1514
1514
1525
1526
1528
1528
1535
1541
1545
1551
1551
1552
1556
1562
1562
1566
1567
1574
1576
1582
1583
1592
1600
1601
1601
1603
1608
1612
1612
1614
1617
1623
1629
1636
1645
1650
1656
1664
1666
1669
1669
1674
1683
1683
1690
1691
1691
1692
1695
1707
1709
1711
1711
1715
1716
1716
1727
1728
1730
1732
1734
1737
1739
1741
1745
1746
1749
1762
1764
1768
1778
1785
1785
1795
1801
1810
1816
1826
1826
1832
1833
1837
1843
1843
1843
1844
1845
1846
1846
1846
1853
1857
1858
1858
1859
1861
1865
1866
1873
1875
1876
1879
1886
1891
1892
1901
1904
1904
1912
1919
1920
1924
1928
1931
1942
1943
1945
1948
1948
1948
1965
1965
1969
1973
1974
1980
1981
1982
1985
1989
1993
1997
1998
2010
2011
2012
2016
2027
2027
2033
2037
2037
2039
2042
2047
2048
2051
2053
2061
2063
2069
2069
2069
2070
2073
2078
2083
2085
2087
2100
2101
2103
2106
2111
2112
2114
2115
2125
2127
2129
2130
2132
2132
2133
2134
2139
2148
2151
2152
2167
2169
2175
2193
2200
2205
2206
2208
2209
2217
2220
2229
2231
2262
2264
2267
2273
2273
2274
2278
2280
2286
2287
2295
2296
2297
2300
2301
2314
2315
2316
2320
2325
2325
2332
2333
2342
2344
2346
2348
2355
2357
2361
2363
2368
2372
2379
2381
2381
2385
2390
2391
2392
2393
2398
2400
2401
2403
2405
2405
2407
2418
2421
2425
2428
2433
2438
2438
2441
2442
2449
2453
2458
2458
2461
2464
2466
2477
2483
2483
2483
2489
2495
2496
2499
2499
2500
2501
2503
2504
2504
2507
2512
2512
2518
2520
2523
2524
2524
2526
2528
2529
2535
2535
2536
2537
2538
2538
2540
2541
2542
2543
2543
2543
2544
2545
2547
2547
2550
2552
2556
2558
2559
2561
2564
2567
2572
2572
2575
2579
2582
2585
2596
2597
2602
2613
2615
2620
2620
2621
2625
2625
2630
2634
2637
2639
2641
2646
2649
2650
2654
2662
2664
2664
2666
2667
2671
2671
2677
2685
2689
2692
2692
2699
2701
2706
2706
2708
2709
2715
2720
2720
2723
2729
2731
2731
2733
2740
2743
2745
2757
2763
2769
2771
2772
2775
2780
2784
2793
2797
2798
2812
2816
2817
2818
2823
2825
2826
2831
2833
2833
2834
2836
2838
2839
2841
2845
2846
2846
2854
2863
2863
2865
2865
2866
2866
2873
2876
2877
2888
2893
2899
2899
2903
2903
2914
2916
2916
2916
2919
2921
2925
2927
2928
2928
2929
2931
2934
2936
2939
2942
2943
2945
2945
2957
2960
2964
2971
2971
2973
2979
2981
2985
2989
2990
2991
2993
2993
2996
3001
3003
3009
3013
3027
3031
3032
3033
3038
3040
3042
3044
3049
3053
3054
3062
3065
3077
3078
3078
3086
3087
3087
3095
3098
3099
3100
3108
3109
3112
3120
3127
3131
3135
3139
3144
3145
3148
3148
3149
3150
3158
3158
3158
3161
3161
3163
3164
3166
3173
3182
3186
3198
3200
3202
3204
3212
3216
3224
3227
3228
3230
3234
3239
3241
3245
3246
3247
3247
3255
3258
3263
3264
3264
3280
3280
3284
3285
3296
3299
3301
3303
3309
3313
3314
3318
3321
3322
3325
3326
3329
3332
3334
3337
3337
3342
3346
3352
3363
3372
3377
3378
3378
3384
3384
3385
3386
3389
3392
3396
3402
3403
3403
3409
3411
3411
3419
3421
3424
3426
3431
3433
3438
3438
3439
3441
3443
3449
3451
3455
3461
3474
3477
3480
3482
3486
3488
3489
3492
3492
3497
3498
3499
3501
3506
3511
3522
3524
3528
3530
3532
3533
3535
3538
3538
3539
3557
3558
3560
3561
3567
3573
3573
3576
3579
3581
3581
3582
3582
3589
3593
3607
3608
3615
3617
3623
3624
3624
3625
3633
3636
3637
3637
3640
3641
3645
3646
3648
3650
3653
3654
3667
3677
3679
3685
3689
3691
3694
3695
3697
3710
3712
3715
3719
3728
3729
3730
3733
3733
3740
3747
3748
3753
3757
3757
3761
3761
3763
3767
3770
3770
3772
3774
3776
3777
3785
3786
3790
3796
3802
3804
3805
3807
3807
3823
3838
3840
3851
3852
3866
3871
3877
3882
3883
3888
3888
3899
3903
3914
3917
3918
3919
3925
3930
3933
3934
3939
3940
3940
3944
3945
3947
3951
3954
3958
3963
3965
3967
3975
3979
3980
3982
3982
3985
3985
3986
3986
3988
3989
3990
3991
3994
3994
3995
3996
4003
4008
4010
4010
4014
4016
4022
4026
4033
4034
4035
4042
4044
4046
4057
4059
4060
4060
4064
4065
4071
4078
4081
4083
4085
4087
4087
4094
4095
4105
4105
4105
4106
4108
4109
4116
4124
4131
4133
4134
4134
4141
4144
4150
4152
4158
4161
4173
4174
4174
4176
4176
4177
4183
4189
4192
4193
4203
4203
4203
4209
4212
4212
4215
4219
4223
4225
4225
4226
4229
4237
4240
4242
4242
4246
4247
4252
4254
4254
4256
4257
4257
4257
4261
4264
4267
4271
4278
4280
4283
4285
4288
4291
4292
4295
4296
4296
4304
4305
4305
4315
4320
4325
4331
4336
4336
4339
4348
4352
4352
4352
4361
4366
4367
4371
4378
4378
4380
4389
4393
4394
4396
4397
4399
4399
4399
4408
4413
4413
4414
4425
4427
4431
4436
4437
4439
4441
4445
4446
4448
4448
4450
4453
4456
4458
4462
4462
4468
4476
4477
4486
4495
4496
4498
4499
4500
4511
4512
4519
4521
4527
4535
4544
4551
4552
4557
4558
4559
4571
4574
4574
4575
4595
4596
4598
4600
4606
4615
4616
4617
4618
4619
4620
4622
4626
4627
4627
4630
4633
4635
4645
4646
4650
4660
4662
4662
4665
4668
4671
4680
4686
4687
4688
4691
4693
4694
4695
4695
4698
4699
4704
4709
4710
4721
4722
4723
4723
4728
4731
4740
4742
4745
4750
4756
4762
4764
4766
4774
4776
4784
4792
4798
4802
4806
4811
4817
4823
4823
4826
4829
4837
4840
4841
4841
4844
4848
4853
4855
4858
4862
4863
4872
4874
4874
4879
4882
4883
4884
4887
4888
4892
4893
4898
4898
4901
4909
4910
4912
4916
4917
4922
4925
4927
4928
4932
4934
4935
4939
4939
4939
4944
4944
4946
4946
4947
4948
4950
4953
4958
4959
4962
4964
4965
4965
4967
4968
4973
4975
4983
4985
4993
5008
5022
5022
5024
5029
5030
5031
5034
5035
5035
5036
5043
5047
5051
5052
5052
5054
5062
5069
5070
5070
5072
5079
5085
5086
5089
5093
5097
5098
5102
5107
5109
5119
5120
5124
5128
5128
5128
5131
5134
5134
5137
5141
5157
5164
5165
5167
5170
5175
5176
5177
5181
5183
5185
5185
5188
5192
5200
5201
5203
5204
5205
5211
5222
5225
5229
5230
5234
5237
5242
5256
5257
5258
5259
5264
5270
5271
5272
5272
5274
5275
5276
5282
5286
5287
5299
5299
5302
5306
5311
5312
5312
5313
5315
5315
5316
5320
5321
5322
5324
5325
5332
5334
5340
5343
5343
5347
5349
5350
5355
5357
5357
5359
5360
5361
5363
5364
5364
5389
5396
5399
5401
5405
5406
5411
5415
5415
5415
5416
5419
5420
5420
5431
5439
5440
5441
5454
5454
5467
5474
5475
5476
5481
5482
5483
5483
5486
5489
5494
5497
5498
5499
5501
5501
5513
5516
5521
5528
5532
5533
5534
5537
5539
5544
5550
5552
5554
5554
5554
5561
5562
5572
5582
5582
5589
5593
5596
5609
5611
5614
5615
5619
5619
5624
5653
5654
5655
5658
5658
5660
5661
5663
5667
5672
5672
5680
5680
5691
5697
5700
5706
5707
5710
5710
5711
5711
5713
5715
5720
5722
5722
5729
5734
5739
5739
5750
5752
5755
5759
5762
5772
5774
5776
5776
5778
5782
5783
5783
5785
5787
5793
5794
5794
5804
5807
5807
5807
5809
5813
5813
5815
5816
5818
5819
5827
5830
5831
5832
5837
5840
5847
5849
5861
5861
5868
5868
5871
5873
5882
5884
5884
5891
5892
5898
5902
5905
5909
5913
5916
5924
5938
5938
5939
5940
5949
5949
5957
5961
5964
5964
5966
5967
5969
5973
5976
5977
5977
5986
5991
5999
6007
6008
6009
6015
6018
6025
6031
6034
6057
6058
6061
6062
6067
6075
6076
6077
6080
6084
6092
6096
6098
6099
6099
6099
6105
6106
6107
6115
6118
6119
6119
6123
6123
6126
6137
6142
6145
6145
6148
6150
6150
6151
6152
6167
6173
6173
6175
6182
6191
6197
6199
6199
6200
6202
6202
6205
6205
6206
6208
6216
6219
6221
6228
6236
6237
6238
6249
6251
6253
6254
6264
6266
6267
6271
6274
6280
6284
6292
6293
6301
6301
6302
6303
6309
6309
6312
6321
6322
6322
6322
6323
6327
6332
6347
6349
6358
6360
6363
6363
6368
6371
6372
6379
6390
6397
6400
6405
6407
6407
6415
6415
6415
6416
6418
6421
6422
6424
6427
6435
6443
6445
6451
6453
6454
6454
6455
6457
6460
6462
6465
6466
6478
6480
6482
6494
6495
6497
6498
6500
6504
6504
6506
6507
6513
6514
6514
6522
6534
6534
6552
6554
6560
6568
6570
6572
6573
6581
6583
6583
6584
6586
6591
6592
6602
6616
6624
6629
6636
6637
6638
6638
6638
6643
6644
6651
6652
6657
6658
6664
6664
6665
6667
6668
6670
6676
6680
6681
6683
6686
6687
6688
6692
6692
6693
6697
6699
6701
6703
6704
6705
6714
6714
6716
6717
6717
6717
6718
6718
6719
6720
6721
6727
6729
6732
6733
6733
6743
6745
6755
6755
6757
6762
6770
6771
6773
6777
6780
6781
6788
6794
6797
6801
6801
6802
6802
6803
6806
6812
6813
6815
6816
6816
6818
6819
6824
6826
6829
6835
6843
6846
6853
6856
6859
6878
6881
6886
6894
6900
6905
6905
6922
6922
6929
6934
6936
6938
6946
6948
6950
6951
6956
6960
6960
6963
6966
6968
6968
6969
6970
6974
6977
6978
6979
6982
6983
6986
6999
7000
7001
7002
7002
7006
7009
7010
7011
7013
7021
7022
7023
7023
7029
7030
7040
7046
7049
7061
7063
7067
7069
7071
7073
7075
7076
7078
7082
7084
7095
7099
7102
7102
7104
7113
7114
7122
7125
7129
7137
7140
7140
7146
7147
7153
7155
7160
7161
7161
7164
7166
7167
7167
7169
7171
7177
7180
7183
7183
7187
7198
7198
7199
7202
7206
7207
7207
7208
7209
7230
7233
7236
7246
7246
7249
7253
7255
7257
7263
7267
7269
7272
7273
7274
7277
7288
7289
7298
7299
7301
7303
7307
7309
7312
7317
7318
7320
7330
7331
7333
7333
7337
7347
7352
7358
7362
7367
7368
7369
7370
7371
7376
7388
7389
7389
7393
7396
7397
7398
7399
7399
7403
7417
7421
7425
7426
7428
7429
7430
7432
7436
7437
7437
7439
7446
7446
7449
7451
7456
7456
7457
7461
7463
7465
7465
7465
7467
7469
7470
7471
7472
7473
7474
7476
7477
7480
7487
7487
7491
7494
7504
7511
7529
7531
7535
7536
7536
7539
7540
7542
7548
7551
7558
7567
7571
7575
7576
7577
7578
7580
7583
7583
7590
7591
7592
7596
7597
7602
7607
7609
7612
7615
7618
7620
7624
7635
7635
7640
7646
7646
7651
7654
7661
7675
7682
7694
7694
7696
7709
7710
7713
7714
7716
7717
7724
7730
7731
7733
7733
7735
7738
7738
7741
7744
7754
7754
7757
7760
7763
7765
7771
7771
7777
7777
7778
7779
7779
7790
7792
7797
7803
7810
7815
7819
7826
7830
7835
7838
7842
7843
7853
7855
7862
7876
7884
7888
7892
7896
7898
7901
7907
7907
7908
7913
7915
7921
7927
7933
7933
7939
7944
7945
7945
7949
7958
7961
7966
7972
7975
7979
7979
7981
7984
7989
7990
7994
7995
7999
7999
8001
8001
8009
8010
8014
8016
8019
8027
8035
8036
8042
8043
8055
8058
8063
8065
8066
8068
8074
8078
8080
8080
8082
8082
8085
8091
8093
8094
8109
8112
8116
8118
8125
8126
8132
8134
8134
8134
8137
8143
8149
8150
8151
8155
8156
8170
8171
8174
8176
8179
8180
8184
8189
8192
8194
8197
8200
8202
8203
8208
8213
8217
8218
8222
8226
8230
8247
8253
8256
8265
8270
8270
8270
8275
8280
8281
8281
8283
8283
8283
8287
8289
8289
8295
8295
8300
8300
8303
8308
8311
8313
8315
8319
8323
8324
8326
8327
8329
8333
8333
8337
8337
8339
8360
8364
8372
8377
8378
8382
8382
8384
8388
8390
8395
8397
8400
8407
8407
8414
8417
8423
8426
8430
8432
8434
8436
8441
8443
8444
8445
8453
8457
8462
8464
8464
8465
8471
8474
8476
8478
8481
8485
8486
8491
8491
8497
8501
8504
8506
8512
8513
8523
8526
8527
8530
8530
8531
8533
8533
8537
8539
8544
8547
8549
8552
8556
8557
8559
8562
8567
8567
8568
8575
8577
8579
8580
8591
8593
8599
8600
8603
8603
8607
8607
8608
8608
8609
8611
8623
8625
8625
8626
8629
8637
8637
8639
8642
8643
8646
8650
8662
8663
8668
8668
8672
8673
8675
8676
8694
8703
8703
8704
8705
8709
8713
8714
8717
8726
8730
8730
8731
8737
8739
8740
8742
8742
8742
8747
8752
8758
8758
8758
8762
8763
8767
8769
8771
8772
8773
8781
8783
8786
8790
8793
8796
8796
8796
8804
8813
8821
8822
8822
8823
8826
8828
8843
8843
8845
8845
8848
8863
8867
8868
8874
8879
8880
8880
8880
8883
8885
8889
8889
8894
8896
8900
8902
8905
8907
8910
8912
8914
8922
8924
8944
8945
8949
8956
8974
8975
8982
8982
8983
8983
8984
8986
8990
8992
8998
9002
9006
9006
9010
9011
9012
9023
9025
9026
9029
9030
9032
9034
9038
9039
9043
9045
9045
9049
9052
9057
9057
9059
9060
9061
9067
9068
9072
9074
9076
9078
9078
9078
9081
9088
9089
9093
9095
9097
9097
9098
9100
9100
9109
9116
9130
9139
9141
9142
9142
9144
9146
9146
9149
9149
9150
9152
9157
9158
9161
9161
9162
9163
9164
9164
9166
9167
9168
9169
9170
9172
9177
9181
9182
9185
9186
9189
9190
9191
9193
9196
9197
9201
9207
9207
9210
9211
9212
9212
9214
9215
9218
9219
9220
9221
9222
9224
9227
9227
9229
9232
9233
9236
9238
9239
9242
9242
9243
9248
9249
9251
9258
9264
9265
9266
9270
9274
9276
9277
9279
9281
9293
9296
9301
9310
9311
9311
9315
9319
9321
9331
9335
9339
9339
9342
9345
9346
9348
9354
9355
9356
9357
9358
9358
9361
9362
9364
9365
9365
9366
9371
9385
9391
9401
9403
9404
9409
9415
9417
9419
9424
9425
9427
9430
9437
9452
9452
9455
9461
9464
9466
9474
9475
9477
9477
9480
9485
9485
9486
9487
9495
9496
9499
9500
9502
9505
9505
9519
9522
9528
9528
9536
9540
9545
9547
9549
9549
9554
9555
9556
9559
9560
9563
9571
9571
9572
9574
9574
9578
9579
9585
9586
9588
9595
9595
9603
9612
9613
9618
9623
9625
9626
9627
9631
9635
9636
9640
9644
9647
9649
9650
9652
9654
9655
9656
9656
9657
9665
9665
9668
9669
9669
9670
9672
9673
9678
9682
9683
9684
9690
9691
9692
9693
9707
9712
9721
9721
9729
9737
9749
9750
9751
9751
9756
9756
9757
9760
9764
9772
9778
9783
9787
9789
9789
9789
9798
9803
9804
9816
9818
9818
9820
9822
9827
9834
9834
9835
9835
9839
9840
9847
9851
9855
9856
9856
9857
9860
9870
9875
9876
9877
9877
9879
9882
9890
9897
9900
9903
9911
9911
9911
9913
9919
9920
9923
9927
9927
9928
9928
9930
9931
9932
9935
9936
9936
9937
9939
9945
9945
9951
9951
9956
9958
9959
9960
9964
9965
9973
9975
9982
9982
9988
9989
9990
9991
9991
9991
9992
9996
9998
10001
10003
10007
10007
10012
10015
10019
10022
10022
10030
10032
10036
10040
10045
10046
10051
10053
10053
10060
10061
10064
10068
10071
10071
10073
10076
10082
10090
10094
10106
10127
10128
10132
10134
10140
10143
10143
10147
10148
10150
10150
10157
10167
10167
10167
10173
10180
10184
10188
10192
10195
10195
10200
10200
10200
10204
10205
10211
10212
10213
10213
10216
10217
10218
10227
10233
10241
10245
10247
10247
10251
10251
10251
10256
10260
10261
10263
10263
10264
10265
10268
10274
10274
10275
10275
10275
10276
10283
10284
10287
10291
10291
10293
10302
10305
10309
10310
10313
10316
10318
10321
10322
10322
10324
10324
10327
10331
10333
10342
10345
10347
10350
10353
10355
10356
10358
10359
10361
10363
10379
10380
10384
10385
10387
10387
10389
10391
10394
10399
10400
10406
10406
10407
10414
10420
10420
10422
10424
10425
10428
10431
10431
10434
10435
10445
10446
10448
10449
10451
10453
10454
10456
10462
10462
10462
10463
10468
10469
10475
10480
10480
10482
10482
10486
10487
10489
10495
10495
10496
10499
10505
10505
10511
10512
10515
10517
10521
10528
10528
10529
10533
10539
10539
10539
10544
10547
10554
10554
10556
10556
10568
10573
10573
10574
10574
10574
10577
10588
10593
10597
10600
10600
10602
10604
10605
10605
10607
10610
10617
10618
10648
10653
10658
10664
10664
10665
10670
10676
10681
10684
10686
10687
10698
10700
10702
10709
10723
10723
10727
10727
10728
10732
10738
10739
10741
10746
10759
10760
10765
10768
10777
10784
10785
10786
10787
10788
10792
10797
10804
10805
10807
10809
10813
10814
10816
10817
10831
10832
10836
10838
10839
10840
10843
10850
10853
10853
10855
10855
10857
10862
10863
10863
10867
10872
10875
10879
10884
10891
10894
10897
10902
10904
10904
10906
10908
10910
10913
10914
10915
10916
10916
10919
10926
10928
10928
10929
10931
10931
10937
10945
10945
10946
10947
10951
10952
10953
10955
10955
10960
10964
10964
10967
10970
10977
10977
10984
10984
10986
10993
10994
10995
11000
11000
11001
11002
11002
11002
11003
11004
11011
11011
11013
11014
11014
11017
11017
11020
11024
11025
11025
11026
11030
11037
11039
11044
11050
11052
11052
11055
11056
11056
11058
11060
11060
11061
11071
11081
11086
11088
11089
11090
11090
11091
11093
11096
11101
11102
11105
11106
11109
11111
11112
11118
11120
11121
11123
11126
11127
11134
11135
11138
11139
11144
11146
11148
11150
11150
11156
11161
11165
11166
11166
11166
11169
11169
11170
11171
11173
11174
11177
11178
11179
11183
11184
11186
11188
11196
11197
11198
11198
11198
11201
11202
11207
11209
11210
11211
11212
11222
11228
11231
11236
11239
11255
11260
11275
11288
11290
11299
11300
11301
11303
11305
11310
11314
11319
11321
11322
11323
11325
11331
11334
11334
11339
11340
11352
11353
11355
11356
11356
11357
11360
11361
11365
11368
11370
11373
11375
11376
11378
11379
11383
11387
11391
11394
11405
11406
11408
11409
11414
11415
11416
11417
11418
11421
11423
11426
11433
11434
11435
11435
11437
11439
11442
11450
11451
11453
11457
11461
11462
11472
11474
11478
11480
11482
11484
11484
11487
11489
11491
11494
11496
11499
11501
11506
11507
11508
11509
11513
11533
11533
11542
11544
11544
11545
11546
11553
11553
11555
11563
11568
11569
11570
11572
11574
11576
11579
11586
11588
11588
11596
11600
11604
11609
11610
11615
11616
11625
11626
11628
11629
11631
11631
11632
11638
11640
11645
11646
11648
11649
11649
11652
11657
11659
11661
11665
11666
11672
11674
11679
11694
11696
11700
11702
11704
11705
11706
11709
11711
11716
11720
11721
11724
11727
11728
11733
11734
11735
11736
11738
11740
11741
11749
11755
11757
11762
11770
11776
11776
11778
11784
11788
11789
11790
11792
11797
11799
11810
11811
11812
11812
11813
11816
11818
11830
11837
11839
11840
11843
11844
11847
11848
11865
11870
11875
11877
11878
11879
11879
11892
11896
11897
11898
11900
11904
11905
11910
11912
11912
11922
11936
11936
11937
11940
11940
11943
11948
11952
11956
11957
11963
11966
11967
11974
11982
11983
11984
11988
11991
11994
12007
12008
12010
12010
12011
12011
12015
12023
12028
12030
12038
12039
12048
12054
12055
12062
12072
12072
12074
12081
12083
12083
12088
12093
12097
12101
12101
12102
12102
12104
12108
12109
12110
12110
12123
12128
12130
12133
12133
12139
12141
12141
12143
12144
12145
12148
12149
12150
12154
12169
12172
12173
12174
12177
12179
12184
12185
12185
12188
12189
12200
12203
12208
12210
12215
12216
12226
12230
12231
12237
12238
12240
12240
12248
12250
12252
12261
12266
12266
12277
12280
12281
12288
12299
12300
12305
12306
12308
12308
12310
12311
12314
12316
12317
12318
12318
12320
12325
12325
12329
12335
12338
12338
12352
12352
12359
12365
12367
12371
12379
12379
12381
12381
12407
12419
12422
12422
12423
12431
12432
12432
12435
12440
12441
12445
12453
12455
12464
12465
12468
12485
12488
12489
12491
12492
12496
12507
12508
12512
12512
12512
12513
12513
12516
12517
12520
12528
12530
12531
12534
12539
12543
12545
12547
12551
12553
12570
12576
12584
12591
12592
12595
12598
12601
12603
12607
12613
12615
12616
12618
12623
12624
12626
12629
12631
12635
12636
12640
12641
12649
12656
12660
12662
12662
12667
12672
12676
12678
12683
12684
12685
12687
12688
12688
12694
12696
12699
12702
12704
12706
12710
12711
12717
12717
12717
12730
12733
12741
12753
12755
12759
12765
12767
12774
12778
12782
12784
12791
12794
12795
12796
12798
12801
12804
12807
12809
12810
12816
12817
12825
12830
12830
12832
12834
12843
12847
12853
12855
12858
12858
12864
12865
12867
12873
12875
12876
12881
12887
12889
12891
12894
12898
12898
12905
12906
12907
12920
12927
12928
12928
12933
12933
12944
12946
12950
12958
12960
12966
12968
12969
12969
12972
12972
12972
12974
12979
12980
12983
12991
12995
12996
13001
13002
13003
13005
13005
13006
13007
13008
13013
13018
13019
13022
13023
13024
13028
13028
13034
13042
13043
13048
13052
13058
13060
13062
13062
13062
13064
13067
13073
13077
13080
13095
13095
13097
13100
13105
13107
13110
13118
13120
13120
13122
13126
13128
13129
13134
13134
13134
13137
13143
13143
13145
13147
13148
13148
13149
13149
13162
13163
13163
13170
13173
13175
13177
13177
13177
13178
13184
13185
13186
13190
13190
13194
13194
13198
13200
13208
13210
13216
13216
13222
13223
13234
13235
13244
13244
13250
13251
13258
13264
13265
13276
13280
13282
13283
13285
13285
13285
13285
13286
13286
13287
13290
13296
13298
13308
13309
13310
13313
13313
13316
13317
13318
13319
13324
13326
13326
13331
13331
13331
13331
13333
13334
13336
13337
13349
13349
13350
13351
13353
13361
13362
13362
13373
13380
13381
13382
13386
13388
13396
13396
13400
13400
13400
13405
13405
13409
13414
13420
13435
13439
13440
13443
13449
13455
13462
13468
13470
13473
13473
13474
13481
13482
13483
13490
13491
13494
13496
13499
13503
13509
13510
13516
13516
13518
13527
13528
13533
13534
13535
13541
13541
13555
13557
13558
13561
13562
13563
13566
13570
13572
13578
13586
13588
13592
13593
13599
13600
13600
13603
13608
13619
13620
13622
13624
13627
13628
13629
13633
13636
13637
13642
13652
13668
13670
13671
13676
13681
13687
13688
13689
13693
13697
13697
13697
13698
13702
13704
13711
13716
13718
13720
13726
13739
13740
13748
13758
13758
13759
13760
13760
13763
13766
13769
13773
13775
13785
13786
13789
13792
13801
13802
13810
13811
13813
13814
13814
13816
13816
13831
13832
13832
13836
13836
13842
13843
13843
13851
13855
13856
13870
13871
13875
13877
13882
13883
13884
13892
13898
13900
13901
13901
13902
13904
13910
13914
13916
13920
13923
13927
13927
13927
13940
13943
13943
13945
13956
13962
13965
13969
13971
13973
13974
13975
13982
13982
13982
13983
13990
13993
13994
14009
14018
14019
14019
14023
14024
14025
14026
14033
14034
14036
14052
14053
14057
14059
14062
14062
14066
14066
14067
14069
14073
14079
14079
14081
14083
14086
14087
14090
14094
14098
14098
14108
14109
14111
14112
14122
14126
14133
14137
14139
14140
14142
14145
14145
14148
14148
14148
14149
14160
14163
14166
14174
14177
14177
14178
14181
14184
14184
14186
14188
14188
14192
14202
14204
14204
14205
14208
14216
14218
14219
14225
14225
14227
14231
14232
14236
14239
14243
14243
14246
14256
14257
14262
14266
14267
14267
14267
14268
14273
14278
14278
14281
14283
14284
14284
14287
14289
14289
14293
14299
14300
14304
14306
14317
14321
14324
14324
14325
14328
14331
14338
14339
14340
14347
14350
14350
14353
14361
14363
14363
14365
14365
14366
14369
14369
14369
14375
14377
14383
14384
14389
14390
14390
14393
14395
14397
14408
14408
14408
14409
14410
14412
14413
14416
14425
14433
14434
14437
14439
14446
14447
14448
14455
14457
14466
14467
14468
14469
14470
14470
14471
14471
14472
14476
14477
14482
14486
14486
14487
14495
14495
14501
14512
14514
14523
14524
14524
14526
14526
14528
14543
14549
14556
14556
14556
14557
14564
14564
14564
14565
14565
14567
14568
14571
14574
14577
14578
14584
14585
14585
14590
14591
14592
14592
14594
14598
14611
14612
14615
14617
14622
14622
14624
14625
14629
14629
14638
14639
14642
14646
14647
14648
14652
14656
14657
14657
14657
14658
14662
14662
14665
14669
14673
14677
14678
14679
14680
14681
14682
14682
14686
14690
14691
14695
14696
14698
14699
14700
14700
14700
14701
14706
14706
14709
14709
14713
14715
14715
14715
14717
14719
14719
14720
14733
14739
14741
14743
14744
14744
14748
14750
14753
14755
14766
14770
14770
14771
14772
14774
14776
14777
14778
14779
14779
14785
14786
14790
14791
14793
14801
14810
14816
14822
14829
14829
14831
14835
14836
14841
14844
14846
14848
14851
14855
14856
14859
14860
14873
14874
14876
14881
14883
14888
14898
14901
14911
14914
14914
14926
14932
14948
14949
14960
14966
14967
14972
14975
14975
14980
14980
14981
14985
14986
14992
14993
15001
15003
15004
15004
15008
15009
15009
15019
15020
15020
15021
15024
15033
15037
15038
15043
15044
15048
15052
15053
15063
15066
15068
15069
15071
15071
15074
15094
15094
15098
15099
15102
15111
15114
15115
15121
15127
15135
15137
15139
15142
15143
15148
15149
15155
15160
15166
15172
15172
15174
15176
15189
15193
15194
15200
15203
15205
15207
15217
15219
15222
15226
15226
15231
15232
15234
15240
15244
15245
15249
15251
15251
15252
15253
15255
15256
15264
15265
15270
15271
15271
15274
15274
15274
15288
15290
15292
15293
15293
15305
15305
15307
15313
15315
15333
15337
15337
15344
15345
15345
15366
15373
15375
15378
15389
15393
15395
15396
15398
15401
15402
15403
15403
15408
15410
15413
15416
15416
15417
15425
15432
15433
15442
15443
15447
15450
15451
15453
15455
15457
15458
15461
15463
15464
15466
15467
15468
15469
15470
15470
15474
15475
15476
15479
15483
15485
15489
15491
15495
15495
15496
15497
15499
15504
15505
15509
15515
15516
15521
15531
15534
15539
15541
15541
15544
15550
15553
15565
15567
15567
15568
15570
15572
15578
15586
15592
15596
15602
15602
15602
15612
15620
15621
15623
15624
15625
15626
15628
15629
15639
15639
15641
15647
15648
15648
15650
15651
15652
15659
15669
15670
15671
15674
15681
15692
15694
15696
15699
15701
15706
15707
15711
15716
15723
15729
15729
15731
15733
15734
15737
15738
15740
15740
15748
15751
15764
15772
15780
15782
15784
15796
15798
15802
15806
15809
15811
15811
15814
15815
15819
15820
15825
15825
15826
15829
15834
15838
15839
15841
15843
15848
15850
15853
15855
15862
15867
15868
15869
15872
15879
15881
15884
15887
15890
15895
15899
15900
15902
15903
15905
15909
15911
15913
15913
15921
15922
15927
15929
15930
15931
15934
15936
15938
15945
15945
15946
15948
15948
15949
15953
15953
15954
15955
15956
15957
15958
15967
15968
15973
15975
15979
16004
16014
16015
16015
16018
16019
16020
16022
16027
16029
16031
16032
16036
16045
16046
16049
16055
16059
16059
16062
16064
16070
16072
16083
16084
16085
16086
16087
16098
16105
16112
16113
16114
16118
16124
16126
16126
16132
16136
16136
16144
16152
16159
16161
16168
16169
16170
16170
16171
16174
16174
16176
16184
16184
16192
16197
16202
16204
16207
16213
16217
16221
16226
16228
16229
16231
16236
16236
16237
16239
16241
16241
16252
16255
16262
16264
16265
16265
16274
16285
16286
16287
16289
16291
16295
16299
16310
16314
16322
16328
16330
16332
16332
16333
16340
16341
16344
16345
16346
16347
16348
16348
16351
16365
16367
16368
16369
16370
16371
16376
16379
16379
16380
16380
16381
16382
16385
16393
16395
16396
16397
16397
16406
16407
16407
16410
16411
16413
16416
16418
16420
16425
16428
16430
16432
16446
16447
16450
16451
16452
16455
16456
16458
16459
16464
16468
16473
16480
16480
16482
16484
16487
16494
16497
16498
16500
16500
16507
16507
16511
16515
16519
16527
16528
16529
16532
16533
16535
16537
16537
16541
16544
16553
16554
16558
16559
16560
16561
16562
16563
16564
16566
16568
16571
16576
16579
16580
16582
16582
16585
16587
16589
16592
16594
16597
16600
16610
16611
16612
16613
16613
16618
16621
16621
16622
16627
16630
16635
16636
16637
16638
16642
16644
16653
16656
16658
16659
16661
16666
16669
16670
16673
16682
16682
16685
16687
16690
16695
16700
16704
16708
16709
16710
16715
16721
16724
16729
16736
16747
16749
16752
16755
16763
16763
16766
16768
16768
16772
16776
16796
16799
16809
16814
16815
16816
16820
16833
16836
16837
16838
16841
16842
16846
16850
16855
16857
16859
16866
16869
16871
16872
16878
16878
16880
16883
16884
16885
16888
16892
16894
16894
16895
16895
16904
16906
16908
16912
16913
16914
16917
16917
16920
16921
16924
16926
16926
16927
16928
16930
16931
16933
16934
16935
16938
16938
16940
16943
16943
16943
16944
16945
16948
16956
16960
16963
16967
16971
16976
16983
16985
16985
16990
17006
17009
17010
17010
17013
17014
17022
17023
17026
17030
17044
17044
17046
17048
17052
17053
17055
17059
17060
17066
17066
17074
17078
17078
17078
17079
17079
17080
17083
17085
17092
17099
17103
17106
17111
17121
17124
17126
17127
17130
17130
17133
17141
17141
17141
17147
17148
17151
17154
17156
17160
17170
17175
17176
17187
17191
17193
17194
17197
17198
17198
17198
17201
17203
17214
17215
17218
17218
17226
17227
17228
17228
17231
17231
17232
17233
17238
17240
17243
17247
17248
17254
17256
17258
17260
17260
17263
17263
17264
17264
17264
17269
17271
17274
17276
17281
17289
17292
17295
17297
17306
17308
17311
17312
17315
17317
17320
17324
17324
17328
17329
17333
17334
17339
17344
17345
17347
17347
17348
17348
17351
17351
17352
17354
17355
17356
17356
17358
17370
17371
17373
17380
17381
17388
17388
17392
17394
17395
17407
17413
17425
17426
17436
17437
17440
17440
17442
17442
17445
17448
17448
17448
17449
17449
17458
17458
17461
17464
17465
17470
17470
17472
17474
17475
17478
17479
17480
17481
17481
17483
17483
17496
17500
17506
17512
17517
17521
17521
17524
17526
17527
17529
17530
17531
17533
17535
17539
17540
17542
17543
17544
17548
17548
17548
17551
17553
17561
17565
17566
17567
17568
17571
17574
17588
17591
17593
17596
17600
17603
17611
17612
17614
17624
17629
17630
17636
17638
17640
17641
17644
17644
17645
17649
17650
17654
17660
17660
17663
17665
17669
17670
17671
17672
17680
17687
17689
17697
17699
17702
17707
17713
17713
17721
17725
17726
17727
17732
17733
17739
17739
17742
17746
17748
17762
17765
17765
17769
17774
17775
17777
17778
17778
17788
17795
17795
17797
17798
17801
17802
17817
17823
17826
17830
17830
17837
17838
17843
17850
17860
17863
17866
17871
17876
17879
17879
17881
17885
17893
17908
17910
17910
17912
17912
17915
17929
17935
17936
17942
17943
17947
17953
17955
17958
17964
17966
17971
17975
17976
17982
17984
17986
17994
17997
18000
18003
18011
18014
18016
18026
18027
18030
18031
18032
18042
18045
18048
18052
18054
18059
18075
18079
18079
18081
18084
18085
18086
18088
18092
18095
18096
18098
18102
18103
18104
18110
18117
18121
18122
18122
18126
18129
18146
18147
18147
18148
18150
18154
18155
18160
18162
18170
18175
18178
18179
18180
18181
18184
18196
18197
18197
18203
18206
18211
18212
18214
18222
18229
18235
18239
18239
18241
18242
18253
18256
18256
18260
18264
18265
18269
18270
18275
18277
18280
18284
18295
18298
18300
18302
18305
18305
18310
18314
18317
18318
18337
18340
18350
18357
18358
18366
18378
18381
18383
18387
18388
18390
18393
18401
18403
18405
18419
18423
18433
18437
18437
18438
18439
18440
18441
18444
18447
18452
18458
18458
18463
18464
18464
18474
18476
18479
18485
18486
18486
18488
18489
18499
18501
18501
18509
18510
18522
18530
18540
18543
18544
18545
18547
18548
18551
18556
18558
18561
18569
18576
18579
18579
18581
18582
18587
18595
18595
18599
18603
18610
18616
18623
18631
18634
18634
18641
18647
18649
18650
18655
18660
18661
18663
18669
18674
18677
18677
18677
18686
18688
18692
18693
18698
18700
18702
18702
18706
18709
18710
18711
18712
18721
18721
18722
18723
18726
18727
18728
18730
18730
18738
18738
18741
18745
18756
18758
18759
18763
18772
18773
18774
18777
18778
18778
18779
18780
18782
18784
18788
18788
18792
18796
18809
18810
18813
18826
18830
18836
18839
18840
18841
18844
18850
18850
18851
18852
18863
18869
18882
18886
18887
18888
18891
18894
18899
18907
18907
18908
18910
18914
18916
18919
18925
18933
18935
18935
18944
18952
18964
18964
18974
18975
18976
18981
18982
18992
18992
18993
18995
19004
19005
19005
19006
19007
19011
19011
19011
19012
19012
19019
19020
19021
19028
19029
19030
19033
19040
19043
19044
19048
19048
19052
19054
19056
19059
19059
19065
19065
19065
19077
19081
19082
19082
19083
19083
19084
19085
19086
19087
19089
19091
19091
19093
19093
19095
19095
19100
19105
19113
19115
19118
19121
19125
19126
19130
19141
19142
19145
19147
19147
19149
19155
19156
19156
19158
19163
19173
19176
19179
19180
19186
19187
19189
19190
19197
19200
19202
19210
19210
19214
19220
19223
19227
19230
19234
19236
19236
19242
19243
19250
19261
19271
19272
19273
19279
19284
19284
19286
19292
19297
19297
19298
19306
19306
19309
19315
19320
19323
19325
19331
19333
19334
19336
19343
19348
19363
19365
19373
19376
19386
19386
19392
19399
19400
19401
19408
19409
19411
19413
19416
19417
19422
19423
19425
19429
19433
19435
19439
19447
19459
19460
19463
19464
19467
19468
19469
19469
19469
19471
19473
19477
19477
19481
19481
19484
19484
19485
19506
19508
19510
19511
19511
19514
19517
19522
19522
19525
19526
19526
19527
19530
19537
19546
19546
19556
19557
19563
19568
19568
19569
19570
19574
19575
19579
19580
19582
19584
19586
19586
19588
19595
19598
19599
19604
19607
19616
19617
19626
19635
19636
19639
19641
19641
19642
19644
19645
19649
19653
19656
19667
19667
19667
19670
19673
19674
19674
19679
19680
19688
19688
19693
19701
19703
19709
19714
19722
19725
19727
19732
19734
19738
19744
19750
19750
19750
19755
19757
19762
19763
19767
19769
19770
19771
19772
19774
19775
19781
19785
19795
19795
19796
19797
19798
19800
19804
19804
19814
19816
19817
19828
19829
19829
19831
19839
19850
19851
19851
19853
19853
19856
19859
19862
19863
19873
19874
19880
19881
19882
19885
19887
19888
19891
19901
19902
19906
19912
19915
19916
19928
19930
19931
19934
19944
19948
19949
19953
19954
19960
19960
19974
19977
19977
19977
19984
19990
19994
19995
20004
20005
20006
20007
20008
20010
20011
20011
20012
20018
20022
20024
20028
20035
20035
20036
20037
20042
20043
20045
20048
20050
20052
20057
20057
20064
20065
20070
20070
20071
20073
20073
20080
20083
20086
20091
20094
20094
20095
20107
20111
20112
20119
20119
20122
20126
20132
20137
20142
20150
20151
20151
20151
20154
20160
20167
20168
20169
20173
20177
20178
20180
20186
20189
20197
20200
20204
20206
20213
20213
20215
20221
20227
20229
20229
20231
20237
20238
20242
20245
20245
20247
20250
20252
20255
20255
20261
20267
20268
20270
20281
20281
20281
20288
20293
20297
20298
20302
20311
20313
20313
20315
20323
20323
20326
20326
20331
20336
20337
20338
20338
20340
20342
20347
20349
20355
20355
20366
20366
20369
20369
20369
20376
20381
20381
20384
20387
20399
20403
20404
20406
20407
20411
20412
20415
20415
20418
20420
20421
20421
20424
20430
20432
20434
20444
20448
20448
20448
20449
20449
20453
20455
20456
20459
20467
20469
20474
20482
20484
20490
20509
20511
20514
20521
20528
20533
20535
20536
20538
20540
20541
20544
20545
20545
20562
20563
20565
20567
20568
20570
20578
20581
20583
20583
20589
20591
20597
20600
20601
20603
20604
20613
20617
20619
20623
20629
20630
20640
20642
20646
20650
20654
20656
20660
20666
20669
20672
20675
20676
20676
20678
20680
20682
20683
20683
20698
20707
20709
20710
20715
20716
20718
20720
20726
20728
20728
20728
20734
20740
20744
20746
20754
20754
20760
20764
20764
20773
20778
20779
20779
20780
20782
20782
20797
20803
20806
20806
20807
20808
20813
20819
20821
20834
20838
20844
20848
20850
20852
20853
20854
20856
20857
20862
20865
20867
20873
20874
20876
20882
20883
20890
20891
20893
20897
20906
20909
20910
20913
20914
20914
20920
20921
20922
20922
20924
20929
20937
20939
20939
20940
20943
20944
20944
20944
20945
20946
20949
20950
20971
20971
20976
20977
20982
20989
20990
20997
20998
20999
20999
21002
21009
21014
21017
21022
21023
21025
21040
21044
21044
21046
21050
21052
21054
21054
21063
21064
21068
21077
21079
21081
21086
21101
21110
21112
21118
21121
21128
21130
21134
21144
21149
21157
21166
21169
21169
21172
21174
21175
21191
21194
21196
21207
21207
21211
21214
21236
21237
21238
21239
21247
21249
21250
21252
21258
21265
21266
21271
21271
21272
21274
21277
21288
21290
21293
21299
21300
21304
21308
21311
21312
21312
21314
21330
21331
21350
21352
21353
21356
21362
21362
21369
21372
21372
21376
21381
21383
21387
21393
21394
21399
21405
21407
21413
21416
21418
21420
21443
21444
21448
21455
21460
21460
21461
21464
21464
21468
21470
21472
21473
21476
21478
21478
21479
21483
21486
21487
21489
21495
21496
21497
21501
21503
21513
21517
21518
21520
21528
21529
21533
21533
21534
21535
21536
21540
21544
21548
21559
21562
21572
21572
21578
21580
21581
21582
21583
21591
21598
21602
21602
21602
21604
21608
21608
21614
21614
21615
21619
21627
21630
21633
21633
21634
21635
21635
21636
21637
21637
21639
21642
21643
21645
21650
21659
21662
21667
21669
21673
21675
21675
21679
21686
21688
21688
21693
21696
21698
21701
21704
21719
21721
21723
21727
21731
21732
21734
21734
21734
21749
21749
21752
21752
21756
21757
21761
21762
21764
21765
21767
21770
21777
21777
21778
21786
21787
21790
21790
21794
21797
21799
21801
21802
21802
21804
21807
21810
21812
21815
21820
21821
21835
21840
21840
21843
21843
21846
21848
21854
21854
21854
21858
21864
21866
21873
21874
21882
21882
21882
21887
21887
21889
21890
21897
21899
21901
21909
21909
21915
21918
21922
21930
21933
21934
21936
21936
21937
21942
21949
21950
21952
21959
21961
21963
21974
21977
21978
21979
21980
21981
21982
21983
21985
21985
21987
21987
21991
21994
21995
21996
21998
21998
21999
22001
22002
22005
22019
22022
22024
22027
22031
22032
22033
22034
22041
22043
22045
22046
22047
22058
22064
22066
22077
22081
22081
22086
22086
22088
22091
22092
22098
22108
22111
22115
22117
22120
22121
22129
22132
22138
22140
22141
22142
22154
22158
22160
22162
22168
22168
22170
22177
22183
22184
22189
22194
22198
22207
22215
22215
22221
22223
22225
22230
22236
22239
22239
22240
22241
22242
22243
22245
22250
22251
22253
22254
22256
22258
22260
22265
22269
22271
22274
22285
22292
22295
22297
22300
22302
22309
22311
22317
22317
22318
22321
22322
22324
22327
22338
22340
22353
22357
22357
22366
22370
22371
22373
22374
22380
22381
22386
22388
22394
22397
22399
22401
22410
22422
22424
22429
22433
22433
22439
22443
22444
22445
22445
22445
22448
22450
22452
22454
22459
22461
22465
22466
22467
22469
22471
22474
22479
22482
22485
22486
22487
22489
22489
22490
22495
22504
22508
22512
22514
22522
22523
22524
22529
22530
22532
22536
22538
22542
22542
22544
22546
22548
22548
22551
22553
22555
22556
22559
22569
22570
22578
22578
22582
22582
22583
22584
22586
22596
22596
22599
22600
22601
22601
22603
22603
22605
22606
22606
22606
22609
22612
22614
22618
22621
22621
22625
22626
22630
22630
22637
22643
22644
22651
22652
22652
22656
22656
22656
22657
22657
22658
22659
22660
22666
22670
22670
22672
22673
22680
22681
22684
22688
22688
22690
22691
22694
22698
22699
22700
22700
22701
22708
22716
22719
22735
22735
22736
22737
22739
22741
22741
22746
22751
22755
22755
22765
22769
22777
22778
22780
22781
22782
22786
22789
22797
22804
22810
22810
22812
22820
22821
22824
22825
22826
22827
22827
22838
22838
22844
22848
22850
22851
22855
22861
22861
22864
22869
22873
22878
22878
22882
22883
22885
22887
22888
22892
22894
22900
22902
22906
22907
22912
22914
22915
22921
22930
22933
22938
22941
22941
22941
22945
22954
22957
22961
22962
22963
22967
22969
22973
22975
22978
22979
22985
22988
22989
22989
22991
22992
22992
22994
22994
22998
23002
23006
23008
23012
23015
23016
23019
23022
23023
23024
23024
23025
23033
23035
23041
23041
23042
23043
23046
23047
23048
23051
23056
23066
23070
23078
23082
23093
23094
23095
23102
23113
23118
23120
23127
23129
23132
23133
23141
23146
23150
23154
23157
23157
23160
23163
23167
23170
23172
23181
23187
23191
23194
23195
23197
23199
23200
23203
23205
23210
23210
23215
23218
23220
23223
23227
23231
23244
23248
23262
23267
23269
23271
23273
23278
23282
23283
23287
23289
23290
23291
23292
23293
23297
23305
23305
23306
23306
23308
23309
23310
23311
23312
23314
23320
23320
23321
23326
23330
23332
23334
23340
23348
23351
23352
23354
23356
23356
23357
23357
23361
23367
23374
23380
23388
23390
23392
23393
23397
23402
23404
23404
23409
23411
23418
23428
23433
23443
23447
23450
23455
23458
23459
23461
23461
23467
23472
23474
23476
23488
23495
23495
23496
23500
23500
23501
23505
23506
23508
23511
23512
23521
23524
23525
23525
23526
23527
23528
23528
23529
23538
23539
23539
23540
23540
23545
23550
23552
23554
23555
23561
23566
23567
23568
23572
23573
23575
23579
23580
23582
23584
23588
23595
23596
23599
23601
23602
23609
23611
23612
23617
23620
23621
23621
23636
23637
23637
23640
23645
23652
23665
23671
23672
23677
23681
23682
23682
23684
23688
23690
23691
23691
23696
23704
23705
23707
23715
23721
23732
23733
23734
23734
23743
23745
23745
23748
23749
23754
23755
23757
23759
23761
23766
23767
23768
23770
23770
23770
23784
23787
23789
23790
23791
23795
23795
23800
23801
23804
23805
23808
23813
23815
23815
23831
23834
23834
23841
23843
23844
23845
23850
23853
23853
23857
23859
23860
23863
23863
23866
23874
23875
23879
23883
23887
23887
23889
23893
23907
23910
23912
23918
23920
23922
23926
23929
23931
23937
23938
23944
23944
23959
23961
23964
23969
23969
23970
23972
23976
23981
23983
23986
23986
23987
23997
24003
24011
24025
24026
24039
24041
24043
24045
24046
24048
24053
24056
24059
24062
24063
24064
24064
24069
24070
24072
24080
24087
24088
24090
24091
24092
24092
24102
24103
24103
24109
24112
24112
24126
24129
24130
24134
24137
24138
24142
24148
24149
24149
24154
24155
24155
24159
24166
24166
24167
24170
24170
24174
24176
24177
24178
24179
24179
24181
24182
24183
24185
24187
24191
24191
24194
24197
24203
24214
24217
24217
24220
24221
24228
24230
24238
24238
24239
24247
24260
24262
24267
24267
24277
24283
24286
24289
24294
24297
24302
24303
24303
24305
24305
24312
24322
24322
24325
24332
24334
24336
24336
24338
24339
24339
24341
24347
24354
24356
24357
24369
24370
24374
24378
24406
24408
24408
24412
24421
24422
24425
24428
24429
24434
24435
24436
24443
24445
24448
24449
24449
24452
24456
24465
24468
24470
24472
24478
24485
24488
24488
24494
24496
24499
24500
24508
24512
24517
24520
24520
24521
24523
24523
24527
24527
24530
24531
24531
24531
24537
24539
24540
24541
24543
24547
24548
24553
24556
24559
24559
24560
24562
24564
24566
24567
24567
24573
24574
24584
24588
24595
24599
24602
24604
24606
24606
24611
24616
24621
24624
24624
24632
24637
24638
24639
24647
24649
24655
24656
24656
24657
24658
24661
24664
24664
24668
24672
24673
24673
24677
24688
24690
24692
24695
24700
24705
24710
24710
24716
24719
24723
24726
24730
24739
24739
24740
24746
24747
24753
24754
24755
24760
24761
24761
24771
24773
24775
24775
24778
24782
24783
24786
24796
24797
24798
24802
24806
24809
24819
24821
24823
24823
24827
24835
24839
24844
24848
24848
24854
24862
24863
24865
24871
24871
24873
24874
24875
24875
24881
24881
24881
24883
24884
24887
24899
24899
24901
24908
24926
24927
24929
24929
24932
24938
24939
24943
24944
24947
24948
24950
24952
24954
24954
24957
24957
24960
24963
24966
24973
24975
24975
24976
24979
24979
24983
24986
24993
24996
25000
25004
25005
25006
25007
25008
25008
25010
25019
25020
25027
25046
25051
25052
25053
25057
25058
25060
25063
25067
25068
25072
25072
25077
25088
25089
25091
25101
25105
25105
25106
25107
25108
25115
25119
25121
25128
25129
25130
25133
25149
25150
25153
25155
25162
25163
25164
25167
25171
25174
25178
25179
25180
25183
25183
25184
25188
25197
25200
25208
25215
25219
25220
25221
25223
25224
25226
25229
25234
25235
25236
25237
25240
25240
25240
25241
25242
25255
25255
25256
25258
25260
25262
25265
25268
25268
25270
25274
25275
25284
25287
25295
25302
25302
25304
25314
25318
25322
25322
25322
25329
25330
25337
25338
25344
25354
25354
25359
25359
25364
25367
25368
25371
25381
25381
25390
25393
25400
25403
25407
25407
25408
25409
25409
25413
25421
25425
25425
25431
25432
25432
25432
25434
25434
25434
25435
25441
25442
25445
25451
25455
25461
25468
25469
25470
25470
25483
25486
25491
25495
25496
25497
25497
25499
25505
25506
25507
25511
25512
25514
25514
25517
25519
25520
25522
25526
25526
25528
25528
25534
25537
25551
25555
25558
25561
25561
25563
25566
25568
25570
25573
25574
25576
25576
25578
25582
25585
25604
25606
25619
25622
25630
25630
25641
25644
25645
25646
25656
25656
25656
25657
25657
25658
25664
25665
25672
25675
25681
25681
25682
25686
25689
25689
25690
25692
25694
25696
25696
25699
25701
25701
25701
25704
25709
25710
25715
25718
25723
25724
25731
25732
25737
25738
25739
25741
25747
25756
25757
25761
25764
25765
25771
25774
25775
25778
25779
25786
25791
25795
25795
25796
25801
25811
25813
25814
25815
25817
25822
25825
25832
25833
25835
25839
25840
25840
25842
25844
25845
25846
25847
25848
25849
25850
25855
25856
25858
25864
25867
25868
25868
25879
25882
25885
25889
25890
25891
25898
25900
25900
25903
25907
25911
25915
25918
25926
25930
25930
25936
25938
25942
25942
25946
25948
25949
25962
25962
25966
25969
25971
25972
25973
25974
25977
25980
25981
25984
25990
25994
25995
25999
26000
26003
26007
26009
26010
26023
26028
26031
26032
26033
26035
26046
26051
26051
26052
26055
26058
26070
26071
26071
26077
26079
26082
26083
26084
26088
26093
26096
26098
26098
26098
26101
26102
26106
26107
26117
26117
26119
26124
26128
26131
26138
26139
26143
26144
26153
26167
26170
26175
26176
26177
26178
26181
26184
26185
26187
26190
26193
26198
26198
26198
26201
26214
26219
26219
26224
26227
26229
26231
26234
26238
26239
26243
26250
26250
26253
26256
26257
26257
26259
26269
26273
26280
26282
26285
26286
26288
26298
26299
26299
26300
26301
26303
26304
26307
26307
26312
26313
26317
26317
26321
26322
26323
26324
26325
26328
26333
26337
26340
26342
26347
26357
26358
26360
26361
26361
26365
26365
26370
26373
26373
26376
26385
26385
26386
26388
26390
26395
26396
26399
26399
26399
26401
26401
26402
26403
26408
26409
26410
26410
26413
26414
26414
26416
26420
26421
26423
26425
26428
26438
26440
26444
26444
26448
26451
26452
26454
26457
26457
26458
26459
26466
26476
26488
26492
26499
26503
26506
26509
26514
26529
26529
26531
26531
26532
26532
26532
26534
26536
26540
26544
26545
26556
26557
26559
26560
26563
26564
26566
26568
26576
26579
26581
26584
26592
26599
26600
26609
26621
26626
26631
26636
26638
26649
26651
26656
26658
26659
26667
26670
26674
26681
26682
26683
26685
26689
26692
26703
26709
26712
26716
26720
26740
26740
26743
26746
26750
26756
26757
26761
26766
26767
26767
26767
26768
26769
26773
26776
26781
26782
26785
26785
26789
26796
26800
26805
26806
26807
26809
26814
26818
26819
26820
26824
26828
26830
26831
26832
26832
26833
26843
26847
26848
26849
26858
26864
26864
26866
26867
26868
26870
26875
26876
26882
26882
26883
26884
26896
26896
26899
26901
26906
26907
26908
26909
26914
26916
26917
26918
26918
26926
26930
26940
26940
26940
26941
26949
26950
26952
26954
26960
26969
26977
26982
26983
26986
26986
26988
26989
26990
26991
26999
27001
27002
27003
27004
27007
27011
27012
27014
27019
27020
27022
27027
27029
27039
27044
27048
27048
27048
27051
27053
27061
27068
27069
27071
27076
27077
27080
27080
27084
27093
27094
27097
27097
27097
27109
27114
27117
27118
27121
27126
27132
27132
27135
27135
27137
27141
27143
27143
27146
27155
27159
27162
27166
27169
27175
27182
27184
27188
27192
27195
27195
27195
27198
27205
27205
27221
27224
27226
27227
27237
27244
27247
27249
27253
27257
27260
27264
27267
27280
27282
27286
27287
27293
27293
27298
27298
27300
27301
27303
27304
27305
27307
27310
27319
27320
27322
27322
27322
27331
27332
27332
27341
27342
27345
27345
27349
27353
27354
27356
27360
27364
27369
27374
27374
27375
27379
27383
27391
27394
27394
27394
27396
27406
27413
27414
27416
27416
27419
27420
27424
27425
27428
27431
27434
27438
27440
27446
27449
27449
27452
27453
27459
27461
27464
27467
27468
27473
27476
27488
27489
27496
27502
27505
27507
27509
27512
27514
27516
27519
27522
27526
27528
27530
27530
27533
27534
27540
27541
27543
27548
27548
27550
27559
27560
27560
27564
27568
27575
27576
27582
27593
27608
27609
27609
27611
27613
27613
27614
27617
27628
27631
27631
27635
27637
27643
27643
27644
27645
27646
27648
27651
27652
27652
27652
27654
27656
27660
27664
27666
27668
27669
27669
27672
27672
27673
27673
27676
27680
27681
27682
27688
27689
27691
27696
27697
27698
27707
27708
27710
27728
27729
27729
27731
27733
27734
27735
27736
27736
27737
27740
27741
27742
27761
27777
27778
27779
27782
27783
27784
27787
27787
27790
27792
27816
27818
27819
27820
27826
27826
27831
27832
27834
27837
27854
27854
27855
27857
27857
27858
27858
27858
27863
27865
27869
27872
27875
27876
27876
27878
27886
27887
27887
27888
27892
27893
27896
27909
27911
27913
27914
27914
27918
27920
27920
27925
27930
27933
27933
27934
27937
27937
27941
27946
27950
27952
27963
27964
27968
27972
27973
27978
27980
27980
27981
27984
27988
27989
27993
27993
27998
27999
27999
28000
28005
28006
28008
28016
28026
28029
28030
28031
28031
28032
28034
28049
28051
28051
28055
28057
28063
28069
28070
28073
28079
28079
28079
28084
28085
28100
28102
28108
28114
28119
28119
28121
28124
28125
28129
28130
28131
28136
28146
28148
28150
28152
28154
28156
28158
28159
28167
28174
28174
28174
28177
28180
28181
28181
28184
28187
28201
28203
28204
28210
28218
28218
28219
28220
28224
28225
28233
28238
28239
28239
28241
28243
28244
28245
28249
28259
28261
28268
28270
28277
28281
28283
28285
28287
28289
28295
28296
28297
28308
28311
28319
28323
28333
28335
28340
28340
28350
28352
28355
28357
28361
28363
28367
28368
28369
28376
28381
28383
28384
28391
28396
28398
28398
28401
28403
28404
28404
28412
28417
28421
28426
28426
28432
28432
28434
28439
28445
28447
28449
28454
28459
28462
28464
28469
28472
28475
28477
28480
28484
28484
28485
28485
28486
28487
28488
28498
28499
28499
28500
28500
28501
28502
28506
28506
28521
28522
28530
28532
28532
28533
28541
28554
28555
28556
28557
28558
28559
28560
28566
28582
28587
28587
28594
28594
28595
28596
28597
28599
28613
28617
28617
28617
28618
28618
28622
28622
28622
28630
28630
28633
28633
28635
28639
28640
28641
28641
28644
28646
28653
28658
28669
28669
28675
28676
28683
28684
28690
28706
28708
28709
28714
28731
28731
28735
28743
28746
28749
28752
28759
28760
28761
28761
28765
28767
28767
28771
28776
28777
28790
28794
28795
28797
28803
28804
28817
28818
28820
28822
28825
28826
28828
28833
28833
28834
28837
28840
28842
28844
28848
28849
28854
28855
28857
28859
28866
28874
28877
28880
28882
28883
28887
28894
28894
28896
28899
28906
28917
28923
28924
28935
28937
28938
28938
28939
28943
28944
28948
28949
28950
28951
28952
28954
28958
28960
28960
28965
28966
28970
28973
28980
28980
28986
28986
28987
28991
28991
28997
29000
29000
29004
29017
29024
29031
29032
29034
29037
29045
29052
29054
29080
29083
29083
29084
29084
29086
29087
29090
29091
29091
29093
29093
29101
29106
29108
29113
29114
29116
29116
29117
29129
29130
29136
29146
29147
29155
29158
29172
29183
29191
29193
29197
29204
29224
29225
29226
29240
29242
29243
29245
29245
29247
29250
29251
29253
29255
29256
29257
29261
29268
29274
29284
29289
29292
29293
29293
29294
29294
29301
29303
29304
29307
29308
29311
29313
29313
29315
29318
29319
29320
29324
29332
29334
29336
29342
29343
29344
29351
29352
29356
29366
29370
29370
29373
29379
29383
29385
29386
29387
29391
29396
29397
29398
29403
29407
29411
29412
29414
29424
29428
29434
29434
29438
29438
29442
29443
29449
29459
29469
29472
29472
29474
29477
29479
29480
29486
29488
29493
29495
29499
29506
29507
29508
29511
29523
29527
29528
29531
29532
29533
29535
29544
29545
29548
29554
29557
29557
29561
29563
29567
29569
29572
29572
29574
29575
29580
29588
29591
29592
29597
29597
29603
29606
29624
29631
29631
29635
29640
29640
29643
29646
29649
29653
29660
29662
29664
29665
29668
29673
29674
29674
29677
29678
29678
29680
29684
29689
29691
29694
29705
29711
29718
29721
29723
29728
29730
29738
29739
29740
29745
29748
29756
29767
29767
29770
29773
29773
29774
29777
29778
29787
29788
29792
29793
29793
29795
29796
29797
29805
29810
29810
29818
29819
29819
29820
29820
29820
29821
29830
29831
29832
29836
29837
29838
29842
29847
29858
29862
29864
29872
29878
29878
29882
29885
29889
29893
29894
29895
29899
29906
29910
29913
29923
29929
29936
29938
29939
29940
29944
29944
29950
29957
29959
29961
29965
29966
29974
29977
29979
29981
29982
29983
29988
29990
30005
30011
30015
30018
30026
30029
30029
30032
30040
30040
30043
30044
30045
30048
30062
30063
30064
30073
30075
30077
30079
30080
30083
30086
30087
30087
30091
30091
30092
30094
30097
30098
30102
30105
30106
30106
30109
30110
30114
30115
30117
30122
30127
30139
30143
30144
30146
30149
30150
30152
30153
30156
30158
30163
30164
30166
30168
30174
30176
30177
30179
30180
30184
30184
30193
30195
30198
30198
30199
30204
30207
30208
30211
30215
30216
30218
30219
30222
30224
30226
30228
30228
30235
30237
30246
30248
30249
30257
30257
30259
30261
30262
30262
30264
30269
30272
30273
30278
30283
30286
30287
30289
30290
30293
30296
30297
30299
30303
30303
30308
30309
30311
30311
30314
30319
30321
30322
30322
30326
30326
30329
30329
30331
30331
30333
30334
30339
30347
30353
30355
30357
30357
30359
30360
30364
30366
30381
30381
30386
30388
30390
30391
30391
30396
30398
30398
30408
30411
30427
30431
30441
30444
30451
30463
30463
30464
30473
30476
30477
30478
30480
30481
30482
30496
30499
30502
30502
30503
30510
30514
30517
30521
30524
30536
30541
30546
30555
30564
30576
30581
30581
30584
30588
30593
30595
30599
30602
30610
30610
30612
30613
30613
30615
30616
30619
30619
30621
30621
30631
30633
30636
30639
30641
30641
30644
30647
30651
30653
30654
30656
30657
30665
30669
30672
30675
30676
30680
30688
30689
30692
30701
30704
30704
30710
30722
30728
30729
30731
30733
30753
30756
30763
30764
30771
30772
30774
30776
30777
30778
30778
30783
30786
30787
30788
30794
30795
30795
30796
30797
30798
30808
30815
30821
30825
30827
30828
30831
30832
30833
30834
30838
30846
30851
30854
30855
30856
30860
30867
30869
30870
30872
30875
30880
30883
30886
30888
30893
30895
30900
30914
30917
30925
30925
30926
30931
30933
30934
30936
30937
30937
30949
30958
30966
30970
30970
30970
30978
30980
30984
30985
30988
30989
30992
30992
31004
31006
31012
31014
31017
31020
31027
31033
31034
31036
31039
31040
31041
31050
31056
31057
31061
31062
31068
31073
31075
31077
31077
31078
31083
31083
31086
31090
31090
31097
31099
31111
31112
31113
31114
31115
31117
31120
31124
31125
31127
31130
31138
31141
31153
31153
31155
31156
31156
31159
31160
31163
31164
31166
31166
31170
31176
31177
31193
31194
31197
31198
31201
31211
31215
31216
31220
31221
31227
31229
31230
31231
31236
31237
31240
31254
31257
31259
31263
31269
31273
31274
31276
31277
31279
31280
31288
31289
31295
31298
31299
31299
31303
31305
31306
31308
31316
31317
31318
31319
31327
31329
31336
31336
31337
31347
31348
31359
31365
31369
31369
31377
31380
31381
31385
31395
31397
31398
31405
31406
31407
31412
31420
31420
31422
31426
31429
31434
31437
31444
31449
31455
31459
31465
31466
31469
31469
31469
31469
31472
31482
31486
31486
31490
31495
31512
31514
31518
31519
31524
31525
31528
31529
31534
31535
31539
31543
31548
31550
31550
31551
31553
31556
31557
31557
31559
31562
31573
31575
31578
31580
31580
31594
31595
31598
31603
31607
31608
31609
31614
31621
31622
31623
31624
31626
31630
31630
31646
31651
31653
31655
31657
31659
31660
31662
31663
31665
31666
31667
31668
31668
31671
31680
31682
31693
31695
31696
31700
31701
31701
31704
31705
31716
31718
31723
31725
31728
31728
31729
31729
31732
31738
31739
31746
31747
31747
31751
31753
31755
31761
31769
31777
31778
31779
31779
31784
31788
31796
31800
31803
31809
31811
31811
31813
31813
31814
31816
31827
31828
31831
31833
31834
31840
31841
31845
31847
31849
31856
31862
31862
31867
31876
31878
31879
31888
31890
31895
31897
31897
31897
31903
31905
31907
31908
31917
31919
31922
31931
31933
31934
31935
31936
31941
31942
31946
31948
31952
31953
31953
31954
31957
31962
31964
31965
31971
31973
31975
31976
31978
31981
31984
31990
31994
31998
31999
31999
32001
32005
32021
32026
32028
32034
32046
32046
32051
32053
32056
32063
32066
32071
32073
32075
32080
32082
32085
32086
32087
32090
32090
32094
32094
32095
32095
32100
32105
32105
32106
32107
32109
32112
32114
32117
32131
32132
32133
32135
32143
32144
32145
32146
32147
32148
32153
32157
32157
32158
32159
32160
32161
32172
32179
32181
32181
32183
32184
32187
32188
32188
32199
32202
32208
32209
32218
32218
32219
32222
32227
32228
32231
32237
32237
32239
32242
32243
32245
32251
32253
32255
32256
32257
32266
32268
32276
32280
32281
32281
32282
32286
32289
32301
32303
32306
32308
32311
32315
32315
32315
32318
32320
32345
32348
32352
32352
32354
32357
32359
32363
32367
32369
32371
32371
32372
32374
32381
32381
32386
32390
32390
32391
32403
32405
32408
32409
32413
32415
32419
32422
32433
32440
32441
32442
32444
32445
32454
32466
32469
32471
32472
32472
32474
32475
32476
32477
32479
32481
32482
32482
32483
32491
32498
32500
32501
32503
32505
32506
32508
32513
32513
32516
32517
32525
32527
32527
32531
32538
32539
32543
32548
32550
32550
32552
32555
32557
32562
32566
32569
32571
32577
32578
32587
32589
32589
32590
32590
32592
32592
32593
32597
32598
32599
32600
32604
32605
32606
32608
32613
32613
32615
32616
32620
32622
32623
32626
32626
32631
32639
32640
32644
32645
32650
32650
32650
32655
32657
32669
32673
32674
32676
32676
32677
32677
32678
32678
32685
32687
32691
32691
32693
32693
32696
32706
32710
32713
32715
32715
32718
32724
32726
32726
32728
32729
32735
32735
32740
32755
32756
32757
32758
32763
32764
