1
2
8
9
10
12
23
23
24
26
26
31
34
40
46
52
53
56
57
58
60
61
68
69
76
77
78
80
83
88
92
92
93
97
99
100
109
110
114
117
120
126
128
128
130
141
143
152
158
158
162
168
172
174
176
179
185
185
189
201
201
203
210
214
221
222
227
230
231
232
236
242
243
254
260
263
263
264
270
270
273
278
281
285
286
286
291
300
301
303
304
309
317
322
323
330
331
343
345
348
350
353
358
360
360
361
366
374
376
378
389
393
394
395
402
404
405
416
418
427
427
427
431
436
437
438
440
441
444
447
449
449
450
460
466
469
473
477
477
478
481
481
484
484
486
491
493
498
501
506
506
513
521
522
523
524
526
527
527
528
529
534
551
556
561
567
571
571
572
573
581
581
585
589
593
597
608
613
615
616
617
617
621
621
626
639
642
648
649
653
659
665
673
674
678
684
684
685
685
686
687
690
692
693
694
698
698
700
706
707
710
711
715
715
715
718
719
719
720
721
730
739
740
741
746
748
756
758
759
760
760
761
766
774
778
782
785
788
801
803
810
815
816
818
820
823
825
827
827
827
831
831
842
842
845
851
855
859
863
871
876
878
879
884
890
890
890
891
891
897
901
901
903
914
917
918
926
937
940
941
942
947
952
954
957
959
960
961
970
982
982
983
983
984
985
986
989
993
995
996
1002
1004
1005
1007
1008
1012
1016
1017
1022
1023
1024
1024
1025
1029
1030
1030
1033
1039
1050
1054
1064
1070
1078
1079
1079
1080
1082
1083
1083
1086
1090
1098
1099
1099
1110
1116
1116
1121
1121
1123
1127
1130
1131
1133
1146
1147
1149
1150
1160
1161
1161
1163
1165
1168
1174
1179
1182
1182
1186
1187
1192
1196
1196
1201
1202
1207
1219
1220
1225
1227
1232
1238
1242
1245
1251
1254
1256
1260
1265
1271
1274
1292
1294
1297
1297
1307
1310
1315
1315
1317
1317
1318
1321
1323
1323
1324
1329
1331
1332
1336
1342
1343
1345
1346
1352
1356
1358
1368
1370
1375
1376
1377
1381
1386
1387
1395
1395
1396
1397
1397
1398
1402
1403
1408
1408
1414
1417
1420
1421
1423
1428
1429
1430
1437
1441
1453
1456
1470
1470
1478
1481
1492
1493
1498
1500
1501
1512
1518
1518
1530
1531
1532
1535
1538
1541
1542
1544
1546
1555
1561
1562
1564
1565
1566
1567
1569
1570
1573
1584
1584
1585
1592
1594
1597
1599
1599
1603
1606
1611
1618
1623
1629
1642
1656
1659
1665
1666
1669
1677
1677
1677
1682
1688
1688
1690
1691
1691
1693
1694
1701
1702
1717
1718
1718
1725
1728
1733
1739
1741
1747
1749
1753
1767
1770
1771
1771
1774
1776
1778
1779
1789
1790
1792
1797
1803
1804
1814
1815
1818
1845
1848
1854
1854
1854
1864
1874
1882
1885
1886
1886
1891
1896
1899
1902
1907
1909
1909
1910
1914
1917
1917
1919
1923
1923
1924
1928
1930
1930
1935
1937
1939
1942
1944
1946
1947
1947
1949
1952
1952
1956
1968
1969
1976
1976
1991
1992
2003
2003
2004
2004
2007
2017
2020
2020
2027
2028
2029
2029
2033
2036
2043
2049
2051
2053
2062
2063
2063
2068
2071
2072
2075
2079
2083
2089
2092
2094
2097
2097
2097
2099
2101
2102
2106
2108
2109
2117
2123
2124
2125
2126
2128
2134
2136
2138
2138
2141
2142
2146
2149
2151
2151
2152
2156
2160
2160
2163
2164
2166
2168
2168
2170
2173
2177
2177
2181
2182
2185
2186
2187
2187
2198
2201
2205
2206
2207
2211
2211
2215
2218
2227
2228
2231
2232
2234
2241
2244
2245
2261
2267
2285
2289
2296
2297
2300
2302
2303
2304
2307
2307
2307
2308
2311
2315
2318
2323
2330
2336
2348
2353
2353
2365
2376
2379
2379
2383
2389
2392
2392
2393
2396
2397
2397
2398
2400
2403
2409
2411
2412
2425
2425
2425
2426
2427
2431
2435
2437
2439
2440
2444
2448
2449
2454
2457
2458
2458
2458
2460
2464
2476
2497
2498
2502
2508
2514
2518
2519
2521
2528
2530
2535
2536
2537
2538
2538
2540
2543
2544
2544
2545
2556
2556
2569
2570
2574
2575
2575
2579
2581
2585
2588
2592
2594
2597
2597
2601
2604
2605
2611
2621
2627
2627
2630
2631
2631
2635
2636
2639
2641
2646
2648
2651
2655
2656
2657
2657
2661
2665
2669
2672
2673
2678
2680
2687
2692
2698
2700
2700
2706
2707
2710
2713
2715
2725
2728
2732
2734
2748
2750
2754
2763
2764
2765
2766
2768
2769
2770
2772
2774
2774
2774
2774
2778
2783
2791
2791
2794
2796
2797
2806
2807
2813
2814
2815
2817
2819
2826
2826
2831
2835
2838
2848
2850
2856
2856
2859
2862
2865
2869
2871
2893
2898
2899
2899
2902
2903
2904
2905
2905
2906
2912
2913
2924
2928
2928
2933
2942
2947
2947
2951
2955
2957
2962
2964
2967
2970
2975
2985
2989
2990
3000
3002
3006
3011
3011
3013
3016
3017
3020
3023
3026
3028
3030
3030
3034
3034
3036
3041
3049
3049
3056
3063
3067
3070
3071
3075
3076
3081
3084
3088
3090
3092
3093
3094
3096
3097
3099
3104
3105
3105
3111
3111
3113
3119
3123
3123
3124
3129
3129
3132
3133
3140
3141
3143
3152
3153
3153
3159
3164
3166
3171
3173
3176
3183
3184
3184
3184
3190
3193
3200
3206
3208
3212
3214
3218
3221
3221
3222
3223
3227
3230
3231
3238
3240
3240
3241
3244
3245
3245
3251
3254
3256
3258
3258
3263
3263
3265
3266
3271
3275
3278
3280
3280
3282
3282
3289
3294
3298
3301
3304
3304
3305
3305
3308
3311
3312
3313
3317
3334
3338
3339
3339
3344
3347
3350
3351
3353
3354
3360
3361
3363
3363
3368
3371
3378
3380
3382
3382
3383
3389
3392
3399
3399
3405
3412
3413
3414
3415
3426
3430
3432
3434
3436
3445
3456
3457
3458
3464
3465
3471
3471
3479
3489
3491
3491
3492
3498
3499
3500
3508
3510
3517
3522
3525
3526
3527
3535
3539
3540
3542
3554
3557
3560
3563
3563
3566
3566
3569
3579
3581
3582
3583
3587
3589
3589
3590
3595
3595
3600
3603
3603
3605
3607
3613
3614
3615
3618
3621
3621
3628
3635
3646
3649
3650
3654
3660
3661
3667
3667
3670
3670
3671
3674
3679
3681
3684
3686
3689
3695
3695
3700
3703
3708
3710
3712
3717
3717
3718
3719
3721
3723
3727
3746
3752
3753
3761
3764
3767
3767
3770
3777
3782
3782
3784
3786
3789
3790
3791
3792
3793
3799
3799
3801
3805
3808
3809
3821
3824
3825
3827
3830
3838
3839
3841
3850
3853
3854
3859
3862
3865
3870
3880
3883
3883
3887
3889
3889
3897
3899
3901
3902
3902
3904
3906
3911
3920
3920
3922
3932
3933
3934
3934
3937
3942
3943
3944
3946
3952
3961
3962
3963
3965
3967
3973
3974
3975
3980
3983
3984
3997
4001
4003
4020
4022
4026
4031
4033
4033
4036
4036
4037
4041
4042
4050
4053
4059
4063
4065
4069
4071
4072
4074
4076
4077
4080
4081
4086
4086
4087
4090
4091
4095
4097
4097
4099
4101
4104
4104
4106
4106
4108
4109
4109
4111
4115
4117
4120
4124
4125
4127
4128
4132
4142
4159
4161
4165
4169
4171
4183
4186
4186
4192
4192
4195
4195
4197
4202
4204
4210
4214
4224
4231
4236
4241
4245
4246
4248
4255
4258
4260
4260
4271
4272
4273
4276
4279
4289
4293
4296
4299
4301
4303
4306
4307
4307
4310
4328
4333
4335
4336
4341
4343
4345
4345
4347
4349
4357
4361
4361
4362
4364
4367
4367
4370
4370
4374
4374
4375
4377
4378
4378
4380
4380
4382
4386
4387
4389
4401
4406
4408
4410
4410
4419
4420
4420
4421
4421
4423
4433
4434
4435
4438
4446
4447
4451
4455
4455
4457
4460
4464
4469
4475
4476
4478
4481
4482
4488
4489
4489
4496
4496
4501
4503
4513
4513
4521
4522
4524
4528
4529
4531
4540
4543
4550
4551
4552
4565
4565
4567
4570
4570
4580
4591
4592
4593
4606
4608
4609
4609
4613
4614
4615
4615
4618
4622
4628
4629
4632
4633
4640
4641
4644
4645
4649
4657
4659
4660
4660
4661
4661
4664
4668
4671
4671
4673
4674
4676
4681
4682
4684
4687
4695
4696
4696
4716
4717
4718
4719
4720
4737
4742
4750
4750
4752
4754
4755
4758
4759
4759
4761
4763
4765
4766
4775
4776
4781
4784
4784
4789
4793
4798
4798
4806
4811
4813
4814
4817
4817
4820
4820
4822
4826
4828
4828
4830
4835
4840
4843
4847
4859
4866
4867
4875
4881
4883
4886
4892
4893
4893
4895
4903
4905
4907
4914
4916
4920
4920
4920
4930
4931
4934
4939
4947
4957
4958
4962
4964
4964
4965
4968
4973
4973
4976
4981
4991
4992
4997
4998
4998
4999
5001
5004
5006
5022
5024
5025
5027
5030
5030
5031
5031
5056
5058
5063
5065
5065
5066
5067
5075
5082
5082
5084
5089
5091
5092
5100
5102
5106
5113
5123
5124
5129
5134
5136
5145
5146
5152
5152
5160
5166
5166
5168
5174
5174
5175
5179
5181
5184
5185
5192
5193
5194
5197
5200
5202
5204
5205
5211
5212
5213
5219
5219
5237
5239
5254
5254
5259
5261
5264
5265
5267
5268
5271
5271
5273
5273
5276
5281
5286
5286
5286
5288
5293
5302
5308
5309
5309
5314
5321
5324
5332
5349
5352
5360
5371
5373
5374
5377
5377
5379
5379
5383
5384
5385
5387
5388
5388
5390
5395
5395
5395
5400
5400
5403
5407
5410
5420
5421
5426
5430
5435
5435
5439
5443
5444
5444
5444
5446
5449
5449
5449
5449
5452
5452
5455
5455
5462
5464
5464
5467
5471
5473
5473
5473
5479
5479
5484
5484
5485
5489
5490
5492
5494
5514
5514
5525
5529
5534
5536
5537
5538
5539
5545
5547
5549
5554
5557
5559
5560
5560
5561
5563
5567
5567
5574
5576
5576
5576
5581
5583
5583
5587
5589
5591
5601
5606
5606
5607
5609
5610
5612
5618
5630
5633
5634
5635
5637
5643
5647
5652
5656
5660
5672
5674
5676
5680
5680
5683
5703
5704
5706
5711
5713
5714
5717
5718
5724
5726
5727
5728
5730
5730
5731
5732
5735
5736
5744
5746
5752
5753
5758
5762
5762
5765
5769
5778
5779
5784
5787
5796
5799
5801
5805
5814
5817
5817
5818
5819
5820
5828
5829
5830
5834
5842
5842
5848
5850
5850
5852
5857
5857
5862
5863
5874
5880
5881
5890
5890
5891
5893
5896
5898
5899
5901
5906
5910
5921
5924
5926
5931
5932
5932
5935
5938
5941
5941
5944
5945
5945
5945
5955
5956
5969
5971
5973
5974
5980
5981
5988
5991
5996
6002
6003
6003
6010
6018
6023
6024
6024
6024
6025
6032
6033
6043
6045
6047
6047
6051
6052
6053
6056
6058
6061
6065
6066
6071
6073
6082
6082
6085
6093
6096
6099
6100
6103
6107
6109
6125
6131
6132
6138
6143
6150
6152
6160
6160
6161
6164
6165
6166
6170
6175
6177
6187
6191
6191
6192
6193
6194
6195
6199
6204
6207
6214
6216
6217
6217
6219
6220
6223
6225
6226
6229
6239
6239
6240
6247
6257
6260
6265
6267
6271
6272
6273
6282
6289
6295
6298
6299
6310
6311
6316
6317
6318
6318
6319
6325
6328
6338
6340
6350
6354
6355
6357
6359
6359
6360
6361
6365
6368
6368
6370
6371
6374
6375
6379
6384
6390
6404
6405
6406
6408
6409
6414
6416
6419
6419
6424
6427
6430
6438
6448
6452
6457
6458
6461
6463
6463
6467
6469
6473
6473
6478
6479
6481
6482
6482
6484
6489
6489
6499
6502
6502
6504
6508
6512
6513
6514
6517
6519
6520
6525
6532
6535
6535
6536
6537
6539
6540
6541
6547
6550
6560
6568
6571
6573
6587
6588
6597
6598
6607
6610
6613
6616
6617
6620
6621
6623
6632
6637
6639
6650
6650
6653
6663
6665
6671
6671
6673
6673
6673
6675
6677
6678
6681
6683
6683
6685
6693
6695
6697
6700
6707
6708
6715
6716
6723
6728
6730
6738
6742
6749
6758
6758
6762
6767
6771
6771
6775
6776
6777
6786
6793
6794
6795
6809
6811
6815
6815
6816
6816
6821
6824
6831
6832
6835
6838
6839
6841
6843
6846
6848
6854
6861
6867
6868
6872
6872
6875
6877
6877
6882
6882
6883
6887
6889
6891
6893
6895
6897
6900
6900
6901
6901
6903
6904
6906
6911
6915
6924
6928
6929
6929
6939
6941
6942
6946
6946
6947
6948
6951
6954
6956
6960
6960
6963
6968
6970
6970
6974
6975
6980
6980
6984
6984
6991
7001
7001
7002
7006
7008
7009
7010
7010
7010
7011
7024
7024
7024
7028
7031
7037
7039
7043
7047
7050
7054
7060
7063
7064
7065
7070
7072
7080
7082
7082
7091
7091
7094
7096
7098
7106
7106
7108
7112
7116
7116
7122
7123
7126
7127
7129
7130
7132
7134
7134
7134
7134
7136
7137
7139
7148
7155
7156
7156
7159
7159
7160
7163
7166
7167
7170
7174
7176
7185
7187
7196
7198
7200
7203
7208
7214
7214
7219
7225
7230
7240
7241
7243
7252
7255
7255
7258
7265
7270
7270
7273
7279
7281
7283
7286
7286
7297
7301
7305
7305
7306
7310
7312
7312
7315
7315
7316
7326
7330
7330
7336
7337
7338
7341
7344
7344
7346
7346
7347
7348
7351
7364
7366
7374
7376
7376
7378
7378
7379
7380
7384
7385
7387
7394
7397
7398
7401
7406
7406
7407
7408
7413
7421
7422
7423
7425
7428
7429
7431
7431
7435
7437
7438
7443
7450
7455
7456
7458
7470
7476
7478
7481
7484
7487
7492
7496
7506
7506
7512
7516
7517
7520
7523
7525
7525
7527
7528
7536
7538
7542
7543
7545
7548
7551
7552
7559
7561
7562
7563
7573
7578
7580
7581
7582
7597
7597
7600
7603
7609
7614
7616
7618
7622
7623
7626
7629
7629
7632
7635
7645
7648
7649
7649
7654
7655
7658
7662
7665
7666
7668
7669
7670
7680
7683
7685
7686
7686
7690
7690
7690
7693
7694
7696
7704
7706
7707
7707
7709
7710
7711
7712
7718
7722
7724
7725
7731
7735
7745
7749
7750
7760
7761
7762
7765
7768
7771
7776
7778
7778
7779
7791
7791
7795
7797
7800
7803
7804
7809
7813
7815
7815
7820
7821
7824
7828
7829
7836
7837
7837
7838
7838
7838
7848
7849
7857
7859
7865
7870
7872
7877
7878
7879
7885
7885
7893
7896
7899
7902
7903
7904
7906
7913
7916
7921
7925
7926
7926
7927
7928
7928
7928
7929
7932
7932
7933
7933
7936
7936
7938
7950
7952
7957
7961
7974
7975
7978
7984
7987
7991
7997
8002
8004
8005
8015
8017
8020
8026
8027
8028
8032
8032
8033
8037
8039
8039
8044
8045
8046
8046
8048
8052
8056
8064
8071
8071
8073
8082
8092
8100
8109
8110
8111
8113
8113
8117
8123
8124
8127
8129
8130
8133
8135
8137
8137
8142
8145
8154
8155
8156
8162
8167
8167
8168
8172
8172
8179
8181
8182
8183
8184
8184
8185
8188
8190
8191
8193
8194
8195
8198
8199
8201
8205
8211
8212
8222
8223
8224
8231
8243
8244
8245
8245
8246
8247
8248
8248
8252
8254
8256
8258
8258
8264
8273
8274
8282
8283
8294
8295
8297
8298
8299
8302
8304
8315
8315
8322
8324
8325
8326
8326
8327
8334
8335
8340
8340
8345
8348
8349
8350
8351
8352
8352
8357
8361
8362
8369
8369
8373
8373
8374
8376
8377
8378
8380
8380
8380
8380
8391
8392
8393
8400
8403
8406
8406
8411
8411
8412
8412
8417
8426
8427
8429
8448
8448
8452
8453
8457
8462
8462
8473
8474
8475
8478
8483
8485
8485
8492
8501
8506
8517
8518
8532
8535
8546
8547
8548
8548
8548
8549
8550
8552
8555
8559
8566
8574
8581
8583
8584
8589
8590
8591
8599
8599
8601
8605
8605
8608
8609
8620
8620
8620
8626
8630
8635
8635
8635
8637
8639
8640
8647
8651
8651
8653
8656
8663
8665
8666
8677
8678
8679
8683
8686
8687
8696
8699
8706
8707
8709
8710
8728
8741
8741
8744
8757
8757
8758
8758
8758
8759
8759
8763
8765
8767
8768
8772
8777
8778
8784
8785
8789
8792
8793
8794
8802
8807
8809
8809
8813
8818
8820
8821
8825
8826
8830
8847
8850
8850
8853
8853
8856
8856
8862
8864
8865
8871
8872
8873
8874
8878
8880
8885
8886
8893
8902
8904
8907
8907
8913
8913
8914
8915
8915
8918
8920
8920
8921
8936
8938
8938
8947
8948
8955
8956
8957
8959
8964
8965
8971
8975
8977
8980
8983
8984
8988
8988
8993
8993
8995
9002
9003
9007
9008
9020
9022
9022
9022
9023
9034
9035
9044
9052
9056
9056
9056
9060
9060
9060
9061
9063
9064
9065
9065
9070
9071
9071
9077
9079
9079
9083
9088
9090
9091
9096
9101
9105
9107
9113
9114
9117
9118
9119
9135
9137
9143
9143
9148
9154
9154
9156
9157
9160
9162
9164
9167
9169
9175
9176
9182
9184
9193
9195
9201
9201
9202
9204
9206
9217
9219
9223
9225
9228
9233
9233
9239
9239
9245
9245
9247
9254
9261
9263
9265
9268
9269
9275
9281
9285
9299
9299
9302
9305
9305
9306
9308
9310
9313
9318
9329
9341
9342
9342
9343
9344
9344
9348
9353
9361
9364
9365
9370
9373
9389
9389
9390
9399
9405
9409
9416
9419
9419
9419
9422
9428
9428
9435
9435
9440
9441
9448
9450
9452
9455
9460
9465
9481
9485
9485
9486
9489
9490
9495
9497
9503
9517
9526
9527
9528
9531
9538
9542
9542
9549
9550
9552
9554
9561
9569
9569
9570
9571
9574
9574
9575
9577
9581
9590
9593
9596
9596
9599
9599
9600
9600
9601
9601
9602
9611
9614
9616
9617
9619
9621
9623
9623
9626
9628
9628
9633
9636
9645
9647
9650
9654
9656
9657
9660
9669
9670
9678
9679
9681
9681
9683
9684
9686
9688
9689
9694
9697
9697
9701
9702
9705
9705
9710
9714
9722
9722
9724
9726
9726
9727
9732
9738
9739
9739
9740
9741
9741
9741
9748
9750
9755
9763
9767
9773
9775
9781
9785
9785
9786
9793
9797
9798
9799
9799
9799
9799
9804
9805
9807
9809
9813
9816
9816
9816
9823
9832
9836
9837
9843
9847
9847
9861
9863
9864
9867
9868
9870
9873
9874
9877
9878
9879
9881
9883
9884
9887
9888
9889
9892
9893
9894
9897
9901
9907
9907
9917
9919
9927
9932
9933
9949
9962
9966
9975
9978
9978
9980
9982
9985
9990
9991
9993
9996
9997
10007
10014
10023
10030
10031
10031
10034
10034
10035
10038
10042
10043
10048
10054
10058
10061
10066
10067
10076
10077
10080
10086
10090
10093
10096
10101
10104
10106
10108
10119
10124
10136
10138
10139
10141
10142
10143
10156
10160
10171
10174
10177
10178
10178
10178
10185
10188
10192
10193
10195
10197
10198
10207
10212
10214
10216
10221
10222
10223
10224
10237
10237
10239
10240
10247
10254
10256
10280
10283
10290
10291
10293
10296
10299
10300
10302
10307
10310
10310
10314
10322
10323
10333
10339
10349
10354
10356
10357
10366
10370
10378
10378
10379
10383
10384
10390
10393
10395
10395
10396
10403
10409
10413
10414
10421
10422
10423
10437
10438
10444
10446
10453
10455
10466
10471
10472
10478
10479
10480
10486
10492
10495
10500
10502
10505
10506
10507
10511
10512
10513
10514
10516
10516
10518
10519
10525
10525
10527
10531
10540
10541
10544
10545
10549
10553
10554
10555
10555
10561
10591
10597
10606
10612
10613
10619
10625
10637
10638
10639
10639
10651
10652
10654
10658
10664
10664
10667
10668
10670
10674
10676
10678
10681
10684
10689
10690
10693
10695
10696
10697
10699
10704
10705
10706
10709
10716
10716
10719
10719
10726
10733
10736
10741
10744
10746
10746
10747
10747
10747
10749
10753
10756
10761
10767
10768
10768
10770
10773
10775
10777
10789
10789
10789
10791
10792
10793
10796
10798
10802
10804
10811
10814
10815
10822
10822
10822
10824
10825
10830
10831
10836
10838
10843
10849
10857
10861
10862
10864
10870
10874
10878
10881
10887
10893
10895
10895
10897
10897
10902
10903
10903
10908
10908
10909
10910
10915
10921
10923
10930
10932
10934
10935
10936
10937
10942
10942
10944
10949
10953
10960
10963
10964
10965
10970
10970
10972
10975
10980
10981
10982
10986
10988
10989
10990
10995
10997
11004
11007
11008
11017
11022
11025
11026
11027
11027
11038
11039
11042
11043
11044
11044
11046
11048
11050
11053
11056
11057
11058
11074
11076
11082
11093
11102
11105
11106
11108
11112
11113
11113
11114
11116
11117
11122
11122
11125
11131
11133
11134
11135
11141
11143
11148
11149
11157
11161
11167
11174
11175
11180
11181
11182
11192
11193
11203
11213
11216
11216
11219
11233
11236
11237
11239
11239
11247
11250
11251
11252
11266
11267
11269
11284
11285
11287
11287
11289
11291
11295
11301
11302
11302
11303
11303
11304
11305
11308
11323
11323
11329
11329
11336
11336
11341
11347
11348
11352
11353
11373
11374
11378
11379
11382
11385
11392
11394
11395
11404
11408
11408
11410
11410
11411
11412
11420
11421
11429
11430
11430
11433
11436
11439
11441
11450
11452
11453
11458
11464
11464
11476
11477
11479
11487
11488
11495
11496
11503
11505
11506
11506
11507
11510
11510
11510
11516
11518
11521
11523
11532
11544
11553
11555
11561
11563
11564
11569
11571
11571
11576
11578
11578
11579
11581
11586
11587
11589
11592
11599
11599
11601
11604
11605
11606
11616
11617
11620
11620
11624
11634
11635
11636
11638
11639
11639
11643
11643
11644
11645
11646
11648
11664
11669
11671
11674
11688
11695
11695
11695
11697
11697
11699
11700
11702
11703
11704
11708
11710
11711
11713
11714
11715
11718
11718
11719
11720
11721
11736
11740
11747
11749
11749
11752
11754
11756
11758
11774
11777
11779
11780
11789
11792
11792
11794
11795
11800
11809
11819
11820
11829
11830
11832
11832
11839
11841
11844
11846
11849
11849
11850
11850
11861
11862
11872
11873
11874
11876
11878
11880
11882
11883
11885
11886
11888
11890
11891
11894
11901
11912
11921
11922
11931
11937
11938
11939
11939
11941
11942
11942
11947
11955
11960
11962
11967
11968
11968
11970
11972
11973
11978
11984
11988
11992
11994
12001
12002
12005
12005
12006
12011
12014
12015
12015
12016
12018
12019
12022
12023
12023
12030
12031
12035
12037
12043
12048
12052
12056
12064
12064
12071
12072
12072
12075
12076
12076
12078
12078
12080
12082
12087
12088
12090
12097
12099
12100
12102
12103
12104
12105
12109
12113
12117
12126
12131
12133
12135
12138
12143
12146
12156
12157
12157
12161
12164
12166
12171
12171
12180
12187
12189
12195
12199
12202
12209
12215
12216
12220
12222
12224
12230
12233
12243
12245
12246
12255
12258
12259
12262
12265
12265
12266
12272
12278
12279
12280
12281
12283
12288
12289
12291
12291
12293
12300
12300
12300
12303
12304
12306
12308
12308
12309
12316
12318
12322
12322
12323
12325
12327
12327
12329
12329
12334
12339
12339
12341
12344
12346
12353
12357
12359
12365
12366
12377
12389
12394
12397
12398
12400
12408
12410
12411
12413
12414
12417
12427
12430
12431
12432
12433
12437
12438
12438
12439
12440
12445
12447
12448
12464
12474
12475
12476
12477
12477
12478
12479
12483
12483
12484
12484
12487
12489
12490
12491
12492
12496
12500
12513
12517
12517
12527
12537
12542
12551
12552
12553
12555
12556
12557
12560
12560
12567
12572
12573
12573
12574
12575
12584
12584
12588
12590
12592
12593
12594
12595
12595
12600
12602
12607
12610
12616
12617
12618
12620
12624
12624
12638
12641
12644
12646
12646
12652
12658
12661
12662
12666
12666
12668
12669
12669
12672
12675
12676
12678
12681
12686
12690
12694
12695
12699
12699
12704
12709
12711
12714
12718
12719
12721
12722
12723
12725
12728
12730
12732
12732
12734
12736
12736
12736
12737
12740
12743
12748
12751
12753
12758
12760
12768
12768
12777
12778
12779
12784
12791
12797
12798
12801
12803
12803
12806
12809
12811
12813
12816
12820
12821
12824
12836
12836
12838
12844
12848
12850
12857
12858
12866
12869
12873
12874
12877
12880
12880
12881
12885
12889
12892
12895
12895
12897
12897
12898
12905
12906
12910
12917
12919
12929
12930
12932
12935
12936
12938
12946
12950
12951
12952
12952
12957
12957
12961
12974
12982
12986
12987
12987
12990
12991
12995
12999
13007
13008
13014
13016
13023
13025
13034
13039
13047
13047
13047
13056
13058
13058
13061
13062
13067
13069
13071
13076
13078
13082
13089
13100
13100
13105
13105
13106
13107
13113
13118
13121
13127
13128
13135
13138
13139
13143
13150
13151
13152
13153
13154
13157
13159
13160
13168
13174
13176
13176
13177
13177
13179
13188
13189
13191
13191
13204
13207
13210
13210
13211
13219
13228
13233
13234
13238
13247
13248
13257
13258
13261
13264
13264
13267
13267
13269
13271
13272
13274
13289
13290
13291
13299
13301
13302
13303
13307
13311
13317
13321
13326
13335
13338
13345
13345
13345
13346
13347
13360
13364
13367
13368
13369
13370
13372
13372
13374
13381
13386
13394
13397
13400
13402
13403
13406
13411
13417
13420
13423
13429
13430
13435
13436
13441
13444
13446
13448
13448
13456
13465
13465
13469
13473
13478
13481
13481
13485
13488
13496
13499
13499
13503
13505
13506
13507
13510
13511
13518
13518
13518
13522
13526
13533
13536
13541
13547
13548
13552
13560
13562
13563
13566
13566
13572
13575
13581
13589
13591
13593
13593
13596
13607
13613
13613
13614
13616
13621
13624
13634
13635
13637
13639
13641
13642
13644
13645
13651
13652
13660
13663
13666
13672
13674
13678
13684
13686
13693
13695
13696
13698
13702
13702
13705
13705
13705
13707
13715
13715
13720
13722
13729
13733
13736
13737
13738
13739
13739
13743
13745
13747
13750
13752
13756
13761
13763
13764
13771
13779
13782
13783
13788
13792
13792
13800
13800
13801
13803
13804
13804
13810
13810
13813
13816
13818
13819
13819
13821
13823
13825
13827
13831
13835
13836
13839
13841
13841
13841
13843
13846
13846
13846
13848
13850
13855
13856
13859
13859
13859
13862
13864
13868
13873
13876
13877
13883
13892
13894
13895
13896
13898
13898
13908
13911
13912
13914
13918
13922
13924
13933
13941
13949
13953
13953
13962
13962
13964
13975
13980
13981
13981
13987
13991
13992
13992
13993
13994
13999
14003
14006
14011
14013
14016
14017
14019
14020
14025
14027
14031
14036
14040
14048
14063
14064
14065
14065
14066
14066
14066
14073
14078
14079
14080
14082
14083
14093
14093
14094
14095
14099
14104
14107
14109
14115
14117
14126
14127
14132
14141
14146
14154
14154
14162
14164
14167
14168
14170
14181
14184
14184
14184
14187
14190
14193
14197
14204
14205
14207
14212
14215
14225
14233
14234
14242
14244
14244
14245
14249
14255
14256
14256
14270
14273
14274
14278
14280
14285
14287
14290
14292
14293
14296
14297
14298
14303
14305
14309
14324
14324
14331
14342
14344
14344
14358
14358
14360
14363
14363
14364
14373
14377
14378
14382
14386
14389
14389
14392
14394
14397
14397
14400
14405
14406
14407
14408
14411
14413
14418
14428
14429
14431
14435
14435
14441
14443
14444
14444
14444
14456
14463
14464
14467
14469
14473
14473
14480
14481
14482
14485
14486
14489
14495
14496
14496
14497
14501
14503
14505
14507
14507
14510
14513
14519
14523
14524
14528
14532
14537
14538
14538
14539
14543
14551
14555
14561
14565
14566
14571
14572
14573
14579
14580
14580
14583
14588
14589
14591
14591
14592
14594
14596
14596
14602
14604
14606
14609
14613
14615
14616
14624
14634
14639
14641
14644
14648
14652
14654
14656
14658
14660
14661
14665
14666
14669
14669
14673
14673
14673
14675
14681
14686
14692
14705
14711
14713
14715
14715
14723
14726
14729
14739
14741
14743
14747
14751
14754
14755
14757
14760
14763
14766
14772
14773
14774
14776
14782
14785
14788
14794
14800
14801
14810
14817
14818
14821
14826
14827
14828
14829
14833
14834
14837
14838
14840
14847
14850
14851
14855
14858
14863
14866
14867
14868
14879
14880
14887
14892
14899
14899
14910
14911
14914
14915
14917
14918
14931
14932
14943
14943
14945
14949
14951
14954
14954
14954
14956
14959
14965
14972
14985
14986
14989
14990
14991
14995
14996
15001
15003
15006
15007
15012
15016
15018
15020
15030
15030
15030
15030
15031
15032
15034
15034
15036
15043
15044
15053
15054
15058
15059
15067
15071
15080
15086
15096
15097
15101
15103
15104
15122
15123
15124
15124
15125
15143
15147
15148
15148
15155
15157
15160
15179
15183
15188
15189
15190
15191
15194
15196
15197
15198
15204
15205
15208
15213
15213
15215
15217
15218
15221
15228
15241
15247
15249
15256
15269
15270
15274
15275
15279
15283
15283
15283
15284
15291
15295
15297
15301
15302
15304
15305
15309
15310
15314
15319
15326
15326
15327
15332
15343
15351
15351
15359
15363
15365
15375
15376
15378
15382
15389
15399
15400
15406
15410
15410
15410
15411
15413
15413
15413
15416
15417
15421
15427
15436
15436
15439
15444
15444
15448
15449
15453
15456
15459
15460
15461
15464
15477
15483
15495
15509
15513
15517
15517
15524
15524
15526
15532
15535
15537
15539
15540
15546
15551
15555
15555
15561
15564
15567
15569
15571
15572
15577
15577
15579
15585
15595
15599
15606
15608
15609
15618
15621
15621
15632
15634
15635
15641
15641
15641
15649
15650
15661
15661
15665
15668
15673
15679
15680
15680
15683
15690
15690
15693
15697
15701
15714
15714
15715
15716
15717
15725
15728
15733
15734
15735
15742
15743
15744
15745
15749
15751
15753
15754
15757
15759
15763
15766
15769
15770
15773
15784
15786
15787
15794
15794
15795
15796
15797
15804
15813
15813
15816
15821
15823
15828
15832
15833
15834
15840
15841
15845
15855
15862
15866
15866
15873
15873
15877
15879
15881
15890
15893
15893
15895
15895
15901
15906
15918
15923
15927
15938
15940
15942
15945
15948
15948
15951
15952
15961
15965
15966
15969
15976
15976
15979
15980
15981
15981
15992
15996
15998
15999
16003
16009
16009
16011
16013
16017
16019
16029
16030
16039
16048
16051
16055
16059
16061
16069
16069
16070
16072
16080
16083
16091
16091
16101
16107
16107
16108
16111
16113
16117
16121
16122
16134
16138
16145
16152
16154
16156
16156
16157
16158
16159
16160
16163
16173
16175
16176
16186
16192
16192
16193
16193
16194
16201
16206
16207
16208
16212
16226
16234
16238
16239
16242
16244
16256
16258
16260
16262
16267
16268
16270
16271
16280
16282
16283
16288
16291
16291
16292
16292
16294
16298
16299
16301
16302
16302
16308
16311
16311
16311
16313
16318
16322
16333
16333
16333
16336
16336
16337
16338
16338
16343
16343
16346
16347
16349
16354
16355
16362
16368
16368
16371
16374
16375
16383
16391
16392
16395
16400
16404
16408
16409
16411
16418
16419
16425
16426
16431
16432
16441
16446
16448
16450
16451
16453
16457
16464
16465
16468
16476
16503
16503
16505
16509
16515
16516
16518
16520
16522
16529
16530
16530
16544
16548
16552
16567
16579
16589
16595
16598
16601
16601
16605
16610
16610
16610
16616
16625
16626
16626
16628
16630
16630
16634
16639
16641
16644
16649
16651
16652
16656
16658
16661
16662
16667
16669
16672
16673
16673
16674
16680
16681
16684
16684
16687
16690
16694
16694
16699
16701
16701
16705
16710
16712
16713
16715
16716
16717
16720
16721
16726
16728
16728
16730
16732
16734
16738
16738
16738
16741
16742
16751
16751
16768
16773
16773
16774
16776
16777
16777
16780
16784
16789
16792
16792
16800
16803
16804
16806
16811
16814
16817
16817
16819
16823
16828
16830
16830
16836
16839
16840
16850
16851
16858
16859
16860
16867
16875
16877
16877
16877
16881
16891
16897
16909
16910
16912
16923
16926
16926
16938
16948
16954
16955
16955
16959
16965
16966
16966
16967
16969
16979
16980
16981
16983
16983
16985
16988
16990
16990
17000
17000
17002
17002
17005
17007
17009
17012
17013
17017
17017
17028
17030
17032
17034
17036
17036
17039
17042
17042
17056
17057
17069
17070
17071
17089
17093
17104
17106
17123
17123
17127
17128
17128
17129
17131
17135
17137
17140
17140
17142
17148
17148
17148
17150
17153
17153
17155
17156
17160
17167
17167
17168
17170
17174
17175
17179
17183
17188
17194
17196
17197
17207
17209
17209
17210
17212
17214
17214
17215
17222
17223
17224
17225
17225
17231
17236
17240
17244
17249
17260
17260
17263
17270
17270
17273
17282
17285
17287
17288
17298
17305
17306
17307
17308
17309
17309
17311
17314
17315
17319
17319
17326
17329
17329
17338
17340
17346
17347
17352
17353
17362
17365
17366
17368
17370
17376
17377
17389
17389
17392
17394
17400
17406
17406
17408
17408
17415
17416
17416
17417
17429
17438
17438
17443
17443
17447
17455
17458
17461
17464
17470
17473
17478
17480
17484
17508
17509
17513
17514
17521
17522
17525
17531
17531
17536
17536
17537
17540
17541
17542
17545
17548
17557
17560
17562
17563
17566
17567
17568
17568
17572
17583
17585
17589
17599
17603
17606
17608
17610
17613
17614
17618
17626
17627
17630
17635
17639
17640
17647
17650
17652
17653
17656
17658
17659
17661
17664
17668
17673
17679
17680
17680
17682
17683
17692
17701
17704
17706
17715
17716
17717
17723
17723
17735
17737
17738
17738
17739
17742
17743
17743
17744
17744
17747
17748
17749
17750
17752
17753
17759
17763
17764
17765
17767
17768
17768
17776
17779
17780
17784
17806
17811
17812
17812
17814
17819
17819
17822
17825
17826
17830
17837
17839
17842
17846
17851
17853
17856
17858
17859
17863
17868
17869
17875
17877
17882
17882
17891
17892
17895
17900
17900
17902
17904
17905
17907
17917
17924
17928
17929
17930
17930
17932
17933
17941
17942
17943
17947
17949
17952
17952
17953
17953
17957
17959
17962
17963
17963
17965
17965
17966
17967
17968
17975
17979
17980
17983
17986
17987
17988
17991
17995
17996
18002
18004
18004
18005
18010
18016
18018
18019
18022
18023
18027
18032
18045
18048
18055
18060
18073
18073
18075
18076
18080
18085
18086
18086
18091
18096
18098
18103
18104
18105
18109
18115
18116
18119
18119
18121
18123
18129
18132
18139
18162
18163
18163
18168
18169
18171
18185
18188
18189
18196
18196
18202
18203
18206
18206
18214
18218
18220
18229
18234
18235
18243
18248
18250
18252
18262
18268
18274
18274
18275
18275
18281
18281
18283
18289
18294
18296
18297
18301
18303
18307
18310
18315
18320
18331
18332
18335
18338
18338
18343
18347
18353
18356
18360
18366
18372
18373
18374
18379
18379
18382
18391
18391
18402
18402
18404
18408
18409
18409
18413
18414
18418
18423
18424
18426
18426
18435
18436
18437
18438
18440
18448
18450
18451
18453
18453
18454
18456
18462
18465
18473
18486
18490
18495
18499
18501
18505
18508
18524
18525
18525
18527
18532
18534
18534
18535
18539
18543
18547
18552
18557
18560
18561
18563
18574
18577
18581
18582
18583
18584
18584
18585
18597
18599
18602
18604
18610
18616
18621
18625
18625
18629
18632
18634
18635
18639
18644
18644
18644
18644
18646
18646
18649
18649
18655
18657
18658
18660
18662
18668
18677
18678
18681
18684
18693
18696
18698
18701
18702
18702
18705
18708
18719
18720
18726
18728
18731
18733
18739
18740
18751
18751
18755
18758
18759
18759
18761
18761
18762
18762
18762
18768
18771
18771
18772
18773
18774
18780
18780
18789
18803
18806
18807
18813
18814
18816
18817
18821
18832
18838
18844
18845
18845
18852
18856
18861
18861
18866
18866
18868
18870
18871
18873
18875
18876
18882
18883
18888
18889
18894
18899
18917
18922
18923
18926
18927
18931
18934
18936
18937
18941
18941
18941
18944
18945
18946
18949
18954
18958
18958
18966
18966
18968
18970
18973
18975
18978
18979
18983
18993
18995
18995
19000
19011
19013
19031
19038
19045
19046
19051
19053
19054
19062
19069
19070
19072
19073
19076
19078
19080
19084
19096
19106
19107
19110
19112
19112
19121
19122
19127
19130
19131
19131
19132
19134
19138
19138
19145
19149
19150
19152
19153
19154
19155
19162
19166
19166
19167
19168
19175
19177
19187
19187
19196
19196
19198
19200
19201
19204
19205
19207
19209
19210
19214
19214
19219
19220
19221
19222
19222
19223
19224
19228
19230
19230
19233
19239
19243
19245
19250
19252
19252
19254
19255
19257
19258
19260
19275
19280
19284
19285
19287
19288
19291
19292
19295
19297
19299
19304
19308
19310
19314
19318
19319
19320
19324
19324
19325
19328
19330
19331
19334
19336
19347
19350
19352
19353
19356
19358
19360
19363
19368
19368
19373
19374
19374
19375
19378
19378
19381
19389
19390
19394
19394
19396
19398
19400
19403
19405
19410
19410
19416
19420
19421
19428
19431
19443
19456
19457
19459
19467
19476
19479
19481
19485
19491
19494
19495
19497
19501
19501
19502
19505
19514
19514
19518
19518
19522
19523
19525
19533
19541
19542
19544
19546
19548
19551
19552
19553
19560
19562
19565
19566
19571
19575
19579
19585
19585
19586
19588
19592
19594
19598
19599
19607
19609
19612
19616
19628
19629
19634
19640
19644
19648
19649
19649
19649
19650
19658
19670
19672
19674
19678
19687
19691
19692
19696
19696
19701
19705
19708
19710
19714
19721
19722
19724
19727
19730
19731
19741
19742
19744
19747
19751
19751
19756
19757
19767
19769
19769
19771
19776
19784
19785
19787
19788
19802
19802
19808
19813
19813
19817
19817
19817
19819
19829
19840
19841
19844
19855
19855
19858
19860
19862
19863
19863
19864
19868
19870
19871
19874
19874
19877
19880
19882
19883
19886
19887
19887
19888
19894
19901
19907
19908
19911
19913
19919
19925
19930
19930
19933
19933
19935
19940
19949
19950
19954
19956
19957
19959
19968
19971
19972
19976
19977
19979
19982
19985
19992
19993
20002
20005
20005
20005
20023
20026
20029
20031
20032
20041
20049
20049
20050
20051
20056
20056
20058
20064
20065
20066
20071
20073
20076
20078
20080
20084
20088
20091
20092
20097
20110
20110
20113
20115
20116
20123
20129
20136
20137
20141
20144
20146
20153
20154
20158
20158
20163
20174
20176
20179
20179
20180
20182
20187
20191
20193
20196
20198
20209
20212
20214
20216
20222
20223
20225
20228
20231
20234
20236
20236
20237
20238
20241
20258
20264
20268
20271
20272
20273
20274
20275
20276
20281
20283
20284
20284
20293
20296
20304
20304
20307
20308
20310
20313
20315
20316
20316
20318
20320
20321
20322
20323
20327
20327
20328
20328
20332
20333
20343
20344
20346
20347
20348
20352
20352
20361
20365
20366
20372
20374
20376
20383
20383
20384
20388
20388
20393
20396
20399
20404
20405
20406
20407
20413
20418
20421
20423
20429
20431
20432
20433
20440
20441
20442
20446
20448
20450
20451
20453
20456
20457
20458
20460
20464
20468
20469
20477
20479
20480
20483
20493
20494
20495
20495
20497
20501
20502
20503
20512
20517
20519
20522
20536
20538
20540
20543
20543
20552
20556
20557
20563
20567
20571
20578
20578
20591
20599
20602
20603
20606
20609
20616
20618
20618
20622
20624
20626
20627
20628
20629
20637
20638
20639
20640
20641
20642
20643
20643
20645
20669
20674
20676
20680
20686
20686
20687
20689
20692
20693
20695
20701
20703
20706
20708
20713
20720
20725
20727
20727
20728
20733
20735
20735
20740
20744
20745
20746
20752
20752
20754
20759
20760
20762
20768
20769
20772
20774
20775
20779
20783
20788
20789
20790
20793
20806
20806
20807
20807
20811
20811
20814
20822
20829
20832
20832
20839
20844
20848
20855
20859
20860
20860
20861
20862
20864
20865
20866
20867
20868
20869
20877
20882
20885
20888
20888
20889
20889
20895
20904
20907
20908
20910
20914
20914
20915
20921
20923
20923
20926
20930
20938
20941
20941
20947
20950
20952
20953
20956
20964
20964
20967
20974
20975
20976
20977
20980
20984
20993
20998
20999
21000
21006
21011
21012
21029
21035
21038
21039
21043
21046
21054
21056
21066
21068
21069
21070
21072
21072
21074
21074
21075
21076
21079
21083
21083
21091
21092
21094
21095
21097
21106
21107
21108
21114
21121
21127
21136
21137
21145
21149
21156
21156
21164
21169
21171
21176
21179
21180
21181
21186
21194
21203
21203
21214
21223
21234
21234
21243
21247
21248
21252
21264
21267
21268
21270
21271
21273
21286
21295
21296
21297
21305
21308
21309
21316
21316
21320
21322
21324
21328
21328
21330
21331
21332
21337
21339
21346
21347
21347
21350
21351
21352
21353
21355
21356
21358
21361
21376
21379
21381
21383
21386
21389
21392
21405
21405
21414
21419
21420
21446
21447
21448
21452
21453
21454
21458
21458
21465
21466
21472
21474
21475
21486
21487
21491
21502
21502
21516
21517
21517
21519
21520
21521
21521
21526
21527
21528
21529
21530
21531
21532
21533
21534
21535
21536
21540
21546
21549
21550
21557
21567
21572
21573
21579
21583
21583
21586
21594
21597
21599
21600
21604
21605
21605
21607
21608
21610
21612
21613
21619
21623
21636
21637
21639
21639
21647
21649
21660
21660
21661
21666
21666
21677
21679
21679
21680
21688
21688
21697
21702
21712
21716
21721
21725
21727
21731
21737
21739
21740
21742
21746
21748
21752
21757
21757
21759
21768
21771
21771
21772
21776
21777
21779
21784
21785
21786
21791
21794
21799
21802
21806
21807
21808
21811
21815
21815
21819
21821
21821
21822
21822
21822
21822
21826
21829
21831
21832
21834
21839
21843
21849
21852
21857
21859
21868
21868
21870
21875
21876
21880
21883
21887
21892
21894
21896
21902
21903
21903
21906
21906
21908
21908
21912
21914
21917
21919
21921
21922
21924
21925
21925
21931
21933
21933
21936
21944
21959
21961
21967
21975
21977
21978
21994
21995
22002
22006
22007
22008
22019
22019
22022
22025
22035
22036
22063
22066
22068
22074
22081
22086
22087
22088
22089
22090
22090
22092
22096
22105
22111
22114
22117
22117
22120
22121
22124
22128
22129
22131
22131
22143
22144
22149
22152
22160
22171
22172
22174
22177
22179
22180
22188
22192
22194
22200
22202
22203
22205
22207
22207
22211
22213
22214
22216
22216
22220
22228
22229
22231
22232
22236
22236
22236
22239
22240
22250
22251
22255
22257
22261
22264
22266
22271
22271
22276
22276
22278
22286
22291
22304
22305
22305
22308
22328
22328
22332
22333
22334
22335
22339
22341
22344
22350
22350
22350
22359
22363
22370
22370
22371
22377
22380
22381
22390
22407
22413
22414
22415
22416
22417
22420
22423
22426
22426
22427
22444
22448
22449
22462
22463
22465
22466
22470
22479
22481
22487
22494
22497
22497
22497
22500
22502
22506
22507
22510
22511
22513
22513
22533
22538
22541
22544
22544
22546
22551
22552
22556
22559
22560
22561
22563
22565
22565
22568
22568
22570
22572
22578
22579
22589
22591
22595
22600
22604
22605
22605
22606
22607
22611
22612
22613
22618
22618
22620
22623
22626
22633
22642
22646
22655
22657
22662
22668
22671
22679
22680
22688
22691
22694
22698
22708
22712
22712
22713
22716
22718
22719
22726
22732
22743
22744
22748
22749
22761
22762
22765
22766
22769
22771
22774
22776
22787
22789
22790
22790
22801
22802
22808
22810
22811
22820
22823
22824
22825
22826
22827
22837
22838
22839
22840
22842
22856
22857
22860
22861
22861
22864
22867
22880
22881
22882
22893
22898
22899
22900
22901
22909
22913
22915
22920
22921
22921
22925
22927
22930
22931
22932
22934
22937
22938
22938
22938
22938
22938
22954
22957
22962
22972
22973
22978
22979
22980
22983
22990
22996
23001
23012
23012
23015
23017
23030
23030
23032
23035
23035
23036
23036
23038
23039
23039
23042
23043
23044
23048
23050
23055
23058
23058
23063
23063
23065
23066
23066
23072
23077
23083
23088
23090
23092
23094
23101
23101
23106
23107
23108
23119
23120
23121
23127
23129
23131
23133
23142
23145
23157
23160
23161
23163
23166
23171
23172
23173
23180
23182
23187
23192
23193
23196
23197
23201
23202
23214
23223
23224
23225
23229
23233
23235
23236
23240
23242
23248
23248
23249
23253
23260
23272
23273
23279
23280
23281
23287
23289
23291
23293
23294
23295
23297
23297
23303
23303
23304
23305
23306
23311
23312
23313
23315
23318
23320
23329
23331
23332
23332
23332
23333
23336
23338
23339
23344
23347
23349
23355
23359
23371
23376
23377
23377
23380
23383
23384
23394
23396
23401
23403
23403
23409
23411
23414
23422
23429
23430
23430
23442
23442
23445
23452
23455
23461
23479
23486
23489
23491
23493
23493
23493
23496
23500
23502
23504
23505
23513
23516
23517
23517
23520
23522
23535
23537
23538
23538
23546
23556
23556
23561
23562
23571
23575
23575
23579
23580
23592
23592
23599
23603
23611
23612
23614
23615
23617
23618
23618
23620
23621
23622
23625
23630
23632
23633
23633
23635
23637
23639
23640
23643
23644
23647
23648
23649
23650
23650
23655
23658
23664
23666
23667
23672
23675
23678
23683
23683
23684
23689
23690
23691
23692
23693
23693
23695
23696
23696
23698
23699
23701
23706
23706
23712
23719
23719
23723
23723
23727
23728
23728
23729
23729
23731
23733
23736
23739
23748
23754
23754
23766
23777
23778
23782
23782
23789
23795
23798
23798
23800
23805
23806
23809
23819
23822
23823
23824
23827
23830
23831
23834
23836
23837
23840
23841
23841
23844
23847
23851
23854
23855
23857
23864
23870
23870
23875
23878
23886
23887
23893
23897
23903
23903
23904
23904
23910
23913
23917
23919
23921
23925
23925
23925
23933
23934
23936
23936
23949
23951
23957
23957
23957
23963
23965
23965
23967
23968
23972
23978
23978
23981
23982
23983
23988
23989
23991
23996
23998
24002
24007
24008
24016
24018
24019
24021
24022
24023
24032
24034
24035
24037
24043
24045
24046
24052
24052
24055
24056
24059
24059
24060
24064
24078
24085
24086
24090
24093
24096
24097
24106
24113
24115
24115
24121
24126
24127
24128
24129
24131
24135
24139
24142
24145
24145
24146
24146
24147
24149
24150
24151
24154
24154
24156
24157
24158
24166
24167
24169
24173
24174
24179
24181
24188
24191
24197
24205
24207
24208
24209
24209
24217
24218
24218
24222
24225
24233
24233
24237
24239
24240
24248
24250
24250
24252
24256
24262
24266
24268
24271
24276
24278
24284
24285
24285
24287
24289
24291
24294
24297
24298
24299
24312
24320
24321
24332
24340
24343
24346
24353
24355
24356
24362
24368
24369
24371
24381
24381
24382
24384
24388
24392
24397
24398
24400
24404
24413
24418
24419
24420
24425
24426
24432
24436
24440
24445
24447
24449
24457
24458
24459
24459
24461
24463
24463
24464
24468
24469
24472
24475
24475
24477
24481
24487
24487
24488
24494
24496
24499
24501
24503
24503
24509
24511
24513
24518
24519
24519
24522
24532
24533
24534
24535
24540
24541
24544
24544
24575
24583
24588
24589
24591
24592
24595
24596
24600
24604
24606
24607
24609
24611
24617
24620
24620
24621
24625
24631
24641
24643
24645
24653
24656
24659
24661
24662
24666
24666
24666
24669
24672
24673
24675
24675
24679
24683
24686
24693
24707
24708
24709
24714
24715
24717
24719
24721
24725
24733
24734
24734
24739
24741
24756
24758
24766
24769
24770
24772
24772
24781
24789
24792
24793
24797
24806
24808
24817
24819
24823
24827
24832
24836
24837
24837
24843
24853
24856
24860
24861
24862
24865
24869
24871
24871
24871
24873
24878
24883
24887
24890
24892
24899
24900
24901
24903
24906
24920
24921
24923
24928
24934
24948
24952
24956
24956
24956
24958
24963
24968
24968
24977
24978
24978
24980
24985
24986
24992
24999
24999
25005
25013
25017
25018
25019
25022
25023
25026
25028
25034
25035
25036
25038
25045
25050
25061
25064
25065
25067
25069
25072
25073
25074
25076
25082
25082
25083
25084
25087
25088
25093
25097
25101
25101
25106
25113
25113
25115
25115
25119
25121
25131
25133
25139
25140
25143
25148
25149
25157
25166
25167
25176
25178
25178
25178
25179
25183
25190
25191
25195
25195
25195
25201
25202
25202
25205
25206
25206
25207
25209
25209
25209
25225
25226
25227
25229
25232
25234
25235
25238
25246
25246
25258
25258
25261
25267
25268
25268
25269
25270
25270
25271
25271
25276
25280
25283
25283
25289
25292
25293
25300
25306
25307
25308
25308
25313
25317
25319
25320
25323
25326
25328
25332
25335
25337
25341
25341
25347
25348
25350
25353
25354
25355
25356
25358
25360
25362
25365
25367
25370
25372
25373
25375
25376
25377
25379
25380
25383
25386
25388
25388
25391
25391
25393
25393
25401
25404
25405
25405
25408
25411
25412
25435
25436
25447
25448
25450
25450
25451
25455
25464
25465
25469
25472
25473
25485
25485
25486
25486
25488
25491
25492
25498
25501
25506
25507
25511
25513
25513
25517
25522
25522
25526
25527
25530
25531
25534
25534
25545
25546
25547
25549
25549
25549
25550
25553
25567
25567
25567
25568
25571
25575
25586
25591
25592
25593
25596
25601
25602
25604
25605
25615
25616
25616
25619
25630
25632
25634
25637
25637
25638
25640
25644
25644
25646
25653
25655
25666
25668
25670
25673
25676
25677
25677
25677
25680
25685
25690
25691
25694
25697
25699
25703
25706
25716
25719
25720
25722
25725
25725
25726
25729
25732
25735
25735
25735
25736
25737
25737
25740
25747
25748
25750
25752
25757
25762
25764
25771
25773
25782
25782
25789
25789
25790
25794
25794
25795
25799
25800
25806
25809
25811
25814
25815
25822
25824
25826
25829
25829
25837
25853
25858
25868
25869
25879
25879
25881
25882
25884
25885
25887
25890
25894
25904
25904
25907
25909
25911
25912
25916
25918
25920
25927
25931
25934
25934
25934
25938
25939
25945
25947
25949
25950
25951
25953
25955
25959
25964
25969
25972
25974
25975
25976
25978
25979
25984
25987
25988
25991
26000
26000
26006
26009
26010
26013
26013
26014
26018
26018
26018
26021
26024
26031
26035
26037
26039
26057
26057
26058
26064
26076
26076
26082
26088
26089
26091
26092
26099
26100
26101
26102
26104
26105
26109
26113
26120
26125
26125
26134
26137
26143
26151
26153
26154
26156
26171
26182
26183
26187
26188
26194
26199
26213
26214
26218
26221
26225
26225
26226
26228
26228
26232
26234
26235
26239
26240
26243
26244
26252
26255
26258
26259
26265
26271
26278
26281
26281
26281
26282
26283
26285
26289
26289
26291
26291
26294
26296
26297
26298
26300
26300
26303
26303
26307
26308
26316
26323
26323
26323
26325
26327
26329
26331
26332
26333
26341
26355
26355
26356
26358
26371
26372
26376
26380
26381
26383
26385
26386
26388
26394
26394
26395
26403
26405
26405
26409
26415
26416
26418
26426
26430
26433
26434
26435
26436
26436
26436
26443
26443
26452
26452
26453
26456
26457
26457
26458
26460
26461
26472
26478
26482
26483
26487
26491
26494
26499
26500
26503
26512
26512
26519
26521
26523
26527
26529
26530
26533
26533
26536
26539
26543
26549
26550
26552
26556
26560
26560
26563
26570
26574
26575
26576
26579
26581
26590
26592
26592
26594
26598
26611
26611
26613
26616
26621
26622
26622
26627
26631
26632
26632
26633
26636
26638
26643
26647
26657
26663
26665
26670
26674
26681
26683
26684
26688
26688
26690
26702
26711
26715
26723
26726
26727
26735
26737
26740
26741
26744
26746
26757
26758
26760
26766
26770
26771
26773
26776
26780
26788
26790
26791
26792
26795
26798
26802
26807
26810
26812
26815
26815
26815
26815
26819
26821
26826
26828
26832
26834
26835
26836
26839
26842
26843
26844
26845
26850
26861
26862
26870
26870
26874
26874
26875
26884
26884
26885
26886
26889
26896
26898
26899
26903
26905
26905
26907
26907
26911
26915
26916
26917
26920
26920
26923
26926
26930
26937
26940
26943
26944
26945
26946
26952
26955
26955
26959
26959
26959
26962
26964
26972
26978
26980
26982
26986
26989
26993
26994
27004
27005
27006
27006
27007
27012
27013
27014
27018
27019
27020
27021
27023
27024
27025
27027
27035
27037
27038
27043
27050
27050
27061
27064
27064
27065
27069
27070
27074
27076
27078
27078
27081
27093
27093
27095
27096
27104
27107
27108
27109
27111
27111
27112
27114
27116
27117
27118
27121
27122
27126
27127
27152
27156
27161
27161
27161
27164
27165
27167
27168
27174
27174
27178
27185
27189
27190
27195
27202
27203
27203
27213
27221
27221
27228
27234
27235
27236
27241
27245
27246
27246
27249
27252
27256
27260
27270
27271
27275
27277
27283
27287
27287
27293
27295
27299
27300
27302
27304
27307
27309
27310
27311
27312
27318
27319
27319
27325
27326
27332
27333
27335
27337
27343
27347
27349
27351
27351
27355
27356
27359
27360
27361
27363
27363
27369
27372
27378
27382
27383
27399
27405
27411
27415
27416
27417
27419
27420
27428
27429
27429
27432
27432
27441
27453
27461
27466
27470
27470
27471
27471
27477
27477
27479
27480
27481
27485
27488
27498
27502
27505
27507
27508
27508
27509
27512
27525
27526
27527
27528
27529
27531
27532
27533
27539
27545
27547
27547
27549
27550
27563
27565
27576
27578
27582
27594
27596
27596
27597
27598
27598
27598
27599
27601
27602
27604
27605
27610
27610
27613
27616
27617
27617
27622
27630
27633
27638
27639
27640
27651
27655
27656
27661
27662
27666
27667
27674
27676
27677
27681
27681
27684
27685
27687
27695
27699
27699
27703
27705
27706
27706
27707
27713
27715
27722
27723
27727
27742
27743
27744
27744
27746
27748
27752
27753
27760
27762
27770
27773
27779
27784
27793
27794
27800
27800
27804
27808
27808
27824
27826
27831
27831
27832
27833
27835
27850
27854
27872
27880
27884
27886
27888
27889
27889
27891
27895
27897
27898
27903
27909
27912
27912
27917
27917
27922
27923
27925
27927
27930
27930
27939
27941
27942
27947
27949
27953
27954
27955
27961
27966
27970
27971
27976
27977
27979
27982
27990
27992
27993
27993
27995
28000
28002
28006
28007
28014
28015
28015
28018
28020
28020
28021
28025
28037
28039
28040
28053
28054
28056
28058
28068
28068
28069
28073
28075
28087
28092
28094
28109
28111
28112
28112
28115
28127
28130
28132
28133
28134
28141
28143
28146
28148
28150
28154
28154
28155
28169
28169
28169
28175
28176
28176
28178
28178
28181
28183
28183
28183
28184
28188
28191
28191
28191
28192
28205
28207
28211
28212
28213
28219
28220
28224
28224
28226
28228
28229
28230
28231
28233
28234
28234
28235
28235
28243
28243
28244
28244
28251
28257
28257
28261
28267
28276
28277
28280
28280
28283
28285
28288
28288
28290
28295
28298
28300
28301
28304
28306
28310
28311
28316
28318
28318
28318
28320
28321
28321
28322
28322
28323
28326
28328
28328
28331
28332
28333
28337
28347
28348
28357
28358
28361
28368
28370
28371
28380
28383
28384
28388
28393
28394
28394
28400
28401
28405
28406
28410
28419
28420
28426
28431
28435
28436
28436
28439
28439
28443
28446
28446
28449
28450
28453
28455
28463
28466
28471
28475
28479
28483
28484
28485
28489
28492
28501
28502
28502
28504
28507
28508
28509
28512
28520
28523
28524
28525
28530
28531
28531
28532
28540
28541
28545
28547
28549
28554
28556
28557
28557
28560
28563
28565
28567
28571
28572
28574
28583
28583
28605
28610
28611
28611
28616
28621
28629
28631
28632
28632
28638
28642
28650
28651
28654
28656
28659
28660
28664
28667
28675
28676
28676
28678
28679
28680
28683
28686
28689
28691
28691
28696
28697
28698
28699
28701
28704
28704
28705
28709
28713
28713
28722
28724
28727
28752
28752
28753
28754
28754
28760
28761
28763
28766
28768
28770
28778
28779
28788
28789
28794
28799
28800
28804
28810
28810
28819
28822
28824
28831
28833
28835
28843
28852
28852
28859
28861
28863
28866
28877
28878
28878
28883
28888
28894
28896
28898
28902
28909
28910
28912
28916
28923
28927
28928
28930
28943
28948
28952
28959
28959
28962
28964
28968
28971
28972
28978
28984
28984
28985
28991
28999
29005
29008
29009
29009
29011
29012
29016
29018
29019
29025
29026
29027
29035
29036
29043
29044
29045
29052
29052
29053
29055
29056
29061
29064
29065
29066
29067
29069
29070
29071
29074
29077
29080
29101
29103
29104
29108
29110
29113
29119
29121
29123
29125
29126
29126
29131
29132
29133
29136
29139
29148
29149
29154
29155
29158
29163
29163
29164
29165
29166
29168
29169
29169
29169
29170
29170
29173
29173
29176
29176
29178
29180
29181
29182
29188
29189
29189
29190
29191
29202
29207
29213
29215
29215
29215
29220
29222
29224
29227
29236
29241
29254
29254
29257
29261
29268
29276
29280
29280
29280
29283
29284
29284
29285
29287
29287
29288
29289
29294
29319
29320
29323
29325
29332
29346
29347
29351
29354
29356
29362
29380
29386
29386
29387
29388
29398
29401
29403
29407
29416
29418
29420
29421
29424
29424
29431
29450
29454
29454
29459
29460
29462
29462
29463
29466
29466
29469
29471
29476
29479
29481
29484
29485
29487
29487
29490
29493
29514
29529
29530
29531
29533
29536
29538
29548
29555
29556
29557
29560
29565
29573
29577
29580
29583
29584
29585
29585
29586
29589
29590
29590
29595
29596
29597
29599
29605
29605
29609
29626
29626
29631
29631
29634
29650
29653
29656
29657
29658
29666
29667
29670
29672
29678
29683
29685
29686
29693
29695
29699
29700
29700
29701
29705
29707
29708
29709
29713
29713
29723
29731
29735
29735
29740
29745
29752
29754
29755
29755
29761
29762
29769
29777
29779
29783
29785
29786
29789
29789
29789
29793
29794
29801
29805
29806
29810
29812
29812
29816
29818
29818
29820
29828
29829
29832
29836
29841
29842
29847
29866
29869
29873
29876
29877
29881
29887
29887
29889
29893
29895
29898
29901
29902
29903
29906
29911
29911
29911
29912
29915
29916
29916
29920
29921
29921
29928
29929
29930
29936
29945
29948
29950
29953
29953
29957
29965
29965
29966
29967
29971
29973
29974
29974
29980
29980
29981
29981
29985
29994
29994
29995
29996
29998
30000
30003
30006
30009
30014
30015
30017
30018
30019
30023
30027
30029
30032
30034
30035
30035
30037
30043
30044
30045
30047
30048
30052
30054
30055
30061
30062
30067
30069
30069
30079
30081
30084
30084
30088
30092
30095
30095
30095
30097
30098
30103
30104
30109
30110
30113
30115
30115
30120
30123
30126
30129
30130
30135
30141
30144
30144
30149
30159
30172
30190
30191
30191
30196
30199
30201
30203
30208
30208
30212
30216
30217
30218
30221
30223
30224
30224
30227
30227
30231
30232
30232
30234
30237
30242
30247
30250
30251
30255
30256
30257
30263
30267
30268
30270
30271
30289
30294
30294
30295
30297
30298
30302
30304
30309
30311
30326
30328
30329
30329
30332
30332
30334
30337
30342
30353
30356
30359
30361
30364
30367
30369
30369
30377
30379
30382
30386
30393
30402
30404
30408
30408
30419
30419
30422
30437
30447
30455
30459
30463
30463
30465
30468
30470
30470
30479
30479
30485
30486
30491
30496
30497
30505
30521
30535
30544
30547
30549
30551
30555
30556
30557
30557
30558
30558
30572
30573
30580
30583
30586
30587
30591
30592
30595
30595
30597
30600
30601
30603
30608
30609
30613
30613
30623
30627
30627
30632
30634
30636
30637
30637
30638
30640
30642
30643
30644
30653
30655
30660
30671
30672
30675
30676
30682
30684
30685
30685
30705
30706
30706
30707
30710
30713
30714
30715
30716
30718
30730
30734
30741
30745
30745
30747
30751
30755
30758
30762
30764
30764
30765
30772
30775
30787
30787
30789
30790
30791
30793
30802
30805
30806
30806
30815
30818
30824
30824
30826
30836
30836
30838
30838
30844
30850
30851
30851
30851
30853
30854
30855
30858
30858
30864
30864
30866
30870
30875
30877
30878
30883
30886
30888
30890
30894
30901
30902
30907
30912
30915
30925
30928
30939
30939
30941
30947
30948
30948
30959
30960
30961
30962
30965
30965
30966
30972
30974
30982
30982
30983
30993
30994
30998
31006
31023
31026
31031
31032
31033
31042
31047
31051
31051
31052
31052
31056
31061
31062
31063
31063
31065
31067
31069
31072
31072
31077
31084
31108
31116
31120
31125
31126
31130
31131
31131
31132
31133
31135
31136
31136
31137
31141
31141
31145
31147
31147
31149
31157
31159
31163
31165
31166
31173
31174
31176
31177
31178
31181
31182
31182
31183
31183
31194
31197
31201
31203
31211
31214
31217
31221
31225
31231
31233
31239
31241
31243
31247
31254
31256
31260
31263
31264
31266
31267
31273
31276
31276
31278
31283
31283
31284
31285
31290
31291
31293
31294
31294
31302
31304
31308
31310
31312
31326
31328
31330
31330
31332
31335
31336
31341
31344
31349
31351
31355
31358
31360
31366
31368
31368
31374
31377
31377
31383
31385
31387
31391
31402
31416
31419
31420
31426
31428
31435
31435
31436
31437
31443
31446
31452
31453
31456
31458
31459
31466
31467
31467
31468
31468
31469
31470
31470
31487
31491
31495
31499
31503
31503
31507
31507
31508
31512
31513
31516
31517
31524
31528
31528
31530
31530
31535
31544
31549
31551
31556
31561
31561
31562
31563
31566
31567
31572
31578
31578
31578
31581
31586
31593
31594
31597
31598
31598
31599
31602
31602
31608
31609
31612
31613
31614
31615
31616
31616
31617
31621
31622
31627
31627
31628
31630
31634
31635
31636
31651
31652
31659
31660
31662
31668
31669
31669
31669
31678
31683
31688
31689
31695
31700
31701
31704
31704
31705
31705
31706
31715
31715
31717
31719
31734
31734
31748
31755
31756
31757
31757
31759
31760
31771
31772
31772
31772
31777
31780
31786
31787
31789
31790
31792
31793
31794
31799
31800
31800
31809
31814
31817
31818
31830
31831
31831
31832
31832
31833
31837
31839
31841
31848
31855
31858
31859
31860
31861
31861
31862
31864
31866
31871
31879
31885
31887
31891
31891
31896
31898
31902
31904
31904
31910
31911
31920
31922
31926
31930
31931
31932
31935
31936
31936
31937
31940
31945
31950
31951
31955
31958
31961
31971
31980
31980
31981
31983
31984
31988
31996
31998
32027
32031
32034
32038
32042
32044
32056
32059
32086
32091
32097
32101
32104
32119
32122
32130
32133
32139
32141
32146
32146
32166
32173
32173
32178
32189
32189
32189
32192
32193
32194
32194
32197
32198
32199
32202
32206
32207
32211
32216
32220
32221
32225
32234
32235
32243
32256
32259
32266
32270
32278
32287
32290
32292
32293
32293
32296
32302
32303
32305
32305
32307
32317
32321
32322
32325
32328
32330
32336
32338
32340
32341
32343
32344
32348
32352
32353
32354
32356
32358
32360
32360
32363
32367
32374
32382
32383
32385
32386
32388
32393
32396
32400
32400
32405
32408
32415
32418
32418
32422
32422
32423
32423
32427
32428
32429
32436
32441
32442
32443
32444
32446
32449
32457
32458
32461
32471
32479
32492
32497
32501
32506
32507
32508
32514
32516
32516
32519
32520
32522
32523
32528
32530
32530
32530
32532
32537
32539
32553
32559
32565
32578
32578
32579
32585
32586
32588
32592
32599
32600
32600
32601
32603
32606
32607
32608
32613
32620
32623
32627
32630
32636
32645
32646
32651
32667
32667
32668
32675
32679
32681
32685
32686
32687
32688
32691
32695
32699
32702
32705
32706
32708
32714
32719
32724
32725
32727
32736
32739
32741
32742
32747
32748
32749
32757
32760
32764
32764
32765
32767
32767
