1
1
10
11
13
14
16
17
21
23
26
28
30
31
33
35
37
40
40
41
41
43
46
54
56
60
64
81
88
92
94
99
100
102
106
110
116
116
119
120
121
122
122
130
135
136
156
157
159
159
169
171
171
173
174
174
178
178
179
187
194
195
200
201
207
212
213
216
221
222
223
224
227
230
237
237
238
241
249
252
257
257
261
261
264
265
269
275
277
278
278
280
281
281
300
300
302
303
303
306
306
307
311
317
324
336
338
344
351
352
355
359
361
364
365
366
367
368
369
374
375
375
380
382
384
388
388
389
392
393
393
393
398
406
407
407
410
413
418
419
421
422
422
424
424
441
445
450
451
452
468
476
476
476
489
495
497
507
511
518
521
521
525
525
531
532
534
537
544
545
549
551
556
558
561
566
567
568
568
571
577
581
590
594
594
595
601
610
612
613
619
623
623
625
629
629
630
633
635
642
642
644
647
652
655
658
660
660
662
671
671
672
672
674
675
685
702
709
709
713
715
721
723
725
725
727
727
731
735
736
740
748
750
750
757
760
761
766
766
767
767
768
770
772
774
784
785
788
789
790
792
794
794
801
808
808
813
816
816
820
820
823
823
824
826
828
832
840
841
841
843
845
849
858
859
859
859
863
863
865
872
874
876
877
878
889
893
894
903
906
907
912
915
915
919
921
922
922
924
924
926
932
935
937
942
942
944
946
946
947
949
956
958
958
968
971
971
972
982
984
990
992
995
999
1000
1005
1009
1009
1011
1013
1017
1022
1024
1031
1049
1059
1060
1061
1073
1073
1083
1085
1089
1092
1093
1094
1099
1100
1103
1107
1110
1110
1112
1120
1121
1136
1136
1139
1144
1146
1147
1151
1154
1156
1157
1158
1162
1163
1165
1167
1167
1170
1182
1184
1185
1187
1189
1189
1194
1199
1211
1213
1225
1231
1232
1233
1234
1235
1238
1240
1243
1250
1253
1255
1257
1258
1260
1262
1268
1277
1286
1288
1290
1292
1292
1296
1296
1299
1301
1302
1311
1312
1317
1320
1320
1321
1324
1324
1324
1328
1328
1334
1335
1335
1336
1341
1341
1345
1346
1347
1360
1363
1364
1369
1369
1374
1376
1378
1380
1381
1385
1387
1391
1393
1397
1399
1404
1407
1408
1409
1410
1414
1421
1421
1422
1429
1433
1437
1438
1446
1456
1457
1460
1461
1464
1465
1470
1474
1480
1488
1490
1495
1495
1496
1500
1501
1501
1510
1515
1516
1523
1524
1525
1530
1536
1536
1539
1553
1559
1560
1560
1563
1563
1570
1574
1579
1582
1584
1586
1590
1592
1595
1599
1599
1609
1610
1614
1620
1629
1629
1632
1632
1633
1641
1641
1641
1642
1648
1648
1649
1656
1658
1660
1661
1662
1662
1665
1670
1673
1676
1680
1681
1683
1689
1690
1691
1692
1705
1706
1707
1708
1710
1711
1715
1717
1718
1719
1722
1733
1735
1739
1740
1745
1749
1750
1755
1757
1758
1758
1764
1766
1767
1767
1768
1768
1771
1777
1778
1784
1787
1787
1792
1792
1794
1795
1803
1803
1805
1807
1807
1815
1816
1821
1830
1832
1836
1837
1840
1841
1845
1848
1851
1852
1852
1853
1856
1856
1857
1871
1872
1873
1874
1875
1878
1882
1892
1898
1898
1901
1904
1908
1913
1914
1914
1916
1918
1919
1920
1921
1922
1926
1934
1938
1954
1956
1961
1962
1964
1967
1968
1973
1975
1976
1983
1984
1985
1991
1992
1993
1993
1998
1998
2005
2006
2010
2013
2015
2016
2022
2023
2025
2026
2047
2053
2060
2060
2061
2066
2068
2073
2076
2077
2083
2084
2086
2089
2089
2099
2109
2110
2113
2116
2117
2128
2128
2129
2131
2138
2141
2142
2145
2149
2150
2152
2158
2163
2163
2167
2185
2185
2188
2189
2192
2198
2200
2209
2213
2216
2218
2218
2224
2225
2237
2241
2242
2245
2248
2249
2250
2256
2260
2261
2262
2263
2268
2269
2280
2288
2288
2290
2293
2303
2304
2305
2307
2311
2311
2312
2313
2313
2314
2317
2322
2323
2327
2327
2329
2332
2334
2334
2342
2342
2343
2345
2345
2347
2351
2352
2355
2357
2367
2375
2383
2388
2398
2399
2401
2402
2405
2406
2413
2415
2416
2419
2419
2422
2425
2428
2436
2438
2442
2442
2444
2447
2448
2452
2453
2453
2458
2461
2463
2464
2466
2467
2471
2471
2479
2486
2491
2495
2498
2503
2504
2514
2516
2516
2520
2520
2525
2530
2533
2536
2537
2538
2541
2541
2544
2546
2547
2549
2553
2554
2555
2555
2558
2558
2560
2578
2581
2586
2586
2595
2604
2606
2607
2608
2611
2613
2616
2619
2620
2621
2623
2630
2632
2634
2635
2635
2635
2644
2648
2650
2653
2657
2661
2664
2671
2685
2687
2691
2691
2694
2700
2701
2703
2703
2704
2704
2715
2715
2726
2726
2727
2733
2740
2743
2744
2748
2750
2751
2751
2751
2753
2758
2759
2760
2767
2767
2768
2771
2771
2776
2779
2780
2780
2787
2788
2799
2800
2801
2803
2814
2816
2819
2827
2828
2829
2830
2832
2836
2847
2861
2861
2866
2870
2875
2877
2884
2885
2887
2887
2891
2896
2902
2906
2907
2911
2913
2914
2914
2916
2925
2927
2931
2932
2933
2940
2950
2956
2960
2960
2967
2970
2975
2979
2981
2982
2982
2993
2997
2997
2997
2998
2998
3004
3008
3022
3022
3031
3041
3044
3045
3046
3049
3051
3052
3053
3054
3057
3058
3060
3067
3068
3074
3075
3079
3086
3092
3102
3105
3106
3109
3116
3117
3119
3126
3127
3134
3134
3135
3140
3141
3144
3148
3153
3156
3159
3160
3162
3166
3168
3170
3174
3177
3179
3180
3185
3193
3195
3200
3201
3211
3213
3215
3218
3218
3220
3221
3223
3227
3227
3230
3239
3241
3244
3245
3248
3250
3251
3256
3265
3266
3268
3268
3269
3274
3277
3277
3280
3281
3283
3286
3289
3292
3294
3295
3298
3301
3303
3305
3306
3307
3308
3311
3317
3325
3334
3347
3354
3355
3358
3365
3368
3372
3381
3381
3382
3384
3388
3389
3392
3393
3394
3397
3397
3397
3398
3399
3401
3405
3409
3411
3417
3418
3419
3424
3425
3429
3430
3432
3432
3433
3445
3447
3449
3457
3457
3459
3459
3460
3464
3467
3468
3470
3471
3475
3475
3490
3491
3495
3496
3496
3496
3498
3500
3504
3511
3513
3518
3524
3525
3531
3532
3533
3533
3534
3537
3537
3550
3550
3555
3558
3558
3566
3566
3571
3574
3576
3581
3585
3587
3587
3588
3592
3593
3595
3597
3605
3606
3606
3608
3610
3611
3612
3613
3616
3618
3623
3625
3628
3632
3632
3637
3641
3641
3647
3649
3659
3662
3671
3673
3676
3678
3682
3687
3689
3691
3695
3700
3704
3712
3717
3724
3725
3735
3738
3742
3749
3751
3753
3753
3755
3758
3759
3776
3776
3777
3778
3782
3784
3784
3785
3787
3789
3799
3804
3807
3810
3815
3817
3820
3824
3825
3825
3827
3828
3833
3837
3838
3841
3848
3856
3856
3858
3860
3867
3867
3867
3868
3870
3874
3877
3877
3889
3889
3889
3890
3893
3896
3897
3897
3902
3902
3903
3904
3904
3909
3918
3919
3926
3936
3936
3940
3951
3951
3959
3961
3961
3962
3967
3971
3973
3974
3975
3979
3991
3997
3998
3999
3999
4000
4002
4006
4007
4010
4019
4023
4024
4025
4028
4028
4038
4045
4055
4057
4061
4063
4067
4075
4078
4083
4083
4083
4084
4088
4103
4110
4111
4111
4113
4118
4120
4125
4129
4130
4132
4134
4136
4137
4139
4139
4144
4149
4149
4151
4152
4152
4154
4161
4169
4171
4178
4179
4180
4181
4181
4183
4188
4191
4192
4192
4196
4198
4203
4205
4205
4216
4217
4229
4231
4233
4234
4234
4237
4240
4242
4242
4244
4245
4251
4256
4262
4269
4273
4278
4289
4289
4292
4292
4294
4294
4305
4306
4313
4316
4320
4324
4325
4334
4337
4338
4342
4344
4353
4354
4362
4362
4364
4366
4368
4368
4369
4369
4370
4389
4389
4389
4391
4394
4400
4400
4401
4407
4410
4411
4419
4419
4419
4421
4427
4428
4435
4435
4441
4441
4443
4444
4451
4451
4458
4459
4462
4463
4466
4471
4473
4477
4484
4485
4495
4503
4504
4505
4508
4532
4541
4546
4557
4558
4563
4566
4572
4586
4588
4588
4591
4592
4596
4607
4608
4611
4612
4615
4623
4626
4628
4630
4631
4632
4637
4641
4644
4653
4656
4659
4672
4683
4684
4684
4687
4687
4693
4694
4695
4697
4697
4698
4701
4706
4707
4709
4710
4716
4722
4728
4734
4734
4735
4738
4738
4739
4748
4748
4753
4755
4755
4755
4755
4756
4756
4757
4761
4764
4765
4771
4771
4774
4776
4781
4785
4790
4793
4793
4795
4798
4802
4805
4810
4815
4820
4823
4831
4844
4847
4847
4851
4856
4857
4870
4874
4878
4880
4881
4881
4883
4884
4886
4887
4887
4889
4890
4890
4892
4893
4899
4899
4903
4906
4910
4918
4922
4926
4932
4933
4934
4934
4935
4939
4948
4948
4953
4954
4956
4968
4970
4971
4972
4973
4981
4983
4984
4984
4986
4995
4995
5001
5001
5007
5007
5010
5010
5011
5013
5013
5025
5028
5029
5031
5033
5046
5047
5049
5050
5054
5058
5062
5065
5066
5069
5069
5070
5072
5074
5085
5085
5092
5093
5099
5100
5102
5106
5112
5114
5119
5119
5123
5125
5128
5129
5129
5131
5131
5131
5131
5141
5145
5151
5154
5154
5154
5158
5160
5160
5171
5173
5178
5178
5178
5179
5182
5184
5184
5185
5186
5188
5194
5199
5207
5211
5215
5220
5222
5226
5229
5232
5234
5234
5235
5237
5242
5243
5244
5247
5247
5252
5253
5257
5262
5264
5269
5271
5273
5273
5274
5276
5277
5280
5290
5292
5297
5298
5301
5303
5306
5318
5319
5324
5329
5330
5332
5334
5339
5340
5342
5343
5345
5350
5350
5351
5360
5361
5361
5362
5365
5365
5367
5368
5369
5374
5376
5379
5383
5383
5384
5386
5393
5394
5395
5398
5401
5401
5406
5407
5410
5410
5418
5422
5423
5425
5432
5435
5437
5442
5443
5444
5446
5448
5450
5450
5461
5464
5465
5468
5476
5480
5481
5481
5494
5505
5507
5508
5509
5510
5515
5531
5533
5537
5539
5539
5544
5547
5548
5550
5551
5551
5552
5552
5558
5560
5570
5577
5584
5586
5586
5588
5589
5589
5590
5592
5598
5598
5599
5604
5606
5617
5620
5620
5620
5620
5621
5621
5623
5625
5627
5628
5631
5635
5636
5637
5641
5645
5650
5651
5653
5659
5660
5664
5667
5668
5676
5678
5682
5682
5683
5684
5685
5696
5697
5701
5701
5702
5704
5707
5709
5712
5719
5722
5723
5723
5723
5724
5732
5735
5740
5743
5759
5759
5761
5765
5768
5775
5776
5780
5782
5783
5783
5784
5788
5788
5800
5802
5807
5810
5810
5817
5820
5820
5820
5832
5837
5841
5842
5853
5854
5859
5860
5860
5861
5864
5867
5867
5867
5867
5868
5871
5874
5875
5876
5878
5888
5893
5893
5900
5900
5901
5905
5909
5911
5915
5919
5927
5930
5935
5937
5939
5939
5949
5949
5950
5959
5960
5962
5965
5965
5966
5975
5975
5989
5993
5993
5994
5997
6001
6002
6003
6004
6007
6007
6008
6010
6012
6012
6015
6024
6025
6027
6030
6031
6031
6043
6051
6052
6055
6058
6058
6064
6070
6071
6079
6084
6086
6086
6088
6089
6093
6095
6095
6097
6100
6102
6108
6111
6114
6115
6116
6120
6122
6128
6130
6134
6146
6152
6154
6155
6159
6163
6164
6169
6172
6174
6175
6182
6184
6188
6189
6189
6200
6201
6205
6207
6208
6209
6209
6216
6216
6217
6217
6225
6228
6230
6230
6236
6238
6239
6249
6251
6269
6270
6278
6278
6284
6288
6292
6292
6296
6304
6310
6312
6312
6314
6316
6319
6322
6325
6326
6331
6332
6342
6347
6347
6354
6360
6361
6362
6362
6363
6366
6371
6372
6387
6391
6391
6393
6396
6397
6399
6403
6405
6407
6407
6413
6413
6416
6417
6417
6418
6430
6431
6432
6432
6436
6436
6441
6448
6448
6449
6460
6462
6464
6466
6467
6467
6472
6477
6479
6484
6487
6489
6489
6493
6496
6496
6497
6499
6500
6503
6507
6514
6514
6524
6531
6532
6533
6534
6535
6537
6543
6544
6544
6545
6547
6549
6550
6555
6560
6565
6566
6569
6569
6570
6576
6578
6578
6579
6585
6587
6592
6594
6595
6599
6599
6607
6608
6614
6622
6627
6627
6629
6632
6632
6634
6639
6639
6645
6652
6653
6654
6655
6659
6667
6670
6671
6671
6674
6686
6689
6691
6693
6696
6696
6696
6699
6712
6714
6718
6721
6724
6747
6747
6747
6748
6752
6752
6753
6759
6762
6762
6763
6764
6766
6768
6771
6773
6775
6780
6790
6798
6809
6818
6825
6828
6828
6834
6838
6839
6844
6846
6847
6849
6850
6854
6855
6856
6860
6861
6864
6865
6868
6872
6873
6873
6877
6879
6883
6884
6885
6891
6891
6894
6899
6904
6906
6915
6920
6929
6935
6939
6943
6945
6951
6954
6960
6961
6962
6965
6966
6969
6974
6974
6980
6982
6991
6992
6993
6993
6997
6997
6997
6998
7007
7009
7010
7011
7013
7019
7020
7022
7025
7027
7032
7043
7043
7048
7057
7066
7068
7069
7074
7077
7081
7083
7086
7086
7088
7092
7099
7102
7105
7109
7109
7113
7118
7121
7124
7127
7130
7130
7132
7134
7143
7146
7147
7150
7150
7158
7160
7168
7178
7184
7186
7189
7189
7190
7190
7197
7200
7206
7211
7217
7219
7222
7223
7229
7229
7229
7230
7231
7232
7236
7236
7237
7238
7239
7240
7241
7247
7248
7249
7250
7252
7252
7254
7257
7260
7261
7268
7269
7272
7275
7277
7278
7281
7293
7293
7294
7295
7297
7302
7315
7326
7327
7332
7333
7335
7335
7341
7343
7345
7346
7352
7353
7354
7355
7356
7357
7368
7374
7374
7386
7391
7392
7393
7394
7396
7404
7410
7412
7415
7416
7417
7441
7450
7458
7460
7461
7467
7472
7475
7476
7476
7486
7488
7489
7491
7493
7494
7495
7497
7500
7502
7505
7508
7510
7512
7523
7528
7529
7532
7532
7551
7553
7557
7565
7571
7572
7572
7575
7576
7586
7587
7591
7608
7610
7611
7625
7629
7637
7637
7641
7651
7652
7660
7664
7665
7666
7667
7669
7679
7682
7683
7684
7689
7696
7697
7699
7701
7708
7709
7714
7717
7718
7720
7721
7731
7731
7732
7734
7734
7734
7736
7738
7751
7752
7753
7755
7758
7763
7763
7772
7775
7779
7780
7781
7784
7785
7785
7800
7802
7807
7819
7824
7826
7832
7833
7835
7838
7839
7844
7845
7848
7850
7853
7857
7858
7858
7861
7864
7876
7883
7884
7885
7887
7890
7893
7894
7895
7902
7904
7910
7913
7914
7918
7921
7925
7943
7943
7945
7952
7956
7961
7964
7964
7975
7975
7976
7979
7983
7986
7988
7995
8003
8007
8008
8010
8011
8011
8014
8015
8016
8017
8019
8023
8023
8028
8028
8031
8032
8033
8046
8047
8049
8054
8054
8065
8072
8073
8075
8081
8082
8090
8094
8095
8100
8105
8105
8106
8107
8111
8115
8115
8115
8116
8118
8123
8124
8130
8131
8132
8133
8135
8136
8142
8142
8151
8152
8159
8167
8172
8172
8174
8180
8184
8185
8188
8191
8197
8199
8199
8200
8202
8202
8204
8206
8207
8209
8216
8218
8221
8223
8225
8226
8235
8242
8246
8252
8252
8255
8256
8259
8261
8269
8271
8271
8275
8276
8279
8283
8284
8284
8287
8288
8288
8289
8291
8293
8302
8305
8311
8324
8325
8331
8332
8332
8332
8337
8337
8341
8344
8350
8352
8358
8361
8366
8371
8373
8375
8377
8378
8380
8380
8380
8381
8383
8387
8388
8400
8404
8404
8405
8407
8410
8411
8413
8413
8414
8417
8425
8426
8428
8429
8432
8434
8437
8443
8444
8445
8446
8450
8454
8455
8457
8460
8465
8468
8473
8476
8485
8487
8487
8492
8504
8504
8505
8508
8508
8511
8513
8513
8515
8516
8519
8519
8520
8521
8522
8525
8525
8528
8529
8536
8547
8549
8550
8554
8556
8560
8560
8563
8570
8572
8573
8577
8579
8589
8599
8601
8602
8607
8613
8616
8618
8625
8632
8646
8647
8651
8652
8654
8668
8670
8675
8679
8692
8693
8697
8704
8708
8708
8709
8712
8714
8714
8716
8718
8722
8730
8733
8736
8743
8745
8753
8757
8759
8766
8772
8776
8779
8780
8782
8787
8787
8790
8790
8802
8802
8803
8804
8806
8811
8812
8812
8816
8817
8818
8828
8829
8830
8836
8840
8848
8852
8853
8857
8859
8865
8868
8874
8874
8876
8876
8885
8886
8886
8887
8889
8889
8892
8894
8895
8902
8907
8910
8915
8918
8919
8919
8921
8922
8922
8923
8928
8930
8932
8936
8937
8944
8949
8950
8952
8958
8960
8962
8967
8968
8970
8971
8978
8979
8981
8984
8984
8988
8993
8999
9010
9011
9012
9016
9016
9017
9019
9022
9023
9025
9025
9026
9026
9028
9030
9033
9039
9041
9042
9044
9051
9052
9052
9054
9054
9055
9059
9064
9065
9071
9074
9080
9081
9084
9086
9088
9095
9097
9100
9104
9105
9107
9112
9113
9121
9122
9131
9135
9135
9153
9158
9161
9165
9172
9174
9175
9184
9185
9187
9193
9193
9194
9197
9201
9201
9203
9213
9213
9214
9216
9217
9218
9226
9232
9239
9246
9252
9258
9258
9260
9261
9265
9266
9266
9267
9267
9268
9272
9275
9276
9278
9283
9284
9292
9293
9314
9318
9324
9325
9331
9334
9336
9338
9346
9350
9356
9357
9365
9368
9377
9381
9383
9386
9386
9388
9388
9390
9391
9391
9391
9399
9405
9406
9407
9407
9419
9420
9421
9425
9426
9429
9431
9432
9438
9441
9444
9446
9446
9452
9461
9461
9461
9468
9473
9474
9479
9480
9483
9485
9490
9500
9502
9502
9505
9508
9513
9515
9522
9524
9525
9526
9528
9537
9542
9550
9551
9556
9558
9560
9560
9568
9568
9571
9571
9576
9577
9586
9586
9587
9594
9596
9600
9603
9604
9611
9614
9615
9616
9617
9621
9627
9635
9636
9646
9647
9649
9650
9661
9662
9664
9667
9668
9678
9683
9684
9688
9698
9699
9700
9702
9702
9711
9714
9721
9724
9724
9725
9728
9729
9731
9731
9735
9736
9738
9739
9740
9743
9746
9747
9747
9751
9752
9752
9753
9756
9760
9760
9763
9765
9772
9772
9777
9779
9789
9790
9793
9798
9801
9803
9807
9809
9813
9814
9814
9816
9817
9818
9818
9820
9821
9822
9830
9833
9834
9836
9837
9837
9837
9838
9847
9849
9854
9856
9856
9856
9859
9869
9872
9873
9873
9878
9880
9885
9888
9892
9893
9920
9923
9923
9925
9926
9929
9934
9935
9938
9938
9942
9944
9950
9951
9952
9953
9960
9964
9964
9965
9969
9978
9982
9982
9982
9983
9986
9987
9989
9994
9996
9997
10000
10001
10001
10004
10013
10024
10026
10026
10031
10038
10038
10041
10042
10043
10043
10055
10063
10073
10081
10088
10090
10096
10103
10103
10110
10112
10114
10116
10116
10118
10120
10125
10126
10134
10149
10152
10153
10155
10156
10158
10159
10164
10190
10196
10196
10201
10209
10211
10221
10222
10225
10225
10231
10236
10237
10245
10249
10250
10256
10258
10261
10262
10264
10266
10267
10272
10282
10282
10286
10301
10307
10310
10311
10313
10318
10320
10322
10326
10326
10331
10336
10336
10344
10349
10350
10352
10356
10359
10360
10364
10367
10368
10371
10371
10375
10378
10395
10405
10417
10418
10419
10422
10426
10429
10437
10442
10442
10442
10443
10444
10445
10454
10455
10458
10460
10465
10469
10471
10472
10473
10476
10479
10482
10483
10491
10492
10494
10501
10508
10512
10515
10515
10522
10528
10528
10533
10533
10544
10544
10550
10551
10553
10555
10558
10559
10570
10578
10578
10581
10583
10591
10592
10598
10601
10607
10610
10614
10618
10618
10622
10622
10637
10638
10640
10640
10646
10646
10649
10653
10654
10663
10669
10673
10677
10680
10684
10688
10690
10694
10695
10711
10716
10725
10726
10727
10727
10730
10733
10734
10738
10739
10754
10756
10765
10766
10768
10770
10770
10771
10771
10774
10774
10776
10781
10788
10790
10794
10796
10799
10799
10800
10802
10803
10805
10810
10813
10821
10822
10824
10824
10828
10835
10839
10841
10842
10848
10848
10864
10872
10889
10890
10900
10902
10907
10910
10910
10910
10914
10916
10917
10920
10926
10931
10933
10934
10937
10937
10941
10941
10943
10945
10946
10947
10948
10950
10957
10962
10964
10964
10974
10978
10979
10980
10983
10983
10986
10988
10997
10997
10998
11010
11014
11016
11024
11025
11029
11031
11031
11034
11037
11044
11046
11052
11054
11060
11062
11062
11073
11077
11077
11081
11082
11083
11083
11092
11099
11105
11109
11109
11131
11133
11135
11138
11139
11142
11143
11144
11155
11159
11160
11160
11161
11169
11173
11177
11177
11178
11191
11194
11202
11204
11211
11217
11219
11224
11234
11237
11241
11245
11245
11249
11253
11264
11266
11268
11272
11275
11276
11278
11280
11288
11289
11289
11294
11294
11295
11299
11307
11307
11309
11309
11311
11316
11325
11329
11335
11340
11348
11350
11356
11356
11362
11370
11372
11374
11381
11382
11390
11391
11393
11395
11400
11400
11413
11414
11418
11421
11425
11425
11425
11426
11429
11442
11449
11450
11452
11454
11463
11472
11473
11473
11474
11475
11475
11478
11479
11480
11488
11500
11502
11508
11527
11528
11529
11531
11534
11534
11536
11544
11545
11550
11555
11556
11562
11564
11565
11567
11569
11570
11571
11572
11576
11577
11595
11595
11598
11604
11606
11608
11615
11623
11626
11626
11632
11636
11637
11662
11662
11664
11665
11667
11670
11677
11681
11683
11685
11687
11691
11694
11696
11698
11699
11700
11703
11703
11703
11704
11705
11705
11709
11712
11712
11715
11716
11726
11729
11733
11746
11746
11749
11750
11755
11760
11762
11762
11763
11776
11778
11778
11780
11780
11785
11785
11786
11787
11789
11792
11798
11798
11799
11800
11801
11802
11803
11806
11808
11810
11816
11819
11821
11821
11824
11824
11824
11836
11838
11845
11853
11857
11857
11862
11863
11863
11869
11869
11878
11882
11889
11891
11893
11906
11908
11917
11923
11923
11927
11928
11929
11935
11940
11946
11947
11947
11951
11955
11959
11964
11967
11968
11968
11971
11973
11973
11977
11979
11991
11999
12001
12003
12015
12016
12017
12019
12023
12024
12026
12027
12033
12036
12039
12047
12053
12057
12060
12060
12061
12063
12064
12066
12070
12072
12075
12076
12080
12088
12089
12094
12102
12103
12105
12107
12107
12108
12112
12115
12120
12123
12128
12128
12130
12132
12138
12140
12145
12145
12146
12148
12149
12150
12154
12162
12164
12169
12169
12170
12170
12173
12176
12184
12184
12184
12184
12193
12194
12200
12206
12208
12209
12210
12211
12212
12212
12225
12228
12231
12234
12235
12244
12251
12258
12261
12268
12269
12270
12271
12272
12274
12281
12287
12290
12292
12297
12297
12299
12302
12314
12315
12316
12325
12327
12331
12336
12338
12338
12344
12346
12350
12350
12357
12357
12359
12360
12372
12378
12385
12389
12393
12397
12401
12401
12402
12404
12405
12406
12408
12411
12419
12424
12438
12443
12448
12452
12452
12455
12457
12458
12463
12464
12464
12466
12466
12472
12473
12477
12481
12484
12484
12490
12500
12500
12502
12512
12514
12517
12522
12525
12529
12531
12534
12537
12540
12540
12545
12560
12560
12561
12563
12572
12573
12575
12576
12576
12576
12586
12591
12595
12599
12606
12608
12615
12616
12620
12621
12623
12623
12626
12630
12630
12632
12633
12639
12642
12647
12651
12656
12659
12661
12666
12668
12696
12698
12711
12721
12721
12733
12734
12735
12735
12736
12736
12736
12742
12744
12744
12745
12748
12749
12760
12765
12773
12779
12779
12786
12787
12788
12789
12791
12792
12793
12797
12799
12808
12810
12812
12813
12821
12824
12826
12827
12827
12829
12832
12842
12845
12848
12849
12857
12859
12859
12866
12867
12867
12870
12872
12872
12881
12892
12892
12901
12901
12904
12905
12906
12906
12910
12912
12920
12930
12937
12940
12943
12947
12948
12949
12950
12952
12953
12953
12963
12965
12971
12983
12987
12988
12990
12991
12991
13001
13002
13003
13004
13009
13016
13016
13021
13022
13024
13027
13030
13040
13042
13042
13050
13052
13054
13056
13057
13060
13064
13067
13073
13076
13077
13077
13079
13081
13083
13085
13086
13088
13089
13095
13096
13100
13111
13118
13122
13123
13132
13138
13141
13141
13149
13161
13175
13176
13176
13182
13194
13204
13210
13211
13211
13214
13216
13219
13222
13222
13226
13226
13230
13232
13239
13241
13241
13249
13259
13261
13262
13262
13267
13268
13271
13271
13272
13274
13281
13281
13283
13284
13288
13293
13294
13295
13305
13307
13312
13312
13316
13317
13318
13327
13329
13330
13334
13342
13342
13344
13345
13349
13349
13352
13354
13356
13359
13363
13366
13369
13396
13405
13408
13413
13413
13413
13419
13421
13424
13428
13429
13430
13432
13433
13437
13438
13442
13448
13448
13451
13452
13453
13456
13460
13463
13463
13463
13465
13468
13469
13472
13475
13482
13482
13494
13504
13511
13511
13512
13512
13514
13516
13518
13529
13530
13534
13537
13543
13545
13548
13548
13550
13556
13557
13558
13559
13561
13569
13569
13570
13572
13574
13577
13583
13585
13586
13586
13594
13597
13603
13610
13611
13621
13629
13634
13634
13634
13635
13635
13636
13643
13645
13648
13649
13650
13652
13653
13659
13663
13665
13668
13671
13674
13679
13679
13680
13681
13683
13688
13689
13693
13702
13703
13704
13706
13708
13710
13713
13716
13717
13717
13718
13728
13732
13736
13736
13745
13748
13750
13751
13755
13756
13760
13764
13768
13769
13772
13773
13775
13778
13790
13790
13793
13795
13798
13805
13805
13807
13814
13816
13823
13833
13839
13841
13842
13845
13845
13853
13854
13858
13862
13862
13866
13866
13866
13868
13873
13874
13875
13883
13883
13893
13895
13896
13902
13906
13916
13927
13934
13934
13935
13942
13945
13947
13948
13950
13951
13957
13958
13959
13964
13964
13969
13976
13978
13982
13983
13986
13986
13991
13992
13994
13996
13996
13999
14008
14009
14012
14012
14013
14016
14017
14029
14034
14034
14042
14043
14043
14049
14050
14059
14062
14064
14064
14068
14073
14082
14087
14087
14106
14106
14107
14108
14114
14117
14120
14123
14131
14133
14135
14136
14140
14143
14152
14154
14154
14156
14158
14159
14165
14167
14168
14168
14171
14172
14173
14173
14174
14175
14177
14179
14185
14186
14195
14198
14202
14207
14217
14220
14222
14226
14229
14234
14236
14237
14237
14247
14252
14257
14258
14263
14264
14269
14269
14270
14277
14286
14289
14294
14297
14305
14310
14328
14332
14336
14341
14345
14351
14352
14353
14353
14361
14361
14370
14380
14384
14384
14391
14395
14396
14398
14400
14401
14401
14403
14412
14412
14421
14427
14428
14436
14437
14441
14446
14449
14455
14455
14458
14462
14465
14473
14477
14482
14484
14485
14489
14494
14496
14497
14497
14498
14498
14500
14502
14504
14504
14507
14510
14516
14517
14518
14521
14522
14528
14536
14542
14551
14557
14557
14558
14586
14598
14602
14607
14611
14620
14621
14627
14635
14639
14641
14645
14646
14654
14665
14667
14668
14670
14673
14673
14678
14684
14685
14690
14699
14702
14703
14705
14715
14716
14719
14724
14726
14727
14727
14730
14732
14733
14735
14736
14747
14755
14757
14757
14760
14764
14767
14768
14775
14780
14782
14783
14785
14788
14789
14796
14801
14803
14804
14805
14810
14820
14823
14824
14825
14826
14829
14839
14840
14844
14844
14845
14846
14846
14851
14858
14858
14859
14860
14861
14861
14867
14867
14868
14871
14877
14882
14882
14884
14885
14886
14889
14893
14896
14898
14899
14900
14901
14904
14905
14907
14909
14912
14914
14923
14927
14930
14934
14936
14937
14940
14943
14943
14947
14951
14957
14959
14959
14960
14960
14960
14964
14964
14967
14969
14969
14976
14977
14978
14981
14983
14985
14987
14989
14989
14990
14992
14996
14996
15000
15002
15002
15007
15009
15016
15016
15021
15024
15027
15030
15035
15043
15044
15047
15049
15049
15059
15068
15068
15070
15072
15073
15084
15088
15092
15098
15100
15105
15107
15109
15111
15117
15119
15119
15122
15125
15127
15134
15135
15139
15142
15145
15157
15162
15164
15166
15168
15172
15181
15183
15184
15185
15187
15193
15194
15198
15200
15202
15203
15204
15206
15206
15207
15209
15209
15211
15218
15222
15228
15230
15230
15236
15242
15245
15247
15250
15251
15257
15264
15266
15271
15274
15274
15276
15276
15277
15281
15284
15288
15289
15290
15290
15291
15292
15296
15302
15304
15308
15313
15313
15314
15315
15321
15330
15340
15342
15343
15349
15350
15351
15351
15355
15363
15368
15368
15368
15370
15372
15375
15388
15390
15392
15393
15397
15397
15397
15399
15400
15406
15406
15406
15407
15416
15420
15425
15425
15425
15426
15428
15431
15431
15432
15437
15443
15443
15445
15445
15455
15455
15458
15462
15469
15471
15473
15478
15478
15481
15485
15490
15490
15492
15493
15494
15495
15497
15497
15500
15512
15513
15514
15517
15520
15527
15530
15533
15547
15548
15549
15553
15555
15557
15560
15560
15562
15567
15579
15591
15592
15593
15593
15596
15597
15599
15602
15605
15608
15613
15616
15621
15630
15633
15636
15637
15638
15643
15644
15646
15647
15649
15654
15655
15655
15655
15657
15658
15662
15663
15664
15665
15667
15668
15677
15679
15683
15686
15687
15690
15691
15695
15695
15696
15696
15702
15704
15705
15710
15711
15718
15719
15720
15725
15727
15728
15735
15736
15738
15739
15743
15743
15743
15748
15749
15750
15751
15751
15754
15757
15760
15760
15764
15766
15766
15768
15769
15770
15773
15778
15778
15779
15791
15796
15796
15797
15798
15799
15799
15801
15805
15807
15807
15814
15814
15822
15823
15823
15827
15833
15835
15838
15841
15841
15843
15846
15846
15849
15852
15852
15853
15856
15858
15861
15861
15865
15868
15871
15885
15891
15893
15900
15901
15904
15908
15908
15911
15913
15913
15915
15923
15925
15926
15926
15926
15926
15930
15931
15932
15932
15935
15935
15941
15947
15957
15958
15958
15965
15965
15971
15979
15983
15983
15983
15984
15986
15997
15999
16004
16017
16021
16024
16024
16025
16027
16032
16035
16037
16037
16040
16044
16044
16046
16055
16056
16064
16078
16078
16080
16087
16090
16091
16094
16094
16095
16096
16097
16110
16111
16113
16117
16119
16122
16123
16130
16139
16139
16146
16150
16160
16163
16165
16167
16171
16172
16188
16189
16193
16193
16198
16199
16205
16215
16235
16237
16240
16242
16244
16252
16254
16256
16258
16259
16259
16259
16260
16262
16268
16276
16278
16282
16283
16287
16287
16288
16289
16291
16295
16297
16302
16305
16309
16310
16315
16316
16318
16320
16324
16338
16339
16339
16341
16342
16347
16360
16365
16367
16370
16371
16374
16384
16387
16388
16390
16393
16394
16399
16399
16400
16401
16408
16409
16411
16417
16419
16425
16434
16435
16445
16448
16452
16453
16454
16466
16467
16467
16471
16473
16481
16483
16485
16486
16491
16492
16493
16494
16496
16505
16510
16510
16514
16514
16524
16525
16526
16532
16533
16535
16539
16540
16544
16545
16545
16546
16548
16551
16555
16557
16562
16567
16568
16571
16574
16574
16576
16581
16581
16582
16586
16589
16593
16594
16595
16595
16598
16599
16600
16602
16602
16603
16612
16621
16624
16626
16627
16632
16633
16639
16640
16641
16647
16651
16660
16662
16666
16670
16671
16674
16675
16678
16680
16685
16686
16691
16693
16693
16699
16703
16711
16714
16718
16719
16720
16720
16727
16728
16733
16735
16735
16736
16738
16741
16750
16758
16760
16766
16768
16769
16770
16771
16778
16780
16781
16782
16791
16791
16792
16802
16810
16811
16813
16814
16814
16815
16815
16816
16818
16822
16825
16829
16830
16833
16837
16838
16839
16844
16847
16849
16858
16858
16859
16862
16864
16868
16868
16871
16871
16871
16874
16875
16878
16879
16879
16884
16886
16887
16888
16892
16896
16900
16903
16903
16906
16906
16906
16908
16916
16917
16917
16920
16923
16933
16933
16934
16940
16942
16945
16948
16953
16954
16954
16958
16959
16959
16962
16966
16970
16971
16976
16988
16989
16992
17002
17009
17013
17015
17017
17018
17019
17028
17033
17033
17034
17037
17037
17044
17045
17048
17055
17070
17070
17073
17075
17083
17091
17091
17092
17092
17094
17094
17097
17106
17110
17119
17122
17123
17131
17133
17138
17140
17142
17145
17147
17148
17151
17152
17162
17164
17165
17168
17170
17182
17184
17187
17190
17196
17197
17202
17203
17218
17218
17223
17226
17229
17232
17240
17240
17243
17250
17256
17256
17261
17269
17270
17271
17272
17277
17277
17282
17286
17289
17291
17291
17307
17308
17313
17318
17318
17320
17324
17326
17327
17329
17331
17333
17333
17352
17359
17363
17366
17370
17371
17374
17375
17379
17379
17384
17384
17385
17386
17388
17389
17389
17393
17397
17400
17400
17402
17406
17407
17415
17416
17422
17431
17431
17434
17439
17440
17445
17448
17454
17455
17458
17460
17461
17470
17473
17474
17479
17480
17482
17485
17490
17492
17496
17505
17507
17507
17516
17518
17519
17526
17533
17536
17539
17541
17543
17553
17559
17561
17562
17565
17569
17570
17571
17572
17573
17574
17574
17577
17579
17580
17581
17582
17583
17588
17592
17595
17600
17600
17600
17602
17603
17604
17607
17607
17608
17614
17617
17620
17622
17625
17630
17631
17632
17639
17641
17649
17649
17653
17655
17655
17663
17664
17666
17669
17672
17678
17681
17699
17702
17706
17707
17709
17713
17713
17714
17716
17719
17720
17722
17722
17722
17725
17727
17728
17738
17740
17741
17746
17757
17758
17759
17760
17764
17769
17770
17771
17773
17774
17776
17786
17786
17788
17791
17796
17801
17802
17808
17814
17816
17822
17828
17833
17834
17835
17838
17839
17839
17859
17873
17874
17875
17877
17886
17888
17890
17891
17893
17901
17901
17911
17913
17919
17921
17925
17927
17930
17933
17935
17944
17946
17948
17952
17953
17956
17960
17961
17961
17963
17972
17976
17980
17984
17995
18000
18003
18008
18011
18019
18023
18025
18028
18033
18035
18041
18043
18043
18045
18046
18050
18050
18051
18055
18059
18060
18066
18068
18069
18075
18084
18085
18086
18088
18096
18112
18114
18115
18115
18116
18125
18129
18130
18133
18135
18136
18138
18140
18148
18155
18155
18158
18162
18169
18170
18174
18174
18175
18176
18178
18180
18180
18192
18192
18195
18200
18200
18214
18215
18218
18222
18228
18233
18233
18234
18237
18237
18239
18242
18243
18250
18251
18252
18254
18256
18260
18261
18276
18276
18279
18286
18286
18293
18295
18297
18298
18298
18302
18303
18304
18310
18310
18312
18332
18334
18337
18338
18339
18340
18341
18342
18343
18343
18347
18358
18359
18361
18365
18369
18373
18388
18393
18395
18397
18403
18406
18410
18411
18414
18414
18417
18422
18425
18430
18430
18432
18432
18435
18435
18441
18442
18446
18453
18457
18461
18462
18468
18470
18474
18474
18478
18481
18483
18485
18488
18490
18494
18496
18499
18503
18508
18510
18515
18518
18521
18521
18528
18529
18529
18529
18532
18538
18540
18541
18545
18547
18549
18549
18553
18554
18554
18556
18559
18570
18571
18571
18572
18574
18575
18580
18580
18583
18591
18592
18595
18596
18596
18600
18605
18606
18609
18610
18611
18612
18612
18614
18617
18620
18621
18637
18637
18638
18643
18650
18650
18663
18664
18670
18670
18671
18674
18674
18679
18680
18682
18687
18688
18691
18698
18698
18699
18701
18712
18720
18722
18723
18723
18727
18743
18745
18746
18750
18752
18754
18757
18758
18768
18771
18772
18781
18782
18784
18787
18788
18789
18797
18797
18798
18800
18802
18804
18807
18813
18813
18813
18829
18833
18834
18834
18842
18844
18849
18851
18852
18855
18857
18858
18862
18864
18866
18867
18873
18876
18879
18883
18889
18890
18890
18890
18896
18898
18902
18903
18905
18909
18912
18913
18917
18919
18925
18926
18927
18933
18933
18935
18938
18944
18950
18954
18955
18956
18959
18960
18967
18972
18974
18984
18990
18996
18998
19002
19006
19012
19019
19021
19032
19034
19037
19038
19043
19043
19046
19049
19061
19065
19068
19070
19078
19079
19080
19081
19081
19092
19093
19102
19105
19105
19105
19119
19127
19127
19132
19135
19137
19141
19141
19152
19152
19154
19159
19166
19167
19172
19174
19174
19176
19182
19188
19194
19201
19203
19205
19214
19217
19225
19228
19232
19233
19243
19244
19249
19254
19260
19263
19267
19271
19272
19272
19274
19275
19276
19279
19282
19282
19285
19288
19293
19293
19296
19300
19302
19303
19305
19305
19314
19316
19320
19326
19332
19334
19335
19338
19339
19347
19349
19350
19353
19353
19358
19376
19378
19380
19393
19393
19404
19405
19411
19413
19416
19416
19425
19429
19440
19443
19444
19445
19447
19454
19456
19458
19460
19468
19469
19469
19471
19477
19480
19484
19485
19486
19490
19493
19497
19498
19499
19504
19507
19510
19511
19514
19515
19517
19520
19521
19523
19541
19541
19543
19545
19549
19551
19554
19567
19567
19570
19574
19577
19581
19582
19582
19582
19585
19587
19591
19591
19591
19596
19596
19602
19603
19605
19609
19610
19612
19616
19617
19618
19621
19627
19627
19628
19643
19647
19652
19653
19666
19666
19671
19673
19685
19690
19694
19697
19698
19698
19701
19704
19705
19706
19714
19716
19722
19723
19724
19730
19735
19737
19738
19739
19740
19746
19746
19753
19754
19756
19758
19759
19760
19760
19763
19764
19765
19769
19771
19772
19775
19777
19788
19789
19789
19790
19801
19803
19805
19808
19823
19824
19828
19831
19831
19843
19854
19854
19857
19858
19859
19866
19867
19868
19873
19881
19884
19885
19885
19891
19895
19898
19902
19903
19905
19909
19911
19918
19923
19933
19933
19940
19940
19943
19949
19951
19952
19953
19961
19965
19966
19972
19974
19975
19976
19977
19979
19982
19987
19991
19996
19997
20009
20014
20014
20017
20025
20034
20037
20048
20048
20052
20058
20060
20061
20063
20063
20063
20067
20068
20071
20074
20075
20077
20087
20088
20098
20105
20108
20115
20119
20122
20123
20127
20127
20129
20131
20132
20132
20135
20143
20147
20150
20151
20153
20164
20165
20166
20166
20171
20172
20174
20177
20177
20181
20182
20182
20183
20194
20194
20200
20202
20202
20205
20211
20220
20232
20233
20239
20240
20241
20244
20251
20251
20258
20260
20263
20265
20277
20284
20284
20284
20289
20297
20298
20305
20310
20316
20317
20318
20318
20320
20321
20322
20322
20325
20327
20327
20328
20330
20337
20344
20349
20349
20352
20372
20374
20378
20382
20382
20386
20387
20388
20389
20390
20395
20398
20400
20404
20414
20414
20419
20422
20425
20425
20427
20428
20434
20435
20438
20439
20440
20443
20447
20450
20453
20456
20460
20466
20469
20472
20472
20482
20485
20487
20488
20491
20506
20506
20508
20510
20516
20519
20523
20524
20525
20531
20532
20534
20544
20545
20554
20558
20559
20561
20561
20567
20568
20569
20570
20572
20574
20575
20575
20579
20593
20595
20613
20618
20621
20622
20625
20625
20626
20639
20648
20650
20656
20662
20664
20665
20667
20668
20677
20678
20681
20681
20686
20689
20703
20706
20707
20713
20713
20713
20714
20722
20728
20730
20735
20741
20743
20744
20750
20752
20753
20755
20755
20758
20758
20761
20775
20778
20781
20788
20796
20798
20800
20802
20803
20804
20805
20810
20810
20814
20817
20817
20823
20824
20841
20847
20847
20848
20848
20849
20854
20857
20859
20860
20861
20868
20870
20872
20873
20874
20875
20875
20882
20889
20891
20895
20900
20903
20904
20910
20911
20912
20922
20927
20944
20945
20945
20948
20956
20962
20964
20968
20973
20974
20983
20987
20990
20992
20993
20994
20996
21012
21014
21016
21017
21017
21019
21022
21034
21038
21038
21038
21039
21045
21047
21050
21051
21055
21059
21061
21062
21077
21087
21089
21091
21093
21095
21103
21109
21113
21118
21123
21128
21136
21141
21144
21147
21148
21151
21164
21164
21173
21174
21177
21188
21189
21190
21194
21198
21205
21207
21208
21212
21214
21216
21217
21227
21235
21243
21243
21247
21262
21264
21265
21272
21273
21273
21277
21279
21284
21284
21290
21293
21294
21301
21303
21304
21305
21306
21313
21313
21313
21314
21315
21317
21320
21322
21323
21328
21332
21335
21336
21338
21341
21358
21358
21358
21360
21362
21367
21367
21371
21374
21378
21380
21387
21395
21396
21398
21400
21400
21408
21409
21410
21410
21413
21417
21417
21419
21420
21423
21435
21440
21442
21443
21444
21448
21449
21450
21452
21454
21455
21460
21461
21467
21467
21471
21479
21481
21483
21487
21492
21497
21497
21499
21505
21513
21521
21526
21528
21532
21536
21537
21537
21539
21543
21546
21550
21551
21559
21563
21564
21564
21570
21573
21578
21580
21588
21589
21596
21601
21606
21616
21619
21620
21621
21628
21630
21637
21642
21646
21649
21653
21656
21657
21659
21661
21661
21662
21662
21665
21673
21674
21674
21674
21682
21686
21690
21695
21698
21701
21702
21703
21704
21708
21715
21721
21728
21728
21732
21733
21734
21736
21736
21740
21742
21744
21745
21746
21751
21751
21761
21772
21773
21784
21787
21796
21799
21803
21806
21808
21811
21811
21813
21816
21816
21818
21822
21832
21836
21837
21837
21838
21842
21844
21847
21848
21848
21849
21851
21853
21858
21862
21865
21875
21877
21884
21895
21896
21897
21897
21898
21900
21905
21912
21914
21916
21918
21921
21928
21935
21935
21937
21938
21941
21945
21951
21952
21954
21963
21967
21970
21972
21973
21983
21984
21988
21989
21990
21995
21996
21999
22004
22005
22008
22020
22035
22037
22047
22050
22051
22051
22053
22057
22059
22060
22062
22062
22064
22066
22067
22076
22094
22094
22107
22109
22115
22117
22119
22133
22137
22140
22143
22145
22146
22146
22147
22149
22156
22157
22161
22163
22169
22176
22186
22189
22190
22192
22192
22194
22196
22206
22207
22211
22211
22211
22214
22215
22222
22224
22225
22233
22241
22243
22245
22246
22248
22251
22255
22258
22262
22262
22263
22266
22267
22267
22268
22274
22275
22276
22284
22284
22294
22307
22310
22314
22318
22323
22325
22326
22326
22327
22327
22333
22334
22336
22338
22347
22351
22353
22354
22354
22360
22366
22370
22374
22378
22386
22386
22387
22389
22389
22390
22400
22403
22406
22411
22411
22415
22416
22420
22425
22435
22436
22436
22439
22445
22448
22450
22458
22459
22460
22465
22466
22466
22471
22472
22478
22483
22485
22494
22497
22498
22500
22501
22501
22502
22505
22505
22515
22530
22530
22531
22533
22537
22539
22540
22543
22547
22549
22551
22554
22555
22560
22568
22578
22579
22581
22582
22585
22587
22594
22596
22598
22600
22601
22604
22606
22608
22608
22610
22614
22614
22622
22626
22627
22629
22638
22642
22646
22646
22647
22649
22651
22656
22658
22663
22663
22667
22667
22675
22677
22681
22687
22691
22694
22697
22708
22715
22726
22731
22735
22738
22740
22740
22750
22754
22758
22758
22759
22765
22769
22770
22786
22788
22793
22794
22797
22802
22803
22805
22807
22808
22809
22810
22813
22820
22823
22825
22829
22830
22831
22838
22842
22844
22849
22851
22855
22860
22881
22882
22887
22887
22888
22900
22900
22904
22911
22912
22917
22920
22925
22926
22931
22938
22945
22950
22954
22960
22965
22966
22979
22983
22987
22989
22998
23000
23000
23001
23001
23004
23004
23005
23007
23007
23008
23012
23016
23026
23028
23029
23032
23033
23037
23045
23045
23048
23050
23051
23054
23054
23058
23059
23063
23064
23065
23069
23078
23078
23080
23081
23082
23083
23084
23084
23086
23090
23093
23109
23112
23119
23121
23123
23124
23139
23142
23145
23147
23151
23155
23156
23158
23159
23161
23161
23163
23166
23167
23169
23169
23171
23172
23179
23180
23182
23184
23191
23193
23201
23202
23203
23208
23213
23213
23232
23233
23240
23242
23246
23248
23248
23251
23251
23252
23257
23257
23260
23270
23274
23274
23276
23280
23285
23287
23291
23293
23298
23298
23312
23317
23323
23323
23324
23325
23326
23328
23339
23344
23362
23364
23364
23371
23373
23376
23377
23382
23384
23385
23386
23390
23390
23393
23393
23396
23400
23402
23413
23415
23415
23416
23421
23421
23422
23430
23440
23440
23443
23445
23446
23450
23451
23459
23474
23475
23476
23479
23484
23485
23486
23486
23489
23493
23495
23496
23498
23498
23504
23509
23512
23513
23513
23521
23521
23524
23527
23527
23531
23542
23564
23569
23572
23580
23582
23583
23585
23601
23605
23605
23609
23610
23614
23622
23623
23628
23628
23632
23641
23641
23641
23642
23646
23647
23653
23656
23661
23662
23663
23664
23678
23683
23684
23684
23684
23688
23689
23693
23697
23699
23700
23704
23707
23712
23720
23721
23723
23731
23731
23739
23740
23748
23748
23759
23761
23763
23770
23772
23777
23782
23788
23793
23796
23797
23798
23803
23813
23814
23815
23815
23815
23824
23826
23827
23832
23833
23836
23848
23856
23857
23864
23878
23878
23881
23885
23895
23896
23899
23906
23907
23907
23911
23916
23919
23919
23921
23923
23925
23929
23929
23936
23941
23944
23945
23946
23946
23949
23952
23954
23959
23970
23970
23984
23985
23992
23992
23997
23998
23999
24002
24004
24005
24010
24011
24011
24012
24015
24018
24019
24023
24025
24028
24028
24030
24036
24037
24041
24061
24068
24071
24076
24084
24088
24094
24095
24096
24099
24111
24113
24113
24120
24121
24122
24125
24126
24127
24129
24130
24132
24140
24140
24142
24145
24150
24151
24159
24160
24162
24183
24183
24187
24190
24199
24201
24205
24213
24216
24217
24223
24227
24230
24231
24236
24239
24241
24243
24244
24248
24254
24255
24257
24258
24261
24266
24273
24276
24285
24286
24287
24287
24291
24293
24293
24295
24297
24302
24308
24310
24311
24312
24313
24316
24317
24319
24324
24327
24330
24334
24337
24339
24345
24346
24349
24354
24356
24370
24377
24378
24385
24394
24394
24397
24399
24405
24410
24412
24421
24426
24428
24429
24432
24436
24437
24438
24442
24443
24445
24448
24451
24451
24453
24454
24457
24462
24463
24464
24466
24467
24467
24468
24477
24491
24495
24498
24498
24499
24501
24503
24503
24504
24504
24504
24506
24507
24511
24512
24514
24515
24522
24523
24524
24529
24538
24540
24541
24543
24547
24556
24557
24560
24563
24563
24567
24569
24571
24575
24580
24581
24588
24593
24598
24600
24600
24601
24604
24613
24614
24624
24625
24627
24637
24642
24642
24643
24646
24647
24648
24649
24649
24651
24654
24658
24659
24661
24663
24664
24667
24668
24669
24671
24672
24673
24676
24680
24684
24693
24698
24698
24698
24704
24705
24710
24711
24715
24715
24720
24721
24724
24732
24737
24744
24745
24746
24748
24748
24752
24756
24758
24758
24760
24760
24762
24766
24767
24771
24776
24777
24781
24782
24783
24787
24791
24792
24792
24796
24796
24799
24800
24810
24814
24815
24817
24818
24822
24832
24843
24844
24846
24854
24857
24869
24874
24884
24885
24888
24893
24899
24901
24902
24909
24909
24913
24917
24921
24925
24925
24931
24938
24946
24951
24956
24958
24958
24960
24967
24976
24977
24978
24982
24983
24984
24984
24987
24992
24997
25001
25003
25017
25024
25024
25026
25031
25034
25038
25049
25049
25050
25056
25062
25062
25066
25068
25071
25071
25077
25088
25099
25104
25106
25106
25106
25110
25110
25114
25119
25124
25126
25127
25128
25130
25132
25134
25135
25136
25136
25142
25143
25144
25145
25146
25148
25152
25153
25155
25159
25160
25162
25164
25171
25177
25180
25183
25183
25186
25194
25195
25195
25197
25200
25206
25211
25212
25215
25218
25220
25225
25228
25229
25232
25233
25238
25240
25248
25249
25250
25251
25252
25263
25268
25270
25272
25272
25280
25285
25287
25291
25296
25308
25309
25310
25310
25314
25318
25320
25324
25326
25327
25332
25334
25334
25335
25340
25340
25343
25345
25345
25346
25355
25361
25363
25364
25366
25370
25377
25377
25385
25394
25397
25398
25400
25401
25402
25402
25404
25404
25406
25407
25418
25424
25424
25425
25434
25434
25443
25444
25453
25457
25460
25463
25465
25465
25465
25467
25468
25479
25489
25502
25505
25505
25510
25511
25512
25513
25514
25514
25516
25516
25518
25522
25525
25526
25530
25535
25535
25536
25541
25544
25547
25556
25557
25560
25561
25563
25564
25564
25565
25567
25571
25580
25581
25582
25583
25585
25585
25587
25589
25591
25597
25600
25600
25601
25603
25608
25620
25620
25623
25624
25631
25644
25644
25645
25647
25649
25649
25651
25654
25657
25664
25666
25666
25669
25671
25675
25675
25675
25683
25690
25691
25691
25693
25694
25696
25700
25701
25703
25703
25704
25708
25710
25710
25711
25714
25714
25722
25725
25727
25727
25729
25731
25733
25734
25735
25737
25740
25740
25745
25746
25746
25747
25748
25750
25752
25758
25760
25773
25773
25775
25781
25789
25791
25803
25805
25807
25811
25817
25820
25821
25829
25829
25833
25835
25835
25838
25843
25846
25855
25860
25861
25869
25869
25869
25879
25882
25890
25891
25891
25891
25895
25904
25906
25907
25914
25917
25919
25919
25922
25925
25929
25934
25938
25943
25947
25948
25951
25953
25955
25958
25959
25963
25969
25972
25977
25978
25981
25982
25984
25992
25993
25996
25998
26006
26009
26011
26018
26020
26023
26026
26029
26032
26037
26037
26042
26042
26047
26048
26049
26052
26054
26057
26068
26068
26071
26071
26078
26079
26080
26086
26087
26089
26092
26096
26097
26098
26099
26101
26103
26105
26107
26113
26124
26130
26134
26134
26137
26139
26143
26145
26149
26153
26154
26155
26161
26163
26165
26168
26169
26171
26182
26185
26188
26199
26201
26204
26209
26210
26215
26217
26220
26221
26224
26224
26234
26237
26244
26244
26249
26250
26251
26252
26256
26259
26265
26267
26269
26272
26272
26273
26274
26274
26275
26276
26276
26277
26278
26280
26281
26282
26286
26290
26290
26292
26296
26300
26307
26308
26310
26320
26322
26332
26333
26333
26338
26339
26341
26351
26354
26354
26359
26369
26370
26371
26373
26375
26378
26384
26386
26389
26396
26396
26397
26400
26405
26413
26421
26426
26427
26433
26440
26443
26447
26450
26451
26457
26458
26459
26463
26469
26469
26474
26474
26478
26478
26482
26485
26487
26491
26493
26494
26497
26500
26503
26506
26513
26520
26523
26523
26523
26525
26525
26527
26528
26534
26535
26537
26539
26539
26543
26545
26556
26556
26557
26562
26570
26571
26578
26587
26596
26598
26600
26603
26603
26604
26608
26609
26610
26612
26613
26614
26619
26619
26623
26624
26625
26626
26628
26633
26637
26638
26645
26647
26649
26654
26658
26658
26670
26670
26673
26674
26675
26677
26677
26677
26679
26689
26689
26690
26692
26692
26701
26701
26701
26706
26708
26718
26719
26720
26725
26727
26730
26732
26734
26742
26742
26743
26745
26767
26768
26768
26775
26775
26779
26781
26787
26788
26792
26794
26805
26808
26810
26814
26817
26822
26823
26824
26827
26828
26844
26844
26845
26846
26852
26857
26861
26864
26867
26870
26870
26872
26878
26881
26898
26899
26911
26913
26914
26919
26921
26922
26922
26925
26927
26932
26934
26942
26953
26954
26961
26961
26963
26969
26978
26978
26986
26991
26994
26999
27000
27001
27001
27002
27004
27007
27010
27012
27014
27015
27016
27017
27018
27019
27022
27022
27024
27027
27029
27030
27035
27035
27036
27037
27040
27044
27045
27052
27056
27056
27059
27064
27064
27073
27074
27074
27074
27075
27077
27080
27081
27087
27092
27092
27092
27094
27096
27097
27100
27102
27118
27121
27122
27122
27126
27127
27130
27141
27142
27146
27151
27157
27160
27162
27163
27170
27170
27173
27175
27176
27179
27181
27192
27198
27200
27201
27204
27204
27204
27204
27205
27206
27214
27218
27218
27219
27220
27221
27225
27234
27236
27242
27242
27242
27245
27246
27248
27249
27250
27253
27255
27256
27257
27263
27270
27276
27282
27285
27287
27289
27293
27294
27297
27300
27302
27313
27314
27314
27317
27317
27318
27318
27320
27327
27329
27329
27330
27333
27334
27335
27340
27350
27352
27356
27360
27362
27364
27365
27366
27367
27372
27379
27387
27393
27394
27395
27398
27400
27401
27404
27404
27408
27409
27413
27414
27420
27427
27429
27433
27436
27437
27438
27438
27440
27441
27442
27447
27449
27449
27461
27463
27463
27464
27470
27472
27481
27481
27482
27483
27485
27486
27490
27490
27491
27491
27492
27498
27505
27510
27512
27512
27513
27515
27517
27518
27519
27522
27522
27525
27537
27544
27545
27548
27550
27554
27554
27554
27557
27560
27565
27566
27574
27575
27577
27582
27585
27585
27593
27596
27600
27605
27610
27610
27613
27618
27621
27621
27631
27634
27635
27636
27637
27645
27646
27648
27652
27658
27659
27659
27675
27677
27679
27687
27688
27692
27699
27701
27705
27715
27716
27721
27727
27729
27735
27737
27737
27740
27741
27746
27754
27755
27757
27759
27760
27760
27781
27789
27790
27801
27801
27802
27808
27815
27815
27816
27826
27827
27831
27832
27833
27834
27834
27835
27836
27841
27842
27845
27846
27847
27854
27855
27857
27864
27866
27871
27871
27875
27879
27879
27881
27886
27891
27895
27895
27896
27919
27923
27926
27935
27935
27938
27939
27941
27943
27950
27956
27957
27958
27961
27976
27988
28001
28003
28004
28013
28016
28019
28021
28022
28023
28029
28029
28037
28040
28041
28046
28046
28048
28054
28055
28061
28065
28065
28066
28066
28071
28072
28078
28080
28082
28082
28084
28086
28090
28095
28096
28105
28105
28110
28112
28115
28119
28127
28128
28132
28134
28141
28141
28144
28145
28148
28150
28152
28153
28154
28155
28158
28162
28164
28166
28168
28170
28175
28176
28176
28176
28176
28179
28182
28185
28186
28194
28195
28199
28200
28200
28200
28203
28204
28205
28212
28218
28221
28223
28224
28238
28249
28250
28250
28251
28254
28255
28258
28258
28259
28280
28285
28290
28297
28300
28302
28303
28304
28306
28313
28314
28322
28324
28325
28325
28326
28338
28339
28341
28342
28342
28344
28349
28356
28356
28360
28364
28372
28372
28372
28374
28382
28383
28383
28389
28393
28395
28397
28399
28405
28407
28414
28414
28420
28421
28424
28426
28426
28428
28430
28430
28431
28434
28435
28440
28443
28452
28462
28470
28485
28489
28490
28490
28492
28492
28493
28496
28503
28504
28504
28505
28514
28516
28522
28523
28526
28527
28528
28528
28530
28536
28537
28543
28548
28552
28556
28557
28564
28568
28569
28571
28572
28579
28580
28581
28587
28589
28592
28600
28602
28603
28614
28616
28617
28617
28621
28623
28624
28627
28640
28641
28645
28647
28648
28653
28656
28657
28657
28660
28664
28667
28670
28674
28675
28679
28685
28688
28696
28699
28700
28701
28704
28708
28708
28712
28712
28721
28722
28725
28730
28734
28735
28738
28744
28744
28761
28762
28763
28764
28765
28774
28776
28778
28779
28780
28781
28781
28784
28785
28788
28790
28791
28802
28804
28804
28807
28810
28814
28827
28829
28830
28833
28835
28837
28838
28840
28842
28851
28857
28864
28868
28868
28876
28880
28883
28884
28884
28885
28889
28892
28895
28904
28911
28911
28912
28913
28915
28941
28944
28948
28948
28950
28955
28956
28956
28957
28958
28959
28965
28966
28968
28969
28970
28974
28978
28991
28993
29001
29008
29014
29018
29022
29024
29025
29028
29034
29035
29036
29038
29042
29047
29050
29051
29051
29051
29054
29058
29059
29060
29063
29064
29065
29075
29077
29077
29078
29079
29083
29090
29091
29095
29100
29104
29111
29113
29122
29122
29124
29127
29128
29129
29132
29134
29137
29140
29141
29141
29145
29153
29154
29155
29158
29160
29165
29166
29171
29172
29172
29172
29174
29184
29187
29192
29193
29193
29196
29197
29197
29198
29202
29203
29220
29220
29223
29223
29223
29223
29224
29233
29240
29245
29254
29262
29263
29268
29271
29282
29282
29286
29289
29291
29295
29299
29299
29300
29319
29320
29321
29325
29326
29332
29333
29336
29339
29340
29341
29345
29348
29348
29350
29351
29353
29356
29357
29357
29358
29358
29376
29378
29381
29382
29382
29395
29395
29406
29406
29411
29415
29422
29423
29429
29432
29433
29437
29445
29447
29448
29450
29455
29460
29462
29463
29471
29473
29481
29483
29486
29489
29491
29494
29495
29496
29500
29500
29506
29508
29508
29514
29518
29521
29522
29522
29522
29525
29531
29535
29540
29541
29542
29546
29555
29557
29558
29558
29560
29563
29564
29567
29576
29577
29577
29577
29579
29580
29581
29584
29587
29593
29602
29602
29603
29610
29612
29618
29620
29628
29645
29647
29652
29653
29653
29666
29671
29672
29676
29678
29689
29691
29692
29694
29704
29704
29704
29705
29710
29717
29723
29736
29737
29738
29739
29745
29747
29760
29763
29765
29769
29770
29771
29775
29775
29775
29778
29781
29784
29791
29792
29794
29797
29804
29810
29811
29812
29816
29818
29821
29827
29827
29829
29833
29836
29838
29842
29843
29846
29846
29847
29853
29855
29856
29860
29864
29865
29875
29879
29886
29888
29890
29894
29897
29898
29908
29912
29913
29915
29916
29917
29918
29924
29931
29935
29949
29950
29951
29955
29958
29959
29965
29966
29968
29973
29979
29980
29985
29985
29989
29990
29995
29997
30000
30009
30011
30022
30028
30030
30032
30034
30036
30042
30047
30050
30052
30053
30054
30056
30056
30059
30060
30061
30066
30068
30069
30073
30075
30077
30078
30081
30083
30089
30092
30096
30096
30109
30109
30114
30114
30115
30118
30119
30123
30125
30126
30126
30131
30132
30134
30138
30139
30141
30148
30151
30154
30159
30163
30168
30169
30170
30171
30172
30176
30179
30187
30189
30196
30199
30200
30200
30208
30214
30216
30217
30219
30219
30229
30231
30234
30238
30241
30244
30247
30250
30252
30261
30267
30273
30275
30276
30278
30280
30283
30284
30288
30293
30319
30320
30322
30329
30330
30334
30335
30335
30338
30339
30341
30342
30345
30347
30354
30367
30369
30369
30370
30376
30376
30384
30385
30394
30396
30399
30400
30405
30406
30406
30409
30412
30423
30425
30428
30429
30430
30438
30443
30445
30452
30465
30467
30472
30474
30477
30478
30478
30482
30485
30490
30504
30507
30510
30511
30514
30516
30517
30518
30522
30523
30524
30529
30530
30533
30535
30537
30540
30540
30543
30548
30549
30557
30561
30563
30566
30569
30571
30572
30572
30574
30578
30586
30587
30592
30597
30597
30598
30602
30606
30612
30614
30614
30616
30619
30621
30621
30623
30623
30629
30631
30632
30635
30642
30647
30666
30667
30677
30682
30688
30696
30700
30704
30705
30705
30709
30713
30713
30713
30715
30721
30721
30722
30723
30728
30730
30732
30737
30737
30742
30745
30747
30754
30755
30761
30766
30768
30776
30776
30779
30782
30782
30784
30785
30787
30788
30795
30802
30804
30810
30810
30811
30814
30814
30819
30833
30838
30838
30839
30846
30848
30848
30849
30854
30863
30865
30880
30884
30887
30889
30889
30890
30893
30901
30906
30908
30914
30915
30922
30933
30934
30934
30935
30940
30941
30941
30951
30952
30960
30960
30962
30962
30972
30992
30999
31006
31010
31016
31016
31017
31021
31022
31026
31029
31030
31032
31034
31035
31039
31040
31041
31042
31048
31055
31056
31056
31059
31068
31075
31077
31079
31080
31083
31084
31088
31089
31094
31099
31099
31100
31101
31105
31111
31117
31130
31131
31132
31135
31143
31146
31146
31149
31150
31151
31152
31159
31159
31163
31166
31172
31174
31176
31178
31179
31180
31180
31189
31191
31195
31198
31203
31208
31209
31213
31214
31214
31219
31220
31224
31224
31226
31232
31233
31237
31239
31243
31245
31246
31251
31255
31257
31269
31273
31274
31280
31283
31289
31290
31291
31294
31294
31294
31295
31302
31302
31319
31325
31335
31336
31339
31350
31350
31352
31356
31356
31361
31362
31365
31367
31369
31372
31374
31379
31381
31381
31383
31386
31392
31405
31414
31420
31421
31434
31435
31438
31440
31441
31443
31447
31447
31447
31448
31449
31452
31455
31468
31469
31476
31476
31481
31482
31484
31485
31486
31487
31488
31488
31489
31494
31495
31498
31504
31504
31507
31507
31511
31517
31517
31528
31535
31539
31539
31540
31541
31544
31547
31549
31550
31554
31555
31558
31559
31560
31562
31564
31568
31570
31575
31581
31585
31588
31595
31598
31602
31603
31607
31609
31609
31610
31610
31615
31621
31624
31629
31629
31631
31633
31640
31653
31653
31654
31654
31657
31660
31665
31668
31670
31673
31674
31676
31678
31678
31685
31694
31696
31698
31701
31702
31703
31703
31704
31707
31707
31708
31709
31709
31713
31717
31719
31722
31726
31728
31735
31739
31744
31745
31747
31748
31749
31752
31753
31756
31758
31758
31761
31762
31765
31767
31775
31778
31781
31782
31794
31796
31798
31805
31809
31809
31813
31818
31819
31829
31832
31833
31833
31837
31845
31850
31851
31853
31855
31860
31863
31866
31866
31868
31877
31880
31886
31894
31896
31901
31908
31909
31910
31911
31911
31914
31915
31932
31933
31935
31942
31943
31946
31947
31949
31952
31954
31957
31957
31957
31966
31968
31973
31974
31981
31981
31985
31986
31993
31994
31995
31996
31996
32000
32001
32004
32004
32007
32008
32014
32017
32019
32019
32020
32021
32022
32029
32030
32039
32048
32048
32052
32056
32070
32072
32075
32080
32086
32092
32093
32095
32096
32098
32099
32100
32102
32102
32102
32102
32104
32108
32117
32118
32119
32122
32128
32137
32140
32144
32146
32146
32152
32155
32161
32168
32169
32172
32178
32179
32180
32180
32182
32183
32184
32184
32185
32186
32189
32192
32192
32194
32197
32198
32201
32202
32210
32217
32220
32220
32222
32222
32239
32240
32241
32242
32248
32248
32249
32255
32256
32257
32261
32262
32263
32264
32269
32270
32270
32272
32280
32287
32291
32294
32296
32299
32303
32306
32318
32321
32321
32326
32328
32330
32330
32333
32333
32343
32343
32350
32353
32353
32362
32362
32362
32363
32365
32365
32368
32371
32385
32387
32388
32389
32390
32393
32393
32396
32403
32406
32411
32413
32418
32420
32428
32430
32430
32434
32434
32437
32446
32446
32447
32450
32451
32452
32456
32459
32461
32471
32472
32475
32475
32476
32483
32484
32484
32487
32497
32503
32505
32513
32514
32517
32517
32518
32518
32525
32527
32538
32539
32539
32544
32545
32545
32548
32548
32558
32558
32565
32566
32573
32574
32574
32589
32590
32593
32596
32599
32601
32605
32613
32616
32622
32625
32628
32630
32631
32632
32642
32644
32646
32650
32654
32658
32658
32660
32661
32668
32668
32669
32672
32673
32673
32673
32674
32676
32678
32679
32680
32681
32682
32691
32694
32702
32704
32711
32715
32715
32717
32718
32718
32721
32724
32727
32728
32729
32734
32735
32740
32741
32743
32745
32746
32748
32748
32750
32753
32756
32763
