2
7
12
14
15
19
19
19
20
26
28
28
31
32
38
41
44
46
49
62
68
69
74
74
76
79
80
81
82
85
92
100
102
107
112
112
117
120
120
121
122
123
126
127
128
129
134
138
149
150
151
152
155
156
157
158
159
161
161
168
169
171
173
177
178
180
184
185
187
189
193
195
195
200
201
203
205
208
227
229
230
230
231
236
244
249
250
250
251
252
259
260
263
264
266
270
270
270
272
273
290
295
300
301
314
314
317
317
317
321
327
330
336
354
359
360
385
389
392
394
397
401
403
405
409
410
411
415
416
418
420
423
425
429
431
431
435
438
438
440
441
443
444
444
451
452
459
462
463
467
468
470
470
472
482
484
486
486
488
488
489
489
490
492
505
506
510
514
521
521
524
527
539
539
547
553
558
559
559
561
569
583
588
589
589
592
599
599
602
606
614
617
624
624
627
640
642
648
652
653
655
657
658
659
659
659
660
663
674
674
674
681
683
689
691
696
699
705
708
712
714
715
719
719
725
729
742
746
748
756
761
762
762
771
773
775
775
780
780
791
793
806
806
820
823
835
835
838
839
839
840
846
846
849
849
851
853
854
856
863
864
869
871
871
873
878
879
889
891
897
898
902
907
908
913
915
916
919
922
925
925
928
930
931
932
936
937
937
937
942
942
943
945
947
952
953
954
973
975
979
983
983
988
992
994
1000
1003
1006
1011
1014
1026
1029
1032
1034
1041
1046
1046
1048
1049
1050
1061
1062
1064
1070
1077
1087
1090
1091
1095
1098
1100
1101
1111
1113
1119
1130
1134
1136
1138
1139
1141
1144
1146
1151
1152
1156
1163
1165
1168
1169
1187
1187
1188
1192
1194
1202
1203
1205
1205
1206
1208
1215
1221
1223
1224
1229
1229
1231
1232
1237
1242
1246
1252
1258
1259
1262
1262
1266
1266
1267
1272
1275
1275
1282
1286
1288
1292
1298
1304
1304
1309
1310
1313
1314
1314
1315
1316
1317
1318
1318
1320
1321
1325
1331
1333
1336
1340
1343
1344
1344
1347
1347
1347
1356
1357
1361
1363
1363
1365
1368
1372
1373
1374
1380
1381
1383
1385
1387
1390
1396
1398
1406
1406
1413
1421
1424
1427
1431
1434
1435
1446
1447
1447
1450
1451
1454
1455
1456
1460
1474
1480
1485
1490
1491
1506
1515
1519
1526
1527
1529
1531
1531
1531
1532
1533
1541
1541
1551
1556
1563
1565
1568
1580
1582
1582
1586
1588
1593
1594
1599
1600
1603
1605
1605
1607
1609
1610
1610
1622
1625
1627
1630
1630
1633
1636
1642
1644
1644
1648
1651
1654
1661
1668
1669
1675
1685
1693
1702
1704
1705
1705
1714
1715
1722
1726
1727
1727
1728
1731
1732
1736
1737
1739
1739
1743
1744
1746
1748
1751
1754
1758
1761
1764
1767
1770
1771
1774
1779
1779
1782
1785
1788
1791
1791
1795
1796
1797
1800
1800
1802
1804
1808
1813
1814
1815
1816
1818
1823
1839
1841
1846
1850
1850
1871
1873
1875
1885
1890
1890
1892
1892
1893
1894
1896
1906
1910
1912
1914
1919
1927
1927
1929
1935
1937
1941
1944
1945
1954
1955
1956
1956
1962
1963
1966
1973
1975
1976
1983
1984
1993
1996
1999
2006
2012
2012
2021
2023
2025
2025
2026
2032
2035
2039
2039
2040
2043
2048
2048
2049
2051
2055
2059
2061
2061
2064
2065
2066
2068
2073
2073
2083
2083
2086
2090
2094
2096
2098
2100
2103
2112
2112
2116
2122
2125
2126
2126
2127
2128
2128
2134
2135
2137
2138
2138
2138
2139
2143
2144
2153
2156
2157
2161
2171
2172
2173
2175
2176
2178
2178
2180
2182
2190
2197
2199
2204
2206
2212
2216
2217
2228
2229
2237
2238
2241
2246
2249
2250
2258
2267
2270
2271
2272
2275
2279
2282
2282
2284
2290
2294
2302
2306
2308
2312
2314
2316
2316
2332
2345
2351
2354
2358
2358
2369
2369
2372
2372
2372
2374
2374
2376
2377
2382
2385
2387
2388
2390
2390
2393
2395
2396
2400
2405
2409
2411
2412
2417
2423
2425
2425
2425
2430
2433
2434
2437
2438
2438
2438
2442
2445
2451
2452
2455
2455
2465
2466
2470
2472
2477
2477
2478
2483
2485
2486
2496
2501
2510
2511
2513
2523
2528
2533
2533
2534
2540
2544
2551
2553
2554
2561
2566
2578
2580
2583
2584
2585
2586
2586
2589
2590
2591
2593
2594
2594
2598
2601
2601
2602
2606
2609
2610
2620
2627
2636
2640
2643
2645
2647
2652
2654
2659
2662
2662
2662
2663
2664
2664
2676
2677
2686
2687
2697
2703
2707
2710
2716
2718
2724
2725
2730
2731
2732
2738
2739
2739
2740
2740
2740
2743
2753
2756
2759
2759
2762
2763
2765
2768
2771
2771
2775
2784
2785
2785
2788
2788
2789
2794
2795
2797
2797
2797
2800
2803
2808
2809
2811
2813
2817
2819
2821
2822
2826
2826
2832
2836
2837
2840
2845
2847
2847
2851
2856
2859
2862
2864
2864
2868
2875
2876
2887
2888
2889
2897
2902
2903
2904
2904
2909
2910
2911
2911
2917
2923
2932
2933
2934
2939
2940
2943
2947
2952
2956
2957
2963
2963
2965
2966
2969
2969
2970
2972
2975
2985
2985
2985
2986
2990
2991
2998
2998
3002
3002
3004
3006
3006
3008
3009
3016
3017
3020
3021
3024
3028
3029
3031
3032
3032
3037
3052
3062
3063
3064
3066
3071
3071
3072
3081
3083
3088
3091
3092
3096
3100
3101
3107
3108
3113
3115
3117
3119
3126
3129
3133
3135
3136
3138
3139
3139
3143
3150
3150
3155
3156
3157
3164
3165
3166
3167
3169
3176
3177
3177
3179
3180
3180
3185
3186
3188
3196
3198
3201
3205
3205
3208
3208
3217
3219
3220
3221
3227
3233
3240
3243
3246
3247
3248
3253
3253
3253
3254
3258
3258
3258
3258
3260
3261
3262
3265
3266
3271
3274
3275
3275
3279
3279
3288
3290
3293
3300
3303
3307
3310
3320
3327
3328
3331
3332
3334
3335
3351
3357
3360
3363
3370
3371
3373
3377
3380
3381
3390
3401
3401
3402
3404
3404
3405
3410
3410
3415
3419
3421
3421
3422
3424
3428
3435
3440
3442
3446
3449
3456
3460
3466
3470
3471
3476
3477
3483
3495
3509
3510
3513
3516
3517
3517
3521
3522
3525
3527
3527
3529
3534
3536
3537
3537
3540
3542
3542
3546
3547
3554
3554
3555
3560
3564
3566
3566
3572
3579
3579
3584
3585
3585
3588
3588
3590
3591
3603
3603
3607
3608
3608
3609
3617
3618
3626
3629
3629
3632
3634
3637
3637
3637
3641
3644
3645
3646
3648
3650
3651
3652
3653
3663
3664
3673
3677
3681
3682
3682
3688
3691
3698
3700
3701
3711
3715
3716
3721
3722
3727
3728
3729
3731
3741
3742
3743
3744
3746
3750
3750
3751
3753
3753
3754
3755
3760
3762
3765
3770
3779
3779
3782
3787
3787
3790
3792
3793
3794
3796
3798
3801
3802
3823
3826
3828
3829
3834
3835
3836
3839
3844
3845
3847
3850
3852
3852
3852
3854
3856
3861
3864
3865
3867
3868
3868
3871
3873
3873
3875
3876
3876
3880
3880
3881
3882
3886
3887
3893
3896
3909
3916
3927
3931
3936
3937
3940
3944
3947
3948
3954
3956
3960
3961
3962
3964
3965
3966
3972
3972
3980
3983
3984
3987
3993
3994
3994
3997
4002
4003
4009
4009
4011
4013
4016
4017
4018
4022
4026
4034
4053
4062
4062
4063
4069
4074
4079
4082
4083
4084
4088
4089
4093
4100
4103
4105
4106
4107
4113
4120
4120
4121
4124
4135
4137
4137
4137
4138
4141
4143
4144
4146
4146
4148
4150
4150
4152
4153
4157
4159
4162
4166
4171
4172
4178
4179
4179
4188
4189
4195
4198
4205
4208
4209
4210
4211
4214
4219
4220
4220
4224
4225
4230
4230
4236
4236
4242
4249
4250
4251
4258
4261
4263
4269
4270
4272
4272
4273
4277
4277
4283
4284
4294
4307
4308
4310
4314
4316
4317
4317
4319
4319
4322
4323
4324
4325
4327
4328
4331
4334
4336
4336
4342
4343
4344
4345
4357
4367
4370
4377
4379
4383
4385
4386
4386
4390
4391
4400
4402
4407
4409
4411
4413
4424
4425
4428
4433
4439
4454
4460
4470
4480
4481
4482
4483
4484
4485
4487
4491
4493
4494
4496
4497
4498
4506
4506
4506
4508
4509
4516
4525
4527
4529
4530
4537
4537
4538
4542
4547
4554
4555
4558
4558
4559
4560
4562
4569
4581
4582
4587
4587
4589
4590
4590
4591
4598
4598
4598
4599
4605
4608
4608
4608
4612
4613
4614
4614
4630
4631
4631
4632
4633
4638
4639
4639
4639
4643
4645
4648
4648
4653
4668
4670
4673
4676
4681
4688
4690
4694
4696
4697
4699
4705
4705
4706
4708
4710
4711
4721
4730
4731
4733
4737
4738
4740
4743
4749
4757
4758
4767
4770
4780
4780
4782
4790
4793
4796
4797
4798
4802
4804
4805
4810
4814
4815
4820
4825
4827
4835
4835
4836
4837
4839
4843
4844
4845
4854
4855
4860
4860
4865
4866
4868
4869
4871
4874
4880
4882
4883
4888
4888
4891
4891
4892
4897
4901
4905
4907
4907
4909
4913
4913
4914
4916
4916
4924
4932
4942
4942
4942
4943
4943
4943
4946
4946
4948
4949
4959
4961
4965
4965
4966
4971
4973
4975
4982
4988
4988
4989
4995
4998
5000
5001
5002
5009
5015
5017
5022
5023
5023
5030
5030
5035
5041
5049
5051
5052
5056
5058
5066
5071
5071
5075
5083
5084
5085
5092
5093
5105
5112
5114
5117
5117
5118
5122
5123
5126
5126
5129
5132
5136
5138
5140
5142
5142
5142
5144
5149
5155
5163
5164
5164
5170
5172
5173
5177
5179
5189
5192
5197
5205
5209
5223
5227
5235
5249
5269
5269
5275
5276
5279
5285
5287
5295
5301
5305
5309
5312
5312
5317
5318
5326
5327
5328
5329
5330
5333
5334
5342
5345
5345
5349
5355
5357
5359
5359
5360
5360
5361
5362
5363
5364
5368
5375
5378
5385
5387
5390
5390
5395
5395
5398
5403
5404
5404
5407
5411
5414
5417
5425
5426
5426
5426
5427
5429
5448
5449
5449
5451
5462
5467
5468
5470
5471
5475
5476
5477
5481
5491
5494
5495
5497
5500
5503
5505
5506
5508
5509
5512
5522
5523
5523
5529
5529
5542
5545
5550
5560
5563
5571
5573
5573
5575
5578
5578
5582
5590
5599
5604
5605
5606
5611
5612
5617
5622
5626
5627
5628
5629
5638
5639
5639
5646
5646
5648
5649
5650
5651
5651
5652
5653
5657
5661
5662
5662
5663
5668
5670
5670
5671
5671
5674
5674
5680
5680
5683
5689
5696
5698
5702
5703
5716
5716
5723
5731
5733
5739
5741
5745
5748
5750
5757
5759
5759
5761
5764
5765
5766
5770
5771
5779
5785
5789
5790
5794
5803
5804
5807
5809
5811
5816
5817
5825
5835
5835
5835
5839
5844
5844
5846
5852
5868
5869
5871
5871
5875
5878
5881
5884
5886
5890
5893
5896
5898
5898
5898
5901
5903
5911
5912
5915
5916
5922
5922
5930
5933
5934
5935
5938
5941
5943
5943
5943
5948
5956
5957
5968
5969
5978
5981
5984
5991
5994
5997
5997
5999
6006
6009
6013
6015
6017
6022
6025
6028
6036
6041
6053
6056
6056
6056
6059
6059
6069
6071
6074
6081
6083
6083
6086
6087
6089
6090
6099
6107
6110
6112
6112
6113
6114
6120
6122
6122
6123
6125
6125
6125
6127
6127
6135
6138
6141
6143
6144
6144
6146
6150
6154
6162
6167
6168
6172
6176
6181
6183
6186
6189
6190
6192
6203
6208
6210
6215
6225
6227
6231
6234
6238
6245
6248
6254
6259
6262
6269
6269
6277
6287
6292
6293
6293
6294
6299
6302
6305
6312
6323
6326
6326
6331
6334
6335
6344
6351
6351
6361
6363
6367
6368
6375
6376
6378
6380
6381
6382
6390
6392
6393
6394
6400
6407
6409
6410
6422
6427
6430
6431
6431
6431
6439
6442
6442
6443
6445
6446
6446
6455
6458
6459
6463
6469
6475
6480
6481
6485
6488
6488
6490
6491
6492
6493
6495
6496
6502
6503
6503
6510
6512
6527
6531
6546
6557
6561
6565
6574
6574
6576
6578
6579
6591
6597
6598
6601
6602
6602
6612
6618
6620
6620
6626
6631
6635
6640
6644
6645
6647
6650
6653
6669
6671
6675
6677
6677
6679
6681
6682
6684
6686
6690
6691
6697
6708
6708
6709
6711
6715
6716
6722
6726
6733
6738
6742
6747
6751
6751
6757
6766
6772
6774
6777
6777
6780
6780
6783
6784
6785
6785
6787
6796
6798
6798
6804
6812
6822
6828
6838
6839
6839
6843
6843
6846
6847
6850
6850
6850
6867
6873
6886
6891
6892
6893
6896
6898
6899
6908
6910
6911
6917
6919
6922
6933
6937
6939
6942
6945
6948
6948
6949
6951
6951
6955
6971
6972
6973
6973
6975
6975
6975
6982
6985
6988
6989
6994
7004
7004
7007
7020
7021
7025
7033
7036
7038
7050
7052
7067
7076
7077
7086
7089
7090
7091
7091
7097
7098
7099
7102
7107
7110
7114
7119
7122
7122
7127
7132
7132
7132
7139
7150
7151
7157
7157
7159
7162
7164
7169
7176
7180
7180
7183
7185
7187
7190
7190
7191
7192
7195
7197
7197
7201
7203
7204
7204
7206
7208
7210
7215
7224
7224
7224
7231
7232
7233
7238
7239
7243
7252
7254
7257
7258
7258
7264
7265
7267
7267
7270
7271
7279
7288
7288
7290
7290
7292
7295
7295
7297
7298
7299
7302
7302
7306
7311
7311
7313
7315
7322
7323
7325
7325
7325
7326
7327
7332
7336
7344
7344
7351
7353
7357
7360
7360
7368
7369
7369
7370
7371
7371
7373
7382
7384
7387
7400
7400
7405
7410
7414
7416
7419
7419
7420
7424
7441
7441
7446
7446
7449
7453
7457
7461
7462
7467
7467
7472
7473
7482
7482
7487
7493
7507
7508
7510
7515
7520
7521
7523
7532
7533
7534
7537
7544
7549
7553
7557
7560
7561
7561
7561
7562
7563
7571
7574
7589
7592
7594
7602
7603
7606
7607
7610
7612
7612
7620
7628
7628
7628
7629
7632
7632
7667
7669
7675
7678
7678
7680
7683
7690
7696
7697
7698
7701
7712
7713
7716
7717
7720
7723
7729
7730
7734
7734
7735
7736
7737
7739
7740
7742
7742
7746
7752
7752
7753
7754
7756
7763
7765
7767
7770
7771
7771
7773
7775
7781
7784
7784
7785
7793
7793
7795
7798
7805
7809
7813
7814
7821
7830
7830
7830
7832
7833
7837
7837
7840
7841
7848
7850
7856
7864
7864
7868
7869
7873
7875
7875
7880
7887
7899
7900
7902
7904
7904
7909
7911
7911
7915
7918
7931
7931
7934
7936
7936
7938
7940
7947
7950
7954
7955
7956
7956
7956
7957
7958
7962
7969
7970
7974
7974
7976
7977
7978
7987
7994
7998
7999
7999
8008
8011
8014
8014
8022
8022
8024
8024
8028
8031
8032
8045
8046
8051
8060
8066
8067
8072
8075
8080
8088
8088
8089
8089
8092
8094
8098
8098
8099
8102
8106
8111
8112
8113
8113
8114
8114
8119
8122
8136
8137
8141
8142
8150
8152
8159
8161
8162
8165
8169
8175
8176
8176
8180
8190
8195
8196
8196
8200
8204
8205
8209
8210
8216
8217
8218
8219
8219
8220
8221
8224
8228
8229
8230
8231
8232
8235
8237
8237
8242
8243
8249
8253
8255
8258
8260
8266
8272
8273
8273
8278
8280
8281
8286
8292
8293
8294
8296
8304
8311
8311
8317
8326
8326
8328
8333
8336
8338
8340
8344
8350
8352
8364
8365
8369
8373
8379
8379
8382
8384
8387
8388
8390
8392
8394
8395
8406
8412
8413
8416
8418
8420
8424
8427
8429
8430
8435
8437
8442
8444
8447
8451
8454
8455
8457
8459
8461
8461
8467
8469
8470
8472
8473
8477
8480
8497
8498
8502
8513
8514
8516
8517
8520
8531
8534
8534
8539
8544
8550
8553
8554
8554
8556
8558
8559
8559
8560
8562
8570
8570
8571
8572
8590
8603
8604
8616
8616
8621
8621
8625
8631
8633
8639
8640
8641
8645
8650
8654
8661
8663
8667
8667
8671
8673
8674
8675
8679
8680
8685
8694
8696
8698
8700
8701
8706
8706
8709
8713
8714
8714
8715
8718
8718
8719
8721
8725
8731
8740
8741
8741
8742
8743
8747
8751
8756
8763
8764
8769
8774
8775
8780
8781
8784
8785
8787
8789
8790
8796
8796
8797
8799
8800
8802
8804
8810
8814
8814
8816
8817
8818
8818
8818
8820
8821
8822
8822
8823
8830
8830
8832
8834
8845
8847
8849
8852
8856
8859
8864
8866
8867
8867
8869
8875
8877
8879
8885
8887
8887
8895
8896
8905
8911
8912
8913
8916
8929
8936
8942
8948
8951
8953
8955
8955
8958
8959
8963
8969
8972
8981
8981
8983
8984
8985
8986
8987
8989
9000
9003
9012
9016
9016
9016
9017
9019
9021
9022
9023
9024
9026
9028
9030
9035
9037
9038
9047
9048
9048
9049
9053
9053
9055
9055
9056
9064
9071
9077
9083
9098
9101
9104
9105
9106
9108
9109
9110
9110
9111
9111
9115
9127
9130
9139
9142
9148
9149
9160
9162
9165
9168
9171
9171
9177
9177
9181
9182
9185
9187
9188
9191
9192
9193
9198
9215
9216
9219
9223
9225
9229
9232
9235
9242
9244
9245
9248
9248
9254
9256
9257
9261
9264
9264
9265
9266
9269
9269
9269
9272
9273
9274
9275
9279
9281
9283
9284
9285
9300
9303
9306
9307
9309
9313
9314
9316
9318
9324
9325
9327
9328
9330
9334
9335
9337
9342
9342
9353
9353
9356
9357
9363
9364
9372
9376
9378
9383
9385
9387
9388
9390
9392
9395
9399
9404
9406
9411
9416
9419
9424
9425
9432
9433
9435
9437
9449
9449
9451
9461
9462
9468
9470
9472
9475
9484
9491
9491
9495
9497
9497
9497
9499
9500
9503
9505
9508
9509
9511
9513
9515
9518
9518
9526
9526
9533
9536
9540
9547
9547
9547
9550
9556
9558
9570
9572
9577
9578
9579
9580
9583
9591
9597
9598
9604
9608
9610
9610
9612
9616
9618
9622
9623
9623
9630
9638
9641
9649
9651
9651
9660
9661
9666
9671
9671
9673
9681
9682
9683
9686
9686
9686
9689
9694
9699
9700
9702
9708
9715
9721
9723
9729
9735
9736
9736
9738
9742
9743
9748
9752
9756
9757
9765
9768
9770
9780
9786
9787
9790
9790
9794
9796
9796
9798
9802
9803
9809
9814
9816
9817
9817
9818
9824
9824
9825
9827
9841
9853
9854
9856
9862
9862
9869
9873
9883
9886
9890
9899
9901
9906
9909
9910
9911
9915
9915
9922
9924
9927
9928
9932
9934
9935
9935
9936
9940
9940
9940
9942
9958
9966
9969
9972
9974
9978
9978
9981
9984
9984
9988
9989
9991
9998
9998
9999
10000
10001
10007
10007
10019
10022
10022
10027
10028
10029
10029
10044
10047
10050
10052
10054
10058
10058
10070
10071
10073
10077
10079
10080
10084
10087
10087
10090
10090
10090
10091
10094
10095
10106
10108
10111
10114
10116
10117
10117
10122
10126
10127
10140
10146
10147
10164
10167
10176
10176
10178
10180
10182
10187
10188
10190
10192
10192
10194
10201
10206
10208
10208
10210
10210
10214
10215
10227
10229
10232
10233
10235
10235
10239
10244
10253
10255
10257
10260
10261
10264
10264
10269
10270
10276
10278
10280
10280
10286
10287
10288
10292
10293
10294
10296
10305
10306
10308
10308
10320
10320
10321
10330
10333
10349
10350
10350
10352
10358
10361
10365
10373
10376
10390
10393
10393
10394
10396
10400
10400
10404
10413
10425
10432
10432
10432
10433
10436
10440
10441
10452
10452
10454
10455
10457
10464
10465
10471
10476
10478
10480
10484
10485
10485
10488
10491
10497
10499
10499
10504
10508
10509
10512
10514
10521
10522
10525
10526
10527
10529
10535
10537
10538
10544
10555
10558
10562
10562
10568
10570
10573
10576
10577
10594
10594
10598
10600
10603
10604
10605
10608
10609
10610
10610
10617
10619
10623
10623
10624
10625
10631
10631
10632
10634
10636
10638
10639
10648
10650
10651
10657
10662
10667
10671
10674
10675
10678
10680
10680
10681
10682
10684
10687
10690
10691
10694
10695
10697
10702
10709
10710
10710
10715
10718
10724
10729
10738
10741
10744
10762
10763
10765
10772
10773
10780
10781
10785
10789
10791
10792
10795
10796
10796
10801
10805
10805
10806
10810
10810
10811
10812
10812
10824
10825
10831
10831
10833
10837
10842
10844
10845
10845
10848
10857
10857
10861
10863
10868
10872
10874
10875
10879
10880
10882
10885
10899
10901
10908
10911
10923
10924
10926
10927
10929
10930
10931
10932
10939
10940
10942
10942
10945
10955
10956
10962
10965
10968
10970
10979
10981
10981
10982
10984
10986
10990
10994
10998
10998
11001
11002
11004
11010
11016
11016
11020
11025
11032
11034
11043
11048
11053
11057
11059
11064
11065
11073
11073
11076
11078
11078
11082
11094
11096
11098
11099
11110
11119
11120
11121
11122
11123
11128
11143
11151
11151
11154
11155
11155
11157
11160
11165
11171
11173
11175
11176
11180
11182
11182
11189
11190
11198
11199
11200
11205
11207
11209
11215
11216
11221
11223
11224
11225
11228
11229
11233
11236
11241
11246
11247
11248
11250
11251
11254
11256
11262
11264
11264
11269
11277
11288
11290
11290
11292
11292
11293
11298
11302
11303
11308
11314
11329
11329
11331
11332
11333
11337
11339
11348
11356
11358
11359
11362
11365
11366
11373
11373
11373
11375
11386
11386
11390
11398
11401
11401
11408
11409
11414
11422
11422
11427
11429
11430
11435
11436
11436
11437
11438
11441
11447
11453
11455
11459
11461
11461
11466
11476
11477
11481
11481
11493
11496
11497
11507
11510
11510
11511
11514
11515
11516
11516
11526
11526
11530
11532
11539
11544
11549
11551
11556
11556
11558
11560
11564
11565
11566
11569
11569
11576
11577
11579
11581
11588
11590
11593
11596
11597
11602
11608
11609
11615
11619
11621
11625
11628
11631
11634
11635
11639
11648
11656
11658
11664
11671
11672
11672
11673
11677
11678
11679
11684
11685
11686
11687
11687
11690
11691
11692
11692
11699
11705
11706
11707
11707
11709
11710
11712
11717
11726
11727
11728
11731
11733
11735
11735
11736
11742
11744
11744
11750
11751
11752
11754
11755
11757
11758
11770
11773
11779
11782
11783
11783
11784
11786
11794
11795
11803
11805
11805
11806
11807
11809
11812
11813
11816
11820
11822
11824
11825
11826
11832
11833
11835
11838
11839
11843
11847
11850
11852
11854
11862
11863
11864
11868
11871
11871
11873
11881
11881
11882
11885
11890
11898
11900
11909
11914
11916
11916
11920
11922
11924
11924
11928
11928
11929
11930
11935
11938
11938
11939
11943
11948
11948
11949
11952
11954
11966
11967
11973
11978
11979
11981
11989
11999
12002
12004
12005
12009
12011
12017
12019
12021
12024
12026
12029
12034
12040
12044
12047
12049
12051
12052
12053
12055
12058
12063
12064
12065
12071
12080
12081
12087
12088
12089
12102
12104
12104
12112
12112
12114
12119
12119
12121
12125
12128
12132
12133
12133
12134
12137
12140
12140
12141
12142
12144
12145
12147
12149
12155
12155
12158
12163
12167
12169
12171
12174
12190
12193
12196
12197
12200
12208
12210
12222
12226
12228
12228
12232
12236
12237
12245
12245
12247
12248
12248
12252
12252
12253
12254
12257
12262
12262
12266
12270
12276
12283
12284
12285
12288
12290
12290
12297
12307
12308
12309
12311
12311
12314
12317
12320
12322
12323
12329
12335
12340
12345
12347
12348
12350
12354
12361
12377
12378
12378
12386
12391
12393
12394
12402
12408
12414
12418
12425
12438
12442
12462
12466
12472
12474
12476
12476
12480
12488
12489
12493
12495
12496
12497
12501
12502
12503
12506
12509
12515
12516
12518
12519
12519
12520
12522
12524
12532
12538
12538
12539
12539
12546
12551
12553
12554
12558
12559
12560
12560
12561
12570
12576
12582
12583
12585
12585
12595
12596
12596
12604
12605
12607
12610
12613
12616
12620
12622
12637
12637
12642
12650
12654
12655
12656
12661
12668
12669
12673
12673
12676
12681
12683
12686
12689
12693
12694
12698
12699
12702
12702
12704
12707
12724
12727
12730
12731
12733
12734
12741
12746
12747
12747
12753
12757
12758
12763
12767
12772
12775
12777
12781
12783
12786
12796
12809
12809
12809
12814
12815
12815
12823
12827
12833
12834
12835
12835
12849
12859
12861
12862
12878
12883
12887
12887
12888
12889
12890
12891
12894
12913
12922
12923
12925
12931
12942
12943
12943
12946
12955
12958
12958
12958
12959
12964
12964
12964
12967
12968
12971
12971
12971
12979
12982
12986
12989
12994
12996
12998
13000
13007
13009
13012
13012
13021
13022
13024
13027
13028
13031
13041
13047
13053
13057
13061
13064
13065
13068
13084
13088
13093
13097
13098
13098
13098
13099
13100
13100
13110
13118
13128
13131
13135
13136
13138
13140
13143
13146
13152
13152
13152
13154
13155
13158
13167
13168
13174
13175
13176
13179
13179
13180
13181
13182
13184
13185
13185
13185
13187
13189
13190
13190
13195
13196
13202
13204
13206
13208
13211
13214
13223
13227
13228
13234
13243
13244
13246
13248
13257
13258
13264
13269
13271
13271
13273
13282
13284
13284
13288
13295
13296
13297
13298
13299
13305
13309
13314
13316
13319
13322
13323
13324
13328
13328
13334
13339
13348
13351
13351
13357
13359
13362
13365
13372
13376
13376
13377
13379
13381
13382
13383
13389
13396
13398
13418
13419
13421
13427
13432
13434
13436
13439
13443
13443
13444
13445
13446
13447
13450
13452
13453
13454
13456
13456
13456
13468
13473
13473
13473
13476
13482
13487
13490
13496
13499
13499
13501
13501
13507
13510
13514
13515
13519
13521
13530
13536
13539
13541
13551
13554
13559
13561
13570
13572
13580
13581
13584
13587
13589
13590
13596
13597
13611
13612
13612
13617
13618
13619
13619
13621
13621
13621
13623
13625
13638
13639
13647
13650
13650
13653
13654
13660
13662
13665
13673
13673
13674
13684
13685
13685
13687
13689
13693
13693
13696
13703
13710
13718
13721
13724
13725
13727
13739
13741
13745
13748
13756
13757
13757
13758
13760
13764
13764
13767
13767
13768
13769
13772
13772
13774
13779
13782
13785
13788
13793
13793
13794
13795
13802
13806
13806
13807
13814
13815
13815
13817
13817
13821
13836
13837
13845
13846
13848
13854
13854
13859
13865
13865
13869
13874
13877
13878
13881
13881
13882
13883
13887
13889
13891
13892
13893
13893
13896
13899
13900
13902
13907
13914
13914
13914
13916
13920
13925
13937
13938
13942
13943
13951
13951
13954
13960
13965
13965
13970
13973
13973
13975
13976
13981
13986
13988
13992
13993
13993
13995
13999
14000
14000
14003
14005
14006
14010
14016
14019
14020
14023
14025
14026
14029
14031
14042
14043
14044
14051
14060
14063
14064
14066
14067
14073
14073
14079
14084
14085
14085
14087
14087
14088
14089
14092
14099
14100
14101
14106
14107
14108
14109
14112
14115
14116
14116
14120
14122
14126
14131
14140
14140
14141
14150
14151
14151
14155
14157
14159
14165
14166
14168
14168
14169
14175
14179
14184
14185
14185
14188
14192
14193
14198
14199
14202
14204
14211
14212
14213
14216
14216
14219
14222
14229
14231
14233
14243
14244
14245
14251
14256
14257
14261
14269
14276
14276
14279
14284
14286
14287
14291
14299
14306
14310
14311
14311
14313
14318
14323
14324
14324
14324
14345
14352
14355
14355
14356
14357
14357
14358
14361
14367
14378
14379
14379
14380
14388
14389
14391
14393
14393
14401
14401
14405
14405
14406
14408
14411
14411
14412
14413
14413
14416
14417
14417
14419
14421
14425
14425
14426
14428
14433
14436
14438
14444
14447
14454
14461
14466
14467
14468
14468
14469
14483
14486
14488
14491
14491
14495
14495
14502
14502
14509
14509
14510
14510
14511
14513
14514
14515
14531
14532
14537
14543
14545
14550
14551
14554
14557
14561
14561
14561
14562
14568
14585
14587
14587
14592
14595
14596
14597
14602
14605
14607
14614
14617
14618
14620
14621
14622
14627
14627
14629
14637
14637
14638
14639
14641
14642
14644
14651
14654
14655
14655
14656
14659
14661
14664
14665
14666
14667
14670
14673
14693
14694
14695
14696
14698
14699
14702
14702
14703
14703
14704
14712
14716
14719
14721
14722
14722
14725
14726
14728
14729
14731
14733
14735
14745
14748
14752
14755
14758
14760
14766
14774
14774
14774
14776
14778
14783
14785
14785
14786
14788
14790
14792
14800
14804
14807
14807
14813
14818
14821
14832
14836
14841
14842
14842
14851
14864
14875
14890
14893
14895
14899
14902
14903
14907
14920
14923
14925
14927
14929
14931
14932
14934
14935
14935
14944
14948
14949
14953
14961
14965
14970
14971
14971
14983
14989
14993
14995
14995
14999
15003
15006
15008
15019
15020
15021
15024
15030
15030
15031
15034
15036
15038
15039
15042
15043
15043
15053
15053
15053
15053
15059
15061
15069
15071
15071
15073
15076
15080
15082
15084
15094
15098
15099
15104
15107
15115
15116
15117
15118
15119
15120
15121
15125
15126
15135
15137
15138
15141
15142
15145
15146
15153
15155
15156
15169
15170
15180
15181
15185
15188
15188
15189
15192
15196
15202
15204
15204
15207
15207
15211
15215
15220
15223
15226
15230
15234
15237
15239
15241
15241
15244
15246
15252
15254
15260
15264
15267
15268
15270
15271
15271
15275
15278
15279
15282
15286
15289
15290
15296
15298
15302
15303
15311
15317
15317
15317
15319
15321
15324
15328
15329
15329
15336
15340
15344
15348
15350
15356
15356
15358
15363
15365
15374
15377
15379
15386
15390
15394
15395
15396
15409
15411
15412
15413
15413
15414
15421
15423
15423
15426
15427
15438
15449
15450
15451
15456
15457
15458
15464
15465
15466
15468
15472
15481
15482
15489
15491
15492
15495
15508
15515
15516
15521
15521
15526
15527
15530
15534
15539
15542
15543
15546
15546
15551
15553
15553
15556
15558
15564
15571
15574
15578
15582
15586
15588
15590
15590
15591
15592
15595
15595
15600
15607
15608
15614
15615
15615
15627
15632
15638
15640
15643
15644
15646
15646
15650
15652
15661
15669
15670
15670
15670
15673
15685
15685
15689
15689
15690
15693
15694
15695
15697
15698
15705
15706
15706
15732
15737
15740
15743
15750
15752
15752
15758
15759
15759
15770
15772
15778
15784
15784
15788
15788
15791
15793
15793
15801
15809
15813
15816
15817
15826
15829
15831
15838
15856
15857
15862
15869
15875
15875
15881
15884
15885
15887
15889
15890
15898
15899
15900
15902
15908
15920
15921
15924
15927
15928
15936
15953
15957
15961
15963
15965
15967
15969
15974
15985
15991
15992
15992
15992
15995
15997
15997
15998
15998
16004
16008
16010
16010
16022
16026
16028
16028
16028
16036
16040
16041
16041
16043
16044
16045
16049
16050
16051
16054
16056
16057
16057
16059
16060
16062
16068
16069
16074
16079
16080
16089
16089
16090
16091
16099
16106
16111
16114
16117
16122
16125
16130
16132
16137
16139
16140
16140
16148
16150
16150
16152
16155
16156
16163
16168
16170
16172
16179
16187
16196
16197
16200
16202
16202
16206
16207
16207
16211
16216
16218
16219
16220
16224
16225
16238
16242
16244
16244
16245
16245
16246
16248
16249
16249
16250
16250
16258
16258
16260
16262
16268
16279
16279
16285
16286
16297
16298
16300
16303
16304
16306
16311
16312
16312
16315
16316
16324
16327
16328
16328
16334
16335
16336
16337
16344
16344
16346
16347
16348
16349
16349
16350
16353
16354
16355
16356
16357
16360
16365
16366
16372
16375
16375
16383
16388
16389
16392
16399
16400
16402
16404
16405
16406
16411
16422
16425
16433
16438
16439
16439
16441
16442
16446
16456
16459
16466
16472
16476
16482
16486
16495
16500
16500
16507
16508
16510
16515
16516
16529
16530
16535
16535
16541
16541
16543
16543
16546
16555
16556
16556
16557
16563
16567
16568
16571
16574
16578
16585
16585
16589
16596
16601
16604
16604
16606
16614
16615
16616
16620
16626
16632
16633
16633
16633
16641
16647
16647
16648
16648
16648
16650
16652
16661
16667
16668
16671
16675
16677
16678
16678
16679
16680
16683
16687
16690
16690
16691
16697
16699
16701
16702
16708
16709
16713
16720
16723
16729
16734
16734
16738
16742
16746
16750
16757
16757
16773
16777
16778
16782
16791
16791
16793
16796
16799
16804
16809
16815
16816
16826
16831
16831
16839
16842
16843
16844
16845
16864
16865
16867
16868
16870
16873
16883
16887
16890
16895
16896
16903
16905
16907
16907
16907
16915
16928
16929
16929
16930
16932
16939
16964
16964
16966
16975
16979
16990
16990
16992
16994
16995
16996
16999
17001
17003
17007
17007
17008
17009
17016
17017
17018
17022
17022
17026
17040
17041
17041
17041
17047
17048
17053
17056
17057
17059
17060
17060
17061
17070
17072
17074
17076
17078
17078
17082
17086
17088
17091
17091
17093
17096
17100
17101
17102
17102
17106
17107
17108
17122
17122
17123
17125
17130
17141
17144
17146
17148
17156
17173
17174
17177
17182
17187
17189
17189
17203
17207
17211
17211
17212
17216
17218
17222
17223
17225
17231
17238
17238
17248
17252
17255
17268
17273
17274
17280
17284
17286
17286
17287
17290
17290
17298
17300
17301
17303
17306
17308
17309
17311
17320
17321
17324
17327
17327
17328
17329
17333
17336
17340
17341
17346
17347
17356
17357
17358
17360
17366
17367
17367
17370
17371
17374
17380
17384
17387
17389
17390
17391
17394
17394
17397
17398
17404
17405
17405
17406
17406
17419
17427
17441
17446
17446
17449
17452
17453
17459
17459
17461
17463
17464
17464
17464
17466
17470
17471
17486
17492
17495
17497
17501
17506
17515
17516
17516
17519
17519
17521
17522
17523
17523
17524
17533
17534
17534
17541
17543
17546
17547
17548
17554
17554
17557
17559
17568
17569
17576
17578
17581
17583
17584
17590
17592
17596
17597
17598
17616
17622
17625
17627
17638
17639
17645
17653
17656
17667
17667
17680
17685
17685
17696
17700
17700
17700
17701
17703
17706
17709
17712
17715
17718
17719
17722
17729
17733
17733
17735
17736
17741
17743
17757
17758
17767
17771
17774
17775
17777
17779
17779
17789
17792
17794
17797
17800
17803
17809
17811
17813
17818
17824
17826
17833
17834
17834
17835
17843
17844
17845
17846
17848
17850
17852
17855
17867
17872
17875
17878
17879
17879
17880
17885
17886
17891
17895
17898
17899
17909
17910
17910
17911
17911
17917
17924
17924
17925
17925
17928
17929
17934
17937
17938
17938
17943
17945
17955
17961
17961
17964
17965
17973
17974
17981
17986
17986
17987
17989
17994
18002
18004
18007
18009
18018
18023
18027
18030
18031
18036
18038
18038
18048
18051
18059
18060
18065
18067
18070
18077
18085
18085
18088
18090
18091
18111
18111
18116
18117
18117
18119
18121
18125
18125
18131
18133
18135
18143
18150
18158
18164
18166
18167
18173
18173
18174
18178
18181
18183
18183
18184
18185
18189
18194
18194
18194
18194
18201
18208
18209
18210
18213
18227
18227
18228
18229
18229
18234
18237
18247
18247
18247
18250
18253
18256
18259
18268
18271
18272
18275
18276
18281
18283
18286
18287
18297
18299
18299
18302
18306
18308
18310
18311
18312
18325
18328
18332
18339
18348
18351
18351
18355
18355
18356
18362
18362
18365
18366
18368
18368
18371
18372
18373
18374
18377
18378
18378
18379
18380
18380
18382
18383
18387
18389
18392
18400
18406
18406
18409
18410
18410
18411
18413
18425
18425
18427
18428
18434
18439
18445
18450
18452
18452
18454
18455
18457
18460
18461
18476
18477
18479
18484
18484
18491
18495
18497
18498
18499
18507
18507
18511
18511
18514
18515
18516
18517
18520
18522
18530
18533
18548
18550
18556
18557
18560
18561
18563
18565
18565
18566
18575
18578
18578
18582
18586
18586
18594
18598
18601
18601
18604
18605
18607
18615
18616
18618
18620
18622
18624
18642
18650
18658
18661
18661
18666
18673
18679
18685
18685
18688
18691
18693
18699
18700
18705
18707
18710
18719
18719
18726
18728
18730
18732
18737
18738
18743
18743
18743
18746
18751
18751
18751
18759
18760
18760
18760
18760
18765
18769
18771
18771
18775
18778
18779
18780
18782
18782
18785
18786
18787
18787
18790
18797
18797
18804
18804
18805
18812
18815
18817
18817
18818
18820
18836
18837
18840
18844
18846
18848
18849
18851
18851
18853
18856
18857
18860
18861
18861
18861
18866
18871
18871
18876
18878
18878
18882
18883
18890
18893
18895
18903
18908
18915
18915
18915
18921
18924
18926
18927
18934
18935
18950
18951
18954
18958
18960
18967
18968
18969
18970
18982
18983
18987
18993
18996
18998
19001
19002
19006
19015
19016
19018
19019
19019
19020
19021
19023
19024
19029
19031
19040
19043
19044
19047
19053
19054
19060
19067
19073
19076
19076
19078
19079
19081
19086
19088
19088
19088
19101
19105
19106
19106
19106
19114
19114
19120
19125
19131
19134
19136
19137
19138
19138
19140
19143
19145
19149
19151
19159
19160
19162
19165
19168
19169
19173
19178
19180
19181
19186
19194
19196
19198
19200
19202
19204
19204
19205
19206
19209
19210
19211
19214
19217
19224
19227
19234
19237
19246
19249
19252
19257
19258
19269
19272
19273
19283
19292
19293
19296
19296
19297
19300
19302
19302
19314
19316
19317
19323
19331
19340
19343
19349
19351
19356
19357
19360
19362
19362
19363
19364
19365
19368
19371
19374
19375
19376
19378
19383
19384
19388
19393
19403
19407
19409
19410
19410
19411
19419
19420
19422
19425
19426
19431
19431
19433
19435
19446
19450
19454
19456
19460
19461
19468
19469
19470
19472
19474
19478
19478
19479
19480
19480
19483
19483
19490
19495
19500
19503
19506
19510
19514
19514
19519
19527
19534
19540
19543
19545
19545
19566
19572
19572
19576
19578
19578
19579
19580
19580
19582
19586
19587
19588
19589
19590
19590
19590
19597
19598
19604
19606
19607
19612
19615
19616
19619
19619
19620
19620
19622
19623
19624
19632
19636
19637
19639
19640
19642
19642
19642
19648
19649
19651
19657
19657
19658
19665
19668
19670
19671
19673
19677
19679
19679
19679
19684
19685
19686
19688
19688
19698
19699
19706
19709
19709
19711
19712
19715
19716
19718
19720
19723
19728
19729
19738
19739
19755
19755
19758
19762
19764
19769
19775
19776
19778
19784
19788
19802
19805
19806
19809
19814
19817
19826
19827
19827
19827
19832
19836
19839
19840
19840
19846
19847
19849
19853
19857
19866
19869
19872
19876
19877
19893
19894
19901
19909
19910
19910
19912
19912
19913
19913
19914
19922
19927
19928
19933
19937
19939
19960
19970
19980
19982
19982
19982
19984
19988
19989
19990
19997
19998
20000
20000
20001
20009
20010
20013
20014
20019
20023
20023
20027
20029
20031
20041
20044
20045
20046
20050
20051
20053
20065
20066
20067
20069
20073
20075
20080
20080
20094
20094
20106
20120
20121
20121
20121
20123
20124
20126
20138
20140
20149
20153
20154
20154
20156
20161
20162
20162
20163
20163
20169
20169
20171
20175
20177
20179
20182
20183
20189
20203
20208
20211
20213
20219
20220
20221
20222
20225
20227
20227
20236
20242
20243
20245
20245
20253
20253
20256
20268
20277
20278
20280
20283
20284
20285
20288
20290
20297
20303
20304
20304
20305
20307
20311
20314
20315
20316
20316
20319
20326
20330
20330
20335
20338
20340
20342
20344
20346
20359
20365
20372
20372
20375
20382
20383
20384
20396
20398
20405
20405
20416
20419
20424
20427
20429
20441
20447
20451
20451
20452
20455
20456
20456
20459
20459
20463
20470
20477
20487
20488
20495
20496
20500
20502
20503
20505
20505
20506
20507
20517
20520
20522
20525
20525
20528
20529
20532
20540
20545
20545
20546
20547
20550
20552
20553
20557
20564
20579
20583
20588
20591
20591
20601
20604
20609
20618
20628
20634
20638
20639
20644
20649
20657
20660
20671
20683
20684
20688
20688
20692
20697
20697
20706
20709
20712
20726
20730
20731
20735
20735
20739
20740
20742
20742
20745
20748
20749
20754
20760
20761
20763
20764
20768
20771
20773
20777
20781
20781
20782
20783
20788
20791
20791
20793
20800
20804
20805
20809
20810
20815
20830
20834
20836
20839
20840
20850
20853
20855
20855
20857
20859
20860
20861
20862
20865
20866
20867
20872
20875
20884
20889
20890
20897
20897
20902
20908
20911
20911
20913
20914
20914
20914
20915
20922
20925
20926
20928
20935
20936
20942
20942
20944
20945
20947
20947
20948
20951
20954
20954
20957
20961
20963
20964
20976
20977
20977
20982
20982
20982
20987
20990
20992
20992
20997
20997
21000
21000
21003
21003
21003
21006
21015
21015
21016
21016
21021
21024
21041
21044
21049
21052
21054
21066
21069
21079
21080
21083
21087
21088
21093
21093
21096
21097
21097
21100
21101
21105
21112
21114
21125
21135
21145
21153
21155
21158
21159
21160
21160
21165
21169
21170
21173
21173
21179
21183
21187
21196
21197
21205
21205
21208
21213
21213
21214
21215
21217
21219
21226
21228
21236
21240
21244
21245
21247
21250
21259
21260
21265
21265
21267
21288
21288
21288
21289
21295
21295
21300
21302
21307
21307
21310
21311
21324
21329
21335
21338
21340
21345
21364
21364
21371
21372
21374
21374
21375
21383
21390
21394
21394
21399
21400
21401
21402
21405
21407
21412
21429
21430
21433
21433
21441
21444
21447
21448
21451
21453
21457
21457
21460
21460
21464
21465
21465
21465
21467
21470
21474
21474
21475
21480
21481
21486
21487
21489
21499
21506
21511
21528
21530
21534
21534
21535
21536
21537
21537
21538
21543
21547
21552
21561
21584
21587
21589
21591
21592
21593
21593
21595
21599
21599
21607
21616
21617
21621
21621
21626
21634
21635
21641
21644
21655
21660
21662
21666
21670
21670
21671
21671
21671
21673
21673
21680
21681
21683
21683
21686
21687
21691
21692
21697
21708
21711
21711
21715
21716
21718
21722
21722
21725
21727
21728
21728
21731
21733
21734
21736
21737
21743
21743
21744
21747
21751
21757
21759
21766
21767
21769
21773
21774
21775
21778
21778
21780
21781
21781
21781
21783
21785
21789
21789
21803
21810
21812
21816
21818
21821
21826
21827
21830
21830
21837
21843
21844
21849
21852
21855
21862
21862
21867
21869
21872
21878
21883
21884
21886
21887
21896
21900
21905
21909
21909
21917
21922
21925
21927
21927
21931
21931
21931
21935
21942
21943
21944
21945
21952
21953
21956
21957
21962
21966
21970
21981
21983
21987
21989
21990
21998
22002
22011
22013
22017
22023
22028
22035
22036
22038
22040
22042
22051
22052
22052
22058
22060
22063
22064
22064
22065
22066
22070
22081
22083
22083
22088
22088
22090
22100
22100
22103
22106
22112
22116
22117
22119
22119
22121
22123
22131
22133
22137
22137
22140
22147
22150
22153
22153
22156
22160
22161
22166
22174
22182
22182
22187
22192
22192
22194
22198
22199
22206
22207
22215
22220
22222
22223
22224
22225
22227
22231
22232
22234
22236
22242
22244
22245
22245
22245
22251
22252
22252
22254
22257
22261
22270
22272
22272
22277
22277
22286
22287
22295
22299
22300
22301
22310
22313
22318
22320
22320
22323
22327
22328
22331
22337
22346
22354
22366
22370
22372
22378
22382
22383
22385
22386
22391
22391
22396
22396
22397
22399
22401
22403
22410
22427
22429
22439
22440
22450
22450
22453
22461
22464
22469
22473
22480
22487
22493
22495
22498
22501
22506
22508
22510
22510
22518
22526
22526
22527
22528
22528
22535
22537
22538
22540
22544
22545
22546
22549
22559
22560
22564
22569
22570
22575
22576
22583
22587
22592
22593
22594
22597
22611
22625
22629
22631
22636
22641
22643
22643
22647
22647
22648
22649
22656
22658
22659
22661
22665
22667
22668
22674
22678
22679
22681
22681
22684
22685
22685
22688
22689
22691
22692
22692
22693
22699
22701
22702
22702
22705
22708
22709
22709
22723
22724
22726
22726
22726
22727
22728
22733
22735
22737
22739
22741
22744
22746
22747
22748
22748
22752
22753
22759
22761
22762
22764
22769
22771
22777
22777
22777
22778
22779
22781
22783
22783
22788
22791
22792
22797
22797
22798
22802
22807
22811
22813
22813
22819
22822
22826
22827
22829
22835
22839
22840
22842
22850
22862
22868
22871
22872
22873
22878
22890
22890
22894
22896
22903
22904
22905
22911
22911
22913
22914
22915
22930
22948
22949
22960
22961
22966
22970
22976
22977
22979
22980
22982
22987
22989
22992
22992
22997
22998
23003
23008
23008
23011
23012
23012
23013
23018
23021
23022
23023
23027
23030
23030
23037
23039
23039
23046
23052
23052
23053
23058
23059
23061
23072
23085
23085
23087
23088
23089
23092
23100
23102
23107
23123
23124
23130
23134
23157
23158
23165
23169
23171
23175
23180
23185
23186
23193
23200
23202
23203
23205
23213
23216
23217
23219
23220
23223
23224
23224
23226
23227
23229
23229
23238
23240
23241
23244
23246
23247
23249
23254
23255
23259
23263
23267
23267
23267
23273
23275
23276
23285
23288
23289
23289
23296
23300
23301
23305
23309
23310
23310
23313
23315
23328
23328
23330
23331
23337
23337
23338
23340
23341
23351
23355
23363
23363
23372
23375
23382
23383
23385
23391
23391
23392
23392
23397
23402
23403
23404
23404
23407
23411
23422
23426
23426
23428
23429
23432
23434
23435
23437
23438
23439
23442
23448
23450
23451
23453
23454
23455
23459
23460
23460
23466
23467
23467
23469
23470
23471
23474
23481
23482
23483
23487
23492
23497
23505
23519
23521
23525
23526
23534
23536
23536
23554
23557
23565
23566
23582
23588
23589
23590
23595
23600
23602
23602
23602
23602
23606
23611
23621
23623
23625
23628
23635
23637
23638
23643
23649
23657
23659
23673
23677
23683
23684
23696
23697
23702
23707
23708
23711
23714
23717
23719
23721
23722
23723
23725
23725
23731
23731
23733
23737
23741
23741
23743
23744
23745
23747
23751
23754
23760
23761
23762
23763
23767
23770
23770
23772
23774
23778
23779
23779
23780
23793
23793
23794
23795
23797
23798
23802
23806
23818
23819
23825
23828
23830
23830
23836
23836
23838
23850
23854
23856
23860
23867
23868
23873
23876
23877
23879
23881
23884
23885
23886
23888
23899
23899
23902
23906
23914
23918
23920
23923
23928
23929
23935
23936
23939
23941
23946
23946
23948
23949
23950
23950
23959
23962
23962
23966
23973
23977
23980
23982
23982
23983
23984
23990
24002
24006
24008
24009
24019
24019
24024
24028
24029
24030
24033
24050
24058
24064
24065
24067
24070
24070
24078
24086
24090
24091
24094
24097
24099
24100
24102
24109
24109
24115
24120
24128
24135
24136
24136
24138
24145
24155
24156
24156
24163
24166
24167
24171
24171
24174
24175
24175
24180
24181
24191
24191
24197
24199
24207
24209
24215
24216
24218
24221
24229
24232
24234
24235
24245
24247
24247
24264
24265
24266
24268
24269
24271
24272
24273
24283
24284
24288
24296
24296
24297
24309
24310
24310
24311
24317
24320
24321
24321
24327
24327
24327
24332
24333
24341
24342
24343
24347
24348
24348
24348
24351
24351
24353
24357
24359
24359
24362
24363
24378
24383
24383
24389
24389
24395
24395
24398
24405
24409
24409
24410
24413
24417
24421
24423
24426
24427
24431
24433
24433
24440
24440
24442
24446
24446
24447
24461
24462
24464
24468
24473
24476
24478
24482
24485
24486
24486
24493
24494
24495
24506
24510
24513
24517
24517
24518
24528
24529
24531
24542
24543
24543
24544
24547
24553
24557
24561
24564
24570
24572
24572
24575
24578
24580
24584
24585
24589
24589
24592
24593
24595
24596
24596
24597
24598
24607
24608
24613
24621
24621
24626
24629
24637
24637
24637
24639
24647
24648
24648
24650
24662
24667
24669
24674
24680
24691
24691
24696
24697
24704
24708
24712
24712
24717
24718
24719
24723
24729
24737
24738
24738
24738
24739
24742
24742
24743
24756
24759
24770
24771
24771
24773
24776
24786
24786
24789
24792
24793
24793
24797
24804
24817
24819
24822
24823
24832
24838
24840
24844
24859
24862
24869
24873
24881
24887
24891
24895
24897
24898
24899
24906
24907
24911
24914
24920
24927
24936
24939
24940
24943
24944
24954
24960
24961
24970
24972
24974
24976
24979
24988
24998
25002
25004
25007
25008
25019
25019
25022
25024
25025
25028
25029
25035
25040
25043
25044
25046
25047
25050
25053
25054
25057
25057
25058
25058
25059
25059
25060
25062
25066
25067
25068
25068
25075
25076
25077
25084
25087
25087
25088
25089
25091
25092
25095
25096
25097
25098
25098
25099
25102
25103
25110
25114
25121
25123
25123
25124
25143
25156
25157
25163
25166
25167
25168
25174
25176
25181
25183
25186
25194
25204
25204
25209
25211
25213
25216
25217
25218
25220
25220
25224
25226
25227
25229
25230
25230
25233
25235
25242
25245
25255
25262
25263
25266
25268
25269
25284
25286
25296
25300
25303
25307
25320
25321
25323
25324
25327
25329
25330
25333
25333
25336
25336
25341
25346
25346
25352
25358
25358
25359
25363
25368
25373
25374
25374
25380
25389
25389
25390
25392
25394
25394
25399
25404
25409
25419
25422
25423
25423
25429
25435
25448
25462
25463
25467
25468
25471
25471
25476
25476
25477
25478
25482
25488
25488
25495
25495
25496
25498
25499
25505
25506
25506
25520
25521
25521
25529
25532
25533
25539
25546
25547
25547
25549
25550
25555
25556
25558
25583
25584
25588
25589
25593
25593
25602
25610
25612
25615
25620
25621
25621
25625
25628
25628
25628
25629
25634
25634
25635
25637
25638
25645
25651
25660
25660
25660
25660
25663
25671
25682
25684
25686
25686
25686
25692
25696
25696
25696
25698
25706
25708
25710
25712
25713
25714
25716
25716
25716
25718
25721
25722
25733
25734
25736
25738
25739
25739
25743
25743
25748
25754
25755
25755
25757
25761
25763
25765
25772
25772
25773
25775
25787
25789
25800
25802
25803
25808
25810
25819
25822
25823
25831
25832
25835
25835
25840
25841
25841
25843
25843
25847
25854
25862
25872
25873
25875
25887
25899
25900
25901
25903
25903
25905
25908
25908
25909
25910
25913
25919
25929
25934
25941
25941
25946
25947
25948
25948
25948
25952
25955
25955
25958
25962
25962
25963
25982
25985
25988
25990
25997
25997
26003
26004
26006
26008
26011
26014
26014
26016
26019
26029
26032
26035
26040
26042
26042
26044
26048
26055
26058
26059
26064
26068
26072
26073
26074
26075
26077
26080
26081
26083
26085
26086
26088
26090
26095
26100
26104
26112
26115
26120
26120
26122
26124
26125
26134
26139
26139
26139
26144
26148
26166
26169
26170
26171
26172
26173
26173
26176
26194
26195
26204
26211
26213
26216
26218
26220
26225
26225
26229
26239
26241
26244
26252
26254
26255
26257
26265
26268
26271
26278
26283
26301
26303
26304
26305
26306
26313
26315
26320
26321
26321
26323
26323
26329
26329
26331
26332
26335
26337
26341
26341
26343
26345
26347
26347
26348
26350
26357
26357
26361
26373
26374
26375
26376
26376
26388
26390
26397
26399
26401
26406
26408
26411
26413
26416
26418
26422
26429
26431
26437
26438
26442
26447
26450
26455
26468
26474
26476
26478
26482
26482
26484
26486
26488
26491
26491
26500
26501
26507
26508
26509
26510
26511
26513
26516
26518
26518
26521
26523
26527
26530
26538
26540
26542
26543
26543
26543
26546
26550
26554
26558
26573
26576
26581
26582
26584
26593
26597
26599
26605
26609
26616
26620
26622
26624
26624
26625
26625
26652
26654
26655
26657
26658
26661
26664
26666
26676
26676
26680
26684
26686
26690
26692
26696
26697
26706
26706
26707
26708
26719
26721
26723
26726
26727
26729
26738
26741
26743
26747
26751
26755
26760
26763
26763
26768
26769
26780
26794
26806
26807
26810
26812
26813
26814
26815
26816
26818
26819
26820
26821
26827
26832
26833
26834
26835
26847
26847
26848
26848
26855
26862
26865
26872
26876
26882
26883
26885
26896
26900
26900
26901
26904
26907
26914
26925
26928
26929
26939
26940
26940
26950
26950
26951
26958
26960
26964
26964
26967
26968
26971
26971
26978
26980
26982
26988
26989
26999
27000
27008
27010
27011
27012
27020
27020
27025
27026
27029
27030
27030
27032
27034
27034
27037
27051
27052
27053
27056
27061
27062
27068
27069
27069
27077
27082
27096
27097
27098
27098
27104
27108
27110
27112
27112
27114
27114
27115
27115
27115
27117
27118
27121
27122
27122
27130
27131
27131
27132
27132
27135
27136
27136
27137
27141
27145
27151
27156
27159
27159
27161
27162
27164
27168
27169
27178
27178
27179
27182
27183
27183
27185
27188
27189
27190
27192
27196
27206
27207
27208
27213
27214
27215
27216
27218
27220
27223
27223
27226
27226
27234
27239
27242
27251
27256
27257
27258
27259
27260
27261
27264
27266
27267
27269
27277
27277
27280
27282
27287
27299
27302
27303
27307
27310
27311
27311
27316
27318
27318
27319
27320
27322
27323
27323
27329
27331
27335
27335
27338
27342
27351
27352
27353
27355
27360
27365
27365
27373
27385
27389
27389
27392
27395
27398
27404
27407
27412
27413
27417
27422
27422
27424
27428
27429
27436
27439
27446
27457
27458
27460
27463
27464
27469
27471
27472
27474
27477
27478
27480
27482
27487
27489
27495
27498
27498
27503
27505
27505
27508
27508
27515
27518
27518
27519
27522
27531
27531
27531
27537
27538
27547
27549
27551
27554
27555
27558
27564
27566
27573
27581
27583
27584
27585
27585
27585
27587
27587
27589
27596
27596
27600
27600
27602
27604
27607
27607
27608
27612
27620
27621
27621
27634
27634
27637
27651
27653
27654
27659
27666
27666
27668
27669
27671
27671
27677
27678
27679
27679
27679
27681
27683
27688
27689
27692
27692
27692
27697
27699
27702
27703
27703
27705
27706
27713
27715
27716
27725
27726
27730
27735
27735
27738
27742
27749
27753
27754
27758
27760
27763
27766
27766
27769
27771
27771
27772
27779
27785
27790
27792
27793
27801
27803
27806
27808
27810
27815
27818
27820
27834
27836
27837
27849
27851
27852
27852
27853
27857
27857
27859
27859
27864
27865
27869
27869
27869
27873
27884
27886
27895
27896
27901
27905
27907
27908
27913
27913
27915
27918
27926
27927
27929
27933
27934
27937
27937
27943
27944
27950
27955
27956
27957
27963
27967
27969
27973
27987
27989
27992
27993
27995
27997
28003
28009
28015
28020
28032
28033
28039
28048
28049
28053
28054
28057
28064
28065
28066
28067
28071
28072
28072
28075
28075
28089
28096
28097
28100
28101
28102
28103
28114
28124
28125
28126
28127
28128
28129
28134
28138
28139
28140
28142
28148
28152
28165
28168
28170
28171
28171
28172
28176
28183
28186
28190
28207
28208
28214
28229
28238
28239
28243
28247
28248
28249
28250
28253
28258
28261
28264
28267
28268
28270
28271
28271
28279
28282
28284
28285
28287
28288
28290
28295
28296
28302
28305
28310
28317
28328
28329
28330
28340
28345
28345
28345
28347
28348
28355
28357
28360
28362
28364
28365
28366
28366
28367
28367
28368
28374
28374
28376
28381
28383
28384
28403
28416
28418
28423
28424
28430
28442
28445
28449
28451
28452
28465
28470
28471
28475
28479
28480
28483
28487
28495
28499
28503
28509
28511
28511
28514
28519
28519
28524
28525
28525
28526
28527
28535
28544
28545
28548
28548
28549
28551
28552
28552
28559
28565
28567
28567
28571
28572
28578
28578
28585
28593
28596
28602
28602
28616
28620
28623
28636
28638
28639
28639
28643
28646
28647
28650
28655
28655
28656
28660
28668
28670
28672
28676
28676
28677
28677
28679
28681
28682
28682
28687
28687
28689
28692
28692
28696
28697
28698
28700
28701
28701
28703
28705
28707
28712
28716
28717
28720
28725
28726
28730
28730
28732
28735
28740
28744
28746
28749
28750
28751
28756
28761
28764
28764
28767
28771
28775
28776
28777
28782
28785
28787
28788
28791
28793
28795
28801
28804
28806
28812
28812
28812
28815
28816
28820
28825
28830
28838
28839
28841
28845
28846
28847
28850
28852
28854
28856
28856
28857
28858
28859
28862
28868
28869
28875
28881
28889
28890
28893
28894
28898
28903
28915
28915
28917
28927
28927
28933
28934
28935
28952
28966
28981
28986
28991
28998
29000
29001
29002
29005
29007
29007
29008
29010
29013
29014
29018
29019
29020
29033
29036
29036
29043
29044
29045
29047
29047
29049
29051
29061
29061
29061
29063
29067
29069
29079
29082
29082
29086
29086
29087
29089
29092
29094
29096
29102
29102
29103
29103
29107
29108
29108
29108
29110
29117
29118
29120
29122
29124
29128
29131
29132
29134
29136
29138
29144
29145
29145
29148
29151
29154
29156
29161
29162
29168
29170
29172
29187
29195
29206
29210
29213
29215
29216
29217
29220
29225
29225
29227
29227
29227
29231
29237
29240
29242
29245
29247
29248
29251
29255
29257
29259
29259
29262
29263
29265
29270
29275
29283
29299
29301
29308
29309
29313
29314
29314
29319
29332
29343
29345
29346
29347
29361
29374
29376
29381
29387
29393
29397
29397
29398
29403
29407
29407
29413
29417
29419
29425
29433
29434
29440
29441
29443
29443
29451
29452
29455
29461
29462
29464
29470
29471
29475
29477
29477
29480
29491
29501
29501
29507
29510
29518
29518
29518
29520
29523
29523
29524
29532
29534
29536
29538
29539
29539
29542
29544
29545
29556
29559
29564
29577
29580
29582
29584
29593
29595
29604
29605
29605
29608
29609
29609
29609
29611
29616
29623
29624
29627
29631
29635
29639
29640
29641
29641
29648
29648
29651
29658
29660
29668
29669
29674
29675
29678
29681
29694
29702
29708
29709
29713
29718
29720
29722
29723
29723
29726
29726
29733
29734
29736
29737
29738
29740
29746
29748
29752
29753
29755
29759
29765
29766
29767
29770
29773
29774
29778
29784
29791
29800
29802
29808
29810
29812
29821
29826
29826
29833
29835
29836
29838
29846
29847
29851
29852
29854
29862
29865
29865
29866
29868
29870
29875
29875
29875
29877
29881
29885
29886
29886
29896
29898
29899
29902
29903
29908
29909
29910
29917
29919
29923
29928
29928
29929
29938
29940
29941
29941
29943
29946
29954
29958
29960
29961
29963
29967
29973
29978
29978
29989
29990
30003
30005
30009
30010
30015
30029
30033
30038
30041
30041
30043
30047
30054
30056
30057
30058
30058
30060
30060
30061
30064
30064
30067
30068
30069
30070
30077
30087
30091
30092
30097
30099
30101
30102
30107
30115
30117
30129
30130
30132
30138
30138
30141
30148
30150
30153
30157
30164
30168
30176
30179
30183
30183
30188
30189
30191
30191
30194
30195
30207
30207
30208
30212
30215
30228
30230
30230
30240
30243
30245
30246
30251
30255
30259
30266
30267
30268
30275
30281
30281
30282
30286
30287
30290
30293
30294
30295
30295
30297
30302
30303
30320
30322
30322
30334
30334
30347
30349
30353
30353
30357
30358
30359
30360
30361
30368
30369
30374
30377
30378
30378
30381
30383
30385
30386
30386
30386
30391
30391
30393
30395
30398
30399
30403
30404
30416
30417
30423
30440
30441
30453
30454
30464
30466
30470
30470
30490
30491
30493
30497
30501
30501
30503
30508
30509
30511
30512
30514
30517
30522
30525
30526
30528
30528
30530
30531
30535
30545
30547
30547
30555
30556
30556
30556
30558
30558
30561
30565
30566
30570
30570
30577
30578
30585
30590
30599
30600
30602
30603
30603
30605
30610
30611
30618
30622
30624
30628
30631
30635
30635
30636
30637
30640
30642
30642
30644
30648
30654
30656
30659
30659
30662
30666
30667
30667
30669
30675
30679
30680
30681
30684
30687
30688
30690
30694
30700
30701
30706
30707
30708
30710
30712
30712
30716
30721
30728
30736
30738
30739
30742
30750
30756
30759
30762
30768
30782
30785
30794
30794
30813
30814
30831
30839
30841
30842
30847
30856
30858
30858
30858
30859
30861
30864
30864
30867
30870
30872
30876
30876
30882
30885
30889
30891
30899
30907
30910
30914
30915
30922
30926
30926
30928
30936
30941
30946
30947
30950
30952
30955
30958
30963
30965
30972
30973
30983
30988
30990
30996
30999
30999
31003
31009
31009
31016
31018
31018
31018
31019
31021
31021
31023
31025
31029
31032
31037
31040
31044
31045
31046
31047
31048
31051
31052
31058
31059
31059
31062
31066
31069
31070
31075
31077
31081
31081
31089
31089
31092
31097
31100
31104
31106
31106
31107
31119
31125
31132
31133
31140
31141
31142
31144
31144
31149
31150
31150
31153
31170
31171
31171
31172
31172
31172
31176
31176
31178
31180
31188
31194
31197
31200
31205
31206
31206
31209
31212
31213
31231
31233
31237
31240
31254
31254
31255
31259
31261
31262
31267
31271
31272
31276
31278
31288
31288
31290
31306
31307
31307
31309
31324
31327
31327
31328
31330
31336
31336
31337
31339
31341
31349
31350
31351
31356
31357
31362
31363
31369
31370
31374
31374
31378
31379
31381
31382
31384
31385
31388
31389
31392
31392
31397
31402
31415
31416
31420
31421
31430
31437
31441
31443
31443
31444
31447
31447
31449
31455
31459
31460
31461
31465
31469
31480
31481
31485
31486
31489
31490
31495
31495
31498
31501
31505
31512
31525
31527
31528
31533
31540
31544
31547
31551
31557
31564
31564
31568
31571
31575
31582
31585
31585
31586
31598
31599
31601
31607
31609
31609
31612
31612
31623
31627
31632
31632
31633
31634
31635
31638
31639
31649
31651
31655
31658
31660
31664
31669
31672
31679
31689
31693
31706
31707
31707
31710
31711
31714
31720
31722
31728
31729
31732
31734
31743
31743
31744
31752
31755
31756
31767
31767
31769
31771
31774
31779
31780
31795
31796
31807
31808
31809
31813
31814
31815
31820
31826
31831
31831
31831
31836
31839
31841
31848
31855
31856
31857
31861
31862
31866
31866
31868
31870
31873
31878
31881
31890
31894
31894
31897
31899
31904
31905
31912
31912
31914
31923
31923
31927
31934
31937
31939
31944
31945
31949
31949
31956
31960
31963
31971
31972
31972
31982
32003
32004
32006
32014
32014
32016
32030
32045
32045
32046
32052
32057
32059
32061
32061
32062
32064
32064
32072
32074
32089
32097
32101
32101
32107
32113
32113
32120
32123
32127
32128
32130
32143
32149
32158
32160
32161
32162
32163
32165
32171
32171
32177
32177
32178
32182
32185
32187
32189
32196
32197
32199
32200
32202
32202
32203
32206
32209
32210
32210
32213
32214
32218
32219
32225
32227
32228
32229
32236
32236
32236
32239
32244
32245
32251
32256
32258
32263
32264
32265
32267
32268
32273
32277
32278
32281
32282
32288
32293
32299
32299
32302
32305
32309
32310
32311
32312
32313
32315
32326
32330
32332
32335
32338
32346
32354
32356
32356
32358
32361
32369
32370
32370
32372
32374
32375
32377
32379
32379
32384
32392
32394
32394
32395
32396
32399
32401
32401
32402
32404
32404
32410
32414
32416
32418
32426
32428
32428
32429
32432
32437
32445
32448
32449
32449
32451
32455
32460
32464
32475
32477
32478
32480
32481
32483
32485
32487
32487
32490
32490
32490
32493
32493
32495
32498
32500
32510
32513
32533
32533
32537
32539
32544
32546
32549
32549
32552
32561
32564
32567
32570
32573
32576
32580
32583
32589
32591
32594
32594
32600
32602
32605
32609
32611
32612
32615
32621
32623
32630
32635
32638
32638
32640
32645
32646
32647
32648
32653
32654
32663
32663
32665
32665
32667
32671
32674
32679
32688
32696
32696
32697
32698
32702
32703
32707
32718
32720
32722
32730
32730
32738
32743
32743
32746
32749
32757
32758
