0
2
4
8
9
13
13
16
19
21
22
31
35
40
41
45
48
53
57
65
65
68
71
74
74
76
76
83
86
87
91
91
92
93
93
93
94
103
110
113
116
119
120
120
122
126
133
134
138
140
140
142
143
151
152
153
153
156
160
161
168
173
173
174
174
176
179
181
193
194
194
196
197
201
202
203
214
219
221
227
232
233
233
238
239
245
250
251
254
256
259
260
260
261
263
263
264
269
271
273
273
279
282
288
293
297
300
307
312
314
316
316
319
321
322
328
332
336
336
338
345
345
347
348
348
349
356
358
359
371
374
375
382
384
386
390
405
411
413
414
420
422
427
431
445
451
451
452
453
454
456
459
463
464
467
468
471
477
481
485
485
489
498
501
506
509
512
512
515
516
517
518
521
523
523
524
530
538
546
550
554
556
557
561
563
565
565
568
573
574
575
579
583
584
590
591
592
596
597
600
600
602
602
606
607
608
614
617
629
634
640
640
645
646
649
653
658
662
669
683
683
688
691
693
693
694
696
700
704
713
713
715
715
716
717
726
730
730
731
731
736
738
753
754
759
761
773
779
780
784
785
788
788
789
791
795
800
809
812
815
817
819
821
823
830
830
837
837
840
840
843
858
863
864
866
869
872
875
876
876
879
879
879
887
889
891
893
893
896
897
899
901
906
907
907
907
908
908
918
918
918
920
924
924
925
925
931
934
943
944
947
948
951
958
961
972
975
987
991
992
999
1000
1002
1005
1009
1019
1028
1038
1038
1041
1045
1047
1051
1067
1070
1078
1082
1086
1087
1090
1090
1092
1094
1094
1103
1103
1107
1107
1109
1110
1112
1113
1115
1117
1117
1120
1121
1124
1125
1127
1128
1128
1129
1134
1139
1139
1143
1163
1163
1169
1171
1171
1175
1178
1178
1179
1186
1191
1193
1194
1198
1201
1212
1215
1221
1223
1224
1225
1227
1229
1239
1251
1253
1258
1259
1263
1265
1267
1270
1273
1273
1279
1282
1285
1286
1291
1296
1301
1318
1320
1323
1325
1332
1336
1337
1339
1341
1343
1349
1351
1351
1352
1353
1355
1356
1360
1365
1367
1369
1374
1376
1378
1383
1385
1387
1387
1391
1392
1397
1404
1407
1416
1420
1421
1429
1429
1432
1434
1435
1437
1441
1447
1447
1449
1451
1453
1455
1456
1459
1463
1465
1468
1470
1472
1473
1474
1477
1481
1492
1496
1500
1501
1510
1511
1518
1518
1522
1526
1528
1535
1537
1545
1546
1546
1549
1550
1552
1553
1561
1562
1562
1562
1571
1578
1589
1590
1591
1598
1598
1606
1611
1614
1617
1618
1619
1622
1628
1630
1632
1633
1633
1636
1638
1638
1640
1645
1648
1661
1662
1666
1668
1668
1670
1671
1672
1675
1679
1679
1683
1684
1686
1688
1689
1691
1694
1696
1700
1702
1705
1709
1719
1722
1724
1724
1725
1727
1730
1731
1732
1732
1738
1738
1742
1750
1756
1761
1764
1766
1769
1776
1776
1782
1782
1786
1789
1790
1796
1796
1797
1798
1799
1802
1804
1812
1818
1818
1821
1823
1824
1828
1828
1836
1839
1840
1843
1848
1850
1852
1853
1856
1870
1870
1882
1892
1893
1897
1902
1903
1905
1906
1909
1913
1921
1924
1924
1931
1931
1932
1936
1938
1940
1941
1947
1947
1949
1956
1962
1962
1965
1982
1989
1990
1992
1992
1993
1994
1994
1996
1997
1999
2001
2003
2004
2006
2012
2015
2016
2023
2023
2024
2032
2036
2040
2042
2043
2048
2050
2055
2061
2061
2061
2062
2067
2071
2073
2074
2083
2085
2086
2087
2087
2092
2093
2098
2099
2101
2101
2104
2105
2105
2110
2116
2125
2128
2128
2129
2130
2132
2135
2136
2141
2144
2147
2151
2152
2156
2158
2161
2166
2173
2174
2179
2181
2183
2184
2185
2187
2187
2200
2205
2206
2207
2207
2211
2213
2215
2217
2217
2220
2224
2226
2228
2229
2240
2257
2258
2260
2261
2262
2263
2265
2267
2276
2278
2281
2285
2289
2296
2298
2300
2305
2307
2308
2309
2310
2315
2316
2317
2320
2323
2328
2328
2330
2336
2338
2342
2342
2352
2354
2360
2369
2374
2381
2383
2398
2400
2406
2411
2415
2416
2420
2422
2427
2429
2430
2432
2442
2450
2454
2457
2459
2460
2465
2465
2467
2469
2470
2471
2473
2474
2474
2479
2481
2486
2487
2488
2493
2497
2501
2503
2507
2509
2510
2510
2512
2512
2520
2521
2526
2526
2532
2533
2533
2533
2534
2537
2538
2548
2549
2552
2553
2563
2564
2566
2566
2568
2569
2574
2575
2578
2579
2583
2591
2595
2595
2597
2610
2620
2623
2624
2625
2628
2647
2649
2650
2652
2663
2666
2667
2677
2677
2682
2686
2689
2702
2705
2705
2706
2712
2718
2719
2721
2725
2727
2732
2732
2735
2741
2741
2745
2750
2759
2766
2769
2777
2780
2782
2787
2789
2808
2811
2811
2813
2815
2816
2818
2833
2834
2835
2841
2841
2850
2852
2852
2854
2855
2864
2866
2866
2870
2875
2876
2885
2888
2888
2903
2904
2910
2916
2917
2918
2920
2925
2927
2931
2940
2943
2945
2946
2954
2957
2961
2961
2973
2975
2978
2979
2979
2983
2985
2986
2986
2987
2990
2992
2996
2997
3002
3003
3003
3006
3014
3017
3020
3024
3025
3025
3026
3030
3034
3036
3036
3036
3038
3041
3042
3046
3050
3052
3053
3055
3056
3059
3059
3060
3072
3073
3079
3080
3081
3082
3087
3093
3095
3095
3097
3097
3097
3099
3100
3100
3102
3106
3110
3113
3116
3116
3121
3122
3124
3125
3128
3128
3132
3134
3141
3141
3148
3149
3152
3153
3156
3162
3167
3169
3172
3173
3174
3176
3180
3183
3192
3199
3214
3216
3217
3226
3227
3227
3235
3236
3246
3247
3249
3250
3253
3259
3263
3265
3265
3266
3266
3275
3277
3281
3281
3283
3285
3290
3293
3294
3295
3295
3305
3307
3309
3311
3314
3314
3317
3319
3326
3327
3330
3330
3335
3339
3351
3358
3360
3362
3365
3365
3366
3371
3372
3373
3375
3376
3381
3395
3397
3405
3411
3415
3416
3427
3428
3430
3433
3433
3436
3443
3446
3446
3446
3450
3453
3457
3459
3459
3460
3465
3469
3469
3470
3472
3474
3476
3477
3477
3481
3483
3484
3486
3491
3493
3496
3500
3502
3507
3511
3512
3514
3515
3516
3517
3520
3526
3526
3527
3529
3530
3531
3531
3534
3535
3540
3540
3541
3548
3549
3550
3552
3555
3559
3560
3561
3567
3571
3574
3577
3577
3580
3582
3583
3605
3616
3618
3628
3629
3630
3633
3645
3646
3649
3652
3654
3657
3659
3662
3662
3665
3666
3669
3674
3674
3678
3682
3682
3687
3690
3699
3700
3702
3704
3706
3709
3709
3714
3715
3718
3719
3723
3724
3730
3731
3739
3763
3764
3764
3765
3767
3770
3772
3772
3796
3800
3809
3814
3815
3817
3817
3819
3822
3822
3824
3826
3832
3834
3834
3842
3845
3855
3864
3865
3866
3867
3871
3882
3885
3886
3887
3888
3889
3897
3899
3899
3899
3900
3900
3901
3907
3908
3908
3915
3919
3921
3940
3941
3944
3946
3951
3960
3964
3964
3969
3974
3980
3981
3984
3991
3991
3994
3995
3996
3997
4002
4003
4004
4006
4009
4009
4010
4011
4012
4012
4012
4017
4017
4020
4026
4030
4036
4037
4038
4040
4041
4042
4054
4055
4056
4056
4058
4060
4065
4066
4070
4072
4075
4080
4084
4085
4089
4094
4098
4108
4116
4117
4118
4123
4125
4127
4130
4130
4133
4136
4146
4155
4158
4159
4168
4170
4171
4171
4173
4174
4179
4183
4195
4196
4200
4201
4204
4213
4225
4225
4234
4242
4244
4254
4256
4259
4260
4262
4263
4263
4267
4276
4277
4277
4279
4282
4284
4295
4295
4296
4298
4300
4302
4303
4306
4309
4311
4313
4325
4334
4340
4342
4343
4345
4346
4346
4347
4349
4355
4356
4356
4359
4364
4366
4368
4368
4370
4378
4382
4382
4391
4391
4397
4398
4398
4398
4398
4399
4403
4403
4404
4407
4407
4412
4414
4420
4421
4422
4424
4426
4430
4432
4432
4436
4438
4440
4440
4440
4444
4446
4449
4450
4452
4457
4461
4466
4468
4474
4475
4476
4492
4492
4494
4494
4497
4501
4503
4504
4507
4509
4510
4511
4512
4513
4521
4530
4534
4539
4546
4547
4557
4557
4559
4560
4563
4569
4569
4572
4577
4584
4586
4590
4593
4594
4597
4600
4612
4613
4616
4619
4623
4627
4630
4635
4638
4651
4654
4661
4662
4668
4669
4678
4682
4684
4692
4696
4700
4700
4711
4715
4725
4741
4742
4750
4756
4756
4759
4771
4787
4791
4801
4805
4813
4814
4824
4827
4827
4829
4830
4839
4843
4850
4855
4858
4860
4866
4867
4874
4876
4878
4889
4893
4904
4904
4909
4911
4914
4917
4918
4919
4919
4921
4921
4922
4925
4934
4935
4940
4942
4944
4944
4954
4967
4969
4969
4969
4972
4985
4988
4993
5004
5005
5005
5009
5011
5012
5019
5020
5021
5035
5041
5042
5046
5047
5048
5049
5053
5054
5059
5059
5068
5070
5071
5077
5078
5078
5079
5079
5080
5081
5087
5090
5093
5095
5095
5096
5099
5100
5107
5107
5113
5122
5131
5131
5135
5139
5142
5142
5142
5150
5151
5151
5156
5157
5161
5161
5168
5174
5177
5177
5184
5191
5193
5194
5198
5200
5200
5218
5219
5220
5229
5234
5235
5236
5238
5240
5244
5247
5249
5256
5259
5271
5274
5278
5281
5281
5283
5284
5304
5306
5307
5314
5315
5316
5316
5321
5323
5328
5329
5334
5335
5338
5343
5344
5346
5352
5354
5354
5356
5356
5357
5360
5365
5380
5391
5402
5405
5410
5416
5416
5420
5423
5430
5434
5440
5441
5442
5443
5449
5452
5453
5453
5467
5471
5475
5475
5476
5476
5502
5505
5514
5516
5520
5520
5523
5526
5526
5534
5543
5544
5545
5556
5557
5565
5569
5570
5571
5580
5583
5589
5592
5592
5593
5594
5594
5594
5599
5607
5613
5613
5615
5619
5622
5626
5628
5630
5639
5651
5651
5653
5657
5659
5661
5662
5663
5672
5676
5682
5686
5688
5698
5699
5704
5710
5710
5711
5711
5712
5713
5720
5722
5724
5729
5732
5741
5745
5753
5754
5756
5762
5764
5769
5771
5776
5778
5778
5793
5794
5802
5804
5807
5808
5808
5810
5812
5816
5816
5818
5819
5820
5824
5825
5827
5829
5834
5847
5850
5851
5857
5859
5860
5865
5865
5868
5870
5871
5874
5877
5886
5892
5900
5903
5910
5916
5916
5918
5919
5926
5931
5932
5938
5939
5940
5942
5942
5945
5949
5954
5959
5962
5972
5972
5973
5974
5977
5981
5982
5982
5982
5987
5995
6001
6005
6019
6019
6024
6025
6025
6037
6038
6041
6046
6050
6054
6055
6057
6058
6060
6062
6068
6069
6071
6071
6077
6077
6078
6081
6081
6084
6091
6092
6092
6093
6094
6095
6096
6099
6111
6111
6114
6118
6123
6124
6125
6128
6130
6134
6135
6141
6144
6146
6147
6151
6154
6157
6165
6165
6166
6169
6170
6176
6177
6180
6180
6183
6184
6198
6202
6203
6204
6211
6214
6218
6219
6221
6223
6225
6238
6241
6246
6252
6254
6255
6258
6259
6261
6261
6271
6281
6283
6283
6288
6290
6291
6295
6298
6299
6301
6301
6302
6306
6310
6312
6313
6314
6317
6319
6319
6321
6324
6325
6328
6328
6332
6333
6334
6335
6338
6349
6351
6351
6354
6369
6372
6372
6378
6381
6381
6383
6384
6392
6395
6415
6420
6422
6422
6425
6429
6435
6446
6454
6457
6460
6464
6464
6468
6470
6473
6479
6485
6485
6486
6492
6492
6493
6493
6497
6499
6504
6506
6510
6514
6519
6532
6545
6547
6548
6549
6549
6553
6554
6562
6566
6567
6570
6576
6582
6584
6587
6589
6589
6592
6595
6599
6606
6610
6610
6615
6616
6620
6624
6625
6628
6634
6639
6646
6646
6647
6658
6664
6669
6669
6680
6686
6687
6695
6697
6701
6704
6706
6706
6706
6712
6712
6716
6716
6720
6722
6725
6733
6736
6740
6740
6741
6743
6747
6750
6751
6753
6756
6758
6759
6765
6766
6766
6767
6768
6769
6771
6779
6779
6779
6779
6779
6781
6786
6788
6788
6791
6791
6794
6804
6806
6808
6809
6820
6828
6830
6832
6844
6851
6852
6859
6864
6864
6870
6872
6873
6873
6876
6877
6879
6881
6888
6895
6899
6900
6902
6906
6909
6910
6911
6927
6931
6935
6939
6939
6954
6956
6962
6964
6965
6968
6970
6978
6980
6984
6985
6989
6989
6994
6996
6997
6997
6998
7002
7004
7004
7006
7009
7010
7012
7020
7024
7025
7027
7032
7033
7035
7040
7042
7043
7050
7056
7059
7064
7074
7085
7090
7092
7094
7102
7106
7109
7115
7120
7130
7130
7131
7134
7136
7137
7138
7139
7140
7141
7152
7162
7163
7164
7164
7164
7165
7169
7171
7173
7175
7182
7183
7183
7190
7196
7196
7199
7200
7204
7205
7205
7208
7210
7222
7229
7235
7244
7256
7260
7262
7263
7266
7268
7269
7269
7271
7275
7279
7279
7283
7288
7296
7300
7301
7302
7303
7305
7312
7314
7316
7321
7321
7327
7327
7337
7340
7343
7344
7346
7358
7361
7362
7368
7378
7381
7384
7387
7387
7389
7389
7390
7390
7394
7398
7402
7404
7405
7409
7411
7417
7423
7425
7426
7434
7451
7456
7459
7459
7461
7462
7463
7463
7469
7469
7472
7488
7488
7489
7501
7501
7502
7504
7506
7507
7508
7510
7511
7512
7512
7513
7513
7514
7520
7524
7529
7533
7539
7541
7542
7542
7551
7555
7561
7563
7563
7574
7574
7578
7579
7581
7586
7587
7597
7598
7604
7613
7614
7627
7628
7628
7628
7630
7631
7631
7636
7636
7643
7646
7649
7655
7655
7657
7659
7666
7671
7672
7673
7675
7679
7684
7690
7690
7692
7692
7693
7693
7693
7695
7698
7699
7700
7700
7700
7702
7706
7710
7711
7712
7718
7724
7725
7727
7728
7731
7735
7736
7736
7745
7745
7753
7754
7772
7780
7780
7781
7784
7785
7787
7787
7788
7788
7789
7796
7797
7802
7802
7803
7804
7817
7818
7820
7824
7826
7831
7833
7836
7841
7843
7848
7851
7854
7856
7863
7864
7867
7871
7873
7875
7880
7881
7886
7891
7891
7893
7895
7897
7898
7898
7899
7903
7906
7907
7912
7915
7920
7920
7923
7925
7925
7927
7927
7928
7933
7940
7946
7948
7949
7969
7974
7977
7979
7980
7982
7984
7984
7989
7996
8000
8001
8001
8002
8003
8004
8010
8011
8019
8019
8021
8033
8036
8044
8045
8047
8048
8064
8069
8078
8079
8079
8081
8081
8082
8087
8088
8088
8089
8096
8097
8099
8113
8120
8122
8125
8126
8127
8130
8133
8144
8144
8151
8154
8164
8166
8167
8171
8171
8173
8177
8178
8179
8181
8183
8187
8189
8190
8193
8194
8202
8210
8210
8210
8211
8212
8212
8213
8218
8221
8221
8224
8227
8238
8238
8244
8248
8250
8253
8255
8256
8259
8259
8266
8272
8275
8275
8277
8282
8283
8290
8292
8293
8299
8303
8303
8304
8313
8314
8320
8320
8332
8340
8340
8344
8347
8348
8349
8354
8360
8363
8365
8370
8372
8378
8381
8389
8391
8391
8399
8406
8418
8426
8430
8439
8442
8447
8450
8450
8451
8452
8455
8457
8464
8480
8482
8487
8497
8499
8500
8514
8516
8520
8524
8525
8528
8529
8533
8546
8546
8552
8567
8569
8577
8587
8590
8595
8596
8600
8603
8607
8607
8608
8612
8617
8623
8624
8625
8625
8626
8635
8635
8643
8643
8649
8655
8656
8658
8660
8668
8671
8673
8681
8685
8688
8689
8696
8696
8697
8706
8711
8712
8718
8730
8734
8734
8738
8739
8741
8743
8751
8753
8757
8758
8765
8770
8776
8780
8784
8787
8789
8796
8797
8799
8800
8800
8801
8802
8809
8810
8812
8813
8814
8817
8817
8822
8827
8828
8829
8830
8831
8835
8839
8842
8845
8846
8848
8853
8853
8858
8858
8872
8873
8873
8876
8877
8878
8879
8883
8885
8886
8892
8895
8898
8908
8911
8911
8914
8915
8925
8928
8933
8948
8949
8951
8951
8956
8958
8959
8959
8963
8967
8970
8971
8972
8973
8975
8975
8976
8985
8989
8993
8994
8996
9003
9005
9006
9014
9015
9018
9022
9022
9030
9030
9033
9033
9036
9039
9040
9041
9041
9043
9047
9052
9053
9060
9065
9071
9076
9085
9086
9089
9090
9095
9095
9100
9102
9106
9106
9115
9118
9119
9122
9133
9134
9134
9141
9145
9149
9150
9157
9162
9167
9169
9172
9173
9175
9178
9178
9179
9181
9189
9191
9202
9204
9207
9212
9212
9217
9222
9222
9226
9230
9236
9237
9241
9244
9246
9247
9254
9255
9257
9258
9258
9271
9282
9287
9295
9302
9305
9306
9310
9310
9317
9328
9329
9330
9331
9332
9332
9332
9333
9340
9344
9345
9345
9347
9348
9351
9351
9352
9354
9354
9355
9356
9357
9359
9366
9377
9377
9381
9381
9384
9386
9392
9394
9394
9394
9407
9410
9411
9412
9419
9425
9428
9437
9440
9442
9445
9447
9448
9454
9459
9471
9478
9482
9487
9497
9497
9501
9502
9506
9507
9507
9510
9513
9513
9519
9525
9531
9535
9541
9542
9544
9547
9547
9550
9555
9559
9560
9561
9567
9569
9572
9573
9575
9578
9585
9586
9595
9595
9597
9598
9602
9604
9606
9614
9614
9621
9625
9627
9627
9631
9634
9634
9640
9640
9641
9648
9652
9655
9658
9662
9664
9668
9670
9671
9675
9677
9686
9687
9691
9698
9701
9706
9706
9707
9710
9712
9715
9715
9717
9720
9726
9728
9729
9731
9737
9739
9744
9746
9747
9749
9752
9762
9765
9765
9768
9775
9775
9782
9791
9794
9796
9798
9825
9828
9830
9830
9832
9837
9838
9845
9856
9861
9861
9864
9864
9867
9873
9875
9877
9884
9888
9888
9894
9897
9902
9906
9908
9916
9923
9923
9924
9932
9933
9937
9941
9952
9952
9952
9955
9958
9960
9962
9963
9963
9963
9968
9969
9970
9986
9992
9992
9993
9994
10004
10010
10011
10017
10021
10021
10021
10026
10028
10030
10030
10031
10031
10032
10044
10058
10062
10063
10063
10067
10070
10072
10075
10081
10081
10084
10085
10085
10086
10088
10095
10098
10100
10100
10101
10102
10118
10119
10127
10127
10128
10159
10165
10168
10169
10174
10175
10183
10183
10191
10192
10198
10203
10203
10209
10210
10211
10218
10221
10223
10224
10229
10236
10242
10244
10247
10249
10256
10256
10262
10263
10265
10267
10271
10272
10274
10275
10277
10279
10286
10287
10291
10298
10298
10300
10303
10303
10305
10307
10308
10313
10325
10327
10330
10332
10333
10340
10342
10345
10346
10347
10352
10352
10353
10354
10362
10363
10363
10364
10367
10375
10380
10380
10381
10382
10385
10386
10397
10398
10405
10408
10408
10410
10413
10415
10422
10431
10444
10449
10456
10458
10459
10463
10464
10467
10469
10473
10473
10474
10474
10476
10477
10478
10479
10480
10484
10490
10491
10491
10493
10495
10514
10514
10515
10519
10524
10532
10533
10536
10543
10545
10546
10547
10551
10553
10557
10558
10560
10561
10561
10562
10567
10567
10572
10573
10581
10585
10585
10590
10591
10595
10597
10597
10600
10602
10605
10606
10613
10614
10614
10624
10642
10642
10646
10652
10652
10655
10657
10660
10660
10660
10662
10663
10663
10663
10666
10674
10678
10690
10696
10708
10712
10718
10723
10724
10725
10729
10730
10736
10736
10738
10739
10741
10742
10750
10753
10753
10754
10758
10760
10763
10766
10766
10769
10776
10776
10781
10782
10782
10788
10798
10805
10807
10811
10812
10813
10814
10821
10824
10830
10833
10834
10834
10835
10845
10846
10857
10859
10860
10861
10863
10865
10866
10870
10872
10873
10874
10878
10885
10887
10891
10895
10896
10905
10908
10912
10913
10920
10920
10924
10924
10925
10941
10941
10944
10952
10953
10955
10960
10962
10962
10963
10969
10971
10975
10982
10985
10987
10987
10992
10993
10997
10998
11003
11007
11008
11009
11010
11012
11017
11018
11020
11023
11036
11037
11039
11040
11045
11049
11055
11055
11057
11058
11064
11065
11065
11068
11071
11075
11077
11082
11091
11092
11096
11106
11110
11111
11115
11118
11122
11125
11127
11128
11128
11132
11135
11135
11136
11141
11152
11156
11163
11167
11168
11169
11171
11183
11186
11187
11193
11198
11210
11212
11222
11225
11236
11247
11247
11252
11256
11263
11264
11265
11265
11266
11277
11277
11282
11287
11289
11291
11292
11292
11292
11294
11297
11302
11308
11310
11312
11314
11317
11317
11326
11334
11336
11343
11346
11349
11351
11352
11353
11354
11357
11359
11360
11365
11367
11372
11373
11373
11375
11383
11384
11390
11397
11397
11399
11401
11402
11405
11411
11412
11413
11420
11425
11427
11429
11431
11434
11435
11438
11441
11444
11444
11446
11451
11456
11459
11461
11462
11465
11466
11467
11467
11470
11472
11473
11474
11474
11476
11479
11482
11484
11501
11504
11506
11507
11514
11518
11525
11529
11541
11542
11546
11549
11552
11552
11554
11558
11559
11568
11568
11569
11577
11581
11586
11586
11587
11590
11590
11592
11592
11594
11596
11599
11600
11604
11607
11613
11616
11617
11620
11622
11623
11628
11631
11640
11646
11649
11649
11649
11655
11657
11657
11659
11659
11659
11659
11662
11667
11671
11678
11681
11686
11687
11695
11695
11700
11705
11707
11708
11708
11711
11716
11727
11745
11746
11749
11751
11758
11763
11765
11767
11772
11775
11779
11779
11782
11783
11784
11791
11795
11798
11802
11803
11803
11804
11807
11808
11809
11817
11818
11818
11820
11821
11827
11827
11829
11831
11834
11835
11837
11841
11845
11846
11850
11851
11851
11865
11866
11867
11876
11879
11882
11886
11887
11891
11895
11900
11900
11903
11905
11908
11910
11915
11920
11930
11932
11940
11940
11942
11944
11945
11950
11957
11959
11968
11971
11971
11986
11988
11990
11992
11998
12000
12006
12006
12008
12016
12017
12019
12024
12030
12030
12031
12031
12031
12033
12038
12039
12043
12048
12049
12053
12054
12054
12055
12057
12068
12069
12071
12075
12077
12083
12084
12084
12087
12095
12106
12107
12108
12109
12124
12124
12135
12136
12143
12149
12149
12150
12151
12152
12153
12155
12160
12166
12171
12174
12177
12178
12180
12182
12183
12187
12192
12194
12195
12197
12201
12206
12212
12218
12218
12219
12220
12223
12228
12229
12233
12238
12242
12243
12244
12245
12249
12257
12257
12257
12258
12259
12260
12263
12265
12266
12269
12271
12272
12273
12282
12284
12289
12292
12293
12295
12297
12303
12305
12313
12316
12317
12322
12323
12328
12329
12332
12337
12339
12346
12353
12358
12359
12361
12367
12370
12374
12375
12383
12388
12390
12392
12399
12404
12410
12414
12419
12420
12420
12421
12423
12423
12427
12428
12428
12433
12438
12443
12446
12446
12451
12452
12452
12454
12455
12462
12462
12465
12469
12469
12476
12479
12479
12479
12480
12483
12484
12488
12489
12490
12491
12494
12495
12498
12500
12511
12512
12513
12514
12514
12515
12517
12518
12523
12524
12527
12530
12537
12539
12539
12542
12542
12542
12542
12545
12545
12550
12556
12563
12567
12571
12578
12582
12593
12600
12603
12604
12612
12613
12613
12620
12622
12637
12638
12646
12650
12651
12653
12659
12659
12662
12666
12674
12676
12676
12679
12686
12689
12691
12692
12695
12696
12700
12711
12715
12717
12717
12723
12726
12726
12727
12732
12732
12735
12744
12745
12745
12748
12750
12753
12753
12756
12759
12760
12762
12767
12777
12778
12780
12787
12790
12792
12795
12797
12798
12800
12802
12805
12808
12811
12811
12818
12822
12827
12832
12834
12835
12836
12839
12841
12845
12853
12864
12866
12868
12870
12877
12878
12882
12887
12887
12890
12893
12895
12895
12896
12897
12898
12899
12904
12905
12907
12907
12913
12914
12914
12916
12916
12927
12930
12934
12935
12936
12939
12941
12943
12947
12955
12964
12971
12978
12979
12981
12989
12991
12996
12996
12999
13002
13006
13012
13014
13020
13020
13021
13029
13034
13043
13044
13044
13044
13046
13047
13050
13061
13064
13065
13072
13074
13075
13090
13092
13092
13099
13100
13106
13107
13109
13112
13114
13122
13124
13124
13125
13126
13127
13131
13131
13136
13136
13139
13142
13143
13143
13145
13150
13150
13151
13152
13153
13154
13157
13159
13161
13164
13166
13168
13170
13170
13178
13179
13180
13182
13182
13194
13195
13197
13203
13210
13216
13218
13220
13222
13223
13225
13232
13242
13243
13249
13253
13256
13263
13270
13271
13276
13276
13284
13287
13290
13290
13291
13291
13303
13304
13304
13305
13310
13312
13316
13324
13327
13331
13334
13335
13345
13346
13346
13355
13357
13358
13370
13371
13375
13375
13382
13390
13391
13392
13394
13395
13398
13406
13414
13418
13419
13424
13426
13427
13428
13429
13431
13438
13441
13447
13449
13450
13463
13474
13481
13483
13491
13491
13492
13493
13495
13504
13515
13518
13518
13520
13521
13522
13522
13523
13528
13531
13533
13540
13546
13555
13557
13561
13565
13569
13572
13573
13576
13581
13582
13585
13588
13589
13596
13600
13601
13601
13606
13614
13616
13621
13624
13624
13627
13634
13638
13643
13644
13644
13648
13657
13670
13675
13678
13680
13684
13686
13689
13690
13692
13693
13694
13694
13694
13697
13701
13714
13716
13724
13730
13730
13733
13736
13737
13742
13748
13748
13749
13752
13757
13757
13759
13761
13762
13765
13766
13769
13770
13773
13778
13781
13782
13785
13795
13798
13801
13802
13809
13809
13809
13811
13813
13816
13817
13819
13820
13820
13821
13827
13828
13829
13830
13835
13835
13840
13840
13840
13842
13844
13845
13848
13854
13854
13863
13863
13866
13866
13874
13883
13890
13890
13899
13900
13900
13915
13916
13921
13922
13923
13926
13930
13930
13935
13935
13940
13940
13944
13944
13948
13953
13953
13957
13962
13971
13971
13974
13976
13976
14001
14005
14006
14007
14009
14009
14013
14015
14016
14017
14021
14022
14028
14028
14035
14036
14037
14045
14046
14052
14053
14055
14063
14071
14083
14088
14093
14096
14097
14109
14110
14114
14116
14118
14118
14119
14125
14127
14131
14132
14135
14135
14146
14148
14152
14154
14155
14160
14164
14169
14171
14171
14173
14175
14176
14184
14188
14200
14203
14209
14211
14212
14221
14223
14228
14232
14233
14236
14238
14243
14244
14248
14254
14261
14263
14264
14264
14267
14268
14269
14270
14274
14275
14278
14282
14285
14287
14288
14290
14294
14294
14298
14307
14309
14310
14321
14332
14332
14335
14338
14340
14345
14352
14359
14363
14368
14378
14384
14384
14385
14396
14417
14417
14419
14419
14423
14425
14426
14432
14439
14445
14452
14452
14453
14454
14455
14456
14465
14472
14472
14476
14480
14488
14501
14506
14509
14511
14515
14521
14524
14528
14532
14533
14537
14539
14544
14551
14553
14557
14559
14560
14564
14576
14577
14586
14591
14599
14602
14604
14605
14606
14611
14612
14614
14614
14619
14624
14624
14626
14628
14632
14633
14634
14646
14651
14652
14652
14658
14661
14662
14662
14663
14665
14673
14674
14680
14684
14685
14688
14691
14691
14698
14700
14702
14704
14710
14710
14710
14714
14719
14720
14720
14721
14722
14736
14738
14739
14741
14743
14744
14745
14745
14749
14754
14756
14757
14761
14763
14763
14768
14772
14775
14779
14781
14782
14782
14787
14790
14795
14795
14798
14801
14802
14807
14810
14811
14811
14812
14818
14819
14827
14834
14835
14837
14839
14841
14841
14847
14864
14867
14879
14879
14886
14890
14897
14900
14902
14905
14909
14909
14910
14915
14917
14919
14924
14924
14924
14927
14936
14938
14941
14941
14944
14944
14944
14945
14946
14947
14948
14950
14951
14955
14959
14961
14963
14965
14966
14975
14978
14981
14983
14992
14993
14995
14998
15005
15006
15008
15012
15013
15017
15017
15020
15022
15024
15024
15025
15027
15028
15033
15033
15034
15041
15061
15065
15068
15070
15076
15081
15082
15083
15086
15088
15090
15097
15098
15099
15104
15105
15117
15118
15123
15124
15124
15128
15130
15131
15132
15137
15143
15144
15144
15152
15159
15165
15170
15171
15172
15177
15180
15187
15193
15195
15196
15196
15197
15199
15202
15209
15212
15216
15218
15218
15219
15222
15226
15229
15229
15247
15249
15250
15251
15253
15254
15260
15260
15265
15283
15283
15286
15292
15295
15298
15305
15307
15311
15318
15324
15326
15327
15329
15330
15332
15345
15347
15349
15352
15357
15365
15366
15367
15368
15369
15369
15372
15373
15373
15381
15382
15382
15382
15387
15387
15388
15389
15391
15393
15398
15398
15404
15408
15416
15417
15422
15422
15428
15434
15439
15450
15456
15459
15460
15461
15465
15466
15467
15468
15481
15490
15490
15496
15497
15499
15508
15509
15511
15515
15517
15518
15521
15525
15526
15529
15534
15540
15545
15546
15547
15552
15560
15567
15567
15569
15570
15571
15571
15573
15575
15577
15585
15590
15601
15602
15603
15607
15611
15614
15619
15620
15621
15621
15626
15630
15633
15637
15641
15643
15643
15647
15652
15652
15655
15655
15657
15660
15661
15663
15664
15666
15667
15668
15669
15675
15676
15677
15679
15681
15683
15684
15685
15689
15691
15695
15699
15701
15707
15711
15714
15715
15727
15728
15729
15733
15735
15735
15737
15737
15739
15742
15746
15748
15748
15749
15751
15754
15756
15759
15760
15760
15762
15763
15769
15771
15771
15774
15774
15775
15781
15782
15797
15808
15809
15812
15816
15819
15824
15828
15829
15832
15835
15835
15835
15843
15846
15859
15861
15867
15871
15875
15876
15879
15883
15894
15904
15915
15916
15919
15919
15920
15922
15928
15929
15940
15948
15949
15951
15952
15959
15963
15966
15967
15971
15976
15977
15978
15982
15983
15983
15984
15989
15989
15990
15993
15997
15999
16004
16004
16006
16010
16011
16012
16019
16022
16025
16027
16033
16049
16054
16054
16063
16063
16064
16074
16076
16086
16089
16093
16094
16102
16109
16113
16113
16113
16121
16123
16130
16130
16139
16146
16149
16152
16153
16154
16161
16162
16166
16166
16170
16170
16171
16178
16182
16182
16187
16191
16192
16194
16209
16211
16211
16214
16217
16218
16218
16225
16226
16226
16240
16241
16242
16247
16249
16250
16254
16258
16260
16262
16263
16264
16272
16274
16274
16275
16281
16285
16286
16286
16288
16292
16294
16295
16296
16300
16305
16312
16317
16324
16325
16329
16331
16331
16337
16345
16349
16351
16352
16362
16363
16368
16373
16373
16375
16378
16384
16387
16390
16391
16393
16394
16399
16401
16404
16406
16406
16406
16406
16410
16411
16413
16414
16414
16424
16428
16433
16438
16442
16444
16447
16453
16454
16455
16459
16470
16472
16472
16473
16484
16492
16492
16504
16505
16507
16512
16525
16525
16528
16528
16529
16531
16532
16537
16538
16538
16541
16546
16552
16556
16576
16576
16578
16583
16590
16592
16594
16596
16596
16602
16604
16605
16607
16607
16609
16611
16619
16623
16625
16627
16629
16635
16641
16643
16648
16649
16650
16651
16653
16655
16656
16663
16664
16665
16667
16667
16668
16668
16683
16688
16697
16705
16707
16718
16722
16724
16730
16732
16734
16737
16737
16746
16753
16754
16755
16755
16758
16769
16772
16772
16774
16780
16782
16785
16792
16795
16797
16800
16804
16805
16809
16811
16811
16812
16813
16819
16824
16825
16826
16826
16827
16830
16836
16844
16848
16850
16854
16855
16867
16869
16878
16878
16878
16880
16881
16883
16890
16894
16895
16896
16897
16902
16904
16906
16906
16911
16916
16919
16921
16926
16936
16939
16940
16943
16947
16952
16962
16967
16968
16976
16977
16980
16986
16987
16988
16989
16989
16989
16991
16993
16994
17006
17007
17007
17015
17021
17025
17025
17030
17030
17031
17032
17035
17038
17049
17050
17052
17059
17061
17065
17066
17068
17069
17071
17072
17084
17088
17098
17102
17107
17112
17114
17115
17117
17118
17121
17131
17139
17142
17144
17152
17155
17161
17179
17187
17189
17189
17192
17194
17195
17195
17196
17206
17208
17216
17217
17217
17220
17231
17231
17232
17233
17234
17235
17237
17240
17247
17247
17253
17256
17256
17261
17262
17269
17273
17281
17282
17289
17291
17300
17300
17305
17305
17326
17327
17332
17333
17335
17338
17338
17339
17341
17346
17348
17354
17361
17362
17366
17374
17383
17388
17389
17391
17404
17418
17418
17421
17423
17430
17431
17433
17434
17438
17444
17446
17446
17450
17452
17456
17458
17460
17463
17463
17464
17469
17481
17483
17485
17486
17486
17491
17493
17494
17495
17497
17497
17501
17508
17509
17509
17513
17513
17516
17520
17526
17527
17527
17534
17535
17537
17540
17546
17546
17548
17551
17552
17553
17554
17560
17561
17565
17576
17585
17597
17598
17599
17601
17606
17607
17607
17607
17607
17622
17626
17629
17630
17631
17635
17642
17643
17646
17649
17651
17651
17654
17655
17657
17657
17665
17672
17674
17675
17679
17696
17702
17706
17709
17710
17714
17715
17720
17725
17727
17728
17733
17733
17734
17735
17736
17741
17749
17752
17756
17762
17763
17766
17769
17770
17772
17772
17774
17778
17783
17785
17801
17803
17804
17805
17807
17813
17817
17821
17821
17824
17826
17830
17834
17834
17835
17840
17843
17844
17845
17851
17851
17854
17858
17860
17861
17862
17868
17869
17870
17884
17885
17889
17893
17894
17900
17904
17904
17910
17912
17916
17920
17920
17921
17928
17934
17936
17937
17944
17950
17953
17954
17955
17957
17957
17959
17961
17961
17963
17964
17972
17983
17984
17985
17985
17988
17988
17990
17998
17999
17999
18004
18005
18005
18011
18020
18022
18029
18029
18034
18044
18046
18048
18048
18050
18054
18058
18059
18060
18068
18068
18070
18070
18071
18074
18075
18076
18081
18105
18106
18108
18111
18113
18114
18115
18124
18125
18126
18126
18128
18132
18133
18145
18150
18150
18152
18153
18157
18160
18161
18163
18166
18169
18172
18174
18175
18175
18175
18183
18184
18191
18191
18192
18192
18196
18197
18200
18204
18205
18207
18209
18210
18213
18214
18215
18216
18216
18225
18228
18234
18236
18239
18240
18244
18247
18255
18262
18264
18264
18264
18271
18273
18274
18278
18285
18286
18290
18291
18293
18294
18301
18303
18303
18304
18315
18315
18322
18328
18333
18340
18350
18352
18354
18363
18368
18372
18372
18374
18376
18376
18379
18380
18381
18384
18388
18392
18393
18393
18393
18397
18404
18408
18409
18419
18419
18422
18429
18429
18431
18433
18433
18437
18438
18441
18445
18445
18453
18454
18455
18459
18470
18471
18474
18478
18480
18483
18483
18483
18486
18490
18508
18522
18523
18523
18524
18526
18528
18531
18532
18537
18542
18542
18546
18551
18553
18556
18556
18559
18561
18563
18565
18566
18567
18581
18588
18591
18597
18605
18607
18619
18619
18620
18620
18624
18625
18626
18630
18638
18641
18641
18642
18643
18647
18648
18653
18654
18655
18657
18657
18661
18662
18668
18674
18677
18685
18691
18696
18698
18709
18710
18718
18720
18723
18724
18729
18731
18734
18737
18738
18748
18749
18753
18761
18766
18770
18773
18774
18778
18782
18785
18787
18788
18791
18793
18797
18801
18812
18821
18823
18824
18826
18834
18838
18839
18839
18847
18847
18848
18849
18856
18864
18865
18865
18871
18871
18872
18873
18881
18886
18888
18891
18895
18895
18896
18896
18898
18903
18908
18909
18911
18915
18916
18919
18924
18926
18931
18934
18936
18937
18937
18939
18945
18948
18950
18951
18957
18959
18961
18961
18965
18967
18971
18974
18975
18975
18979
18979
18984
18986
18986
18986
18988
18994
18995
19006
19006
19009
19018
19026
19030
19033
19035
19037
19039
19042
19047
19050
19050
19051
19066
19073
19088
19092
19097
19100
19104
19104
19107
19122
19124
19129
19137
19140
19145
19147
19149
19153
19159
19160
19162
19165
19168
19170
19171
19172
19176
19180
19185
19186
19188
19189
19193
19203
19205
19209
19210
19215
19215
19217
19219
19220
19221
19227
19230
19236
19237
19240
19241
19245
19246
19250
19252
19254
19256
19259
19266
19271
19281
19284
19289
19292
19297
19298
19299
19300
19302
19303
19303
19304
19305
19316
19319
19327
19328
19342
19357
19364
19365
19368
19369
19370
19379
19383
19387
19388
19390
19407
19407
19409
19412
19414
19419
19422
19426
19427
19430
19431
19437
19439
19444
19447
19449
19454
19456
19465
19465
19467
19471
19500
19502
19505
19505
19506
19506
19507
19510
19511
19512
19512
19512
19513
19517
19519
19520
19520
19521
19521
19528
19528
19529
19532
19533
19535
19537
19548
19549
19550
19550
19555
19556
19557
19561
19567
19568
19569
19572
19574
19575
19579
19582
19583
19583
19585
19589
19593
19599
19602
19618
19621
19622
19628
19630
19630
19635
19635
19637
19648
19653
19663
19665
19670
19685
19689
19695
19698
19703
19703
19706
19711
19711
19716
19716
19719
19721
19723
19725
19730
19733
19746
19748
19750
19753
19761
19762
19763
19764
19765
19767
19770
19774
19775
19777
19777
19779
19779
19779
19780
19783
19795
19801
19802
19803
19804
19808
19810
19811
19812
19817
19820
19825
19826
19827
19830
19831
19835
19841
19845
19848
19855
19858
19861
19861
19865
19867
19872
19873
19874
19888
19892
19893
19895
19898
19899
19899
19904
19904
19906
19908
19908
19911
19914
19926
19928
19930
19932
19933
19942
19951
19955
19957
19964
19968
19970
19975
19976
19983
19984
19989
19992
19998
20007
20009
20010
20017
20020
20036
20039
20051
20051
20054
20061
20064
20066
20070
20070
20073
20074
20075
20076
20077
20082
20085
20091
20098
20101
20105
20105
20109
20119
20122
20123
20124
20128
20132
20139
20142
20146
20154
20155
20156
20156
20158
20169
20171
20171
20171
20173
20175
20178
20183
20183
20186
20193
20199
20200
20201
20202
20205
20207
20208
20209
20210
20217
20218
20220
20227
20232
20236
20240
20240
20241
20252
20256
20256
20259
20261
20270
20279
20282
20284
20287
20288
20289
20291
20292
20297
20302
20303
20313
20317
20326
20329
20334
20335
20339
20341
20345
20348
20355
20356
20358
20358
20362
20366
20367
20381
20384
20385
20389
20389
20390
20390
20393
20398
20399
20401
20403
20404
20406
20408
20409
20409
20410
20410
20411
20415
20417
20424
20432
20432
20436
20438
20443
20446
20449
20461
20461
20469
20474
20476
20476
20478
20479
20484
20488
20494
20494
20503
20507
20507
20508
20512
20512
20512
20515
20518
20518
20519
20523
20524
20525
20528
20530
20540
20544
20552
20559
20562
20562
20563
20568
20568
20571
20573
20575
20578
20588
20594
20595
20596
20597
20599
20601
20603
20603
20611
20615
20615
20616
20621
20622
20622
20624
20627
20629
20630
20631
20634
20637
20638
20644
20645
20648
20653
20657
20659
20660
20662
20666
20667
20667
20668
20668
20674
20679
20681
20690
20691
20693
20693
20695
20695
20699
20700
20706
20707
20708
20713
20714
20723
20725
20735
20739
20744
20751
20751
20751
20756
20757
20758
20759
20761
20761
20766
20768
20770
20775
20775
20785
20786
20794
20795
20797
20798
20800
20801
20806
20816
20819
20820
20821
20828
20833
20837
20840
20842
20843
20843
20850
20851
20851
20852
20852
20854
20856
20856
20857
20860
20861
20862
20863
20864
20867
20867
20869
20869
20875
20878
20879
20879
20881
20881
20887
20894
20898
20905
20908
20909
20917
20921
20923
20923
20929
20932
20936
20936
20937
20938
20940
20941
20942
20945
20949
20949
20950
20953
20954
20957
20958
20958
20959
20962
20965
20972
20973
20978
20979
20981
20991
20991
20992
20992
20993
20995
20998
20999
21006
21008
21010
21017
21023
21030
21032
21032
21034
21035
21037
21043
21044
21044
21049
21055
21060
21063
21066
21067
21071
21074
21076
21076
21081
21084
21084
21086
21088
21091
21094
21094
21096
21097
21098
21105
21106
21108
21110
21114
21116
21121
21121
21126
21127
21128
21129
21130
21133
21134
21142
21145
21146
21151
21157
21157
21159
21162
21164
21167
21170
21173
21174
21176
21187
21189
21191
21196
21205
21206
21207
21220
21220
21221
21225
21230
21231
21232
21238
21240
21245
21248
21251
21251
21251
21255
21255
21255
21257
21260
21263
21263
21265
21268
21271
21274
21276
21276
21277
21279
21280
21280
21280
21280
21281
21285
21290
21294
21295
21297
21303
21308
21309
21309
21311
21314
21317
21321
21329
21329
21336
21339
21348
21349
21351
21352
21353
21356
21370
21375
21375
21376
21376
21377
21380
21383
21388
21393
21394
21403
21405
21412
21443
21449
21452
21456
21463
21467
21468
21468
21476
21478
21487
21488
21489
21491
21504
21507
21507
21514
21515
21517
21519
21520
21521
21522
21524
21525
21526
21532
21534
21538
21540
21547
21550
21554
21560
21563
21563
21566
21566
21571
21571
21574
21577
21578
21590
21595
21603
21607
21608
21616
21618
21621
21621
21623
21629
21629
21631
21632
21637
21640
21643
21650
21650
21653
21654
21660
21669
21676
21679
21687
21689
21691
21692
21693
21696
21698
21700
21700
21701
21713
21717
21717
21720
21720
21721
21721
21724
21724
21725
21729
21737
21743
21744
21754
21757
21758
21761
21773
21775
21776
21777
21780
21780
21782
21782
21787
21788
21792
21795
21798
21801
21804
21806
21808
21809
21809
21809
21819
21822
21824
21825
21829
21829
21833
21837
21838
21845
21847
21849
21852
21858
21859
21859
21861
21862
21863
21868
21869
21869
21872
21875
21878
21880
21881
21883
21884
21888
21892
21900
21900
21902
21902
21909
21913
21913
21914
21916
21916
21918
21919
21919
21922
21931
21936
21941
21942
21943
21944
21947
21953
21954
21958
21961
21961
21965
21966
21977
21977
21977
21977
21978
21980
21984
21992
22005
22008
22009
22011
22015
22016
22016
22019
22020
22021
22024
22029
22035
22036
22037
22037
22038
22042
22044
22044
22050
22051
22053
22055
22055
22063
22065
22067
22067
22068
22070
22079
22082
22084
22086
22088
22091
22092
22096
22097
22098
22100
22102
22102
22108
22111
22111
22119
22120
22122
22122
22127
22131
22131
22133
22135
22139
22151
22153
22157
22159
22162
22167
22169
22176
22176
22179
22180
22186
22187
22194
22199
22202
22209
22212
22213
22218
22224
22227
22229
22230
22232
22232
22236
22236
22236
22240
22241
22244
22248
22250
22252
22253
22254
22256
22257
22261
22261
22265
22267
22271
22273
22276
22277
22282
22282
22288
22291
22292
22298
22300
22301
22308
22309
22311
22314
22314
22324
22326
22327
22328
22334
22335
22336
22336
22340
22342
22349
22350
22352
22353
22358
22364
22365
22365
22366
22368
22370
22382
22383
22390
22392
22395
22396
22396
22398
22398
22398
22399
22401
22402
22404
22404
22406
22416
22431
22432
22434
22435
22444
22447
22447
22448
22452
22456
22464
22472
22479
22482
22483
22491
22494
22500
22500
22500
22506
22507
22507
22513
22515
22516
22519
22523
22527
22531
22539
22542
22566
22571
22572
22575
22575
22580
22580
22584
22590
22592
22597
22600
22601
22604
22605
22609
22610
22610
22614
22620
22621
22626
22634
22637
22637
22640
22641
22646
22646
22647
22650
22653
22659
22664
22669
22669
22672
22677
22678
22681
22686
22691
22698
22701
22712
22715
22716
22725
22731
22732
22734
22735
22735
22737
22738
22738
22738
22749
22751
22756
22756
22762
22767
22770
22772
22776
22778
22779
22785
22787
22788
22790
22793
22794
22794
22799
22799
22805
22809
22811
22815
22817
22817
22821
22821
22825
22826
22827
22828
22829
22830
22834
22836
22837
22837
22847
22847
22858
22861
22869
22869
22872
22876
22877
22878
22881
22884
22897
22898
22902
22904
22912
22914
22916
22930
22931
22932
22933
22934
22942
22943
22944
22944
22952
22954
22955
22956
22956
22965
22967
22971
22973
22973
22980
22981
22982
22983
22983
22984
22987
22987
22992
22996
22998
23000
23001
23002
23003
23005
23010
23019
23020
23020
23031
23036
23038
23039
23045
23049
23053
23064
23065
23083
23092
23093
23095
23099
23101
23102
23105
23110
23111
23112
23116
23117
23118
23122
23122
23124
23131
23136
23138
23141
23141
23142
23150
23151
23159
23160
23165
23166
23171
23172
23173
23176
23177
23177
23180
23181
23186
23187
23191
23199
23203
23208
23218
23222
23223
23226
23226
23235
23238
23240
23245
23247
23249
23252
23260
23260
23262
23269
23270
23286
23287
23292
23292
23294
23306
23308
23309
23309
23309
23310
23313
23314
23322
23322
23326
23330
23334
23337
23340
23340
23341
23346
23353
23354
23357
23364
23372
23373
23376
23377
23378
23379
23384
23387
23387
23390
23396
23399
23401
23404
23411
23412
23413
23415
23417
23417
23421
23422
23430
23430
23433
23434
23443
23443
23448
23448
23453
23453
23457
23465
23468
23475
23486
23489
23489
23494
23494
23497
23503
23506
23508
23510
23513
23515
23516
23518
23525
23526
23528
23536
23544
23546
23547
23547
23551
23554
23558
23563
23567
23574
23576
23576
23577
23578
23582
23595
23595
23597
23599
23602
23612
23617
23621
23622
23625
23630
23632
23635
23645
23649
23649
23651
23652
23654
23660
23673
23674
23675
23678
23684
23690
23690
23693
23694
23695
23703
23717
23717
23728
23734
23739
23741
23744
23745
23748
23748
23758
23759
23765
23772
23777
23778
23782
23788
23790
23791
23798
23800
23804
23806
23807
23812
23814
23817
23817
23823
23825
23826
23828
23830
23841
23841
23842
23846
23847
23860
23861
23863
23870
23882
23883
23894
23899
23902
23902
23903
23904
23907
23910
23911
23914
23914
23915
23916
23919
23923
23932
23934
23934
23936
23936
23936
23937
23938
23938
23939
23940
23942
23944
23945
23954
23955
23957
23958
23960
23960
23962
23966
23966
23972
23976
23977
23978
23978
23982
23997
24003
24003
24006
24008
24008
24010
24013
24013
24018
24021
24029
24031
24033
24034
24040
24041
24042
24042
24043
24045
24046
24047
24050
24054
24057
24057
24059
24061
24064
24066
24068
24071
24072
24085
24088
24093
24094
24094
24095
24100
24104
24104
24110
24111
24138
24139
24141
24145
24147
24148
24153
24159
24159
24161
24161
24161
24162
24163
24164
24169
24171
24179
24180
24182
24193
24197
24202
24206
24209
24215
24215
24218
24222
24224
24226
24226
24228
24229
24236
24238
24238
24243
24249
24251
24252
24257
24269
24269
24271
24273
24273
24274
24281
24290
24293
24293
24294
24301
24310
24311
24312
24314
24315
24315
24316
24318
24319
24320
24325
24327
24327
24328
24331
24333
24334
24336
24338
24339
24354
24357
24363
24365
24367
24371
24371
24372
24374
24374
24381
24382
24382
24382
24384
24389
24394
24394
24395
24396
24397
24401
24403
24417
24423
24424
24427
24429
24434
24438
24439
24441
24445
24449
24451
24458
24459
24463
24466
24469
24471
24481
24485
24488
24491
24493
24493
24511
24513
24514
24518
24519
24520
24523
24530
24531
24536
24540
24541
24541
24544
24557
24558
24564
24565
24569
24571
24577
24583
24588
24592
24592
24595
24599
24600
24601
24605
24606
24608
24610
24612
24613
24614
24618
24621
24622
24623
24636
24646
24650
24650
24656
24672
24678
24679
24679
24681
24681
24683
24685
24688
24699
24702
24707
24722
24722
24724
24727
24734
24738
24739
24739
24739
24746
24750
24751
24751
24755
24758
24760
24762
24768
24776
24777
24783
24785
24786
24788
24788
24789
24791
24798
24804
24815
24817
24826
24826
24830
24832
24836
24836
24839
24844
24846
24849
24851
24852
24853
24861
24864
24864
24864
24865
24870
24872
24873
24878
24886
24889
24891
24894
24896
24899
24901
24905
24905
24909
24916
24930
24931
24945
24946
24952
24952
24953
24953
24958
24960
24963
24968
24968
24970
24970
24970
24972
24972
24973
24974
24976
24979
24982
24984
24988
24989
24993
25000
25006
25011
25017
25019
25021
25021
25031
25032
25037
25038
25044
25045
25050
25064
25065
25068
25072
25073
25073
25075
25077
25088
25095
25096
25099
25100
25103
25108
25112
25123
25124
25125
25126
25130
25133
25134
25141
25143
25143
25144
25149
25152
25156
25158
25163
25174
25174
25177
25177
25179
25180
25181
25186
25198
25203
25204
25210
25210
25215
25220
25224
25224
25231
25232
25235
25236
25236
25237
25243
25243
25246
25249
25251
25255
25266
25266
25274
25274
25276
25278
25281
25283
25283
25285
25286
25287
25287
25287
25288
25293
25293
25294
25305
25306
25306
25310
25313
25314
25316
25317
25317
25319
25322
25325
25325
25326
25329
25330
25335
25335
25335
25337
25338
25339
25339
25341
25346
25348
25350
25352
25352
25360
25363
25363
25365
25371
25381
25384
25386
25393
25395
25395
25397
25398
25401
25402
25403
25404
25408
25410
25417
25421
25428
25431
25440
25441
25443
25449
25450
25453
25455
25456
25457
25457
25458
25460
25463
25463
25463
25464
25470
25470
25473
25474
25474
25477
25478
25484
25490
25490
25491
25492
25493
25502
25503
25506
25508
25509
25512
25515
25518
25520
25524
25529
25533
25533
25540
25545
25547
25550
25553
25557
25562
25563
25564
25565
25571
25572
25575
25578
25583
25585
25587
25589
25589
25601
25604
25607
25611
25613
25620
25622
25625
25626
25626
25627
25629
25633
25644
25645
25647
25658
25662
25663
25668
25673
25674
25678
25684
25684
25687
25693
25696
25697
25697
25698
25713
25718
25722
25730
25735
25740
25743
25743
25748
25750
25751
25756
25757
25758
25759
25764
25765
25768
25769
25774
25775
25778
25785
25789
25793
25795
25798
25799
25805
25807
25808
25814
25816
25820
25820
25821
25821
25823
25827
25833
25835
25835
25837
25839
25844
25846
25846
25849
25850
25851
25858
25860
25862
25871
25871
25876
25877
25879
25882
25884
25892
25894
25896
25896
25898
25902
25903
25911
25914
25915
25915
25916
25919
25928
25938
25938
25943
25947
25947
25950
25951
25957
25959
25963
25965
25966
25970
25972
25973
25974
25989
25992
25998
25999
26009
26024
26026
26030
26039
26045
26047
26051
26052
26054
26062
26062
26070
26075
26077
26077
26078
26085
26085
26087
26091
26097
26107
26108
26111
26112
26113
26116
26122
26130
26130
26133
26134
26141
26156
26160
26161
26162
26163
26167
26171
26174
26184
26184
26185
26185
26187
26189
26190
26190
26195
26201
26206
26219
26227
26227
26230
26232
26239
26240
26247
26247
26248
26248
26252
26260
26263
26273
26273
26276
26280
26281
26281
26286
26289
26292
26294
26296
26299
26301
26302
26303
26307
26308
26311
26312
26313
26314
26318
26319
26320
26322
26324
26326
26331
26336
26337
26345
26345
26348
26349
26349
26352
26367
26373
26376
26379
26380
26382
26388
26392
26396
26400
26402
26404
26415
26415
26421
26423
26424
26426
26434
26435
26439
26441
26441
26443
26445
26447
26448
26450
26451
26456
26460
26464
26467
26469
26472
26473
26478
26481
26483
26494
26503
26504
26508
26509
26516
26520
26521
26521
26521
26525
26527
26530
26534
26537
26538
26539
26539
26540
26540
26543
26543
26543
26544
26548
26551
26553
26554
26557
26558
26560
26562
26564
26568
26571
26573
26576
26581
26582
26586
26591
26593
26595
26596
26599
26604
26607
26608
26610
26611
26621
26625
26627
26628
26631
26631
26635
26635
26646
26647
26647
26647
26649
26652
26654
26664
26676
26677
26680
26683
26684
26684
26707
26708
26717
26718
26731
26734
26738
26738
26739
26741
26743
26747
26748
26751
26751
26753
26753
26758
26761
26769
26776
26783
26788
26790
26790
26791
26800
26800
26800
26801
26805
26806
26812
26812
26824
26825
26832
26835
26837
26838
26844
26846
26850
26851
26853
26855
26864
26866
26875
26889
26891
26892
26895
26902
26902
26906
26910
26912
26915
26916
26923
26929
26935
26936
26937
26938
26942
26943
26944
26944
26952
26955
26956
26958
26967
26970
26970
26971
26972
26974
26982
26991
26992
26996
26997
27000
27003
27005
27009
27013
27013
27015
27016
27034
27034
27036
27045
27045
27061
27065
27066
27069
27070
27070
27071
27074
27075
27075
27077
27080
27083
27084
27084
27085
27088
27091
27092
27093
27094
27099
27104
27105
27107
27110
27116
27116
27127
27131
27132
27137
27140
27149
27151
27151
27151
27151
27158
27158
27161
27163
27164
27171
27172
27173
27176
27184
27186
27188
27190
27192
27193
27196
27199
27202
27204
27214
27214
27215
27217
27217
27225
27231
27233
27236
27239
27243
27244
27244
27247
27249
27251
27251
27254
27257
27258
27265
27266
27266
27268
27286
27287
27288
27295
27296
27299
27309
27321
27321
27327
27335
27335
27342
27342
27345
27348
27350
27352
27355
27356
27359
27363
27364
27368
27369
27372
27373
27379
27381
27385
27386
27390
27394
27395
27397
27399
27409
27413
27426
27432
27432
27438
27439
27439
27439
27446
27448
27455
27457
27460
27462
27464
27471
27477
27479
27492
27496
27499
27510
27512
27512
27515
27518
27519
27520
27522
27523
27524
27524
27526
27530
27533
27535
27539
27547
27552
27553
27555
27560
27561
27562
27574
27574
27575
27575
27578
27580
27584
27589
27594
27595
27597
27597
27598
27599
27605
27607
27610
27610
27612
27612
27613
27613
27617
27618
27622
27636
27637
27644
27646
27646
27650
27653
27656
27659
27660
27664
27673
27674
27682
27682
27682
27683
27688
27693
27693
27697
27701
27703
27706
27707
27710
27717
27717
27721
27725
27732
27733
27734
27741
27743
27743
27744
27746
27750
27751
27755
27755
27756
27756
27756
27757
27757
27768
27769
27781
27785
27785
27788
27789
27790
27799
27799
27808
27811
27817
27821
27823
27823
27826
27827
27829
27832
27839
27841
27844
27847
27851
27851
27855
27856
27858
27858
27867
27873
27874
27875
27875
27880
27885
27888
27892
27892
27893
27899
27907
27908
27909
27909
27910
27911
27912
27913
27925
27928
27931
27933
27935
27936
27938
27941
27943
27946
27947
27947
27952
27955
27955
27957
27961
27962
27968
27971
27974
27974
27976
27981
27983
27985
27986
27987
27994
28001
28001
28002
28007
28007
28014
28014
28014
28019
28019
28022
28022
28023
28024
28026
28031
28037
28038
28043
28045
28049
28051
28051
28052
28054
28059
28059
28060
28066
28073
28075
28079
28080
28081
28083
28083
28086
28088
28088
28089
28092
28100
28101
28101
28101
28104
28104
28112
28117
28120
28121
28121
28122
28123
28128
28131
28133
28134
28136
28137
28142
28157
28164
28168
28170
28171
28174
28178
28179
28200
28201
28202
28203
28206
28208
28213
28219
28224
28225
28226
28228
28234
28235
28236
28240
28240
28246
28249
28257
28258
28261
28266
28270
28271
28282
28286
28287
28291
28296
28298
28299
28300
28300
28303
28303
28323
28328
28331
28338
28340
28345
28345
28348
28350
28351
28354
28355
28365
28366
28371
28372
28382
28383
28384
28386
28387
28388
28390
28396
28400
28417
28420
28422
28424
28426
28427
28427
28428
28431
28432
28434
28434
28437
28439
28466
28466
28467
28472
28475
28479
28489
28490
28504
28506
28506
28507
28512
28520
28521
28526
28527
28527
28529
28530
28538
28550
28554
28561
28562
28564
28566
28569
28569
28570
28570
28571
28577
28584
28584
28586
28588
28588
28589
28591
28593
28599
28600
28607
28612
28612
28624
28625
28631
28635
28636
28637
28645
28645
28658
28668
28669
28678
28680
28682
28688
28688
28694
28694
28698
28705
28707
28708
28718
28718
28722
28722
28725
28733
28733
28739
28739
28741
28741
28742
28747
28747
28748
28753
28756
28757
28764
28770
28772
28775
28776
28778
28781
28781
28784
28786
28787
28788
28788
28790
28791
28793
28795
28797
28799
28805
28805
28807
28807
28808
28813
28820
28825
28826
28827
28828
28832
28841
28844
28846
28848
28849
28864
28871
28871
28876
28885
28901
28901
28904
28906
28913
28924
28934
28936
28938
28940
28944
28951
28955
28955
28956
28956
28960
28962
28964
28969
28971
28975
28978
28984
28985
28986
28987
28989
28995
29005
29007
29024
29025
29027
29030
29033
29034
29039
29039
29040
29050
29051
29056
29056
29061
29069
29070
29083
29083
29087
29093
29093
29094
29115
29117
29120
29121
29122
29122
29123
29124
29125
29126
29133
29135
29137
29139
29144
29146
29147
29147
29151
29151
29154
29154
29155
29155
29155
29159
29163
29170
29174
29179
29179
29179
29183
29184
29185
29194
29196
29196
29196
29197
29203
29204
29210
29211
29214
29217
29217
29222
29224
29230
29232
29233
29234
29235
29237
29237
29239
29241
29243
29244
29244
29250
29253
29255
29264
29264
29266
29266
29271
29272
29274
29277
29278
29282
29284
29299
29307
29308
29310
29313
29316
29317
29317
29322
29324
29324
29325
29329
29334
29344
29346
29347
29347
29349
29360
29363
29363
29364
29367
29369
29370
29376
29378
29379
29387
29388
29389
29390
29401
29403
29403
29407
29409
29410
29411
29416
29419
29420
29423
29426
29428
29430
29436
29437
29444
29449
29450
29450
29454
29454
29455
29459
29461
29461
29462
29470
29472
29473
29477
29478
29480
29485
29485
29486
29493
29495
29505
29506
29509
29517
29519
29521
29523
29524
29524
29528
29535
29536
29539
29539
29554
29555
29558
29560
29561
29570
29572
29573
29575
29576
29579
29583
29585
29592
29594
29594
29596
29600
29609
29616
29616
29617
29617
29617
29618
29618
29623
29625
29628
29629
29636
29641
29643
29654
29655
29656
29665
29666
29669
29679
29679
29680
29687
29694
29696
29701
29702
29703
29703
29706
29706
29706
29709
29712
29713
29720
29728
29729
29734
29736
29742
29746
29747
29747
29747
29747
29750
29751
29753
29753
29755
29756
29756
29757
29758
29759
29760
29760
29776
29779
29780
29782
29782
29785
29803
29809
29809
29811
29812
29814
29827
29829
29831
29836
29844
29851
29851
29851
29852
29858
29858
29861
29863
29866
29868
29870
29875
29877
29878
29888
29893
29897
29903
29910
29910
29914
29916
29923
29923
29926
29928
29931
29935
29937
29949
29949
29954
29955
29961
29966
29972
29974
29982
29990
29994
29994
29994
29994
30000
30004
30009
30018
30023
30025
30027
30034
30037
30044
30049
30050
30054
30059
30064
30067
30070
30071
30074
30076
30079
30080
30081
30082
30087
30089
30091
30092
30105
30105
30112
30117
30122
30125
30131
30136
30140
30144
30147
30147
30148
30153
30154
30155
30167
30171
30176
30176
30177
30179
30180
30184
30191
30191
30197
30201
30207
30209
30213
30216
30222
30227
30227
30232
30245
30246
30250
30253
30254
30255
30255
30256
30260
30261
30262
30262
30262
30264
30269
30274
30283
30286
30291
30295
30297
30298
30303
30308
30309
30310
30311
30314
30322
30324
30325
30326
30327
30332
30336
30337
30338
30339
30340
30342
30342
30345
30347
30348
30351
30352
30356
30359
30366
30366
30367
30368
30370
30373
30374
30379
30384
30387
30388
30388
30390
30391
30398
30402
30402
30405
30407
30412
30420
30421
30425
30433
30434
30436
30444
30447
30458
30472
30480
30481
30483
30483
30487
30490
30491
30494
30494
30501
30502
30504
30504
30504
30517
30519
30519
30520
30522
30526
30527
30553
30559
30560
30565
30569
30571
30574
30574
30585
30588
30594
30594
30595
30597
30600
30605
30606
30613
30615
30619
30625
30632
30634
30634
30634
30635
30637
30646
30651
30656
30661
30668
30670
30670
30671
30674
30675
30677
30677
30678
30681
30684
30688
30690
30691
30698
30699
30700
30710
30710
30721
30729
30729
30737
30741
30743
30745
30748
30750
30751
30760
30765
30765
30766
30766
30769
30771
30779
30786
30786
30789
30793
30795
30798
30800
30801
30805
30811
30811
30812
30813
30823
30827
30829
30830
30830
30841
30846
30848
30851
30851
30853
30856
30860
30862
30864
30868
30871
30872
30873
30874
30876
30884
30893
30893
30894
30894
30899
30905
30907
30912
30919
30922
30923
30926
30928
30937
30939
30940
30942
30942
30948
30953
30954
30955
30968
30973
30977
30984
30987
30987
30987
30993
31005
31007
31007
31007
31017
31018
31023
31027
31033
31034
31035
31038
31042
31042
31042
31051
31052
31053
31054
31056
31057
31064
31071
31072
31074
31075
31086
31087
31095
31106
31107
31108
31113
31113
31114
31116
31122
31134
31142
31143
31150
31153
31158
31159
31162
31163
31182
31182
31184
31188
31188
31192
31194
31199
31209
31210
31214
31218
31219
31220
31220
31224
31229
31230
31235
31240
31242
31259
31263
31271
31274
31275
31278
31281
31284
31284
31286
31287
31288
31290
31291
31297
31299
31301
31302
31304
31305
31307
31309
31310
31311
31323
31324
31329
31335
31336
31341
31342
31345
31346
31348
31349
31350
31355
31359
31361
31374
31378
31380
31381
31382
31383
31384
31385
31391
31395
31404
31405
31410
31410
31411
31411
31417
31418
31418
31420
31423
31424
31431
31439
31443
31443
31444
31450
31452
31458
31461
31470
31474
31476
31478
31481
31487
31489
31496
31502
31502
31511
31516
31525
31534
31536
31537
31539
31549
31551
31552
31555
31556
31561
31569
31576
31578
31580
31580
31588
31589
31594
31595
31596
31596
31596
31599
31600
31601
31602
31603
31607
31611
31611
31615
31622
31625
31629
31630
31633
31633
31636
31637
31638
31643
31650
31652
31658
31658
31659
31659
31660
31664
31669
31669
31670
31678
31680
31682
31682
31683
31685
31686
31686
31690
31693
31695
31697
31698
31706
31715
31716
31716
31732
31733
31738
31746
31755
31756
31756
31759
31768
31769
31769
31774
31774
31776
31777
31788
31789
31789
31792
31802
31804
31808
31810
31810
31813
31813
31815
31820
31822
31827
31831
31836
31840
31841
31842
31846
31849
31851
31851
31852
31860
31868
31868
31869
31874
31878
31878
31879
31880
31886
31889
31897
31901
31903
31912
31914
31919
31923
31934
31942
31946
31947
31948
31953
31957
31957
31959
31965
31966
31968
31968
31971
31972
31974
31980
31981
31984
31987
31991
31993
32001
32006
32007
32012
32013
32019
32020
32023
32024
32030
32034
32036
32037
32038
32043
32043
32045
32046
32047
32053
32059
32061
32067
32068
32079
32082
32087
32087
32088
32091
32094
32095
32096
32101
32105
32110
32111
32111
32113
32116
32116
32122
32130
32131
32137
32138
32149
32150
32158
32161
32164
32170
32170
32171
32173
32192
32193
32204
32208
32214
32217
32217
32219
32231
32243
32244
32246
32251
32252
32266
32268
32273
32276
32280
32285
32286
32287
32289
32290
32292
32292
32294
32295
32296
32303
32304
32312
32313
32314
32316
32321
32330
32332
32334
32334
32340
32345
32356
32364
32365
32375
32386
32387
32387
32393
32395
32397
32399
32400
32400
32402
32408
32417
32417
32418
32421
32439
32440
32441
32450
32451
32451
32454
32455
32458
32464
32466
32470
32473
32474
32476
32480
32493
32494
32508
32509
32514
32518
32518
32520
32539
32544
32546
32549
32550
32551
32555
32557
32559
32563
32563
32574
32576
32582
32586
32588
32589
32590
32591
32594
32594
32596
32597
32601
32603
32607
32610
32613
32614
32619
32620
32623
32628
32632
32635
32636
32638
32649
32653
32657
32661
32663
32667
32667
32669
32672
32673
32675
32678
32682
32687
32694
32695
32698
32702
32704
32707
32709
32713
32713
32716
32716
32720
32720
32729
32732
32734
32737
32738
32749
32755
32759
32764
