12
26
33
34
34
34
34
42
45
45
46
50
51
53
57
58
61
63
68
73
83
87
87
91
93
94
97
102
105
115
129
129
132
134
146
149
150
150
153
160
171
174
176
182
190
198
198
198
199
200
208
211
216
221
224
230
232
232
234
239
254
257
263
265
266
275
275
289
292
293
307
307
309
309
312
319
321
322
328
330
330
334
335
336
337
344
345
345
347
354
359
359
360
361
369
371
374
391
394
397
397
419
423
424
427
428
429
436
442
445
447
450
458
459
462
464
468
469
472
475
476
477
480
493
494
494
503
506
510
512
515
518
525
527
528
532
537
538
540
543
552
553
557
570
571
581
583
584
587
589
592
592
595
595
596
602
602
606
607
609
612
614
626
629
638
639
644
654
657
658
662
663
664
667
670
675
676
684
688
688
689
693
701
705
707
708
714
718
724
729
732
733
735
737
737
737
744
745
747
747
752
763
764
765
768
771
778
784
787
787
795
805
813
820
820
820
821
823
837
840
845
860
860
864
864
867
879
884
885
887
889
896
897
897
897
903
907
907
908
910
911
919
926
927
928
937
942
945
945
947
948
964
965
967
968
975
975
976
977
978
980
982
983
984
984
984
986
987
993
994
997
997
1001
1003
1008
1016
1016
1021
1025
1028
1036
1048
1062
1064
1067
1073
1076
1080
1082
1082
1092
1093
1096
1103
1105
1111
1114
1125
1126
1126
1127
1127
1134
1135
1138
1140
1144
1144
1150
1157
1162
1166
1166
1169
1169
1172
1172
1174
1183
1185
1188
1194
1195
1195
1196
1198
1208
1211
1211
1212
1215
1217
1219
1223
1224
1226
1227
1229
1230
1233
1234
1235
1241
1248
1250
1258
1265
1267
1267
1267
1269
1273
1276
1277
1277
1282
1283
1284
1285
1288
1293
1295
1296
1301
1309
1319
1327
1329
1329
1331
1334
1335
1337
1346
1350
1351
1353
1357
1361
1362
1363
1364
1378
1385
1386
1389
1396
1397
1407
1409
1412
1414
1429
1429
1429
1442
1443
1447
1452
1458
1458
1461
1463
1470
1471
1473
1475
1482
1486
1489
1491
1493
1494
1496
1499
1501
1503
1506
1508
1508
1525
1529
1531
1536
1537
1538
1539
1544
1545
1545
1552
1554
1556
1557
1563
1564
1565
1566
1572
1579
1583
1584
1585
1590
1590
1591
1598
1600
1603
1603
1606
1607
1609
1612
1614
1618
1618
1625
1627
1627
1639
1641
1642
1649
1650
1654
1658
1663
1664
1665
1666
1670
1670
1675
1675
1679
1681
1686
1689
1691
1697
1698
1699
1708
1709
1711
1718
1723
1726
1726
1728
1729
1729
1730
1740
1750
1752
1757
1760
1763
1765
1768
1771
1772
1774
1779
1784
1786
1789
1793
1794
1797
1799
1805
1808
1809
1812
1813
1815
1818
1829
1833
1835
1841
1844
1853
1854
1864
1866
1868
1869
1875
1878
1879
1880
1882
1890
1891
1895
1896
1907
1916
1921
1926
1926
1932
1933
1936
1937
1941
1945
1946
1947
1948
1950
1955
1956
1964
1966
1975
1977
1978
1982
1983
1985
1989
1992
1996
2001
2005
2007
2009
2011
2015
2018
2018
2019
2023
2023
2023
2026
2034
2036
2036
2037
2038
2046
2054
2058
2059
2068
2069
2073
2076
2077
2080
2083
2084
2084
2086
2092
2098
2109
2115
2116
2118
2118
2123
2129
2137
2141
2141
2143
2143
2147
2148
2151
2151
2157
2159
2159
2164
2173
2180
2181
2182
2185
2190
2191
2197
2197
2198
2200
2200
2219
2235
2235
2236
2236
2243
2243
2258
2258
2263
2268
2285
2288
2290
2293
2296
2298
2301
2301
2302
2304
2312
2312
2312
2312
2313
2315
2319
2329
2330
2336
2340
2343
2344
2348
2349
2349
2351
2353
2356
2357
2358
2359
2360
2365
2370
2373
2374
2375
2375
2376
2380
2384
2386
2391
2392
2402
2403
2412
2416
2417
2426
2438
2440
2450
2450
2450
2451
2452
2454
2458
2464
2467
2468
2470
2474
2477
2478
2480
2482
2495
2496
2496
2496
2497
2498
2503
2510
2510
2513
2515
2518
2535
2537
2543
2545
2556
2559
2560
2567
2576
2576
2578
2579
2579
2579
2581
2583
2589
2589
2590
2590
2593
2595
2600
2602
2603
2610
2616
2628
2638
2644
2651
2653
2654
2664
2664
2667
2669
2675
2675
2677
2678
2681
2682
2683
2683
2684
2686
2687
2690
2692
2693
2698
2702
2702
2711
2715
2715
2723
2729
2729
2731
2733
2739
2744
2745
2746
2752
2752
2755
2756
2759
2760
2762
2778
2781
2783
2785
2789
2789
2791
2801
2803
2806
2810
2810
2814
2816
2830
2833
2838
2840
2841
2842
2846
2848
2849
2852
2855
2858
2861
2862
2863
2866
2871
2877
2882
2883
2890
2890
2891
2893
2897
2899
2906
2909
2918
2918
2919
2920
2921
2934
2936
2947
2950
2954
2960
2963
2967
2967
2973
2974
2975
2975
2975
2976
2977
2978
2979
2983
2987
2988
2993
2999
3002
3003
3005
3010
3011
3012
3013
3025
3026
3027
3027
3028
3029
3030
3032
3037
3038
3041
3044
3047
3049
3050
3055
3058
3059
3060
3070
3072
3073
3075
3075
3077
3083
3085
3090
3093
3095
3096
3097
3098
3102
3106
3114
3121
3121
3122
3122
3124
3129
3138
3145
3145
3150
3153
3165
3173
3175
3176
3181
3183
3187
3191
3194
3197
3206
3207
3210
3221
3222
3224
3236
3246
3247
3248
3251
3255
3259
3266
3268
3269
3270
3271
3273
3283
3289
3289
3289
3295
3296
3297
3297
3306
3307
3309
3314
3314
3314
3316
3318
3318
3319
3324
3325
3337
3337
3338
3340
3349
3352
3353
3357
3359
3360
3376
3378
3379
3381
3384
3384
3391
3396
3400
3404
3405
3406
3413
3415
3415
3416
3437
3439
3454
3459
3460
3464
3464
3464
3468
3470
3471
3476
3478
3490
3495
3497
3508
3517
3518
3519
3519
3519
3522
3523
3523
3525
3529
3532
3535
3535
3538
3546
3550
3551
3555
3559
3565
3565
3569
3570
3571
3574
3575
3586
3587
3601
3607
3608
3608
3610
3618
3619
3633
3633
3633
3634
3637
3642
3650
3651
3651
3651
3652
3655
3678
3680
3684
3685
3690
3691
3691
3692
3698
3698
3698
3705
3706
3713
3714
3716
3716
3716
3722
3724
3729
3733
3733
3735
3739
3741
3741
3749
3750
3752
3753
3753
3755
3762
3766
3771
3773
3776
3779
3789
3791
3796
3798
3801
3805
3809
3810
3812
3814
3815
3816
3828
3830
3833
3839
3846
3846
3850
3851
3852
3856
3856
3858
3858
3860
3862
3862
3865
3867
3869
3871
3874
3883
3885
3886
3889
3890
3892
3892
3901
3909
3911
3912
3914
3919
3921
3925
3930
3930
3934
3936
3938
3939
3951
3954
3955
3955
3965
3969
3987
3988
3989
3990
3992
3992
3993
3995
3995
3997
3999
4008
4010
4012
4012
4016
4018
4026
4030
4032
4032
4033
4038
4042
4043
4045
4048
4050
4056
4057
4063
4064
4075
4076
4076
4081
4081
4090
4095
4107
4108
4113
4115
4118
4120
4133
4137
4144
4148
4149
4149
4150
4151
4164
4167
4167
4172
4174
4178
4183
4189
4200
4206
4211
4218
4219
4222
4224
4227
4228
4229
4230
4233
4234
4234
4241
4250
4257
4259
4263
4265
4267
4274
4277
4280
4280
4281
4284
4297
4313
4320
4326
4329
4334
4344
4346
4349
4352
4358
4360
4363
4368
4368
4379
4384
4385
4389
4393
4398
4400
4401
4405
4406
4408
4408
4410
4411
4412
4414
4420
4421
4422
4430
4430
4434
4438
4440
4443
4443
4447
4451
4452
4459
4467
4467
4477
4478
4492
4493
4500
4501
4509
4511
4514
4521
4522
4523
4526
4528
4530
4532
4535
4541
4542
4550
4551
4553
4566
4567
4572
4574
4577
4581
4582
4583
4593
4601
4604
4618
4618
4621
4625
4629
4629
4638
4642
4648
4648
4649
4652
4653
4656
4659
4661
4668
4671
4672
4673
4674
4676
4676
4680
4681
4694
4694
4696
4697
4699
4700
4703
4704
4709
4718
4718
4721
4732
4739
4746
4747
4748
4750
4755
4759
4759
4762
4762
4775
4775
4781
4783
4790
4794
4799
4806
4807
4817
4821
4829
4834
4839
4842
4843
4844
4845
4850
4855
4858
4864
4866
4876
4877
4878
4889
4890
4891
4897
4898
4904
4905
4907
4908
4919
4920
4920
4920
4923
4924
4933
4935
4955
4957
4970
4972
4973
4975
4976
4978
4985
4987
4988
4992
4999
5000
5004
5005
5008
5008
5012
5015
5015
5015
5019
5021
5026
5031
5034
5051
5053
5059
5062
5063
5064
5064
5065
5067
5069
5070
5072
5077
5081
5081
5083
5083
5083
5090
5099
5103
5105
5109
5109
5117
5121
5123
5136
5145
5147
5154
5158
5158
5160
5160
5161
5165
5166
5167
5172
5172
5176
5183
5183
5185
5186
5190
5191
5191
5204
5205
5208
5213
5214
5221
5225
5225
5231
5235
5237
5246
5247
5255
5260
5262
5264
5267
5270
5270
5272
5273
5275
5281
5284
5284
5287
5288
5291
5292
5293
5297
5299
5300
5302
5310
5312
5314
5316
5317
5318
5319
5321
5322
5333
5339
5341
5345
5346
5353
5360
5361
5363
5375
5379
5388
5389
5396
5398
5402
5406
5407
5411
5415
5421
5421
5424
5428
5432
5437
5440
5449
5453
5455
5456
5458
5459
5460
5463
5469
5470
5475
5476
5477
5479
5480
5483
5483
5484
5485
5492
5498
5500
5502
5504
5506
5506
5507
5510
5523
5524
5529
5530
5533
5535
5538
5540
5544
5556
5562
5571
5576
5578
5581
5585
5588
5588
5592
5594
5596
5596
5596
5598
5600
5600
5608
5611
5614
5617
5620
5624
5636
5640
5640
5641
5643
5648
5653
5656
5658
5659
5660
5663
5666
5668
5669
5671
5672
5676
5682
5684
5690
5694
5694
5697
5700
5701
5702
5705
5708
5709
5711
5725
5733
5735
5737
5737
5744
5750
5750
5750
5756
5758
5760
5761
5763
5769
5770
5772
5773
5778
5780
5782
5786
5786
5793
5801
5804
5812
5819
5820
5825
5831
5831
5834
5836
5836
5838
5839
5847
5850
5857
5858
5858
5859
5859
5865
5874
5877
5882
5883
5883
5897
5911
5914
5914
5915
5916
5917
5920
5926
5938
5940
5943
5945
5945
5947
5948
5950
5954
5956
5960
5967
5970
5970
5986
5995
5995
6001
6005
6007
6021
6027
6031
6033
6035
6039
6039
6050
6050
6051
6054
6054
6062
6062
6064
6066
6075
6079
6081
6081
6086
6087
6088
6091
6093
6094
6101
6103
6104
6110
6110
6111
6111
6112
6114
6116
6124
6127
6130
6131
6136
6140
6141
6142
6145
6146
6155
6166
6168
6169
6169
6172
6177
6179
6179
6187
6187
6192
6194
6194
6195
6195
6198
6198
6198
6206
6207
6211
6211
6211
6214
6220
6221
6227
6229
6232
6232
6242
6243
6250
6251
6253
6254
6256
6259
6270
6273
6281
6281
6282
6283
6284
6285
6287
6294
6295
6297
6303
6304
6305
6312
6314
6317
6324
6324
6326
6327
6328
6329
6334
6336
6337
6340
6342
6344
6345
6358
6362
6365
6365
6368
6369
6369
6371
6378
6383
6386
6387
6390
6391
6391
6393
6395
6395
6397
6401
6402
6409
6410
6410
6419
6421
6424
6429
6434
6436
6440
6443
6447
6451
6455
6462
6465
6466
6467
6473
6475
6476
6477
6484
6488
6492
6495
6496
6498
6500
6515
6519
6523
6524
6524
6529
6532
6533
6538
6539
6541
6546
6551
6558
6563
6564
6566
6566
6567
6568
6568
6568
6570
6574
6585
6594
6595
6598
6599
6613
6616
6620
6630
6634
6634
6635
6642
6645
6651
6651
6653
6653
6654
6657
6664
6670
6674
6677
6683
6685
6689
6697
6699
6700
6701
6701
6711
6713
6715
6718
6721
6723
6723
6723
6724
6731
6734
6738
6738
6746
6754
6756
6761
6765
6765
6773
6782
6789
6790
6792
6794
6797
6798
6800
6802
6803
6816
6816
6819
6825
6826
6829
6829
6830
6830
6831
6836
6838
6846
6848
6852
6855
6860
6861
6870
6871
6877
6877
6882
6886
6894
6894
6902
6903
6905
6908
6913
6914
6915
6917
6927
6928
6928
6929
6929
6931
6931
6932
6933
6934
6935
6935
6939
6941
6944
6951
6953
6957
6960
6963
6968
6971
6974
6974
6987
6999
7001
7002
7003
7004
7010
7012
7020
7021
7021
7024
7028
7036
7037
7042
7046
7047
7052
7055
7056
7060
7064
7065
7065
7065
7071
7074
7075
7076
7083
7086
7097
7101
7105
7109
7116
7119
7122
7124
7125
7128
7129
7135
7138
7150
7152
7153
7153
7157
7157
7158
7158
7167
7169
7174
7176
7177
7190
7191
7194
7194
7197
7200
7200
7201
7204
7209
7213
7217
7217
7220
7226
7228
7229
7231
7241
7251
7264
7266
7273
7274
7276
7276
7276
7277
7287
7291
7293
7294
7297
7304
7305
7306
7310
7312
7313
7317
7321
7324
7327
7331
7334
7336
7339
7344
7346
7351
7354
7359
7361
7364
7368
7376
7379
7379
7381
7386
7387
7415
7416
7416
7417
7419
7420
7422
7426
7427
7430
7430
7433
7436
7438
7443
7447
7447
7453
7455
7462
7465
7465
7470
7471
7475
7476
7477
7482
7484
7489
7491
7492
7498
7499
7501
7503
7508
7513
7517
7521
7522
7527
7529
7530
7535
7542
7551
7554
7558
7559
7559
7560
7567
7573
7573
7575
7576
7580
7589
7589
7591
7604
7607
7617
7618
7619
7620
7620
7622
7623
7626
7627
7632
7644
7651
7652
7654
7656
7659
7670
7672
7676
7678
7680
7683
7685
7689
7693
7693
7696
7699
7708
7714
7720
7721
7723
7737
7738
7738
7745
7751
7755
7756
7759
7759
7762
7765
7765
7765
7776
7778
7783
7788
7789
7791
7796
7799
7802
7808
7808
7810
7816
7825
7826
7835
7839
7842
7842
7845
7850
7851
7851
7853
7858
7858
7862
7863
7869
7871
7871
7876
7877
7877
7878
7878
7879
7881
7882
7884
7894
7894
7896
7899
7900
7902
7905
7905
7906
7909
7910
7916
7917
7918
7925
7929
7932
7936
7937
7942
7945
7945
7954
7956
7956
7957
7957
7959
7960
7966
7966
7974
7975
7977
7988
7991
7997
7997
8001
8006
8008
8009
8011
8023
8028
8030
8031
8041
8041
8043
8047
8048
8050
8059
8062
8064
8071
8072
8076
8076
8077
8078
8079
8084
8088
8092
8096
8096
8101
8101
8105
8108
8116
8118
8130
8134
8137
8139
8141
8141
8141
8143
8146
8146
8147
8147
8149
8168
8169
8170
8172
8176
8181
8183
8185
8196
8198
8202
8202
8207
8209
8210
8218
8218
8223
8228
8233
8235
8236
8236
8243
8247
8248
8248
8250
8252
8255
8259
8263
8265
8272
8275
8288
8292
8295
8296
8298
8302
8303
8307
8312
8312
8315
8320
8322
8326
8330
8332
8340
8349
8351
8354
8359
8360
8360
8361
8362
8362
8372
8377
8381
8383
8387
8393
8395
8401
8401
8402
8405
8407
8411
8411
8417
8423
8426
8429
8432
8436
8437
8439
8441
8444
8450
8454
8457
8467
8473
8473
8475
8476
8480
8482
8489
8489
8494
8494
8515
8519
8539
8547
8548
8551
8554
8556
8560
8565
8572
8574
8580
8584
8585
8587
8587
8587
8590
8591
8592
8593
8596
8596
8600
8602
8607
8608
8608
8613
8614
8616
8616
8620
8621
8621
8621
8621
8622
8626
8632
8634
8634
8642
8644
8645
8651
8653
8655
8658
8659
8676
8676
8681
8681
8687
8688
8691
8694
8700
8710
8710
8717
8719
8727
8732
8732
8733
8739
8740
8741
8742
8746
8752
8752
8757
8760
8766
8766
8769
8772
8772
8774
8782
8791
8802
8807
8817
8820
8821
8822
8823
8833
8835
8841
8843
8845
8850
8854
8855
8858
8862
8862
8865
8866
8869
8870
8872
8881
8881
8882
8891
8893
8893
8894
8896
8898
8906
8906
8908
8909
8910
8915
8915
8915
8918
8919
8921
8922
8923
8928
8931
8933
8935
8937
8937
8940
8941
8945
8948
8955
8961
8966
8969
8971
8973
8977
8978
8980
8986
8986
8991
8991
8994
8995
9002
9011
9011
9012
9014
9015
9018
9029
9033
9034
9035
9036
9037
9038
9040
9043
9044
9044
9052
9054
9058
9068
9068
9073
9073
9077
9080
9093
9093
9095
9096
9096
9102
9105
9109
9110
9112
9117
9123
9127
9129
9134
9135
9135
9146
9149
9153
9158
9159
9163
9165
9168
9170
9171
9174
9175
9179
9183
9186
9186
9190
9195
9206
9206
9209
9210
9211
9212
9213
9213
9214
9214
9215
9218
9218
9221
9221
9221
9227
9233
9238
9239
9242
9242
9247
9257
9259
9260
9265
9266
9269
9269
9271
9272
9274
9274
9278
9281
9282
9282
9283
9283
9286
9292
9295
9304
9306
9308
9308
9311
9317
9318
9318
9319
9321
9321
9321
9328
9328
9332
9335
9338
9338
9342
9354
9356
9357
9362
9365
9375
9380
9385
9386
9389
9391
9392
9392
9400
9409
9416
9424
9425
9428
9428
9429
9430
9431
9433
9437
9445
9450
9456
9465
9465
9468
9470
9470
9471
9474
9475
9476
9484
9485
9490
9494
9496
9497
9502
9505
9510
9512
9514
9517
9520
9521
9528
9538
9538
9543
9545
9551
9557
9563
9563
9573
9583
9584
9585
9589
9594
9595
9598
9607
9608
9611
9612
9613
9614
9615
9617
9620
9621
9621
9621
9626
9627
9629
9635
9635
9637
9644
9648
9650
9652
9657
9664
9666
9666
9668
9673
9675
9675
9676
9681
9681
9684
9686
9687
9691
9694
9700
9702
9707
9708
9708
9709
9717
9719
9720
9721
9728
9735
9736
9744
9753
9754
9764
9770
9779
9783
9787
9794
9795
9796
9797
9801
9802
9814
9815
9820
9822
9827
9831
9841
9842
9844
9850
9851
9855
9856
9858
9862
9868
9869
9871
9873
9873
9881
9883
9884
9893
9893
9894
9900
9905
9905
9915
9915
9917
9917
9920
9927
9930
9930
9933
9934
9935
9940
9941
9943
9947
9947
9954
9955
9956
9958
9958
9960
9961
9962
9964
9968
9968
9977
9979
9984
9994
9995
9996
9996
10011
10017
10020
10029
10031
10036
10037
10039
10041
10041
10042
10044
10045
10046
10059
10060
10061
10061
10063
10064
10064
10065
10067
10068
10068
10069
10072
10080
10082
10084
10085
10087
10090
10092
10098
10098
10099
10107
10109
10111
10117
10126
10139
10141
10150
10151
10157
10158
10158
10159
10172
10175
10176
10179
10182
10188
10191
10192
10192
10193
10194
10195
10195
10197
10199
10199
10201
10203
10205
10209
10210
10218
10229
10231
10234
10236
10236
10236
10239
10242
10242
10248
10250
10256
10259
10262
10262
10265
10267
10271
10272
10273
10273
10282
10284
10288
10290
10302
10306
10313
10314
10319
10320
10322
10326
10326
10330
10342
10342
10349
10350
10354
10355
10357
10358
10358
10358
10361
10361
10364
10365
10374
10383
10387
10390
10396
10405
10408
10411
10419
10422
10425
10427
10433
10440
10440
10445
10447
10451
10452
10453
10462
10462
10467
10470
10477
10477
10479
10479
10479
10487
10493
10494
10503
10508
10509
10509
10510
10511
10512
10515
10517
10520
10521
10526
10527
10532
10536
10543
10544
10549
10551
10552
10556
10557
10573
10580
10581
10582
10583
10585
10587
10589
10592
10598
10601
10604
10606
10608
10612
10616
10616
10620
10623
10628
10636
10642
10643
10645
10647
10647
10655
10655
10657
10658
10667
10669
10673
10675
10678
10690
10694
10695
10695
10697
10706
10708
10709
10710
10716
10719
10721
10723
10725
10730
10732
10732
10736
10736
10738
10741
10745
10746
10758
10760
10762
10767
10774
10777
10779
10782
10784
10784
10787
10790
10790
10792
10794
10796
10797
10802
10810
10814
10815
10817
10820
10821
10822
10831
10837
10837
10842
10842
10843
10845
10848
10849
10853
10856
10859
10860
10864
10865
10868
10869
10883
10884
10885
10886
10886
10889
10895
10896
10900
10903
10904
10905
10906
10910
10914
10915
10918
10919
10921
10923
10925
10928
10928
10928
10931
10933
10935
10937
10937
10943
10950
10952
10953
10955
10955
10956
10957
10958
10965
10966
10967
10973
10974
10980
10982
10989
10990
10996
11004
11005
11006
11013
11020
11022
11023
11024
11034
11036
11039
11040
11040
11045
11049
11056
11060
11060
11066
11067
11072
11077
11077
11082
11087
11087
11088
11088
11089
11092
11094
11098
11099
11108
11108
11117
11123
11127
11129
11131
11134
11140
11144
11149
11149
11151
11152
11153
11153
11154
11159
11162
11162
11166
11166
11167
11168
11170
11171
11173
11174
11179
11180
11183
11191
11192
11212
11213
11217
11218
11222
11224
11240
11252
11258
11260
11261
11261
11266
11276
11283
11283
11289
11289
11290
11294
11296
11298
11300
11301
11302
11302
11306
11309
11314
11314
11322
11323
11324
11324
11340
11341
11343
11348
11349
11350
11357
11358
11358
11359
11359
11365
11365
11367
11368
11369
11370
11373
11373
11378
11380
11382
11383
11384
11385
11385
11386
11387
11392
11392
11402
11404
11406
11409
11418
11418
11424
11426
11443
11447
11456
11465
11466
11466
11469
11470
11473
11475
11475
11476
11476
11478
11483
11483
11485
11489
11489
11490
11492
11493
11495
11496
11498
11501
11502
11506
11508
11512
11512
11514
11520
11521
11523
11524
11530
11530
11538
11540
11541
11541
11551
11552
11554
11555
11557
11560
11561
11563
11564
11568
11571
11575
11595
11595
11596
11598
11599
11603
11604
11606
11613
11615
11620
11627
11630
11632
11632
11633
11638
11641
11645
11647
11654
11655
11655
11656
11660
11661
11662
11663
11668
11668
11671
11677
11679
11680
11683
11684
11686
11688
11689
11693
11704
11708
11716
11716
11719
11720
11723
11727
11731
11733
11734
11738
11739
11742
11748
11754
11761
11763
11768
11769
11770
11770
11777
11782
11787
11789
11789
11790
11792
11796
11798
11798
11807
11812
11815
11816
11818
11822
11824
11825
11826
11828
11830
11840
11841
11842
11849
11851
11854
11854
11856
11857
11857
11858
11861
11864
11867
11869
11869
11872
11876
11876
11888
11898
11898
11901
11906
11906
11907
11909
11909
11912
11912
11912
11913
11916
11920
11928
11928
11929
11931
11934
11939
11939
11942
11945
11950
11952
11963
11966
11966
11975
11984
11990
11994
11998
11999
12002
12004
12016
12021
12025
12029
12030
12033
12034
12035
12035
12036
12036
12042
12046
12047
12049
12058
12061
12062
12071
12076
12078
12079
12083
12087
12094
12095
12105
12108
12108
12111
12112
12113
12113
12123
12124
12132
12136
12142
12142
12145
12150
12155
12159
12161
12161
12161
12164
12169
12170
12175
12176
12177
12185
12197
12198
12199
12209
12212
12214
12219
12231
12232
12233
12233
12234
12241
12242
12246
12251
12253
12256
12259
12263
12267
12269
12269
12270
12273
12276
12277
12281
12283
12285
12288
12288
12295
12296
12298
12305
12307
12308
12309
12310
12311
12315
12327
12328
12331
12336
12342
12343
12344
12347
12351
12351
12357
12362
12363
12364
12369
12372
12374
12377
12379
12380
12380
12385
12387
12387
12390
12391
12391
12391
12395
12396
12398
12403
12408
12422
12422
12423
12429
12437
12438
12442
12446
12451
12451
12457
12465
12466
12467
12472
12475
12487
12492
12493
12500
12503
12504
12515
12516
12517
12524
12528
12528
12530
12530
12531
12533
12540
12547
12555
12566
12566
12568
12569
12571
12574
12575
12576
12579
12581
12582
12583
12587
12588
12589
12597
12597
12603
12603
12612
12614
12615
12615
12620
12621
12627
12628
12631
12633
12634
12639
12643
12652
12657
12660
12660
12661
12664
12664
12667
12675
12681
12685
12687
12692
12699
12702
12703
12704
12710
12714
12716
12718
12726
12728
12730
12735
12736
12736
12736
12740
12745
12745
12746
12750
12751
12751
12751
12754
12754
12754
12755
12758
12759
12760
12761
12763
12766
12767
12767
12769
12772
12775
12775
12780
12781
12784
12785
12787
12787
12788
12790
12793
12794
12795
12797
12802
12802
12802
12804
12809
12811
12813
12817
12820
12822
12829
12830
12831
12832
12838
12842
12844
12856
12859
12869
12870
12872
12876
12879
12883
12885
12887
12889
12891
12893
12902
12902
12907
12913
12917
12918
12925
12933
12936
12949
12955
12957
12961
12961
12963
12965
12966
12967
12967
12975
12975
12976
12976
12981
12988
12993
12997
13000
13012
13013
13018
13018
13018
13019
13019
13022
13023
13028
13029
13031
13033
13035
13037
13038
13039
13041
13042
13051
13053
13056
13060
13062
13064
13065
13066
13066
13070
13071
13072
13073
13080
13085
13091
13092
13098
13104
13105
13106
13117
13121
13121
13128
13131
13134
13150
13152
13156
13158
13164
13169
13173
13174
13174
13175
13177
13177
13178
13179
13180
13182
13183
13185
13188
13190
13203
13214
13215
13220
13221
13222
13226
13227
13230
13230
13232
13235
13239
13246
13246
13246
13257
13260
13261
13269
13271
13272
13275
13277
13284
13289
13292
13300
13303
13304
13323
13330
13331
13332
13333
13334
13334
13338
13340
13340
13346
13347
13350
13351
13352
13361
13361
13366
13366
13368
13369
13370
13371
13376
13378
13380
13381
13383
13385
13386
13395
13395
13399
13405
13405
13406
13409
13410
13410
13411
13412
13419
13422
13427
13428
13430
13434
13435
13437
13440
13457
13457
13461
13461
13468
13469
13476
13479
13484
13484
13484
13487
13492
13494
13494
13495
13497
13504
13506
13508
13509
13519
13521
13528
13529
13534
13534
13535
13537
13547
13552
13556
13556
13562
13565
13572
13575
13580
13584
13589
13589
13591
13594
13599
13605
13607
13613
13614
13624
13624
13624
13626
13627
13628
13629
13629
13629
13629
13634
13635
13641
13648
13650
13650
13654
13658
13658
13659
13663
13665
13667
13674
13679
13679
13683
13683
13683
13685
13686
13686
13690
13690
13691
13696
13703
13707
13709
13712
13718
13719
13719
13721
13727
13732
13733
13734
13735
13738
13741
13742
13746
13748
13755
13757
13760
13761
13763
13769
13773
13775
13776
13777
13779
13782
13785
13786
13789
13791
13794
13794
13799
13801
13802
13804
13805
13810
13810
13814
13815
13824
13825
13835
13837
13840
13845
13845
13845
13847
13847
13848
13852
13856
13858
13858
13860
13863
13871
13872
13875
13884
13886
13888
13889
13890
13890
13897
13899
13901
13908
13908
13913
13917
13919
13920
13923
13923
13933
13937
13943
13944
13948
13953
13954
13954
13956
13961
13967
13968
13968
13972
13974
13974
13987
13989
13990
13995
13996
13998
14004
14004
14012
14013
14017
14024
14026
14027
14029
14030
14033
14046
14055
14058
14058
14059
14059
14062
14074
14075
14075
14077
14081
14088
14091
14092
14095
14097
14098
14101
14101
14102
14103
14103
14103
14104
14110
14112
14132
14132
14135
14137
14139
14140
14150
14157
14158
14159
14160
14161
14161
14164
14168
14170
14173
14179
14179
14181
14183
14184
14185
14191
14195
14199
14206
14208
14213
14221
14225
14226
14233
14233
14234
14235
14237
14238
14239
14242
14244
14245
14246
14248
14252
14259
14259
14260
14263
14267
14267
14268
14269
14272
14273
14281
14283
14287
14287
14294
14302
14306
14316
14322
14323
14325
14325
14326
14332
14334
14334
14335
14337
14338
14341
14342
14346
14355
14356
14357
14361
14362
14364
14369
14371
14377
14383
14391
14407
14408
14409
14413
14417
14420
14421
14422
14425
14429
14429
14430
14430
14433
14433
14439
14441
14444
14445
14451
14451
14455
14459
14463
14473
14474
14482
14484
14504
14507
14511
14512
14516
14536
14540
14543
14544
14544
14547
14548
14549
14553
14560
14562
14563
14568
14569
14570
14578
14586
14587
14593
14596
14596
14600
14601
14604
14610
14615
14618
14618
14626
14629
14630
14639
14643
14645
14646
14646
14647
14650
14658
14663
14664
14670
14674
14674
14676
14678
14696
14698
14702
14703
14706
14706
14707
14709
14709
14709
14710
14711
14721
14723
14723
14724
14725
14727
14728
14732
14734
14735
14742
14748
14754
14758
14759
14761
14762
14762
14773
14776
14784
14784
14784
14789
14791
14792
14794
14810
14812
14815
14823
14824
14827
14828
14834
14837
14837
14839
14841
14842
14843
14844
14845
14850
14856
14858
14868
14869
14869
14873
14877
14880
14881
14882
14884
14890
14890
14892
14897
14900
14906
14907
14907
14912
14915
14916
14924
14924
14929
14932
14936
14942
14942
14945
14945
14960
14965
14973
14974
14980
14982
14988
14990
14995
15000
15007
15009
15011
15016
15019
15020
15021
15022
15025
15031
15031
15036
15036
15036
15042
15051
15051
15052
15052
15060
15061
15061
15063
15063
15064
15068
15073
15073
15077
15080
15081
15086
15089
15100
15106
15111
15113
15114
15117
15117
15119
15122
15124
15131
15135
15138
15141
15147
15148
15153
15154
15161
15165
15169
15173
15178
15184
15188
15190
15203
15209
15210
15213
15225
15243
15250
15261
15262
15263
15265
15267
15267
15274
15275
15278
15278
15291
15292
15298
15300
15305
15310
15312
15317
15318
15319
15324
15330
15339
15340
15350
15351
15371
15373
15375
15376
15376
15377
15378
15380
15382
15397
15400
15409
15410
15413
15414
15415
15418
15421
15422
15423
15424
15425
15425
15427
15427
15434
15434
15437
15441
15442
15456
15456
15456
15458
15459
15466
15469
15470
15477
15480
15483
15484
15484
15485
15486
15486
15490
15494
15495
15495
15498
15499
15501
15502
15504
15512
15512
15514
15517
15522
15525
15532
15536
15539
15540
15541
15541
15543
15547
15559
15561
15565
15569
15570
15575
15580
15591
15592
15594
15597
15597
15600
15601
15603
15603
15609
15611
15611
15612
15619
15619
15626
15630
15630
15632
15634
15636
15637
15640
15641
15646
15653
15653
15653
15659
15664
15669
15673
15674
15679
15680
15683
15684
15687
15690
15692
15692
15693
15694
15697
15697
15702
15709
15720
15721
15727
15730
15740
15745
15747
15748
15749
15757
15766
15768
15782
15783
15786
15787
15790
15795
15797
15798
15807
15812
15813
15817
15818
15818
15819
15819
15819
15823
15825
15829
15835
15841
15841
15842
15846
15851
15854
15855
15856
15858
15866
15870
15873
15881
15882
15883
15891
15891
15891
15895
15896
15896
15901
15904
15906
15906
15906
15906
15909
15911
15911
15913
15913
15924
15927
15928
15932
15935
15942
15943
15946
15952
15954
15960
15966
15974
15975
15978
15981
15982
15983
15986
15989
15992
15992
15994
15997
15997
15998
16004
16012
16032
16041
16046
16050
16053
16057
16058
16061
16061
16067
16072
16081
16086
16095
16097
16098
16099
16107
16109
16111
16114
16116
16117
16119
16122
16124
16124
16126
16132
16133
16140
16143
16143
16146
16155
16156
16157
16159
16163
16166
16169
16172
16175
16176
16179
16180
16183
16186
16188
16188
16190
16196
16197
16203
16203
16210
16212
16215
16217
16220
16220
16222
16231
16234
16237
16237
16247
16247
16250
16260
16266
16267
16268
16273
16278
16285
16286
16292
16294
16298
16308
16313
16314
16316
16317
16321
16323
16326
16326
16328
16330
16338
16344
16347
16349
16349
16349
16351
16351
16352
16353
16355
16360
16373
16376
16377
16378
16379
16382
16386
16387
16394
16395
16399
16400
16405
16405
16414
16418
16419
16424
16424
16431
16434
16447
16447
16448
16451
16453
16454
16455
16456
16456
16459
16459
16460
16473
16477
16491
16492
16495
16498
16500
16501
16506
16507
16511
16513
16515
16519
16519
16520
16522
16531
16532
16535
16544
16546
16553
16555
16556
16557
16558
16559
16560
16566
16566
16566
16569
16571
16583
16584
16585
16587
16588
16597
16598
16604
16610
16613
16625
16636
16642
16649
16650
16653
16654
16661
16663
16663
16666
16668
16669
16672
16678
16681
16682
16682
16684
16692
16692
16693
16694
16694
16695
16696
16714
16732
16735
16737
16738
16742
16744
16745
16747
16748
16760
16761
16762
16762
16766
16770
16773
16774
16777
16781
16784
16785
16804
16806
16815
16822
16825
16832
16833
16837
16841
16846
16850
16863
16875
16876
16880
16883
16885
16887
16888
16894
16900
16901
16903
16908
16908
16911
16913
16917
16926
16928
16930
16934
16939
16940
16941
16946
16952
16952
16957
16958
16973
16973
16978
16982
16983
16983
16985
16985
16985
16988
16996
16997
17002
17002
17006
17008
17010
17021
17021
17022
17022
17029
17034
17036
17043
17045
17046
17047
17047
17053
17058
17058
17059
17060
17065
17065
17065
17066
17068
17069
17071
17071
17075
17077
17079
17080
17082
17087
17087
17087
17087
17089
17090
17090
17094
17094
17094
17100
17102
17114
17119
17121
17123
17123
17124
17125
17125
17126
17134
17137
17139
17143
17145
17148
17149
17150
17151
17154
17161
17161
17165
17168
17175
17175
17181
17183
17189
17190
17193
17196
17202
17205
17210
17211
17215
17216
17218
17221
17222
17234
17237
17238
17240
17241
17256
17257
17260
17262
17265
17268
17268
17270
17272
17275
17278
17278
17279
17287
17292
17292
17295
17298
17299
17301
17308
17313
17321
17327
17327
17328
17333
17334
17340
17341
17341
17348
17349
17351
17352
17352
17353
17354
17355
17357
17360
17362
17364
17383
17387
17390
17393
17400
17401
17411
17412
17415
17417
17424
17426
17428
17431
17432
17434
17436
17437
17437
17443
17447
17449
17451
17460
17465
17465
17465
17473
17477
17479
17484
17488
17496
17499
17501
17502
17505
17513
17528
17532
17532
17534
17535
17539
17539
17541
17544
17547
17549
17560
17561
17561
17566
17570
17571
17574
17577
17577
17578
17581
17582
17583
17591
17591
17595
17605
17606
17607
17610
17615
17615
17623
17631
17633
17633
17638
17643
17647
17654
17656
17660
17664
17666
17671
17674
17680
17684
17686
17689
17696
17698
17701
17706
17706
17708
17714
17719
17720
17726
17729
17730
17731
17732
17734
17736
17736
17743
17745
17747
17751
17753
17754
17760
17760
17765
17770
17772
17774
17779
17781
17783
17790
17793
17795
17795
17796
17796
17798
17800
17801
17805
17811
17815
17819
17824
17825
17825
17826
17827
17830
17831
17845
17846
17849
17853
17854
17857
17860
17863
17864
17871
17887
17895
17897
17903
17905
17905
17911
17912
17914
17918
17922
17923
17930
17930
17932
17937
17937
17940
17942
17942
17945
17948
17948
17953
17957
17957
17962
17969
17970
17972
17973
17980
17980
17983
17989
17989
17991
17996
17998
18000
18001
18003
18009
18013
18015
18023
18025
18026
18031
18032
18038
18044
18045
18048
18049
18050
18051
18052
18053
18054
18059
18061
18061
18065
18074
18076
18079
18081
18084
18085
18091
18091
18097
18098
18102
18107
18111
18112
18114
18117
18127
18127
18128
18130
18132
18133
18135
18137
18142
18145
18146
18148
18156
18157
18164
18164
18165
18169
18173
18173
18176
18178
18179
18187
18191
18191
18192
18192
18195
18200
18201
18202
18207
18210
18212
18220
18224
18228
18229
18230
18232
18233
18238
18242
18244
18251
18267
18273
18276
18277
18281
18283
18284
18293
18297
18299
18299
18302
18303
18307
18308
18308
18315
18315
18318
18319
18321
18324
18326
18327
18332
18334
18340
18342
18344
18345
18352
18353
18357
18357
18361
18372
18375
18382
18387
18392
18398
18403
18406
18408
18411
18411
18412
18416
18426
18430
18434
18436
18436
18438
18439
18440
18446
18449
18449
18460
18466
18473
18475
18478
18479
18483
18483
18488
18489
18490
18495
18505
18510
18513
18513
18513
18522
18522
18522
18525
18527
18527
18531
18536
18540
18541
18545
18545
18548
18548
18553
18554
18556
18558
18558
18563
18571
18572
18575
18576
18592
18595
18614
18616
18621
18622
18623
18626
18634
18642
18642
18645
18648
18653
18653
18658
18663
18663
18664
18666
18668
18671
18701
18704
18705
18705
18714
18716
18719
18723
18725
18728
18731
18735
18741
18746
18748
18748
18749
18751
18757
18759
18763
18766
18768
18769
18775
18778
18783
18784
18790
18792
18810
18811
18812
18814
18818
18827
18827
18828
18828
18830
18832
18839
18842
18844
18847
18851
18852
18854
18856
18860
18860
18862
18868
18876
18887
18887
18890
18895
18900
18904
18906
18910
18917
18921
18925
18928
18930
18931
18931
18938
18939
18940
18941
18942
18943
18943
18949
18950
18953
18968
18968
18972
18973
18976
18977
18979
18980
18981
18982
18985
18991
18994
18995
18995
18996
18999
18999
19003
19009
19009
19010
19011
19016
19026
19027
19034
19036
19036
19037
19046
19046
19047
19049
19055
19056
19061
19071
19087
19089
19094
19095
19098
19099
19099
19106
19111
19114
19115
19118
19120
19124
19131
19134
19137
19146
19147
19158
19159
19161
19163
19163
19164
19173
19173
19174
19176
19177
19178
19181
19181
19183
19185
19187
19187
19188
19191
19199
19200
19200
19202
19205
19208
19210
19214
19218
19220
19220
19229
19231
19231
19235
19237
19240
19241
19241
19242
19245
19245
19251
19251
19264
19264
19267
19274
19277
19278
19278
19284
19295
19300
19301
19303
19305
19306
19313
19315
19317
19319
19323
19326
19327
19328
19329
19332
19340
19345
19345
19350
19357
19367
19372
19373
19375
19388
19389
19390
19392
19394
19400
19401
19402
19402
19405
19414
19416
19423
19434
19448
19451
19451
19452
19453
19463
19464
19469
19474
19475
19477
19483
19484
19484
19488
19490
19492
19493
19497
19499
19503
19505
19508
19509
19513
19514
19519
19525
19526
19533
19536
19537
19537
19541
19541
19542
19551
19556
19561
19562
19562
19564
19564
19567
19567
19569
19570
19572
19573
19577
19592
19595
19604
19608
19609
19610
19611
19612
19613
19622
19627
19632
19633
19634
19635
19637
19644
19645
19651
19654
19654
19658
19658
19669
19672
19680
19681
19681
19692
19699
19711
19713
19715
19720
19721
19722
19725
19726
19735
19738
19743
19745
19751
19759
19767
19771
19772
19773
19773
19774
19776
19778
19789
19790
19795
19799
19801
19812
19814
19823
19825
19834
19837
19841
19844
19846
19851
19856
19856
19857
19860
19861
19862
19862
19862
19863
19863
19864
19864
19865
19869
19874
19880
19885
19887
19888
19889
19890
19891
19891
19894
19896
19898
19898
19899
19899
19900
19900
19901
19904
19912
19914
19917
19919
19921
19923
19926
19932
19937
19940
19941
19953
19954
19960
19961
19970
19972
19977
19977
19982
19984
19988
19991
19994
19994
20003
20007
20010
20012
20013
20018
20021
20024
20026
20035
20036
20036
20037
20041
20042
20043
20046
20051
20052
20054
20057
20057
20058
20058
20058
20060
20062
20065
20068
20068
20068
20070
20070
20071
20073
20075
20077
20085
20085
20087
20095
20096
20101
20103
20107
20110
20119
20121
20121
20123
20124
20125
20142
20150
20153
20155
20156
20157
20158
20160
20164
20167
20168
20169
20187
20189
20190
20191
20200
20201
20203
20206
20213
20214
20215
20215
20216
20219
20220
20223
20223
20224
20224
20225
20226
20227
20227
20231
20234
20236
20240
20248
20249
20255
20258
20262
20263
20264
20268
20269
20272
20279
20280
20281
20282
20290
20291
20295
20296
20297
20300
20305
20306
20311
20316
20316
20317
20321
20334
20335
20337
20340
20340
20350
20351
20354
20356
20358
20360
20360
20365
20365
20365
20366
20374
20378
20381
20382
20385
20392
20400
20401
20407
20414
20417
20429
20430
20445
20446
20447
20449
20449
20451
20451
20452
20460
20460
20469
20471
20473
20477
20479
20480
20481
20481
20484
20493
20504
20504
20504
20510
20512
20518
20525
20525
20526
20533
20534
20539
20546
20551
20554
20558
20565
20567
20577
20579
20581
20584
20585
20587
20587
20587
20590
20592
20593
20600
20605
20607
20608
20610
20612
20616
20616
20620
20624
20625
20628
20631
20644
20644
20651
20657
20661
20666
20668
20673
20674
20675
20675
20678
20679
20680
20692
20692
20706
20708
20713
20715
20719
20723
20727
20728
20729
20729
20733
20737
20738
20740
20741
20745
20745
20749
20749
20752
20754
20756
20757
20759
20760
20764
20765
20767
20773
20773
20775
20777
20783
20785
20792
20793
20795
20797
20800
20803
20811
20812
20815
20816
20819
20819
20819
20819
20821
20826
20827
20829
20837
20839
20841
20845
20866
20867
20869
20870
20870
20874
20874
20878
20879
20879
20890
20891
20894
20902
20905
20909
20922
20922
20933
20940
20945
20947
20949
20951
20952
20955
20960
20961
20974
20977
20979
20981
20986
20993
20994
20994
20995
20996
20998
21005
21006
21010
21010
21014
21016
21019
21019
21021
21025
21025
21027
21027
21030
21039
21044
21045
21055
21055
21063
21066
21068
21073
21075
21082
21085
21086
21086
21090
21095
21100
21111
21118
21121
21123
21126
21128
21128
21129
21130
21132
21132
21135
21136
21136
21140
21140
21149
21153
21156
21158
21159
21160
21165
21166
21167
21176
21179
21181
21188
21192
21193
21196
21199
21202
21202
21204
21209
21210
21212
21215
21218
21224
21225
21226
21227
21240
21240
21241
21247
21248
21249
21252
21254
21258
21258
21261
21263
21264
21265
21266
21269
21274
21281
21287
21291
21293
21295
21295
21304
21305
21308
21314
21316
21317
21319
21322
21322
21328
21331
21332
21332
21336
21336
21336
21339
21340
21350
21353
21357
21358
21363
21364
21366
21372
21375
21383
21386
21389
21395
21395
21396
21399
21399
21400
21403
21404
21408
21416
21426
21427
21430
21434
21435
21443
21445
21447
21447
21454
21457
21459
21460
21461
21462
21466
21466
21467
21469
21477
21491
21495
21501
21508
21511
21520
21522
21523
21523
21526
21529
21532
21541
21543
21548
21551
21551
21552
21558
21567
21569
21576
21576
21577
21577
21582
21582
21585
21585
21588
21593
21598
21603
21604
21608
21612
21612
21613
21614
21617
21620
21620
21623
21623
21626
21629
21630
21632
21633
21637
21641
21648
21652
21653
21654
21662
21670
21672
21674
21680
21680
21681
21683
21683
21684
21687
21689
21690
21692
21693
21697
21701
21706
21710
21715
21716
21722
21725
21731
21736
21744
21746
21748
21758
21759
21772
21783
21787
21788
21790
21792
21796
21800
21802
21803
21804
21808
21811
21811
21814
21814
21815
21817
21819
21823
21831
21836
21838
21841
21842
21844
21847
21851
21853
21863
21865
21869
21870
21870
21870
21871
21881
21886
21890
21894
21894
21899
21899
21902
21905
21915
21916
21921
21924
21925
21926
21926
21926
21930
21937
21945
21946
21947
21954
21955
21963
21964
21967
21970
21976
21977
21979
21985
21986
21988
21988
21993
21996
21998
22001
22003
22005
22006
22008
22010
22014
22014
22015
22017
22019
22019
22022
22025
22026
22039
22039
22040
22055
22064
22065
22066
22068
22068
22085
22089
22089
22097
22102
22105
22115
22117
22118
22119
22121
22121
22126
22130
22136
22137
22140
22141
22145
22147
22149
22152
22153
22158
22164
22164
22167
22167
22168
22170
22173
22174
22176
22182
22182
22191
22192
22199
22199
22200
22206
22209
22216
22220
22222
22224
22229
22231
22240
22245
22248
22255
22255
22256
22256
22257
22258
22258
22259
22260
22261
22261
22265
22273
22276
22277
22280
22282
22283
22285
22288
22291
22291
22291
22297
22300
22303
22305
22307
22311
22312
22314
22319
22327
22331
22331
22338
22339
22339
22340
22346
22352
22357
22360
22362
22369
22370
22372
22375
22382
22390
22392
22396
22399
22403
22408
22414
22416
22422
22422
22431
22434
22439
22442
22444
22444
22444
22445
22447
22452
22452
22456
22459
22462
22469
22476
22484
22485
22487
22494
22497
22498
22499
22501
22502
22503
22504
22510
22513
22514
22518
22521
22525
22534
22542
22545
22549
22551
22553
22555
22557
22559
22564
22567
22568
22572
22575
22575
22577
22580
22581
22583
22587
22587
22589
22591
22591
22591
22594
22594
22597
22597
22598
22599
22603
22605
22606
22608
22610
22613
22618
22621
22622
22631
22635
22636
22636
22642
22643
22644
22649
22651
22654
22659
22660
22661
22668
22676
22678
22679
22680
22685
22692
22699
22702
22708
22708
22710
22711
22711
22713
22714
22718
22722
22723
22724
22731
22732
22733
22736
22739
22741
22749
22756
22757
22761
22764
22771
22775
22777
22778
22779
22780
22780
22787
22796
22802
22806
22810
22824
22826
22828
22837
22839
22844
22850
22852
22863
22865
22872
22882
22884
22885
22892
22900
22904
22916
22916
22917
22917
22919
22927
22935
22938
22940
22945
22953
22957
22962
22968
22972
22974
22977
22980
22981
22983
22987
22994
22996
22997
22998
22999
23005
23005
23006
23007
23008
23010
23016
23023
23023
23029
23032
23036
23037
23045
23047
23049
23051
23053
23054
23057
23061
23070
23077
23088
23088
23092
23093
23095
23100
23113
23119
23119
23126
23126
23129
23129
23136
23147
23150
23155
23155
23158
23158
23161
23165
23169
23171
23172
23175
23178
23182
23188
23189
23191
23197
23198
23198
23205
23206
23207
23207
23209
23210
23211
23211
23219
23222
23224
23226
23242
23242
23266
23269
23270
23272
23278
23280
23281
23282
23283
23283
23285
23285
23286
23290
23295
23299
23302
23302
23306
23309
23311
23314
23317
23319
23326
23328
23347
23349
23357
23358
23365
23366
23371
23372
23373
23381
23382
23385
23391
23393
23393
23399
23400
23401
23403
23404
23405
23406
23406
23411
23411
23411
23413
23414
23424
23434
23439
23441
23445
23447
23447
23451
23456
23462
23464
23469
23472
23476
23484
23485
23490
23497
23498
23498
23498
23501
23506
23509
23510
23512
23518
23518
23521
23521
23531
23537
23546
23558
23560
23562
23563
23571
23572
23581
23592
23592
23594
23595
23596
23606
23606
23609
23610
23610
23624
23626
23627
23629
23633
23634
23638
23638
23639
23642
23649
23652
23654
23655
23657
23662
23664
23674
23674
23676
23679
23681
23688
23690
23693
23694
23699
23707
23708
23711
23712
23712
23712
23717
23722
23722
23724
23727
23728
23729
23740
23741
23743
23745
23748
23752
23753
23755
23756
23758
23761
23761
23766
23768
23768
23771
23771
23775
23778
23782
23790
23791
23793
23795
23801
23809
23813
23813
23813
23816
23817
23820
23823
23828
23830
23834
23838
23839
23840
23841
23842
23849
23855
23856
23863
23867
23869
23869
23872
23873
23881
23886
23896
23896
23901
23903
23905
23906
23911
23914
23914
23918
23919
23921
23928
23931
23932
23939
23944
23951
23951
23953
23955
23956
23961
23966
23966
23973
23974
23982
23985
23990
24000
24003
24004
24005
24008
24011
24012
24013
24016
24016
24017
24023
24023
24025
24029
24033
24033
24035
24036
24045
24050
24054
24060
24065
24067
24067
24072
24076
24077
24082
24084
24085
24086
24088
24092
24099
24100
24101
24106
24116
24118
24119
24122
24124
24145
24156
24159
24172
24172
24175
24196
24202
24202
24204
24207
24216
24219
24228
24238
24238
24246
24247
24247
24249
24251
24259
24266
24266
24271
24274
24281
24288
24289
24289
24294
24299
24303
24305
24308
24317
24319
24328
24329
24337
24344
24344
24344
24348
24354
24355
24365
24369
24370
24376
24378
24379
24379
24381
24386
24393
24400
24402
24411
24412
24413
24415
24417
24420
24420
24420
24420
24421
24422
24422
24423
24428
24428
24429
24441
24442
24456
24457
24471
24472
24476
24489
24490
24495
24496
24496
24497
24500
24504
24507
24509
24509
24520
24523
24527
24527
24532
24543
24544
24544
24544
24545
24548
24549
24554
24557
24558
24567
24568
24570
24571
24581
24581
24586
24590
24590
24591
24592
24592
24595
24597
24597
24602
24604
24612
24616
24619
24621
24622
24623
24624
24628
24633
24636
24637
24638
24644
24645
24658
24658
24664
24674
24677
24682
24687
24693
24695
24696
24697
24701
24703
24705
24706
24716
24720
24720
24724
24727
24728
24731
24731
24732
24733
24739
24745
24747
24751
24751
24757
24776
24777
24784
24784
24786
24791
24792
24796
24797
24798
24805
24807
24812
24815
24816
24819
24819
24822
24824
24825
24830
24830
24834
24834
24849
24850
24854
24859
24860
24865
24868
24872
24877
24879
24880
24886
24887
24888
24899
24899
24902
24904
24905
24908
24912
24914
24919
24921
24926
24927
24932
24934
24939
24940
24957
24960
24961
24963
24968
24969
24973
24977
24977
24988
24988
24989
24994
24998
25005
25007
25010
25012
25013
25015
25016
25023
25026
25028
25033
25034
25034
25034
25042
25056
25059
25062
25070
25071
25078
25083
25083
25084
25090
25090
25091
25092
25101
25102
25107
25108
25115
25117
25117
25118
25120
25122
25123
25131
25134
25139
25142
25144
25146
25151
25152
25158
25167
25168
25168
25175
25186
25195
25197
25199
25207
25210
25214
25214
25222
25237
25247
25251
25263
25264
25266
25268
25270
25271
25274
25278
25281
25282
25283
25283
25283
25284
25287
25292
25293
25298
25299
25301
25301
25301
25303
25305
25306
25318
25320
25333
25336
25339
25341
25343
25345
25345
25345
25349
25350
25351
25358
25361
25361
25361
25367
25368
25368
25368
25370
25371
25375
25377
25379
25379
25385
25386
25386
25389
25397
25404
25408
25410
25412
25412
25415
25415
25417
25418
25420
25433
25448
25453
25458
25468
25471
25472
25475
25490
25493
25503
25505
25509
25509
25514
25515
25516
25523
25524
25526
25532
25540
25546
25554
25557
25563
25563
25565
25567
25567
25571
25577
25581
25584
25589
25591
25592
25595
25597
25598
25600
25605
25613
25615
25624
25629
25636
25637
25641
25651
25656
25658
25665
25667
25669
25670
25673
25678
25685
25691
25692
25694
25698
25703
25707
25708
25711
25716
25716
25723
25725
25730
25732
25734
25736
25737
25742
25748
25753
25754
25756
25757
25759
25761
25768
25768
25769
25771
25773
25782
25788
25789
25807
25813
25818
25818
25819
25819
25820
25821
25821
25824
25833
25836
25837
25838
25842
25843
25843
25843
25847
25853
25854
25854
25855
25857
25857
25858
25861
25866
25868
25870
25871
25873
25875
25877
25879
25884
25886
25886
25886
25886
25889
25891
25899
25900
25907
25909
25911
25911
25914
25920
25924
25927
25928
25929
25938
25938
25939
25939
25942
25944
25949
25961
25966
25974
25974
25977
25979
25986
25988
25998
25998
26004
26009
26014
26016
26020
26028
26033
26035
26042
26043
26048
26049
26050
26057
26062
26067
26067
26069
26071
26074
26088
26090
26097
26099
26099
26101
26101
26102
26103
26103
26108
26118
26120
26121
26123
26125
26126
26133
26135
26137
26142
26145
26145
26146
26155
26162
26180
26181
26181
26183
26187
26188
26191
26196
26200
26201
26208
26213
26217
26222
26225
26226
26230
26240
26242
26245
26246
26248
26251
26251
26257
26264
26267
26269
26270
26275
26277
26285
26290
26300
26301
26302
26305
26308
26309
26311
26319
26321
26321
26325
26328
26330
26342
26345
26346
26350
26351
26351
26353
26353
26358
26359
26360
26363
26364
26364
26366
26374
26376
26379
26385
26393
26395
26397
26398
26401
26405
26405
26408
26413
26415
26424
26425
26426
26430
26438
26439
26454
26463
26482
26488
26489
26490
26491
26495
26496
26499
26502
26505
26515
26517
26517
26520
26520
26523
26524
26525
26528
26529
26535
26536
26537
26537
26539
26539
26543
26545
26545
26547
26555
26555
26557
26557
26561
26562
26562
26563
26579
26585
26587
26595
26595
26601
26616
26616
26617
26625
26629
26630
26633
26636
26638
26644
26648
26656
26660
26663
26664
26671
26672
26678
26680
26683
26684
26685
26686
26689
26691
26694
26697
26697
26698
26699
26699
26710
26715
26717
26718
26722
26722
26727
26727
26729
26729
26741
26747
26750
26754
26756
26757
26763
26764
26765
26766
26766
26766
26771
26772
26776
26778
26783
26786
26789
26793
26795
26797
26803
26820
26820
26821
26824
26825
26827
26832
26833
26834
26838
26842
26854
26869
26869
26869
26872
26872
26878
26878
26878
26881
26883
26887
26891
26891
26893
26898
26899
26899
26903
26905
26909
26914
26915
26915
26917
26926
26927
26928
26933
26937
26937
26943
26948
26950
26951
26952
26952
26952
26953
26954
26957
26959
26960
26965
26967
26970
26973
26976
26980
26984
26990
26996
26996
27000
27002
27006
27009
27017
27022
27024
27027
27030
27031
27033
27036
27036
27044
27046
27046
27047
27049
27054
27054
27056
27057
27065
27069
27070
27071
27075
27076
27077
27079
27085
27086
27086
27090
27092
27096
27096
27101
27103
27106
27108
27112
27115
27116
27134
27140
27145
27147
27149
27156
27159
27164
27165
27165
27165
27168
27172
27175
27179
27197
27201
27204
27209
27210
27219
27221
27222
27223
27225
27227
27229
27230
27232
27232
27232
27238
27241
27242
27242
27246
27247
27247
27263
27264
27265
27267
27277
27278
27278
27280
27280
27288
27294
27296
27301
27301
27303
27317
27320
27322
27323
27324
27330
27333
27333
27336
27338
27342
27342
27347
27351
27351
27352
27354
27355
27356
27360
27370
27373
27379
27380
27389
27399
27404
27406
27408
27414
27435
27435
27437
27438
27439
27441
27441
27444
27446
27449
27450
27450
27472
27472
27473
27474
27480
27480
27481
27482
27483
27485
27487
27489
27491
27493
27493
27496
27499
27506
27511
27514
27514
27515
27519
27523
27530
27532
27534
27544
27547
27548
27551
27553
27557
27559
27560
27562
27566
27566
27570
27571
27573
27577
27578
27581
27585
27586
27588
27592
27596
27596
27597
27598
27599
27600
27601
27603
27603
27613
27617
27620
27635
27636
27642
27644
27646
27655
27657
27663
27663
27665
27666
27670
27674
27676
27679
27685
27686
27687
27687
27688
27688
27690
27691
27693
27700
27705
27707
27708
27710
27711
27713
27716
27719
27723
27726
27729
27733
27739
27744
27750
27758
27758
27760
27763
27767
27769
27772
27779
27787
27787
27792
27794
27794
27797
27798
27799
27801
27807
27808
27810
27811
27817
27823
27824
27826
27840
27846
27849
27850
27851
27852
27855
27858
27862
27863
27864
27873
27875
27878
27881
27891
27892
27897
27901
27905
27913
27915
27920
27926
27926
27929
27929
27930
27931
27931
27934
27936
27942
27946
27948
27957
27961
27966
27974
27975
27976
27977
27978
27985
28001
28008
28010
28010
28014
28014
28017
28019
28024
28026
28029
28031
28037
28042
28044
28044
28045
28047
28049
28050
28056
28060
28063
28064
28066
28068
28074
28075
28077
28079
28108
28109
28109
28117
28117
28118
28119
28130
28131
28135
28143
28149
28156
28157
28157
28161
28162
28165
28165
28170
28170
28173
28174
28178
28181
28181
28184
28184
28189
28192
28197
28201
28204
28208
28209
28209
28210
28213
28220
28220
28221
28225
28227
28227
28227
28231
28245
28247
28250
28252
28255
28258
28261
28268
28276
28279
28281
28282
28285
28285
28287
28290
28293
28294
28299
28308
28311
28314
28315
28319
28321
28322
28326
28329
28333
28336
28343
28348
28349
28349
28365
28366
28370
28373
28375
28378
28385
28386
28387
28389
28390
28396
28397
28403
28411
28411
28416
28418
28418
28418
28434
28442
28443
28446
28448
28451
28457
28464
28464
28467
28470
28482
28484
28485
28495
28500
28508
28521
28522
28524
28526
28537
28538
28541
28543
28544
28557
28567
28570
28575
28576
28576
28579
28582
28583
28583
28584
28585
28586
28586
28587
28588
28593
28601
28601
28603
28609
28615
28616
28619
28623
28631
28632
28635
28638
28638
28644
28646
28647
28649
28657
28658
28661
28661
28663
28671
28673
28687
28688
28689
28694
28703
28710
28710
28712
28713
28733
28734
28736
28746
28747
28756
28759
28761
28763
28766
28767
28769
28771
28773
28776
28781
28782
28782
28783
28786
28786
28788
28795
28799
28804
28804
28807
28814
28820
28822
28822
28822
28824
28826
28832
28834
28842
28851
28859
28867
28867
28875
28875
28877
28880
28885
28887
28890
28891
28892
28892
28894
28895
28900
28901
28908
28908
28912
28912
28913
28919
28919
28919
28927
28933
28937
28940
28941
28944
28948
28949
28955
28958
28959
28963
28963
28963
28967
28975
28976
28977
28979
28983
28987
28991
28999
29010
29013
29013
29018
29019
29023
29024
29028
29031
29033
29035
29038
29041
29053
29054
29054
29055
29058
29058
29060
29065
29077
29078
29081
29083
29083
29083
29087
29090
29091
29096
29097
29098
29099
29100
29101
29102
29106
29106
29106
29107
29110
29110
29116
29117
29123
29125
29128
29129
29135
29139
29140
29142
29157
29161
29169
29172
29175
29177
29183
29187
29191
29192
29192
29192
29197
29204
29205
29206
29207
29208
29209
29214
29215
29221
29223
29223
29223
29229
29231
29234
29234
29237
29245
29245
29248
29253
29254
29255
29256
29259
29269
29271
29271
29272
29273
29275
29277
29284
29285
29287
29305
29310
29319
29319
29322
29323
29330
29330
29335
29346
29348
29349
29355
29355
29356
29357
29360
29360
29362
29364
29366
29367
29367
29368
29372
29384
29388
29388
29389
29395
29397
29399
29400
29415
29415
29420
29422
29423
29432
29433
29434
29434
29434
29442
29446
29447
29456
29457
29462
29464
29468
29472
29472
29473
29474
29483
29487
29487
29488
29490
29490
29495
29496
29497
29498
29506
29507
29510
29512
29517
29522
29523
29528
29532
29538
29538
29545
29546
29546
29556
29563
29567
29567
29568
29572
29574
29577
29579
29582
29587
29587
29588
29593
29596
29602
29607
29608
29609
29609
29612
29613
29621
29622
29626
29626
29628
29633
29635
29640
29641
29646
29646
29654
29657
29658
29661
29664
29669
29671
29674
29675
29676
29680
29684
29687
29688
29691
29694
29704
29710
29714
29716
29717
29723
29726
29727
29730
29733
29734
29735
29736
29738
29742
29742
29745
29748
29755
29756
29764
29766
29769
29771
29774
29774
29775
29777
29781
29784
29789
29800
29801
29818
29818
29821
29824
29827
29828
29833
29836
29843
29857
29860
29862
29864
29869
29869
29885
29890
29895
29896
29898
29900
29905
29910
29911
29912
29917
29924
29928
29931
29933
29937
29937
29943
29945
29946
29953
29956
29961
29961
29963
29967
29974
29982
29983
29985
29995
29999
30000
30000
30009
30009
30012
30019
30024
30024
30024
30029
30032
30035
30036
30038
30039
30039
30042
30045
30047
30050
30054
30055
30055
30056
30060
30068
30069
30071
30073
30075
30076
30082
30084
30086
30087
30087
30090
30090
30093
30095
30100
30102
30109
30110
30114
30121
30132
30132
30137
30142
30143
30151
30154
30154
30156
30162
30164
30169
30177
30177
30181
30186
30191
30191
30200
30201
30202
30203
30204
30205
30208
30218
30221
30223
30223
30224
30225
30226
30231
30234
30238
30250
30251
30260
30263
30266
30266
30270
30274
30277
30278
30280
30284
30285
30285
30286
30305
30305
30307
30312
30313
30327
30330
30332
30336
30337
30337
30339
30340
30346
30353
30356
30357
30360
30362
30364
30367
30372
30376
30376
30378
30380
30381
30393
30407
30409
30422
30423
30424
30426
30427
30427
30432
30433
30436
30436
30447
30447
30454
30456
30461
30467
30468
30468
30469
30470
30472
30473
30478
30483
30485
30485
30485
30488
30494
30494
30498
30514
30516
30527
30532
30532
30533
30537
30542
30542
30542
30543
30544
30545
30547
30547
30548
30549
30550
30553
30554
30554
30556
30557
30558
30561
30562
30563
30563
30564
30567
30569
30574
30581
30585
30587
30588
30589
30595
30595
30599
30604
30607
30611
30614
30618
30619
30620
30624
30624
30629
30629
30635
30635
30645
30647
30648
30654
30657
30659
30663
30665
30666
30673
30674
30675
30678
30680
30682
30682
30693
30702
30703
30711
30714
30715
30719
30720
30721
30723
30727
30732
30738
30742
30750
30757
30760
30762
30763
30767
30769
30771
30776
30777
30780
30784
30789
30802
30811
30813
30813
30813
30818
30824
30829
30841
30844
30845
30846
30855
30856
30862
30866
30866
30867
30869
30876
30882
30895
30901
30902
30902
30906
30906
30909
30910
30911
30912
30913
30914
30917
30919
30921
30921
30921
30923
30925
30931
30934
30936
30936
30947
30949
30951
30953
30955
30957
30959
30963
30965
30968
30978
30983
30987
30989
30993
30996
31004
31007
31012
31013
31013
31014
31014
31021
31026
31028
31030
31033
31040
31041
31041
31042
31043
31049
31050
31054
31055
31060
31061
31063
31067
31068
31070
31074
31075
31084
31086
31088
31088
31090
31092
31096
31100
31100
31101
31105
31107
31107
31110
31118
31118
31123
31130
31134
31136
31136
31137
31143
31146
31150
31150
31151
31152
31152
31157
31157
31163
31165
31167
31168
31169
31169
31173
31176
31179
31183
31188
31189
31194
31195
31198
31201
31207
31214
31214
31215
31219
31219
31221
31224
31237
31237
31238
31245
31253
31254
31261
31262
31263
31264
31265
31267
31268
31270
31271
31273
31275
31278
31280
31282
31286
31290
31294
31304
31309
31310
31312
31314
31318
31320
31325
31337
31341
31341
31344
31355
31355
31363
31363
31366
31370
31375
31384
31388
31393
31397
31402
31405
31406
31407
31410
31413
31415
31417
31420
31431
31440
31440
31444
31445
31446
31446
31448
31449
31451
31463
31467
31472
31476
31481
31495
31497
31504
31507
31510
31510
31514
31517
31519
31519
31520
31524
31530
31542
31544
31554
31557
31558
31565
31566
31566
31568
31571
31586
31591
31595
31597
31604
31609
31616
31620
31621
31626
31627
31628
31634
31638
31638
31641
31642
31644
31644
31645
31647
31649
31650
31654
31655
31664
31677
31681
31681
31685
31687
31697
31701
31703
31704
31706
31710
31711
31716
31728
31728
31731
31732
31734
31737
31755
31755
31762
31763
31765
31766
31768
31769
31771
31772
31773
31773
31774
31775
31775
31779
31787
31790
31790
31796
31797
31801
31805
31806
31811
31812
31814
31815
31821
31828
31833
31833
31835
31840
31843
31843
31851
31856
31857
31860
31862
31862
31865
31878
31879
31882
31885
31888
31890
31890
31891
31895
31898
31902
31903
31911
31917
31917
31917
31917
31918
31920
31922
31924
31926
31933
31937
31943
31945
31946
31946
31948
31951
31953
31963
31965
31972
31973
31973
31975
31980
31988
31992
31998
31999
32008
32010
32010
32012
32015
32021
32021
32024
32026
32026
32029
32031
32032
32038
32042
32047
32048
32050
32052
32056
32062
32074
32077
32079
32085
32086
32095
32095
32096
32096
32104
32106
32107
32110
32114
32124
32124
32125
32129
32136
32139
32141
32142
32143
32154
32156
32156
32159
32165
32166
32168
32182
32185
32187
32189
32190
32193
32194
32194
32197
32197
32199
32201
32203
32203
32210
32216
32218
32218
32219
32220
32224
32228
32229
32232
32232
32239
32241
32242
32243
32245
32246
32255
32257
32257
32260
32260
32263
32270
32277
32278
32281
32283
32284
32287
32289
32291
32292
32293
32307
32311
32313
32313
32313
32324
32328
32329
32333
32336
32344
32346
32346
32350
32354
32355
32363
32366
32367
32369
32378
32381
32392
32394
32398
32399
32399
32403
32409
32412
32416
32418
32420
32421
32426
32429
32431
32436
32438
32439
32441
32443
32445
32453
32454
32457
32462
32462
32463
32463
32465
32473
32479
32481
32482
32489
32490
32491
32493
32494
32496
32502
32504
32512
32512
32514
32516
32522
32528
32534
32537
32539
32542
32545
32546
32547
32547
32548
32549
32556
32558
32559
32570
32575
32581
32583
32591
32592
32592
32599
32602
32602
32609
32609
32610
32614
32615
32619
32620
32620
32621
32621
32624
32633
32637
32644
32644
32645
32649
32663
32663
32664
32667
32668
32676
32677
32677
32682
32684
32685
32686
32686
32692
32698
32703
32706
32712
32716
32718
32719
32724
32727
32727
32729
32729
32729
32729
32732
32733
32741
32741
32742
32745
32746
32749
32751
32754
32760
