2
3
5
8
8
10
17
33
33
34
36
36
40
40
41
42
43
46
47
55
61
63
73
87
97
99
101
107
109
109
116
119
131
133
133
133
138
139
145
146
147
148
149
153
153
164
169
170
171
175
176
184
184
189
192
193
195
200
204
207
213
217
223
225
229
229
232
233
237
244
258
261
265
265
266
273
286
288
289
292
295
297
298
304
305
310
313
314
315
319
322
329
333
336
338
340
340
345
346
353
354
357
364
369
370
372
374
377
377
377
379
381
382
382
388
392
393
401
403
406
410
416
417
417
428
435
436
442
443
444
444
455
458
458
459
461
461
467
468
475
476
485
485
494
499
502
505
509
509
514
514
522
525
527
541
543
547
548
554
559
565
568
568
569
571
577
580
581
581
581
586
587
588
590
598
598
603
613
615
616
618
619
620
622
623
628
628
633
634
634
634
636
636
644
649
650
652
655
655
658
660
669
673
677
679
680
682
689
691
692
693
698
699
700
701
701
703
706
709
712
715
716
716
717
717
718
720
721
723
725
725
727
727
736
737
737
740
741
743
747
748
755
756
763
769
774
778
778
778
783
794
798
814
817
823
825
825
826
827
829
831
832
835
839
839
843
844
853
854
855
860
861
863
864
867
867
869
871
873
876
877
879
882
884
886
887
894
895
897
898
898
907
907
911
914
916
928
936
940
943
944
945
946
947
948
954
958
964
970
976
977
978
983
988
989
991
994
1000
1009
1010
1011
1013
1014
1015
1019
1019
1030
1032
1036
1040
1042
1042
1044
1044
1053
1055
1055
1057
1059
1065
1069
1069
1070
1072
1077
1077
1078
1079
1086
1087
1088
1088
1092
1094
1099
1107
1110
1110
1112
1115
1116
1117
1140
1146
1147
1151
1158
1159
1160
1161
1170
1172
1173
1174
1185
1186
1188
1190
1198
1201
1203
1206
1211
1213
1217
1218
1222
1228
1231
1232
1232
1244
1249
1250
1255
1260
1263
1267
1271
1272
1272
1274
1284
1287
1289
1293
1293
1297
1298
1300
1306
1311
1313
1316
1316
1324
1325
1328
1331
1332
1339
1342
1343
1344
1353
1360
1361
1363
1370
1374
1385
1386
1387
1391
1392
1392
1398
1398
1401
1401
1403
1406
1406
1412
1413
1414
1415
1415
1419
1425
1427
1431
1434
1435
1435
1436
1437
1443
1444
1453
1455
1465
1469
1470
1470
1472
1473
1479
1480
1483
1484
1492
1494
1500
1501
1506
1518
1520
1521
1524
1526
1527
1533
1535
1536
1537
1537
1543
1545
1553
1560
1561
1561
1567
1570
1570
1571
1577
1579
1579
1581
1582
1591
1593
1596
1603
1603
1612
1612
1619
1620
1621
1623
1626
1626
1631
1641
1643
1645
1648
1652
1655
1661
1663
1668
1672
1673
1674
1676
1680
1681
1687
1688
1689
1691
1699
1700
1701
1709
1712
1713
1713
1715
1718
1719
1724
1729
1729
1730
1735
1740
1741
1741
1745
1745
1750
1755
1757
1757
1757
1760
1760
1761
1762
1762
1764
1771
1771
1772
1778
1778
1781
1782
1782
1785
1787
1790
1791
1796
1797
1797
1799
1804
1806
1810
1818
1820
1824
1828
1829
1834
1836
1842
1842
1848
1848
1856
1866
1866
1867
1867
1869
1869
1872
1872
1876
1876
1877
1880
1882
1887
1893
1895
1896
1900
1906
1911
1911
1919
1920
1920
1921
1937
1937
1938
1938
1939
1942
1942
1949
1950
1952
1953
1954
1959
1959
1960
1965
1969
1971
1980
1995
2002
2003
2008
2017
2022
2033
2033
2038
2038
2044
2051
2056
2060
2063
2067
2076
2078
2085
2086
2086
2087
2090
2090
2103
2103
2105
2106
2106
2106
2111
2115
2117
2124
2130
2140
2142
2146
2146
2150
2159
2174
2174
2175
2175
2176
2177
2178
2181
2184
2186
2189
2191
2191
2191
2193
2194
2195
2195
2197
2198
2209
2211
2216
2220
2224
2238
2241
2250
2252
2255
2260
2264
2279
2289
2293
2293
2296
2297
2298
2299
2302
2302
2305
2305
2308
2313
2313
2313
2322
2326
2340
2342
2349
2352
2356
2359
2361
2363
2365
2366
2372
2374
2376
2376
2378
2383
2390
2394
2398
2399
2400
2411
2412
2413
2415
2415
2419
2419
2426
2428
2430
2433
2433
2434
2435
2435
2441
2441
2441
2445
2446
2447
2448
2450
2450
2458
2460
2460
2462
2462
2466
2472
2474
2475
2475
2479
2480
2488
2490
2491
2493
2497
2502
2503
2506
2512
2512
2513
2517
2522
2524
2525
2527
2528
2544
2544
2550
2550
2551
2552
2552
2553
2554
2554
2555
2557
2561
2562
2564
2565
2566
2574
2583
2585
2589
2589
2591
2592
2597
2609
2610
2611
2612
2613
2614
2620
2621
2654
2657
2661
2662
2666
2672
2675
2677
2677
2678
2683
2685
2685
2686
2690
2691
2693
2696
2697
2698
2702
2704
2711
2719
2722
2723
2725
2728
2733
2736
2736
2737
2743
2754
2755
2760
2762
2766
2769
2772
2776
2777
2777
2779
2783
2790
2806
2807
2808
2810
2811
2813
2815
2818
2820
2821
2830
2832
2845
2845
2847
2848
2853
2854
2857
2859
2863
2864
2865
2865
2870
2877
2884
2884
2884
2889
2894
2895
2896
2897
2899
2907
2913
2914
2919
2931
2934
2941
2943
2950
2951
2953
2955
2958
2960
2961
2968
2971
2975
2976
2977
2983
2984
2985
2993
2994
2995
3005
3006
3006
3013
3013
3014
3017
3018
3026
3030
3037
3037
3046
3056
3057
3057
3059
3061
3062
3062
3069
3076
3077
3079
3085
3086
3089
3091
3092
3092
3102
3112
3126
3127
3129
3133
3135
3136
3136
3142
3144
3145
3147
3149
3150
3151
3153
3154
3160
3160
3161
3169
3174
3177
3178
3179
3180
3185
3185
3189
3189
3200
3210
3212
3213
3218
3224
3227
3227
3228
3231
3231
3232
3232
3235
3238
3240
3241
3242
3246
3246
3251
3251
3253
3254
3255
3260
3266
3271
3273
3278
3287
3290
3295
3300
3303
3305
3307
3309
3316
3318
3320
3325
3325
3330
3337
3347
3353
3355
3357
3360
3362
3368
3371
3378
3379
3388
3388
3389
3389
3393
3393
3396
3413
3413
3417
3433
3440
3440
3451
3452
3457
3457
3465
3468
3468
3471
3471
3480
3483
3485
3485
3488
3497
3498
3499
3499
3503
3503
3505
3506
3507
3508
3508
3509
3509
3511
3511
3511
3512
3515
3516
3518
3530
3531
3532
3532
3533
3536
3537
3537
3537
3539
3540
3541
3550
3552
3554
3555
3558
3558
3559
3560
3561
3562
3567
3567
3573
3588
3591
3596
3597
3597
3603
3611
3611
3612
3617
3623
3626
3627
3627
3627
3630
3633
3638
3642
3645
3647
3657
3664
3671
3674
3681
3681
3686
3686
3692
3693
3694
3696
3698
3698
3701
3704
3705
3705
3707
3710
3729
3729
3731
3734
3737
3737
3739
3740
3740
3743
3743
3743
3745
3748
3749
3751
3754
3755
3762
3763
3763
3765
3772
3773
3777
3779
3783
3785
3788
3789
3790
3791
3791
3792
3800
3805
3805
3807
3809
3830
3832
3833
3834
3837
3839
3845
3846
3847
3853
3854
3865
3868
3870
3875
3879
3880
3883
3883
3887
3890
3892
3892
3897
3897
3899
3902
3904
3907
3909
3915
3920
3921
3925
3927
3928
3929
3945
3956
3964
3973
3975
3977
3983
3984
3985
3988
3994
3994
3998
3999
4002
4006
4007
4022
4028
4028
4028
4033
4035
4037
4039
4043
4051
4053
4057
4057
4058
4066
4067
4069
4075
4077
4078
4081
4095
4099
4102
4103
4104
4109
4112
4118
4119
4121
4125
4126
4127
4129
4130
4133
4136
4139
4141
4145
4153
4162
4167
4168
4173
4174
4176
4176
4185
4190
4200
4204
4207
4207
4209
4212
4214
4215
4219
4223
4223
4226
4233
4234
4241
4243
4253
4255
4263
4270
4275
4278
4280
4280
4281
4284
4287
4287
4292
4302
4303
4304
4304
4321
4322
4323
4325
4326
4329
4332
4333
4340
4344
4346
4353
4355
4357
4360
4361
4361
4363
4363
4371
4387
4388
4390
4400
4410
4414
4420
4425
4425
4426
4427
4435
4441
4445
4450
4464
4474
4477
4482
4485
4486
4488
4492
4503
4507
4514
4520
4520
4530
4535
4537
4540
4541
4551
4556
4561
4562
4565
4569
4570
4575
4575
4576
4580
4582
4585
4586
4593
4600
4600
4602
4606
4611
4613
4615
4619
4622
4622
4623
4636
4637
4638
4638
4639
4640
4645
4647
4648
4651
4652
4660
4660
4662
4666
4666
4668
4670
4670
4675
4688
4691
4692
4698
4699
4700
4702
4705
4706
4708
4712
4714
4718
4718
4720
4729
4732
4733
4734
4739
4740
4748
4753
4753
4761
4763
4766
4771
4781
4783
4784
4787
4789
4793
4796
4799
4801
4806
4807
4810
4811
4812
4813
4813
4814
4827
4828
4831
4833
4838
4847
4849
4858
4862
4866
4866
4879
4880
4882
4888
4889
4891
4892
4894
4897
4898
4898
4901
4903
4904
4905
4922
4925
4927
4928
4929
4940
4953
4954
4959
4960
4962
4963
4967
4973
4973
4979
4982
4991
4997
4998
5002
5003
5003
5005
5009
5011
5012
5014
5018
5023
5025
5027
5040
5042
5044
5048
5048
5048
5048
5053
5056
5058
5061
5067
5072
5079
5079
5081
5081
5081
5087
5099
5108
5116
5121
5125
5127
5127
5128
5135
5136
5139
5146
5165
5165
5166
5172
5174
5174
5179
5182
5184
5188
5195
5196
5197
5201
5202
5203
5207
5211
5215
5227
5229
5229
5231
5238
5239
5242
5242
5243
5248
5250
5253
5258
5258
5258
5258
5261
5262
5267
5273
5274
5275
5280
5284
5284
5286
5289
5289
5296
5299
5300
5301
5302
5303
5304
5310
5311
5316
5316
5317
5321
5322
5335
5340
5345
5345
5353
5354
5356
5360
5363
5364
5369
5373
5387
5391
5394
5404
5414
5416
5419
5423
5428
5430
5433
5434
5436
5438
5439
5445
5446
5449
5455
5458
5460
5473
5473
5476
5480
5481
5484
5484
5485
5489
5494
5495
5495
5496
5502
5504
5507
5507
5510
5510
5511
5512
5518
5518
5519
5522
5527
5532
5533
5539
5541
5544
5548
5551
5558
5563
5566
5568
5575
5575
5577
5578
5579
5581
5582
5582
5583
5590
5592
5592
5592
5595
5599
5601
5602
5605
5606
5614
5619
5620
5624
5630
5637
5639
5641
5645
5653
5654
5654
5662
5664
5666
5667
5673
5673
5679
5682
5691
5691
5693
5695
5696
5710
5710
5714
5715
5718
5718
5721
5723
5731
5734
5739
5742
5744
5746
5756
5756
5762
5770
5774
5783
5785
5786
5788
5788
5795
5800
5805
5814
5820
5821
5829
5830
5830
5833
5840
5842
5843
5850
5853
5854
5860
5869
5870
5886
5894
5903
5905
5907
5913
5919
5923
5924
5925
5925
5925
5932
5933
5935
5937
5940
5952
5952
5965
5970
5970
5974
5975
5975
5980
5980
5986
5988
5993
5995
5996
5997
5998
5998
5998
5999
6001
6001
6012
6015
6018
6019
6031
6035
6036
6036
6037
6041
6045
6049
6051
6052
6053
6064
6064
6070
6074
6075
6079
6080
6085
6089
6096
6096
6099
6099
6107
6109
6114
6115
6117
6118
6119
6120
6120
6121
6124
6124
6128
6129
6130
6136
6140
6152
6159
6178
6183
6184
6184
6185
6192
6195
6195
6196
6200
6205
6205
6206
6218
6218
6219
6221
6230
6232
6248
6252
6254
6256
6258
6258
6259
6261
6265
6266
6268
6269
6269
6275
6285
6286
6289
6292
6296
6301
6302
6304
6307
6309
6311
6312
6312
6314
6326
6328
6333
6333
6342
6347
6351
6352
6352
6353
6355
6358
6364
6365
6366
6369
6380
6381
6382
6389
6390
6395
6405
6406
6408
6417
6422
6423
6426
6427
6429
6432
6434
6434
6434
6440
6440
6442
6444
6444
6444
6448
6448
6451
6454
6459
6459
6462
6463
6467
6467
6473
6475
6478
6480
6483
6493
6493
6498
6499
6507
6513
6515
6515
6528
6532
6533
6534
6539
6548
6552
6553
6557
6558
6561
6565
6573
6574
6574
6591
6592
6593
6593
6595
6596
6598
6601
6606
6606
6610
6611
6624
6625
6626
6630
6632
6642
6644
6646
6651
6658
6658
6664
6666
6670
6670
6671
6673
6675
6676
6682
6684
6693
6693
6695
6698
6706
6708
6710
6711
6712
6718
6720
6720
6721
6726
6727
6728
6731
6731
6734
6738
6739
6746
6747
6755
6759
6759
6763
6765
6767
6768
6769
6770
6772
6775
6779
6779
6788
6793
6797
6798
6798
6800
6801
6807
6807
6811
6815
6818
6818
6818
6826
6829
6833
6836
6839
6840
6840
6850
6859
6859
6865
6872
6875
6877
6878
6880
6885
6893
6893
6897
6904
6906
6906
6913
6918
6919
6920
6921
6926
6931
6933
6939
6941
6944
6946
6950
6950
6953
6968
6974
6975
6977
6981
6982
6982
6985
6993
6996
7002
7003
7003
7012
7013
7021
7024
7025
7029
7030
7030
7034
7034
7038
7039
7041
7042
7047
7052
7052
7053
7053
7064
7074
7088
7090
7090
7092
7096
7097
7098
7100
7102
7104
7106
7108
7110
7115
7116
7116
7124
7127
7129
7130
7133
7134
7137
7143
7143
7143
7144
7146
7148
7154
7156
7156
7158
7160
7161
7164
7165
7168
7174
7176
7176
7177
7178
7184
7184
7187
7187
7189
7193
7194
7195
7198
7199
7200
7209
7211
7211
7213
7215
7215
7217
7217
7219
7221
7223
7225
7225
7225
7226
7227
7233
7239
7242
7245
7250
7251
7258
7268
7272
7277
7278
7281
7286
7289
7293
7294
7294
7298
7303
7306
7310
7311
7311
7314
7316
7321
7323
7333
7334
7335
7341
7347
7348
7355
7356
7362
7362
7363
7368
7371
7378
7385
7389
7394
7403
7417
7418
7418
7422
7431
7434
7440
7447
7449
7450
7452
7454
7456
7456
7460
7460
7464
7467
7468
7468
7472
7473
7474
7480
7485
7486
7488
7489
7490
7493
7500
7504
7505
7505
7510
7511
7518
7525
7526
7540
7544
7545
7547
7548
7549
7550
7551
7553
7554
7554
7556
7561
7568
7568
7569
7571
7573
7577
7586
7586
7588
7589
7590
7594
7597
7599
7601
7602
7603
7603
7603
7606
7607
7607
7612
7616
7619
7621
7623
7627
7627
7628
7630
7637
7638
7639
7644
7644
7649
7655
7664
7668
7672
7675
7682
7683
7685
7686
7691
7692
7693
7702
7710
7711
7712
7714
7717
7718
7724
7726
7727
7737
7737
7741
7742
7742
7746
7757
7759
7762
7769
7774
7780
7782
7782
7786
7787
7790
7790
7790
7791
7793
7796
7797
7800
7809
7810
7818
7821
7821
7822
7828
7829
7832
7835
7841
7848
7855
7855
7863
7864
7870
7871
7876
7876
7881
7882
7883
7885
7886
7888
7889
7892
7893
7893
7914
7919
7920
7929
7937
7937
7938
7944
7944
7946
7948
7951
7951
7952
7954
7957
7975
7981
7984
7991
7992
7993
7995
7997
7999
8008
8013
8015
8017
8019
8020
8020
8023
8024
8024
8025
8034
8039
8040
8042
8042
8047
8050
8051
8053
8056
8058
8059
8059
8060
8066
8073
8077
8081
8087
8090
8092
8094
8111
8114
8117
8122
8122
8129
8132
8133
8135
8143
8143
8146
8146
8151
8156
8159
8163
8164
8170
8171
8172
8174
8176
8183
8183
8184
8185
8186
8192
8196
8208
8209
8210
8212
8212
8212
8213
8213
8216
8216
8216
8220
8222
8222
8227
8228
8234
8241
8241
8242
8252
8263
8266
8268
8269
8278
8284
8284
8293
8293
8294
8296
8299
8308
8308
8310
8320
8321
8323
8323
8330
8340
8357
8357
8364
8373
8384
8385
8388
8393
8399
8399
8404
8404
8404
8417
8419
8419
8421
8424
8426
8435
8442
8445
8451
8458
8460
8460
8463
8483
8486
8486
8491
8493
8495
8496
8496
8499
8505
8506
8507
8508
8508
8509
8511
8518
8523
8527
8532
8533
8536
8538
8547
8548
8551
8556
8567
8578
8582
8585
8593
8600
8601
8613
8625
8629
8633
8634
8640
8643
8644
8645
8647
8657
8660
8665
8666
8667
8668
8675
8677
8680
8682
8692
8693
8694
8696
8697
8697
8706
8706
8715
8715
8725
8727
8728
8733
8734
8736
8742
8743
8744
8751
8753
8758
8758
8760
8761
8762
8767
8768
8780
8781
8782
8785
8788
8789
8794
8797
8800
8803
8806
8806
8807
8808
8809
8812
8822
8823
8823
8824
8826
8833
8836
8837
8841
8842
8850
8852
8857
8861
8861
8862
8868
8869
8875
8877
8882
8883
8884
8888
8892
8892
8896
8897
8897
8901
8902
8903
8907
8908
8913
8915
8915
8920
8920
8924
8925
8927
8929
8930
8935
8937
8938
8939
8942
8945
8946
8947
8948
8952
8955
8958
8958
8961
8961
8965
8965
8974
8975
8977
8979
8983
8987
8988
8991
8992
8992
8998
9005
9011
9011
9011
9014
9018
9019
9019
9023
9024
9024
9028
9032
9036
9037
9038
9040
9041
9043
9045
9066
9073
9074
9080
9083
9083
9092
9095
9096
9097
9110
9114
9121
9124
9132
9135
9135
9135
9143
9144
9144
9145
9145
9147
9149
9151
9153
9156
9159
9161
9163
9166
9166
9168
9173
9176
9180
9183
9184
9185
9195
9203
9204
9204
9205
9208
9210
9210
9210
9214
9214
9216
9232
9243
9245
9253
9255
9256
9259
9260
9263
9265
9268
9268
9275
9276
9286
9286
9288
9294
9294
9294
9299
9302
9305
9306
9309
9310
9312
9313
9319
9324
9327
9332
9332
9334
9339
9351
9353
9355
9356
9361
9362
9363
9366
9368
9373
9374
9376
9378
9379
9379
9380
9386
9387
9398
9398
9407
9408
9416
9417
9418
9422
9423
9428
9431
9434
9436
9437
9437
9438
9439
9441
9441
9443
9444
9445
9452
9456
9461
9461
9462
9470
9473
9477
9488
9492
9492
9494
9498
9507
9509
9510
9513
9515
9515
9516
9520
9521
9523
9525
9525
9528
9531
9532
9546
9549
9558
9560
9570
9572
9574
9575
9579
9582
9584
9585
9585
9587
9592
9592
9597
9600
9601
9605
9609
9612
9623
9624
9626
9628
9628
9630
9630
9633
9637
9648
9649
9652
9656
9657
9657
9661
9668
9669
9679
9682
9686
9687
9689
9695
9696
9700
9707
9708
9713
9714
9718
9726
9732
9734
9737
9738
9739
9740
9741
9748
9757
9758
9768
9769
9772
9773
9777
9783
9784
9785
9789
9792
9796
9797
9798
9807
9817
9818
9819
9823
9824
9830
9831
9834
9841
9843
9843
9849
9852
9854
9856
9864
9865
9869
9870
9870
9871
9873
9875
9875
9882
9885
9885
9888
9889
9891
9892
9894
9894
9900
9907
9909
9910
9917
9922
9925
9928
9931
9931
9932
9933
9938
9938
9940
9941
9947
9950
9953
9954
9955
9958
9959
9967
9968
9979
9982
9983
9983
9988
9991
9995
10005
10014
10021
10026
10032
10032
10033
10034
10036
10037
10038
10043
10055
10057
10060
10061
10065
10065
10070
10075
10075
10082
10085
10086
10094
10105
10106
10107
10108
10109
10110
10111
10120
10131
10140
10140
10146
10147
10149
10150
10157
10160
10162
10164
10166
10167
10171
10172
10177
10179
10181
10182
10182
10183
10185
10187
10188
10197
10201
10202
10205
10206
10207
10223
10229
10229
10231
10233
10233
10234
10236
10240
10241
10244
10245
10247
10248
10250
10251
10252
10260
10263
10268
10268
10271
10271
10272
10282
10288
10289
10291
10293
10293
10298
10299
10302
10303
10307
10318
10319
10330
10330
10338
10344
10344
10345
10346
10362
10363
10369
10369
10372
10374
10377
10387
10388
10389
10391
10393
10396
10396
10401
10402
10407
10409
10411
10421
10421
10421
10423
10425
10426
10428
10428
10432
10435
10439
10440
10442
10442
10452
10454
10455
10455
10456
10456
10457
10459
10462
10463
10465
10466
10470
10475
10476
10478
10478
10488
10489
10495
10502
10503
10506
10508
10508
10509
10515
10518
10524
10524
10530
10531
10539
10542
10542
10543
10548
10549
10551
10554
10558
10562
10562
10566
10569
10575
10577
10582
10595
10601
10604
10610
10611
10613
10620
10620
10623
10626
10627
10634
10636
10639
10640
10644
10653
10661
10663
10664
10678
10679
10681
10685
10686
10687
10694
10697
10699
10700
10700
10712
10720
10723
10734
10737
10742
10748
10757
10761
10761
10766
10770
10774
10774
10775
10779
10779
10787
10789
10790
10809
10812
10815
10820
10825
10828
10829
10831
10833
10838
10839
10842
10844
10846
10848
10853
10858
10860
10862
10869
10872
10878
10881
10886
10890
10897
10897
10897
10903
10904
10905
10911
10911
10912
10913
10934
10952
10952
10953
10954
10961
10961
10969
10971
10972
10976
10977
10977
10979
10984
10984
10992
10992
10993
10993
10994
11000
11000
11001
11003
11007
11010
11018
11020
11025
11026
11027
11030
11035
11037
11037
11041
11041
11047
11049
11051
11051
11057
11062
11063
11068
11069
11069
11072
11072
11075
11083
11087
11088
11091
11092
11094
11100
11100
11101
11105
11106
11108
11110
11115
11120
11122
11127
11129
11130
11130
11134
11134
11135
11137
11142
11144
11145
11149
11154
11155
11158
11159
11159
11164
11166
11167
11167
11168
11172
11172
11179
11182
11183
11187
11193
11197
11206
11214
11214
11220
11221
11225
11231
11231
11236
11237
11245
11247
11258
11263
11268
11268
11276
11277
11279
11283
11283
11289
11293
11297
11302
11306
11309
11312
11313
11317
11319
11322
11325
11328
11328
11330
11340
11343
11345
11345
11345
11346
11349
11351
11352
11353
11359
11360
11363
11364
11364
11366
11369
11374
11379
11382
11382
11383
11388
11392
11396
11399
11405
11405
11408
11414
11418
11420
11420
11421
11433
11436
11448
11449
11451
11453
11462
11462
11463
11463
11465
11466
11467
11479
11481
11486
11487
11487
11489
11492
11496
11503
11509
11510
11514
11517
11523
11524
11528
11534
11538
11541
11542
11545
11552
11553
11559
11561
11561
11561
11564
11565
11566
11570
11581
11584
11589
11592
11600
11604
11606
11616
11625
11629
11633
11636
11636
11637
11642
11642
11643
11644
11647
11650
11657
11661
11662
11664
11665
11671
11672
11678
11680
11681
11687
11689
11695
11695
11697
11700
11704
11707
11708
11715
11720
11722
11724
11724
11725
11731
11732
11734
11737
11741
11745
11753
11755
11755
11760
11764
11767
11768
11768
11768
11768
11779
11782
11794
11797
11801
11801
11805
11805
11807
11807
11813
11814
11815
11818
11818
11819
11820
11820
11827
11832
11833
11835
11837
11837
11854
11857
11858
11860
11865
11865
11865
11866
11866
11866
11870
11870
11873
11878
11879
11882
11888
11897
11898
11904
11907
11907
11915
11923
11924
11928
11930
11931
11932
11936
11936
11937
11937
11937
11942
11943
11946
11947
11949
11954
11956
11960
11965
11973
11974
11975
11976
11976
11978
11987
11990
11993
11994
11995
12003
12003
12010
12013
12013
12014
12015
12017
12020
12022
12026
12026
12027
12029
12030
12030
12034
12040
12048
12052
12054
12058
12062
12065
12067
12068
12074
12076
12085
12085
12092
12095
12098
12099
12100
12100
12101
12104
12107
12109
12113
12120
12122
12136
12137
12139
12141
12141
12142
12144
12148
12151
12153
12155
12158
12159
12160
12161
12165
12165
12168
12168
12172
12173
12173
12174
12180
12180
12190
12190
12196
12204
12207
12210
12222
12240
12241
12246
12247
12250
12251
12252
12257
12259
12260
12261
12265
12273
12274
12280
12292
12294
12295
12296
12299
12302
12302
12306
12307
12310
12331
12331
12332
12332
12338
12341
12343
12346
12348
12350
12350
12356
12360
12363
12366
12367
12367
12370
12373
12375
12377
12380
12386
12389
12389
12390
12390
12399
12402
12403
12408
12410
12416
12416
12419
12426
12427
12436
12437
12439
12440
12440
12445
12449
12456
12457
12457
12459
12473
12474
12479
12504
12509
12514
12520
12524
12526
12530
12530
12538
12540
12541
12544
12545
12548
12549
12550
12551
12551
12553
12561
12564
12572
12572
12579
12590
12593
12595
12600
12602
12604
12605
12614
12614
12619
12624
12627
12633
12642
12663
12664
12666
12667
12668
12673
12677
12678
12681
12682
12686
12692
12696
12696
12697
12698
12699
12701
12708
12709
12710
12710
12714
12715
12716
12720
12722
12722
12722
12723
12727
12727
12729
12734
12735
12743
12744
12757
12761
12764
12766
12766
12777
12781
12785
12789
12792
12794
12797
12797
12797
12803
12808
12810
12816
12817
12825
12826
12840
12845
12849
12850
12853
12855
12855
12856
12857
12859
12859
12861
12864
12867
12868
12871
12873
12874
12882
12882
12882
12883
12884
12888
12893
12899
12902
12904
12905
12906
12911
12914
12919
12920
12921
12925
12928
12929
12935
12935
12944
12947
12948
12949
12950
12955
12960
12961
12964
12966
12967
12969
12970
12970
12987
12990
12991
12992
12997
12998
13000
13000
13003
13003
13006
13011
13015
13017
13018
13019
13019
13026
13038
13045
13045
13047
13053
13058
13064
13068
13079
13080
13080
13084
13086
13087
13089
13090
13095
13097
13104
13105
13107
13108
13108
13109
13110
13113
13113
13116
13121
13127
13131
13135
13138
13141
13141
13142
13143
13146
13153
13154
13160
13164
13166
13171
13171
13173
13180
13188
13189
13191
13197
13201
13203
13211
13212
13217
13217
13219
13220
13221
13227
13235
13238
13238
13240
13244
13247
13251
13251
13252
13252
13259
13261
13265
13265
13268
13268
13271
13271
13273
13274
13276
13276
13276
13278
13281
13282
13288
13288
13289
13289
13291
13293
13296
13303
13310
13310
13317
13318
13318
13323
13332
13332
13335
13336
13339
13346
13347
13349
13352
13352
13352
13354
13354
13356
13358
13373
13388
13391
13397
13401
13402
13403
13408
13424
13425
13425
13435
13439
13441
13454
13454
13455
13456
13460
13472
13479
13483
13485
13488
13491
13493
13493
13501
13502
13505
13513
13517
13520
13523
13524
13524
13525
13526
13528
13528
13538
13543
13546
13553
13554
13555
13556
13557
13559
13560
13564
13564
13566
13566
13567
13567
13573
13576
13578
13580
13580
13581
13584
13588
13598
13604
13623
13629
13629
13633
13637
13638
13648
13649
13649
13652
13654
13655
13660
13662
13669
13672
13674
13678
13682
13684
13686
13689
13690
13698
13700
13702
13706
13707
13709
13710
13711
13713
13716
13723
13729
13730
13731
13737
13742
13747
13747
13747
13750
13753
13756
13763
13764
13766
13778
13781
13788
13790
13794
13799
13800
13802
13806
13807
13811
13811
13811
13813
13817
13817
13818
13822
13826
13827
13829
13839
13842
13847
13848
13850
13859
13861
13861
13862
13862
13862
13863
13864
13865
13865
13867
13883
13886
13886
13890
13891
13893
13894
13895
13899
13901
13911
13916
13917
13918
13925
13926
13928
13930
13945
13957
13958
13964
13967
13974
13977
13984
13991
13992
13992
13998
14001
14002
14013
14013
14015
14026
14033
14035
14035
14040
14048
14050
14063
14073
14084
14084
14087
14092
14092
14097
14098
14100
14105
14108
14117
14128
14128
14140
14143
14145
14146
14166
14167
14168
14171
14172
14181
14192
14193
14194
14202
14205
14207
14207
14209
14210
14213
14214
14214
14228
14229
14232
14236
14239
14242
14244
14254
14258
14259
14260
14261
14264
14264
14269
14282
14284
14288
14289
14290
14294
14297
14299
14309
14310
14314
14318
14318
14322
14323
14323
14332
14335
14335
14337
14354
14355
14358
14359
14360
14364
14368
14370
14375
14378
14379
14380
14384
14385
14388
14394
14399
14399
14406
14407
14421
14422
14424
14424
14430
14431
14441
14451
14456
14459
14461
14464
14466
14469
14469
14471
14471
14483
14488
14491
14491
14493
14499
14499
14501
14503
14506
14508
14510
14511
14516
14524
14528
14529
14535
14537
14538
14540
14543
14545
14551
14558
14561
14569
14572
14573
14573
14574
14574
14576
14576
14578
14578
14588
14588
14588
14590
14591
14592
14593
14599
14603
14612
14618
14622
14622
14625
14626
14626
14627
14629
14632
14632
14633
14636
14644
14650
14651
14652
14658
14666
14667
14668
14676
14690
14694
14696
14702
14705
14708
14720
14725
14726
14730
14739
14743
14744
14746
14754
14757
14759
14760
14760
14763
14767
14770
14771
14774
14774
14783
14784
14786
14787
14789
14791
14798
14800
14802
14808
14811
14813
14814
14820
14822
14825
14827
14830
14839
14840
14844
14845
14863
14865
14867
14869
14872
14872
14874
14875
14881
14887
14893
14893
14898
14899
14903
14903
14904
14906
14909
14911
14912
14916
14916
14916
14917
14918
14919
14920
14923
14930
14933
14934
14950
14953
14955
14955
14961
14968
14968
14969
14969
14971
14973
14980
14980
14982
14985
14986
14987
14992
14994
14996
14998
15000
15005
15008
15011
15018
15018
15024
15025
15026
15028
15028
15038
15038
15038
15041
15041
15045
15045
15046
15058
15058
15060
15061
15065
15066
15069
15070
15070
15072
15074
15074
15076
15078
15096
15098
15101
15101
15101
15104
15105
15105
15117
15117
15119
15120
15135
15136
15145
15145
15151
15154
15155
15158
15159
15160
15160
15168
15178
15178
15178
15186
15191
15194
15197
15202
15207
15212
15216
15232
15236
15236
15239
15251
15251
15251
15256
15261
15262
15262
15266
15267
15270
15272
15278
15279
15293
15295
15297
15298
15302
15310
15310
15314
15315
15318
15324
15328
15334
15340
15341
15342
15343
15344
15349
15350
15352
15354
15355
15358
15381
15381
15381
15381
15382
15382
15384
15385
15387
15391
15392
15393
15393
15400
15401
15405
15405
15411
15412
15412
15413
15415
15416
15417
15418
15419
15420
15421
15423
15429
15430
15430
15441
15441
15441
15441
15444
15448
15449
15450
15452
15456
15464
15466
15466
15468
15468
15471
15474
15474
15475
15475
15488
15492
15493
15497
15505
15507
15509
15515
15516
15519
15520
15525
15526
15529
15530
15532
15533
15536
15538
15538
15544
15548
15552
15557
15561
15563
15566
15572
15572
15583
15584
15587
15589
15599
15601
15605
15610
15614
15614
15617
15623
15629
15633
15649
15659
15668
15668
15669
15670
15670
15670
15671
15675
15675
15678
15684
15688
15692
15695
15703
15713
15722
15723
15723
15724
15726
15727
15730
15732
15742
15742
15746
15750
15751
15754
15755
15755
15756
15757
15770
15770
15771
15778
15779
15784
15785
15789
15794
15796
15801
15804
15807
15809
15817
15817
15826
15826
15834
15847
15858
15858
15858
15858
15861
15862
15864
15866
15869
15870
15876
15889
15893
15902
15905
15907
15911
15915
15934
15934
15945
15950
15963
15969
15971
15976
15978
15980
15981
15982
15985
15985
15987
15987
15989
15991
16004
16005
16006
16006
16012
16013
16024
16025
16027
16029
16029
16031
16031
16034
16034
16036
16039
16040
16041
16041
16043
16055
16056
16059
16065
16066
16067
16067
16072
16072
16074
16076
16079
16080
16086
16092
16094
16095
16097
16105
16106
16106
16119
16120
16125
16131
16131
16132
16133
16133
16134
16134
16135
16145
16145
16158
16162
16165
16168
16168
16173
16174
16179
16189
16191
16191
16197
16198
16199
16201
16211
16211
16217
16229
16243
16247
16251
16255
16256
16261
16261
16263
16264
16265
16273
16279
16284
16289
16290
16291
16301
16307
16307
16308
16309
16309
16312
16319
16324
16324
16326
16333
16346
16346
16355
16357
16358
16359
16361
16365
16370
16373
16378
16378
16387
16390
16390
16391
16391
16398
16403
16407
16410
16421
16422
16423
16428
16434
16440
16442
16444
16445
16445
16445
16446
16447
16449
16451
16456
16461
16463
16466
16468
16469
16474
16474
16475
16485
16490
16491
16496
16499
16501
16502
16502
16503
16505
16507
16509
16512
16521
16525
16526
16527
16527
16527
16527
16535
16535
16537
16541
16556
16558
16561
16565
16567
16578
16583
16585
16586
16588
16590
16591
16591
16591
16595
16596
16600
16603
16609
16609
16617
16618
16620
16622
16625
16626
16630
16632
16634
16634
16657
16657
16659
16660
16661
16665
16666
16668
16670
16676
16677
16680
16683
16689
16691
16704
16705
16707
16710
16714
16731
16736
16738
16739
16744
16745
16748
16750
16753
16753
16753
16759
16760
16766
16779
16785
16788
16789
16791
16792
16794
16795
16796
16797
16812
16814
16819
16819
16823
16830
16837
16838
16841
16843
16846
16848
16849
16854
16859
16861
16863
16865
16872
16875
16877
16879
16879
16884
16886
16889
16895
16899
16901
16909
16912
16917
16918
16930
16932
16932
16938
16943
16947
16949
16949
16951
16955
16956
16957
16958
16966
16966
16976
16982
16984
16984
16986
16991
16994
16995
16995
17006
17006
17009
17011
17015
17016
17019
17020
17024
17026
17026
17033
17037
17039
17040
17048
17048
17053
17054
17059
17065
17067
17068
17069
17070
17071
17072
17078
17080
17082
17085
17088
17092
17098
17099
17100
17100
17104
17106
17107
17107
17107
17110
17113
17116
17121
17129
17132
17137
17140
17140
17141
17142
17146
17148
17151
17151
17156
17164
17166
17171
17178
17183
17188
17193
17197
17199
17200
17200
17203
17205
17205
17208
17215
17215
17222
17226
17230
17236
17244
17248
17258
17259
17261
17263
17280
17286
17298
17298
17299
17303
17307
17307
17322
17330
17331
17334
17337
17338
17338
17342
17343
17344
17356
17358
17366
17371
17372
17373
17375
17379
17380
17386
17389
17401
17406
17406
17423
17433
17433
17437
17439
17447
17447
17447
17449
17460
17461
17463
17467
17469
17472
17472
17474
17478
17480
17480
17482
17487
17490
17498
17500
17500
17504
17505
17510
17516
17518
17520
17523
17525
17527
17527
17528
17534
17536
17537
17541
17545
17548
17549
17549
17552
17552
17554
17559
17562
17572
17577
17583
17583
17592
17596
17601
17603
17604
17612
17613
17614
17625
17630
17631
17639
17645
17650
17651
17661
17662
17665
17666
17670
17672
17677
17677
17690
17702
17710
17710
17714
17715
17720
17722
17725
17727
17727
17727
17729
17730
17732
17733
17744
17755
17755
17759
17766
17768
17771
17775
17780
17782
17785
17787
17794
17797
17800
17800
17802
17804
17808
17808
17813
17814
17818
17819
17820
17821
17832
17832
17834
17834
17835
17836
17836
17839
17843
17853
17855
17857
17862
17865
17870
17873
17880
17886
17900
17901
17902
17904
17917
17917
17922
17923
17924
17927
17928
17929
17935
17945
17950
17950
17955
17965
17965
17966
17969
17969
17973
17973
17975
17977
17977
17979
17979
17980
17995
17996
18002
18006
18007
18007
18013
18013
18017
18022
18023
18026
18027
18034
18041
18045
18046
18050
18050
18051
18052
18054
18055
18057
18068
18071
18080
18085
18092
18095
18095
18097
18105
18115
18118
18122
18125
18126
18132
18134
18134
18138
18143
18147
18151
18156
18160
18161
18164
18168
18170
18173
18181
18182
18182
18188
18190
18191
18194
18195
18200
18200
18204
18208
18214
18216
18218
18222
18224
18226
18227
18228
18229
18232
18232
18236
18239
18240
18243
18246
18248
18249
18253
18255
18263
18263
18263
18268
18268
18270
18271
18281
18283
18286
18288
18299
18302
18303
18304
18305
18308
18308
18322
18328
18330
18332
18332
18339
18344
18345
18345
18353
18353
18353
18364
18367
18368
18374
18374
18380
18392
18399
18399
18401
18402
18404
18414
18418
18419
18431
18431
18435
18435
18438
18439
18444
18450
18450
18452
18454
18455
18455
18460
18461
18461
18464
18465
18469
18474
18477
18479
18480
18485
18485
18487
18492
18497
18499
18499
18505
18506
18508
18508
18511
18516
18516
18516
18527
18528
18529
18530
18543
18552
18557
18558
18568
18569
18569
18573
18581
18581
18582
18585
18587
18587
18588
18592
18594
18599
18600
18600
18602
18613
18631
18633
18633
18633
18636
18638
18638
18641
18642
18644
18647
18647
18648
18651
18655
18663
18674
18684
18685
18687
18688
18693
18695
18696
18696
18696
18701
18710
18712
18718
18718
18719
18723
18724
18724
18729
18738
18740
18743
18744
18745
18749
18753
18761
18762
18763
18763
18763
18765
18773
18775
18777
18778
18780
18781
18781
18781
18785
18789
18792
18792
18793
18797
18797
18803
18813
18816
18826
18826
18831
18837
18842
18843
18844
18844
18845
18849
18849
18849
18850
18851
18859
18860
18861
18862
18864
18864
18865
18865
18871
18875
18881
18884
18887
18888
18889
18889
18893
18894
18897
18900
18901
18901
18902
18904
18905
18906
18911
18913
18914
18916
18916
18923
18924
18926
18930
18931
18942
18942
18945
18949
18951
18951
18954
18954
18954
18955
18956
18956
18961
18962
18963
18964
18964
18968
18970
18973
18979
18981
18982
18990
18992
18994
18997
18997
19007
19022
19022
19023
19031
19032
19032
19033
19034
19038
19041
19041
19047
19051
19053
19059
19061
19065
19066
19073
19078
19079
19083
19087
19087
19090
19092
19093
19096
19106
19120
19122
19123
19125
19132
19140
19141
19145
19145
19147
19148
19151
19155
19155
19162
19163
19170
19171
19171
19171
19177
19177
19181
19183
19188
19190
19194
19211
19213
19213
19214
19219
19231
19233
19234
19237
19239
19240
19240
19243
19247
19250
19251
19253
19263
19268
19269
19275
19283
19284
19286
19287
19294
19297
19300
19305
19308
19316
19319
19327
19328
19330
19333
19339
19351
19359
19360
19363
19364
19366
19368
19370
19375
19377
19377
19379
19382
19382
19383
19385
19386
19388
19391
19394
19395
19403
19404
19406
19407
19414
19415
19415
19418
19420
19421
19421
19429
19431
19433
19434
19436
19438
19442
19443
19443
19444
19445
19450
19450
19459
19460
19460
19469
19478
19480
19480
19486
19489
19490
19493
19494
19500
19505
19509
19509
19511
19511
19512
19513
19513
19514
19518
19519
19523
19523
19526
19528
19529
19533
19534
19547
19550
19554
19555
19557
19560
19565
19567
19569
19569
19572
19573
19575
19580
19584
19587
19591
19591
19593
19594
19595
19601
19602
19603
19604
19609
19627
19629
19629
19632
19632
19634
19639
19643
19644
19645
19651
19654
19655
19657
19658
19658
19658
19660
19664
19664
19667
19669
19670
19675
19681
19684
19687
19690
19694
19697
19704
19707
19716
19716
19726
19733
19734
19737
19741
19742
19744
19745
19751
19751
19764
19766
19766
19767
19768
19779
19782
19783
19784
19785
19785
19788
19791
19806
19814
19815
19821
19825
19826
19845
19848
19851
19858
19859
19862
19869
19871
19871
19872
19876
19877
19878
19879
19881
19883
19886
19887
19887
19892
19899
19902
19902
19904
19916
19917
19920
19923
19930
19930
19931
19933
19937
19938
19944
19944
19949
19957
19960
19963
19963
19978
19980
19981
19981
19981
19987
19988
19990
19991
19994
20003
20003
20015
20016
20021
20035
20035
20036
20038
20041
20046
20051
20052
20053
20056
20057
20060
20063
20065
20071
20073
20077
20087
20095
20095
20095
20097
20100
20102
20112
20112
20113
20118
20122
20127
20129
20133
20139
20141
20144
20144
20146
20147
20148
20152
20152
20157
20158
20159
20160
20165
20166
20166
20171
20175
20183
20185
20187
20196
20201
20215
20219
20222
20226
20231
20232
20233
20235
20237
20239
20243
20244
20245
20245
20250
20250
20253
20255
20261
20263
20270
20272
20280
20282
20288
20288
20288
20289
20292
20299
20305
20306
20307
20307
20309
20311
20312
20322
20327
20331
20333
20341
20346
20350
20351
20351
20360
20366
20369
20374
20384
20386
20392
20399
20399
20400
20401
20404
20406
20406
20407
20410
20416
20420
20424
20427
20440
20446
20462
20469
20471
20484
20488
20488
20500
20501
20503
20505
20512
20512
20513
20513
20514
20520
20524
20531
20534
20544
20545
20555
20557
20561
20564
20566
20566
20566
20569
20577
20582
20583
20588
20590
20593
20595
20603
20608
20608
20609
20618
20619
20621
20629
20629
20632
20634
20638
20647
20652
20655
20659
20661
20661
20666
20670
20674
20680
20683
20685
20687
20688
20691
20693
20693
20695
20695
20702
20704
20704
20707
20711
20715
20718
20720
20730
20737
20738
20743
20748
20749
20749
20753
20754
20755
20764
20765
20779
20779
20779
20779
20780
20786
20788
20790
20791
20795
20796
20806
20810
20811
20819
20822
20823
20823
20830
20831
20833
20834
20835
20835
20835
20837
20837
20838
20838
20839
20843
20843
20849
20849
20854
20856
20871
20880
20885
20886
20889
20896
20901
20901
20904
20911
20914
20927
20937
20941
20942
20942
20944
20945
20948
20953
20955
20958
20962
20965
20965
20965
20968
20985
20986
20987
20987
20993
20998
21000
21002
21002
21009
21012
21016
21019
21019
21024
21034
21035
21041
21042
21046
21047
21048
21053
21055
21057
21060
21069
21070
21071
21071
21071
21079
21080
21083
21088
21092
21097
21102
21102
21108
21111
21113
21115
21123
21128
21130
21130
21134
21135
21137
21138
21149
21152
21153
21162
21162
21168
21168
21172
21173
21176
21178
21184
21189
21206
21212
21212
21219
21224
21229
21233
21237
21240
21247
21249
21251
21251
21257
21257
21258
21260
21265
21265
21265
21267
21273
21273
21280
21289
21289
21289
21290
21294
21296
21301
21310
21312
21316
21317
21324
21325
21325
21326
21327
21330
21332
21338
21339
21347
21347
21348
21355
21360
21366
21367
21368
21371
21379
21384
21384
21387
21393
21395
21396
21399
21401
21401
21402
21402
21403
21414
21423
21427
21431
21434
21435
21438
21439
21440
21445
21448
21451
21453
21454
21456
21458
21459
21461
21465
21472
21472
21474
21486
21489
21495
21497
21497
21499
21500
21503
21504
21510
21512
21514
21517
21522
21527
21527
21529
21529
21529
21532
21532
21534
21535
21536
21537
21538
21539
21552
21555
21557
21564
21569
21573
21576
21578
21578
21579
21586
21593
21594
21594
21601
21607
21609
21611
21613
21616
21620
21620
21623
21623
21635
21636
21646
21654
21658
21658
21661
21662
21663
21663
21665
21667
21669
21670
21671
21688
21688
21691
21691
21696
21696
21697
21698
21709
21711
21711
21715
21716
21718
21721
21722
21722
21723
21725
21725
21726
21729
21730
21730
21731
21732
21733
21735
21741
21748
21750
21752
21760
21766
21770
21772
21773
21775
21776
21776
21777
21786
21792
21792
21793
21809
21811
21817
21820
21823
21829
21830
21832
21836
21837
21838
21841
21848
21849
21857
21858
21865
21865
21869
21876
21876
21879
21879
21881
21882
21882
21888
21888
21893
21895
21896
21898
21898
21903
21906
21915
21917
21925
21928
21932
21934
21936
21945
21946
21947
21948
21955
21957
21959
21964
21964
21967
21969
21970
21971
21973
21974
21988
21994
22006
22009
22010
22013
22016
22018
22021
22028
22029
22035
22039
22041
22045
22046
22050
22051
22060
22061
22061
22063
22069
22070
22076
22080
22091
22091
22094
22095
22095
22104
22104
22106
22106
22108
22112
22115
22115
22118
22118
22119
22119
22123
22124
22127
22133
22141
22145
22146
22146
22146
22153
22156
22156
22158
22159
22164
22172
22178
22180
22180
22183
22189
22189
22194
22196
22201
22208
22215
22215
22217
22226
22226
22229
22230
22240
22241
22245
22247
22254
22261
22263
22268
22268
22268
22270
22271
22276
22278
22281
22282
22284
22295
22298
22299
22301
22307
22308
22313
22315
22315
22323
22323
22325
22326
22330
22341
22342
22345
22345
22348
22348
22349
22353
22354
22358
22359
22372
22375
22377
22381
22389
22392
22393
22397
22404
22404
22406
22409
22409
22409
22416
22420
22425
22427
22428
22429
22430
22436
22441
22442
22449
22449
22454
22457
22459
22468
22473
22473
22475
22476
22482
22489
22489
22493
22504
22508
22511
22514
22516
22518
22520
22525
22528
22529
22530
22534
22539
22543
22546
22554
22556
22557
22561
22563
22582
22588
22590
22595
22611
22611
22613
22616
22617
22618
22618
22620
22625
22631
22636
22639
22640
22646
22647
22649
22649
22650
22652
22653
22657
22661
22667
22671
22674
22675
22676
22678
22686
22687
22687
22696
22702
22702
22704
22704
22708
22712
22715
22715
22725
22728
22729
22730
22731
22737
22739
22739
22740
22741
22743
22745
22757
22757
22763
22770
22774
22775
22779
22782
22785
22790
22790
22794
22795
22798
22811
22815
22820
22822
22822
22822
22829
22829
22831
22833
22837
22838
22842
22847
22855
22855
22858
22860
22865
22870
22872
22872
22872
22873
22877
22877
22884
22887
22890
22891
22894
22900
22901
22901
22915
22918
22918
22923
22929
22932
22938
22940
22944
22949
22949
22949
22956
22957
22959
22961
22965
22978
22986
22997
23002
23013
23013
23014
23025
23030
23030
23036
23038
23038
23039
23043
23048
23051
23053
23061
23068
23070
23080
23080
23080
23082
23090
23095
23104
23108
23109
23110
23117
23123
23124
23127
23131
23135
23139
23142
23144
23146
23149
23152
23156
23164
23179
23179
23190
23191
23193
23194
23195
23199
23202
23208
23210
23211
23214
23217
23219
23222
23237
23240
23243
23244
23245
23248
23249
23249
23252
23254
23256
23261
23271
23278
23280
23283
23285
23287
23288
23289
23289
23295
23302
23304
23307
23307
23311
23314
23315
23316
23322
23323
23328
23331
23336
23338
23348
23352
23352
23356
23358
23365
23366
23367
23368
23380
23383
23384
23386
23390
23390
23392
23396
23403
23408
23418
23422
23425
23431
23433
23435
23439
23445
23450
23456
23457
23458
23460
23468
23469
23478
23479
23480
23484
23485
23488
23494
23495
23495
23496
23496
23503
23504
23505
23506
23508
23508
23511
23512
23514
23519
23520
23522
23527
23532
23537
23537
23539
23541
23545
23545
23554
23557
23563
23568
23573
23575
23580
23591
23592
23594
23600
23600
23604
23607
23611
23614
23621
23639
23641
23641
23642
23649
23659
23659
23668
23669
23672
23672
23676
23677
23677
23679
23681
23685
23690
23692
23694
23704
23706
23714
23715
23716
23718
23725
23729
23730
23733
23736
23738
23740
23743
23745
23748
23750
23759
23763
23768
23769
23776
23776
23788
23788
23789
23791
23791
23796
23798
23798
23802
23805
23806
23808
23812
23815
23815
23816
23821
23823
23825
23826
23827
23829
23836
23839
23842
23846
23847
23853
23859
23865
23867
23870
23872
23878
23880
23887
23895
23896
23899
23900
23902
23903
23905
23909
23917
23923
23925
23927
23928
23929
23931
23933
23936
23938
23939
23939
23942
23944
23953
23958
23959
23963
23967
23968
23970
23972
23973
23973
23977
23991
23994
23998
23999
24000
24003
24006
24006
24008
24011
24011
24013
24019
24026
24031
24032
24036
24044
24047
24048
24050
24054
24061
24064
24070
24073
24073
24080
24084
24092
24092
24105
24107
24110
24117
24120
24120
24130
24136
24137
24143
24144
24147
24149
24149
24159
24159
24159
24160
24162
24162
24163
24168
24168
24169
24172
24175
24182
24184
24186
24188
24190
24195
24196
24207
24208
24209
24209
24215
24221
24224
24225
24228
24230
24231
24233
24239
24240
24242
24242
24247
24251
24253
24256
24268
24272
24272
24274
24275
24281
24286
24286
24290
24292
24294
24294
24308
24309
24310
24317
24317
24320
24326
24326
24330
24335
24335
24340
24342
24342
24346
24349
24350
24357
24357
24359
24361
24365
24367
24369
24370
24380
24386
24387
24389
24391
24393
24396
24396
24399
24399
24404
24407
24408
24411
24412
24415
24418
24418
24420
24421
24422
24426
24430
24436
24440
24445
24452
24455
24456
24458
24461
24464
24466
24467
24470
24474
24476
24476
24476
24486
24490
24494
24496
24498
24499
24501
24507
24507
24508
24509
24509
24511
24513
24513
24517
24518
24518
24521
24524
24524
24528
24533
24545
24546
24551
24554
24569
24575
24576
24576
24579
24588
24604
24605
24611
24612
24614
24620
24620
24621
24628
24628
24633
24633
24633
24638
24640
24643
24651
24652
24655
24659
24662
24662
24665
24666
24667
24675
24675
24677
24678
24681
24686
24690
24696
24698
24700
24703
24705
24706
24710
24710
24716
24718
24720
24729
24732
24733
24743
24750
24751
24756
24765
24771
24771
24771
24771
24772
24773
24784
24785
24790
24791
24798
24799
24816
24820
24822
24824
24834
24837
24840
24840
24846
24848
24850
24854
24854
24859
24862
24863
24863
24864
24871
24874
24876
24876
24879
24884
24885
24885
24886
24887
24894
24900
24900
24904
24906
24909
24909
24912
24918
24918
24923
24951
24952
24963
24964
24967
24976
24978
24979
24982
24983
24984
24986
24994
24999
24999
25003
25004
25006
25011
25022
25025
25029
25034
25035
25036
25039
25041
25048
25048
25063
25063
25065
25065
25066
25067
25068
25068
25069
25074
25074
25075
25079
25080
25090
25091
25093
25095
25096
25096
25099
25102
25106
25107
25107
25110
25111
25118
25118
25119
25119
25121
25125
25128
25133
25138
25139
25140
25144
25148
25168
25170
25172
25175
25175
25176
25176
25177
25178
25182
25185
25186
25189
25193
25195
25200
25203
25210
25210
25211
25237
25238
25242
25251
25256
25257
25257
25265
25267
25268
25271
25281
25286
25293
25299
25299
25302
25303
25304
25314
25315
25320
25321
25321
25322
25322
25324
25334
25335
25337
25337
25338
25339
25342
25343
25346
25351
25353
25357
25360
25360
25363
25364
25366
25368
25369
25377
25377
25383
25387
25396
25398
25406
25419
25422
25423
25426
25433
25434
25436
25455
25458
25471
25473
25474
25475
25475
25481
25487
25488
25492
25493
25495
25498
25499
25500
25507
25510
25526
25527
25530
25538
25541
25542
25545
25546
25549
25553
25567
25569
25575
25580
25589
25591
25594
25596
25597
25601
25601
25601
25605
25609
25610
25611
25617
25620
25622
25628
25628
25640
25641
25642
25652
25655
25657
25661
25661
25664
25665
25672
25675
25678
25684
25689
25690
25694
25702
25704
25708
25708
25709
25709
25712
25722
25722
25723
25723
25724
25730
25742
25744
25745
25747
25753
25755
25758
25761
25772
25776
25782
25784
25787
25794
25794
25796
25815
25818
25823
25827
25828
25834
25834
25836
25836
25842
25853
25853
25855
25866
25867
25869
25870
25877
25883
25884
25892
25893
25896
25898
25904
25907
25911
25913
25916
25916
25923
25926
25927
25927
25928
25929
25929
25934
25939
25945
25947
25957
25967
25967
25977
25979
25983
25989
25993
25998
26003
26007
26014
26014
26020
26021
26024
26025
26028
26028
26032
26050
26050
26053
26055
26056
26056
26058
26059
26061
26062
26064
26065
26074
26075
26084
26086
26088
26092
26094
26096
26097
26098
26099
26099
26102
26105
26108
26110
26111
26113
26115
26116
26120
26121
26123
26123
26123
26132
26134
26137
26146
26146
26147
26148
26152
26154
26154
26155
26157
26168
26169
26169
26172
26172
26175
26179
26182
26182
26184
26186
26187
26190
26195
26195
26197
26197
26200
26200
26203
26205
26211
26213
26214
26215
26216
26219
26224
26226
26228
26235
26235
26237
26239
26243
26249
26251
26253
26260
26262
26266
26277
26278
26280
26285
26286
26286
26286
26290
26292
26293
26297
26299
26299
26301
26304
26306
26312
26312
26312
26316
26324
26325
26326
26336
26338
26339
26340
26341
26341
26346
26346
26346
26348
26350
26351
26358
26361
26362
26371
26374
26383
26387
26389
26392
26396
26400
26403
26407
26408
26412
26415
26415
26420
26423
26425
26435
26438
26440
26446
26448
26451
26451
26452
26454
26454
26454
26456
26457
26472
26472
26475
26477
26478
26478
26478
26484
26485
26486
26492
26494
26494
26496
26503
26503
26504
26507
26510
26515
26520
26523
26524
26525
26531
26534
26539
26540
26541
26550
26554
26557
26564
26564
26565
26566
26571
26571
26575
26579
26589
26589
26593
26595
26596
26598
26602
26625
26628
26638
26644
26646
26649
26649
26652
26658
26659
26663
26669
26670
26679
26685
26685
26687
26696
26698
26711
26712
26712
26714
26716
26716
26720
26732
26734
26736
26741
26745
26748
26750
26754
26755
26758
26759
26759
26760
26762
26766
26772
26775
26776
26777
26793
26794
26795
26799
26802
26802
26806
26817
26818
26819
26820
26823
26826
26829
26835
26841
26848
26851
26854
26856
26856
26858
26861
26867
26869
26874
26874
26885
26890
26891
26892
26895
26895
26897
26899
26901
26902
26907
26908
26908
26912
26917
26922
26924
26930
26931
26932
26932
26934
26934
26945
26947
26951
26952
26953
26955
26955
26956
26958
26960
26962
26967
26968
26971
26972
26980
26980
26988
26990
27000
27001
27003
27007
27014
27015
27019
27021
27024
27029
27031
27032
27033
27033
27037
27045
27050
27051
27070
27079
27079
27082
27085
27090
27098
27098
27100
27101
27110
27113
27116
27121
27125
27131
27134
27135
27136
27136
27141
27142
27146
27159
27159
27160
27164
27168
27180
27180
27186
27191
27200
27202
27210
27212
27217
27220
27222
27224
27234
27236
27241
27249
27251
27257
27264
27265
27266
27269
27269
27270
27270
27275
27280
27291
27305
27321
27322
27324
27324
27328
27337
27339
27339
27340
27343
27347
27354
27357
27357
27358
27361
27363
27364
27373
27374
27383
27383
27383
27389
27390
27391
27393
27394
27395
27397
27398
27399
27403
27404
27408
27410
27420
27424
27425
27425
27426
27430
27432
27434
27441
27446
27449
27450
27450
27450
27460
27462
27462
27466
27467
27473
27478
27483
27491
27495
27499
27505
27510
27511
27512
27516
27518
27519
27522
27523
27545
27546
27550
27554
27556
27560
27561
27564
27566
27567
27567
27578
27579
27585
27585
27587
27588
27591
27594
27599
27605
27605
27609
27614
27615
27615
27618
27624
27625
27627
27631
27636
27637
27641
27642
27643
27645
27646
27648
27650
27658
27658
27660
27662
27665
27666
27668
27668
27669
27669
27675
27677
27685
27685
27693
27695
27696
27696
27701
27705
27712
27715
27716
27723
27726
27732
27733
27739
27742
27745
27747
27748
27753
27755
27757
27761
27764
27765
27771
27772
27774
27775
27778
27780
27782
27788
27788
27789
27790
27796
27799
27803
27809
27810
27814
27814
27814
27821
27823
27823
27824
27826
27835
27839
27853
27854
27856
27857
27865
27876
27887
27891
27893
27900
27901
27906
27906
27916
27920
27920
27925
27929
27929
27931
27937
27940
27942
27950
27950
27954
27955
27962
27965
27968
27971
27982
27983
27992
27998
28004
28007
28010
28012
28013
28017
28020
28021
28025
28028
28031
28033
28036
28043
28044
28049
28051
28062
28070
28076
28080
28087
28089
28091
28092
28093
28094
28100
28103
28104
28104
28105
28105
28116
28116
28118
28119
28124
28138
28140
28144
28147
28149
28152
28153
28155
28159
28162
28163
28164
28165
28169
28180
28186
28187
28188
28188
28189
28206
28208
28210
28212
28214
28215
28217
28221
28222
28225
28225
28231
28242
28248
28250
28261
28262
28265
28268
28270
28271
28272
28280
28281
28285
28285
28286
28298
28298
28298
28303
28305
28309
28311
28315
28322
28328
28330
28330
28337
28339
28344
28346
28347
28364
28364
28367
28372
28373
28373
28376
28382
28382
28384
28385
28387
28389
28390
28391
28393
28403
28406
28407
28412
28412
28415
28415
28417
28423
28440
28444
28444
28446
28447
28448
28452
28455
28455
28459
28461
28465
28467
28473
28475
28479
28479
28480
28480
28486
28487
28488
28489
28490
28493
28494
28495
28496
28501
28505
28507
28510
28511
28514
28514
28517
28517
28518
28521
28521
28526
28531
28532
28533
28533
28541
28543
28545
28547
28558
28558
28568
28568
28574
28577
28577
28580
28587
28588
28592
28597
28602
28603
28603
28604
28611
28612
28613
28614
28617
28617
28624
28625
28628
28632
28641
28642
28646
28647
28651
28653
28653
28656
28657
28663
28668
28670
28672
28681
28688
28692
28699
28700
28701
28701
28707
28709
28709
28713
28717
28729
28733
28734
28736
28741
28750
28752
28754
28758
28759
28762
28763
28765
28765
28766
28768
28790
28794
28798
28799
28804
28808
28810
28811
28813
28814
28816
28817
28823
28823
28825
28832
28832
28835
28845
28851
28856
28857
28859
28862
28863
28864
28864
28868
28870
28873
28874
28881
28882
28894
28894
28894
28895
28897
28900
28902
28903
28904
28909
28911
28913
28920
28921
28922
28922
28931
28933
28934
28937
28942
28944
28954
28958
28959
28960
28961
28962
28963
28969
28972
28974
28976
28982
28987
28989
28993
28994
28996
28997
28997
28999
29002
29004
29006
29010
29011
29011
29011
29011
29012
29014
29017
29019
29020
29021
29023
29024
29031
29033
29034
29036
29053
29054
29056
29057
29062
29066
29068
29069
29070
29078
29080
29085
29085
29088
29093
29093
29094
29098
29106
29113
29119
29119
29123
29123
29128
29129
29132
29136
29145
29151
29151
29154
29157
29157
29158
29162
29165
29177
29186
29189
29190
29193
29193
29196
29198
29202
29205
29207
29213
29217
29219
29221
29222
29225
29227
29228
29229
29236
29238
29239
29243
29245
29245
29248
29248
29250
29252
29254
29260
29265
29271
29275
29275
29280
29281
29282
29286
29289
29299
29299
29299
29301
29303
29308
29316
29318
29320
29329
29330
29333
29334
29337
29342
29343
29355
29361
29363
29364
29365
29369
29376
29377
29380
29380
29381
29386
29386
29390
29391
29391
29393
29394
29394
29399
29401
29404
29404
29410
29419
29422
29424
29427
29432
29437
29444
29446
29455
29457
29460
29462
29462
29465
29470
29471
29478
29478
29486
29490
29491
29492
29492
29494
29496
29497
29500
29516
29517
29526
29528
29531
29534
29539
29539
29546
29549
29550
29552
29553
29567
29579
29585
29587
29588
29588
29592
29599
29616
29619
29623
29624
29626
29626
29636
29637
29639
29653
29655
29656
29657
29664
29666
29672
29672
29673
29674
29677
29678
29679
29685
29686
29692
29692
29693
29698
29699
29702
29706
29708
29708
29711
29715
29719
29719
29719
29722
29725
29732
29733
29734
29735
29740
29748
29751
29754
29755
29755
29756
29757
29760
29760
29760
29770
29773
29775
29778
29783
29790
29796
29800
29808
29813
29817
29820
29824
29825
29825
29829
29829
29834
29842
29846
29850
29851
29852
29857
29861
29863
29864
29866
29873
29875
29876
29883
29886
29897
29901
29903
29904
29914
29915
29919
29921
29922
29922
29928
29928
29928
29934
29935
29935
29937
29938
29948
29956
29959
29964
29969
29975
29976
29978
29979
29983
29986
29987
29992
29995
30001
30002
30002
30007
30007
30009
30012
30020
30025
30026
30027
30035
30036
30037
30038
30039
30040
30044
30046
30046
30057
30062
30062
30062
30064
30065
30069
30076
30076
30081
30085
30094
30099
30100
30102
30102
30103
30103
30104
30113
30119
30119
30120
30122
30123
30124
30124
30134
30135
30142
30145
30146
30146
30155
30158
30158
30159
30160
30173
30174
30176
30186
30187
30194
30194
30195
30201
30201
30202
30206
30208
30212
30213
30220
30228
30232
30233
30233
30239
30249
30254
30258
30265
30268
30270
30276
30286
30289
30291
30298
30299
30302
30304
30308
30310
30314
30316
30325
30325
30326
30336
30339
30342
30342
30346
30349
30350
30359
30361
30362
30362
30364
30366
30368
30371
30371
30374
30387
30394
30398
30398
30399
30400
30400
30400
30401
30411
30417
30418
30421
30422
30422
30426
30429
30431
30438
30440
30440
30442
30444
30449
30453
30456
30458
30459
30460
30461
30467
30467
30467
30476
30480
30483
30484
30515
30519
30520
30523
30525
30526
30531
30535
30535
30537
30541
30545
30549
30553
30560
30566
30573
30574
30575
30575
30579
30590
30591
30591
30593
30595
30603
30603
30606
30614
30616
30619
30620
30624
30627
30633
30635
30635
30636
30638
30640
30648
30648
30658
30659
30660
30663
30671
30678
30679
30682
30685
30686
30690
30694
30697
30701
30706
30706
30708
30712
30713
30719
30720
30723
30723
30731
30734
30742
30756
30757
30760
30773
30773
30776
30777
30777
30778
30792
30793
30794
30798
30805
30809
30809
30811
30820
30820
30823
30823
30829
30839
30841
30842
30845
30845
30848
30850
30863
30864
30865
30865
30869
30873
30874
30878
30879
30890
30892
30892
30895
30900
30903
30904
30905
30905
30908
30909
30909
30911
30913
30913
30916
30918
30919
30924
30927
30931
30933
30937
30938
30941
30948
30948
30954
30954
30959
30963
30964
30964
30966
30966
30967
30970
30970
30975
30976
30976
30980
30982
30983
30991
30991
30991
30992
30995
31001
31004
31005
31008
31014
31019
31021
31023
31023
31028
31038
31047
31054
31054
31061
31062
31067
31076
31076
31080
31080
31081
31084
31087
31091
31095
31096
31098
31099
31101
31103
31106
31111
31115
31116
31117
31118
31119
31120
31123
31126
31138
31139
31140
31151
31153
31154
31155
31158
31158
31162
31163
31165
31169
31171
31171
31182
31184
31188
31189
31190
31195
31204
31208
31209
31210
31212
31218
31219
31219
31222
31224
31227
31238
31240
31240
31243
31246
31253
31255
31257
31265
31274
31274
31275
31280
31281
31282
31283
31291
31294
31296
31298
31301
31306
31310
31312
31314
31314
31320
31323
31323
31324
31325
31334
31339
31340
31343
31344
31345
31346
31346
31349
31352
31355
31355
31359
31360
31361
31362
31368
31373
31376
31379
31381
31382
31390
31390
31392
31394
31395
31397
31400
31401
31402
31406
31411
31411
31414
31417
31422
31428
31429
31431
31432
31434
31438
31439
31442
31447
31448
31457
31459
31460
31466
31470
31470
31477
31485
31486
31487
31491
31491
31506
31516
31517
31518
31523
31531
31534
31537
31543
31543
31546
31549
31553
31565
31566
31572
31576
31585
31588
31589
31596
31596
31597
31606
31606
31616
31618
31619
31630
31630
31634
31638
31639
31641
31643
31650
31651
31654
31656
31658
31663
31669
31669
31672
31678
31684
31687
31689
31692
31693
31695
31695
31696
31702
31704
31706
31713
31717
31721
31727
31730
31731
31738
31745
31753
31756
31763
31764
31765
31767
31771
31772
31775
31776
31778
31778
31779
31780
31785
31801
31802
31803
31808
31810
31816
31817
31818
31822
31826
31826
31831
31832
31846
31853
31862
31868
31870
31871
31871
31873
31873
31878
31882
31886
31890
31892
31897
31898
31899
31900
31900
31908
31910
31910
31912
31912
31915
31918
31924
31925
31925
31926
31935
31938
31948
31963
31974
31976
31980
31984
31985
31994
32012
32014
32015
32022
32023
32035
32036
32037
32037
32038
32039
32046
32049
32057
32061
32063
32064
32064
32067
32070
32078
32081
32081
32084
32090
32095
32097
32099
32108
32113
32114
32115
32120
32121
32128
32128
32139
32139
32142
32145
32157
32158
32159
32161
32161
32162
32162
32163
32167
32168
32169
32169
32176
32178
32186
32188
32189
32197
32199
32204
32215
32217
32217
32220
32221
32222
32222
32231
32232
32232
32239
32240
32246
32248
32251
32251
32252
32253
32255
32259
32260
32262
32263
32264
32265
32267
32268
32268
32270
32279
32283
32286
32291
32297
32299
32303
32304
32310
32310
32321
32324
32326
32327
32328
32332
32334
32341
32343
32343
32363
32369
32370
32374
32375
32375
32376
32383
32385
32385
32390
32394
32398
32403
32406
32407
32408
32410
32416
32420
32423
32424
32424
32429
32429
32438
32438
32439
32441
32442
32448
32450
32453
32468
32471
32472
32476
32476
32483
32497
32503
32503
32510
32512
32513
32515
32523
32523
32525
32526
32527
32527
32528
32529
32529
32531
32535
32535
32539
32542
32543
32544
32544
32546
32547
32549
32563
32565
32580
32583
32584
32587
32588
32592
32593
32606
32610
32613
32613
32616
32625
32627
32630
32631
32639
32640
32641
32647
32663
32665
32666
32669
32670
32673
32674
32674
32689
32691
32692
32692
32694
32696
32699
32708
32709
32710
32711
32716
32716
32717
32719
32726
32731
32736
32738
32739
32744
32744
32757
32758
