4
9
18
19
28
30
35
37
40
43
45
48
49
56
67
67
74
74
75
87
90
93
95
101
103
116
117
124
124
124
127
127
127
128
128
129
133
139
140
141
145
157
157
160
169
170
171
173
182
182
185
194
195
200
202
205
205
214
216
219
220
222
223
224
229
229
233
241
246
247
261
264
276
278
278
280
282
284
288
293
296
300
301
303
307
307
321
326
330
331
331
339
342
349
360
361
363
374
389
393
397
398
400
403
406
406
410
412
412
414
414
418
418
420
423
436
439
440
447
450
458
460
463
466
469
471
473
473
475
477
477
479
484
484
485
488
489
492
492
497
497
499
500
502
509
513
514
514
515
515
522
523
525
528
532
535
536
542
542
548
550
554
555
556
559
562
570
572
575
580
583
586
586
587
591
591
592
597
597
600
601
602
604
605
606
608
610
610
611
611
612
613
614
614
616
625
630
636
638
640
648
655
656
659
677
677
677
679
679
696
697
701
710
717
720
720
726
730
738
751
753
756
762
767
769
777
781
781
783
784
786
791
811
818
822
823
823
823
829
833
840
842
844
849
861
869
873
873
877
878
893
893
896
898
908
908
910
914
915
919
926
926
928
930
933
935
948
959
960
963
964
966
968
975
975
976
978
980
983
989
992
994
997
997
998
1003
1004
1006
1015
1016
1017
1019
1019
1021
1023
1024
1026
1026
1028
1028
1029
1030
1036
1037
1037
1038
1040
1040
1041
1042
1043
1044
1051
1053
1054
1059
1061
1062
1063
1068
1068
1072
1080
1081
1084
1088
1088
1091
1095
1097
1099
1099
1104
1108
1109
1115
1117
1119
1123
1126
1127
1127
1130
1137
1138
1139
1143
1145
1146
1147
1150
1151
1156
1156
1162
1162
1163
1165
1166
1166
1168
1170
1174
1174
1175
1176
1181
1181
1183
1183
1190
1191
1195
1199
1201
1202
1203
1210
1210
1210
1223
1226
1227
1230
1230
1233
1235
1237
1237
1238
1238
1248
1254
1258
1259
1268
1273
1279
1282
1288
1290
1291
1292
1293
1293
1296
1298
1300
1304
1307
1308
1312
1313
1317
1325
1327
1330
1330
1333
1333
1342
1343
1349
1353
1353
1354
1362
1366
1374
1374
1388
1392
1393
1402
1405
1416
1419
1419
1422
1425
1426
1430
1431
1432
1433
1437
1446
1455
1474
1485
1486
1496
1498
1498
1498
1507
1509
1514
1521
1523
1523
1524
1525
1527
1529
1530
1532
1535
1544
1550
1550
1551
1552
1552
1555
1555
1561
1563
1564
1566
1566
1568
1569
1570
1574
1578
1581
1583
1585
1593
1593
1595
1595
1596
1596
1602
1604
1607
1607
1611
1612
1613
1613
1617
1622
1627
1633
1634
1636
1636
1642
1642
1651
1652
1653
1655
1658
1664
1669
1674
1677
1682
1689
1690
1692
1698
1700
1702
1708
1713
1714
1715
1715
1717
1718
1720
1721
1722
1722
1724
1731
1737
1737
1738
1739
1741
1742
1744
1745
1749
1756
1757
1760
1761
1763
1770
1771
1772
1772
1777
1778
1780
1782
1786
1787
1792
1793
1794
1808
1808
1809
1815
1816
1817
1817
1818
1818
1819
1819
1822
1822
1822
1823
1826
1827
1832
1833
1838
1838
1849
1849
1852
1863
1865
1867
1871
1873
1876
1879
1881
1894
1895
1896
1897
1904
1907
1910
1910
1913
1915
1917
1919
1925
1926
1927
1928
1930
1931
1932
1934
1936
1937
1939
1940
1950
1951
1952
1952
1955
1957
1970
1973
1974
1974
1975
1976
1981
1999
2000
2008
2016
2016
2017
2022
2022
2025
2030
2031
2033
2036
2037
2038
2041
2042
2043
2046
2048
2053
2055
2056
2063
2070
2076
2078
2079
2084
2084
2085
2093
2093
2100
2107
2109
2109
2110
2120
2124
2126
2126
2127
2129
2132
2136
2137
2145
2147
2156
2157
2161
2162
2167
2172
2179
2180
2187
2188
2193
2202
2205
2206
2215
2216
2217
2222
2222
2223
2230
2245
2246
2252
2255
2257
2263
2265
2266
2270
2270
2272
2274
2277
2284
2286
2291
2292
2297
2297
2302
2302
2305
2316
2316
2317
2331
2334
2344
2360
2369
2369
2372
2374
2376
2380
2384
2384
2386
2389
2400
2405
2408
2415
2418
2419
2420
2425
2426
2429
2435
2436
2437
2445
2446
2448
2448
2449
2456
2457
2457
2458
2463
2464
2479
2480
2486
2500
2503
2509
2512
2512
2518
2518
2521
2522
2522
2522
2528
2530
2534
2538
2538
2540
2541
2545
2555
2558
2560
2560
2560
2571
2572
2576
2579
2590
2590
2595
2600
2603
2607
2607
2610
2613
2620
2624
2629
2635
2637
2642
2644
2646
2650
2650
2655
2656
2662
2666
2670
2670
2672
2674
2676
2685
2686
2690
2693
2695
2696
2700
2706
2710
2712
2713
2714
2717
2717
2718
2720
2721
2730
2732
2754
2754
2759
2761
2765
2767
2772
2773
2774
2776
2778
2780
2780
2783
2788
2788
2789
2794
2798
2802
2803
2804
2808
2809
2809
2815
2815
2816
2819
2820
2822
2823
2826
2833
2841
2842
2845
2847
2847
2848
2851
2851
2851
2856
2860
2863
2864
2867
2870
2879
2881
2882
2884
2885
2886
2891
2906
2915
2924
2925
2926
2931
2932
2933
2936
2955
2955
2957
2957
2958
2961
2968
2969
2970
2970
2972
2977
2981
2983
2983
2989
2993
2999
3001
3006
3007
3009
3009
3012
3017
3025
3028
3032
3036
3042
3043
3044
3045
3049
3049
3049
3050
3058
3061
3068
3069
3075
3081
3087
3095
3097
3097
3097
3102
3103
3106
3107
3107
3111
3112
3113
3116
3122
3123
3125
3125
3126
3136
3136
3142
3143
3147
3148
3152
3161
3169
3170
3172
3173
3173
3175
3179
3179
3186
3186
3187
3188
3188
3191
3211
3214
3219
3220
3223
3225
3227
3236
3237
3238
3241
3242
3242
3242
3244
3245
3250
3251
3255
3257
3261
3262
3266
3266
3268
3271
3273
3274
3277
3280
3282
3283
3289
3292
3294
3295
3299
3302
3302
3304
3305
3307
3310
3312
3323
3330
3331
3335
3342
3352
3355
3361
3361
3364
3365
3366
3367
3368
3371
3375
3378
3379
3380
3382
3382
3382
3387
3388
3388
3389
3392
3393
3398
3398
3409
3415
3421
3429
3434
3438
3439
3443
3446
3447
3448
3459
3462
3465
3471
3471
3472
3474
3482
3485
3486
3489
3498
3505
3512
3512
3525
3533
3537
3537
3537
3539
3540
3549
3549
3555
3557
3558
3571
3581
3586
3589
3590
3590
3593
3594
3595
3595
3599
3600
3600
3603
3605
3607
3613
3618
3619
3619
3619
3621
3630
3631
3642
3649
3649
3655
3663
3668
3671
3681
3687
3688
3692
3692
3694
3702
3703
3707
3709
3714
3714
3721
3726
3726
3727
3729
3734
3735
3738
3743
3743
3744
3751
3757
3758
3766
3772
3773
3775
3778
3782
3784
3793
3795
3797
3799
3800
3801
3818
3819
3821
3822
3829
3829
3840
3840
3842
3842
3846
3850
3852
3856
3857
3859
3861
3862
3877
3879
3884
3888
3889
3891
3893
3894
3895
3897
3899
3900
3901
3904
3913
3915
3917
3919
3921
3921
3927
3927
3931
3932
3942
3949
3957
3961
3967
3970
3970
3972
3973
3975
3977
3984
3992
3993
3993
3995
3996
3998
4000
4005
4006
4008
4013
4019
4021
4022
4024
4025
4025
4028
4034
4036
4040
4040
4041
4042
4042
4052
4062
4064
4068
4072
4075
4075
4077
4081
4082
4084
4086
4087
4088
4092
4095
4100
4101
4106
4113
4117
4118
4118
4122
4128
4137
4137
4138
4141
4143
4146
4147
4148
4149
4152
4153
4159
4160
4163
4165
4172
4174
4179
4181
4182
4183
4186
4187
4192
4192
4201
4204
4209
4209
4213
4217
4220
4222
4225
4233
4234
4245
4246
4248
4251
4253
4255
4258
4262
4262
4263
4265
4266
4267
4274
4276
4280
4281
4285
4291
4292
4292
4295
4302
4304
4306
4309
4311
4316
4322
4324
4324
4326
4326
4327
4335
4339
4340
4342
4347
4350
4351
4353
4360
4361
4361
4362
4366
4372
4375
4380
4382
4385
4387
4395
4396
4400
4405
4405
4408
4413
4414
4416
4417
4422
4425
4426
4427
4429
4430
4433
4433
4434
4434
4435
4435
4440
4442
4450
4461
4471
4477
4480
4480
4484
4485
4486
4486
4487
4490
4491
4499
4512
4517
4517
4518
4518
4520
4520
4523
4528
4530
4531
4532
4534
4539
4544
4545
4545
4549
4550
4550
4556
4557
4562
4563
4564
4568
4570
4573
4578
4579
4581
4587
4590
4595
4596
4609
4613
4615
4623
4624
4627
4630
4630
4634
4635
4636
4637
4652
4656
4661
4661
4664
4671
4674
4675
4677
4679
4681
4682
4687
4688
4689
4692
4700
4704
4704
4707
4710
4715
4719
4722
4725
4726
4726
4728
4732
4732
4738
4738
4740
4749
4752
4757
4764
4768
4768
4772
4773
4773
4777
4778
4779
4780
4782
4785
4798
4799
4799
4804
4805
4809
4815
4816
4822
4822
4822
4823
4831
4832
4838
4846
4849
4850
4850
4852
4856
4856
4865
4867
4868
4877
4878
4879
4879
4880
4881
4885
4887
4903
4903
4905
4906
4911
4920
4925
4926
4926
4934
4936
4942
4950
4959
4961
4963
4964
4966
4968
4968
4972
4973
4975
4977
4978
4979
4983
4993
4995
4996
5004
5006
5015
5031
5032
5036
5043
5045
5048
5050
5051
5052
5053
5055
5058
5059
5059
5060
5060
5063
5067
5072
5072
5073
5076
5082
5088
5096
5097
5099
5099
5105
5106
5107
5111
5113
5121
5121
5123
5129
5130
5132
5132
5136
5141
5145
5151
5152
5154
5165
5165
5165
5166
5181
5181
5183
5187
5187
5187
5189
5189
5190
5190
5194
5194
5195
5195
5200
5203
5206
5210
5211
5217
5222
5223
5225
5229
5229
5231
5232
5232
5234
5235
5236
5236
5238
5238
5242
5243
5246
5249
5251
5253
5255
5255
5261
5270
5272
5277
5295
5297
5300
5300
5300
5302
5303
5312
5313
5314
5316
5318
5322
5324
5335
5336
5338
5342
5353
5353
5354
5358
5365
5365
5367
5370
5371
5372
5374
5382
5384
5387
5387
5395
5398
5402
5405
5407
5411
5412
5418
5422
5435
5437
5438
5438
5441
5442
5446
5448
5450
5450
5453
5455
5458
5459
5459
5465
5465
5470
5470
5472
5476
5479
5486
5487
5487
5497
5498
5501
5506
5507
5518
5519
5521
5523
5537
5543
5546
5551
5553
5562
5566
5568
5578
5580
5581
5582
5584
5587
5587
5590
5598
5599
5599
5599
5601
5603
5607
5618
5625
5627
5632
5636
5647
5647
5652
5655
5664
5666
5667
5669
5670
5672
5672
5674
5674
5674
5678
5692
5693
5693
5695
5701
5706
5706
5709
5722
5725
5727
5731
5733
5737
5742
5743
5747
5752
5755
5755
5755
5756
5763
5764
5764
5765
5766
5768
5770
5770
5773
5779
5780
5785
5796
5797
5799
5801
5806
5813
5814
5816
5821
5821
5823
5824
5824
5824
5827
5829
5838
5842
5845
5849
5851
5861
5863
5873
5877
5879
5881
5887
5888
5891
5897
5900
5903
5906
5912
5914
5917
5922
5925
5925
5926
5926
5926
5927
5928
5930
5930
5932
5951
5952
5954
5955
5960
5967
5987
5988
5992
5997
5999
5999
6002
6004
6009
6009
6014
6016
6019
6027
6028
6036
6038
6038
6040
6046
6048
6048
6049
6050
6055
6058
6059
6061
6071
6073
6076
6080
6082
6086
6095
6103
6105
6105
6108
6110
6110
6116
6116
6119
6119
6122
6124
6126
6127
6128
6130
6133
6135
6137
6137
6139
6143
6151
6154
6159
6159
6161
6169
6171
6175
6175
6179
6184
6184
6186
6189
6191
6194
6195
6198
6199
6200
6205
6206
6210
6215
6218
6219
6220
6223
6229
6246
6246
6246
6248
6250
6254
6254
6256
6259
6259
6260
6262
6262
6266
6268
6269
6269
6283
6287
6290
6299
6302
6317
6317
6317
6320
6321
6324
6324
6325
6326
6327
6328
6331
6331
6332
6333
6335
6348
6353
6354
6356
6362
6365
6367
6370
6372
6372
6380
6384
6388
6394
6396
6402
6403
6404
6409
6409
6409
6415
6416
6418
6423
6424
6425
6430
6431
6432
6433
6435
6437
6438
6438
6441
6443
6448
6453
6454
6454
6455
6462
6463
6465
6465
6472
6475
6479
6481
6483
6483
6486
6486
6487
6489
6490
6494
6497
6501
6502
6512
6513
6514
6515
6519
6519
6520
6522
6523
6527
6528
6530
6538
6539
6540
6546
6549
6550
6552
6559
6568
6570
6571
6576
6579
6580
6583
6589
6597
6598
6602
6603
6605
6606
6607
6615
6619
6621
6623
6625
6628
6629
6638
6642
6645
6646
6654
6656
6657
6657
6659
6661
6666
6666
6667
6674
6675
6679
6680
6680
6687
6703
6704
6709
6710
6710
6720
6721
6725
6730
6732
6738
6742
6746
6748
6750
6752
6757
6759
6760
6761
6766
6766
6768
6773
6773
6778
6781
6784
6788
6788
6790
6791
6791
6794
6797
6798
6807
6814
6816
6827
6830
6831
6832
6832
6834
6835
6837
6837
6843
6848
6848
6849
6850
6851
6852
6853
6853
6856
6860
6864
6865
6866
6872
6873
6876
6878
6880
6887
6890
6890
6890
6893
6900
6903
6904
6911
6915
6916
6916
6920
6923
6932
6933
6936
6939
6943
6948
6955
6958
6960
6960
6966
6970
6973
6977
6977
6977
6983
6986
6991
6992
6993
6998
7009
7010
7010
7016
7021
7024
7027
7030
7032
7033
7034
7042
7047
7052
7053
7059
7063
7063
7067
7075
7091
7093
7093
7093
7095
7097
7098
7098
7100
7102
7102
7106
7107
7127
7128
7131
7138
7142
7150
7160
7161
7170
7184
7197
7201
7215
7217
7221
7222
7225
7227
7228
7242
7242
7251
7257
7258
7259
7259
7262
7264
7275
7277
7281
7281
7285
7285
7291
7293
7294
7302
7305
7306
7307
7307
7307
7316
7316
7316
7319
7319
7320
7328
7332
7334
7334
7348
7357
7369
7372
7373
7380
7381
7382
7383
7386
7387
7387
7388
7391
7393
7395
7396
7396
7397
7397
7400
7402
7406
7407
7413
7415
7415
7417
7420
7421
7435
7445
7448
7449
7450
7454
7454
7455
7459
7460
7461
7461
7469
7472
7475
7479
7479
7481
7483
7484
7484
7486
7491
7497
7499
7502
7502
7505
7508
7510
7513
7520
7528
7532
7532
7535
7537
7538
7538
7538
7545
7546
7547
7548
7549
7550
7555
7563
7568
7572
7573
7575
7576
7576
7580
7582
7584
7585
7591
7592
7592
7593
7600
7610
7613
7614
7616
7619
7619
7621
7625
7626
7630
7632
7632
7633
7634
7636
7641
7647
7648
7650
7652
7653
7654
7660
7661
7669
7672
7678
7684
7685
7685
7685
7688
7689
7690
7699
7704
7705
7714
7715
7716
7720
7725
7729
7732
7734
7741
7743
7746
7747
7748
7750
7754
7756
7770
7770
7776
7784
7784
7791
7799
7801
7806
7806
7810
7813
7813
7819
7821
7823
7825
7829
7833
7833
7836
7839
7841
7841
7843
7847
7849
7852
7853
7854
7856
7864
7868
7880
7880
7880
7882
7895
7904
7905
7906
7911
7917
7918
7919
7919
7924
7930
7941
7946
7956
7960
7963
7969
7970
7974
7976
7979
7979
7981
7981
7983
7985
7988
7990
7991
7992
7992
7994
8005
8006
8009
8010
8014
8016
8023
8026
8029
8030
8031
8031
8032
8032
8038
8038
8038
8041
8042
8042
8045
8056
8057
8058
8061
8061
8062
8063
8066
8078
8101
8103
8109
8109
8115
8117
8117
8127
8129
8129
8137
8138
8140
8144
8145
8146
8147
8152
8153
8155
8160
8161
8166
8169
8169
8171
8172
8173
8174
8177
8178
8179
8180
8182
8184
8187
8188
8191
8195
8195
8195
8197
8207
8207
8209
8210
8215
8224
8239
8240
8246
8246
8249
8250
8254
8266
8270
8272
8273
8274
8279
8282
8285
8290
8296
8297
8298
8298
8303
8305
8306
8306
8308
8309
8314
8321
8322
8322
8323
8323
8327
8330
8342
8349
8350
8350
8354
8358
8359
8361
8365
8371
8373
8376
8379
8381
8389
8394
8394
8399
8405
8412
8423
8424
8429
8432
8435
8441
8442
8442
8443
8444
8451
8452
8462
8463
8464
8470
8472
8482
8483
8484
8485
8493
8499
8501
8503
8504
8504
8509
8510
8516
8519
8521
8524
8524
8528
8539
8540
8541
8544
8545
8556
8559
8563
8564
8566
8577
8580
8585
8594
8594
8594
8595
8600
8600
8611
8619
8622
8626
8628
8630
8635
8639
8645
8653
8656
8659
8661
8665
8665
8670
8680
8686
8687
8688
8695
8697
8698
8709
8709
8712
8722
8722
8723
8724
8746
8749
8749
8752
8754
8762
8765
8765
8765
8774
8775
8786
8789
8797
8807
8811
8813
8817
8818
8823
8824
8829
8830
8833
8841
8847
8848
8848
8851
8853
8855
8856
8860
8869
8869
8869
8872
8876
8877
8878
8882
8887
8889
8893
8896
8901
8902
8907
8909
8909
8916
8917
8919
8920
8926
8927
8927
8930
8930
8933
8936
8937
8941
8946
8947
8950
8955
8956
8966
8977
8981
8989
8991
8992
8993
8994
9003
9004
9009
9012
9013
9015
9016
9017
9021
9027
9030
9038
9039
9046
9046
9052
9053
9069
9070
9079
9081
9086
9090
9091
9095
9097
9104
9106
9108
9110
9113
9115
9129
9129
9129
9130
9131
9132
9132
9133
9135
9138
9141
9145
9146
9148
9149
9149
9151
9153
9155
9155
9157
9161
9161
9163
9163
9164
9165
9165
9168
9176
9176
9178
9186
9187
9195
9197
9198
9202
9205
9208
9209
9213
9215
9218
9219
9219
9225
9227
9229
9232
9233
9237
9237
9245
9247
9251
9252
9253
9255
9257
9258
9262
9263
9266
9281
9288
9289
9299
9304
9305
9310
9312
9314
9332
9339
9340
9342
9345
9356
9358
9358
9358
9358
9362
9363
9364
9365
9366
9367
9369
9372
9372
9374
9378
9378
9379
9381
9382
9386
9386
9388
9396
9401
9402
9405
9415
9416
9417
9417
9420
9420
9421
9422
9423
9423
9427
9433
9434
9435
9436
9440
9447
9449
9459
9461
9464
9466
9470
9470
9472
9473
9477
9478
9479
9488
9492
9494
9494
9494
9495
9496
9496
9504
9505
9514
9516
9518
9522
9522
9525
9527
9528
9529
9529
9533
9535
9535
9537
9546
9546
9552
9564
9582
9586
9587
9597
9598
9608
9612
9613
9615
9627
9644
9646
9657
9660
9663
9670
9672
9683
9690
9696
9697
9699
9702
9704
9712
9718
9718
9719
9721
9727
9728
9731
9732
9735
9737
9739
9745
9755
9765
9766
9766
9770
9775
9778
9783
9784
9785
9785
9787
9793
9794
9797
9797
9799
9803
9817
9818
9818
9819
9819
9826
9834
9835
9838
9838
9838
9841
9843
9850
9860
9862
9862
9862
9868
9869
9872
9875
9876
9879
9882
9890
9893
9899
9899
9900
9905
9907
9908
9915
9918
9923
9930
9939
9940
9944
9949
9949
9951
9951
9958
9962
9962
9963
9974
9976
9979
9979
9984
9985
9986
9991
10005
10008
10014
10019
10021
10032
10033
10049
10051
10056
10058
10070
10073
10076
10076
10079
10083
10084
10085
10087
10088
10089
10093
10098
10100
10105
10110
10113
10132
10138
10139
10139
10141
10142
10145
10147
10158
10160
10167
10172
10172
10174
10174
10178
10183
10184
10193
10193
10196
10206
10210
10211
10219
10241
10246
10250
10257
10260
10263
10267
10270
10273
10274
10275
10276
10278
10278
10279
10288
10290
10291
10291
10291
10300
10303
10304
10309
10309
10315
10316
10316
10317
10318
10318
10320
10321
10321
10321
10325
10326
10330
10336
10338
10340
10345
10346
10350
10353
10356
10357
10359
10361
10368
10369
10377
10385
10388
10389
10392
10392
10395
10411
10411
10415
10415
10431
10437
10443
10445
10445
10446
10450
10454
10464
10465
10470
10476
10479
10483
10489
10493
10502
10504
10512
10519
10522
10530
10540
10543
10552
10554
10554
10557
10568
10574
10577
10578
10580
10580
10590
10604
10605
10610
10611
10616
10622
10627
10629
10630
10635
10635
10635
10636
10640
10640
10642
10644
10649
10660
10663
10664
10676
10684
10687
10689
10692
10697
10702
10704
10709
10713
10713
10713
10715
10719
10725
10730
10731
10732
10753
10754
10754
10755
10761
10761
10763
10776
10785
10787
10789
10804
10813
10822
10822
10824
10827
10830
10832
10835
10840
10840
10842
10846
10851
10853
10856
10856
10857
10861
10866
10867
10868
10877
10879
10888
10889
10894
10904
10906
10918
10920
10925
10926
10931
10938
10940
10947
10953
10955
10955
10956
10957
10961
10961
10961
10962
10962
10962
10964
10965
10969
10970
10974
10976
10979
10980
10984
10992
10992
10995
11004
11004
11004
11005
11006
11011
11014
11015
11017
11019
11019
11023
11024
11030
11030
11043
11045
11050
11050
11051
11063
11066
11074
11074
11074
11075
11082
11084
11087
11087
11098
11098
11100
11107
11108
11109
11111
11113
11115
11116
11116
11119
11122
11124
11127
11128
11132
11135
11141
11145
11146
11148
11154
11154
11156
11161
11161
11164
11164
11166
11169
11169
11170
11173
11176
11178
11181
11183
11184
11187
11193
11194
11196
11200
11201
11202
11203
11204
11219
11219
11220
11230
11233
11235
11237
11240
11240
11241
11244
11245
11245
11246
11247
11254
11260
11262
11265
11266
11267
11267
11269
11282
11285
11287
11292
11293
11297
11307
11311
11313
11320
11321
11324
11326
11327
11330
11333
11335
11336
11337
11338
11338
11345
11345
11349
11350
11352
11356
11359
11359
11360
11365
11368
11372
11378
11381
11383
11386
11388
11388
11405
11406
11407
11409
11414
11416
11424
11427
11431
11440
11443
11449
11456
11458
11464
11467
11472
11473
11479
11481
11488
11502
11505
11506
11509
11510
11516
11518
11527
11527
11529
11537
11539
11541
11543
11550
11552
11555
11557
11559
11574
11577
11578
11580
11580
11581
11584
11586
11592
11594
11597
11602
11605
11606
11615
11615
11616
11621
11622
11624
11626
11627
11630
11630
11632
11633
11633
11633
11635
11636
11638
11643
11644
11654
11655
11661
11661
11664
11666
11666
11667
11671
11672
11672
11673
11673
11677
11677
11681
11689
11692
11699
11700
11704
11705
11707
11715
11723
11726
11727
11730
11732
11740
11752
11753
11758
11765
11768
11771
11772
11775
11778
11781
11783
11785
11792
11795
11799
11799
11800
11802
11809
11810
11810
11812
11817
11818
11820
11823
11823
11824
11827
11835
11841
11844
11852
11853
11858
11869
11876
11878
11878
11883
11884
11890
11894
11896
11900
11904
11905
11909
11911
11919
11920
11923
11926
11938
11939
11943
11949
11949
11950
11951
11954
11956
11956
11968
11968
11973
11976
11980
11980
11980
11981
11982
11984
11985
11985
11988
11991
11991
11992
11993
11993
11994
11998
12002
12003
12007
12009
12013
12030
12031
12035
12037
12038
12048
12048
12050
12053
12061
12061
12064
12066
12067
12068
12068
12069
12070
12071
12072
12075
12080
12082
12083
12084
12091
12103
12108
12109
12110
12114
12115
12117
12120
12121
12122
12126
12127
12131
12131
12133
12134
12137
12145
12154
12157
12167
12176
12181
12182
12182
12183
12184
12184
12186
12188
12193
12193
12194
12209
12210
12218
12224
12225
12226
12227
12235
12237
12240
12242
12243
12245
12246
12247
12250
12252
12257
12259
12262
12267
12268
12270
12277
12278
12286
12290
12304
12307
12308
12314
12317
12324
12324
12326
12326
12326
12326
12332
12334
12336
12345
12349
12349
12351
12353
12356
12358
12360
12361
12365
12368
12370
12371
12372
12376
12380
12381
12382
12382
12383
12384
12385
12386
12389
12390
12398
12402
12404
12407
12408
12409
12417
12418
12424
12430
12435
12435
12444
12446
12452
12453
12457
12461
12464
12464
12465
12466
12466
12469
12472
12476
12477
12478
12482
12487
12488
12490
12491
12491
12493
12494
12495
12496
12505
12507
12510
12514
12521
12527
12530
12530
12531
12532
12533
12537
12538
12538
12542
12544
12554
12554
12558
12561
12562
12562
12564
12569
12581
12584
12587
12593
12594
12594
12595
12601
12604
12610
12610
12611
12613
12617
12620
12621
12625
12627
12629
12630
12633
12640
12644
12645
12646
12647
12648
12648
12648
12649
12650
12653
12654
12660
12669
12671
12682
12686
12686
12690
12692
12692
12698
12698
12704
12713
12716
12717
12721
12722
12725
12726
12732
12732
12737
12743
12745
12747
12750
12754
12756
12757
12766
12768
12773
12776
12780
12780
12783
12783
12786
12788
12789
12790
12796
12797
12797
12798
12803
12804
12813
12817
12822
12824
12827
12828
12829
12831
12836
12838
12840
12842
12842
12848
12855
12861
12863
12868
12868
12875
12876
12876
12877
12883
12883
12886
12892
12894
12899
12908
12911
12912
12918
12918
12922
12931
12931
12935
12936
12946
12946
12948
12952
12973
12977
12983
12986
12987
12988
12992
12994
12994
13004
13006
13007
13008
13009
13010
13012
13013
13015
13016
13020
13020
13023
13024
13031
13034
13036
13036
13038
13039
13043
13043
13044
13044
13044
13051
13054
13057
13060
13061
13064
13064
13065
13066
13069
13071
13072
13073
13074
13076
13077
13086
13090
13093
13093
13094
13099
13099
13102
13102
13102
13109
13111
13113
13118
13120
13125
13125
13125
13137
13138
13138
13142
13146
13147
13147
13150
13154
13155
13155
13162
13165
13173
13175
13180
13192
13193
13194
13201
13201
13208
13209
13211
13214
13216
13224
13230
13231
13239
13246
13247
13255
13256
13262
13265
13277
13283
13295
13295
13296
13297
13299
13302
13304
13306
13308
13317
13323
13324
13325
13331
13335
13335
13340
13342
13345
13348
13354
13354
13360
13364
13372
13375
13377
13379
13382
13383
13396
13397
13399
13407
13407
13411
13415
13419
13420
13420
13424
13426
13431
13432
13433
13439
13441
13442
13444
13450
13454
13458
13464
13468
13469
13478
13484
13487
13490
13499
13502
13502
13503
13503
13504
13507
13508
13510
13514
13514
13518
13521
13523
13526
13531
13532
13536
13539
13551
13552
13553
13554
13555
13558
13560
13562
13563
13565
13566
13570
13571
13576
13577
13579
13584
13586
13592
13599
13604
13606
13606
13609
13613
13619
13625
13628
13628
13629
13629
13637
13643
13653
13670
13671
13675
13677
13678
13679
13683
13687
13689
13689
13689
13690
13692
13696
13701
13707
13709
13721
13722
13725
13733
13734
13734
13741
13746
13748
13749
13757
13758
13759
13759
13761
13765
13768
13771
13772
13785
13785
13787
13788
13788
13792
13795
13804
13805
13812
13816
13816
13818
13821
13825
13827
13828
13832
13836
13837
13838
13839
13843
13844
13845
13857
13859
13864
13868
13879
13883
13883
13891
13898
13900
13903
13910
13911
13912
13914
13920
13921
13923
13923
13924
13929
13931
13938
13940
13943
13947
13949
13956
13964
13964
13973
13975
13977
13978
13978
13982
13987
13987
13998
13999
14000
14001
14001
14002
14003
14007
14011
14011
14013
14019
14020
14021
14022
14028
14030
14033
14034
14035
14036
14046
14051
14053
14054
14054
14055
14063
14063
14066
14078
14079
14084
14091
14094
14099
14110
14110
14111
14111
14113
14114
14115
14116
14117
14119
14124
14135
14135
14141
14142
14148
14152
14153
14158
14169
14174
14175
14177
14177
14179
14184
14186
14191
14191
14192
14193
14194
14204
14206
14207
14212
14215
14218
14222
14223
14225
14228
14230
14231
14232
14240
14241
14242
14242
14244
14245
14249
14258
14258
14263
14266
14269
14275
14278
14281
14282
14285
14290
14292
14297
14302
14303
14305
14308
14309
14312
14314
14318
14322
14333
14335
14336
14336
14342
14343
14349
14352
14354
14356
14357
14360
14366
14370
14373
14377
14386
14387
14395
14395
14396
14397
14398
14400
14400
14403
14408
14412
14415
14417
14418
14419
14420
14428
14430
14442
14447
14448
14452
14453
14457
14459
14466
14466
14468
14472
14477
14479
14482
14495
14495
14496
14496
14509
14514
14528
14532
14534
14535
14539
14541
14546
14557
14558
14558
14571
14571
14574
14581
14582
14586
14587
14590
14593
14601
14601
14610
14611
14611
14614
14618
14619
14621
14621
14621
14621
14622
14623
14624
14625
14630
14631
14637
14638
14640
14642
14649
14654
14654
14667
14671
14673
14675
14678
14680
14682
14682
14688
14697
14701
14704
14717
14721
14723
14724
14726
14727
14730
14731
14738
14749
14752
14761
14762
14762
14766
14780
14791
14799
14801
14807
14813
14815
14815
14817
14821
14825
14831
14834
14839
14853
14858
14863
14865
14865
14869
14871
14873
14873
14874
14878
14881
14881
14881
14884
14885
14886
14889
14893
14893
14894
14897
14900
14909
14912
14920
14931
14936
14939
14939
14940
14942
14944
14948
14949
14956
14962
14964
14965
14967
14970
14975
14976
14977
14980
14982
14988
14994
14996
15004
15004
15008
15009
15014
15018
15021
15026
15027
15028
15029
15035
15036
15037
15038
15048
15052
15052
15053
15056
15060
15063
15065
15078
15080
15081
15086
15087
15097
15100
15100
15104
15105
15110
15111
15112
15119
15126
15126
15133
15133
15136
15136
15140
15144
15146
15150
15154
15155
15160
15163
15164
15167
15168
15173
15184
15189
15192
15199
15210
15215
15216
15217
15220
15229
15231
15236
15237
15245
15252
15253
15258
15278
15280
15281
15282
15283
15284
15294
15294
15295
15295
15295
15299
15303
15305
15305
15306
15313
15313
15315
15321
15323
15329
15337
15342
15345
15349
15351
15356
15356
15364
15365
15374
15375
15386
15386
15393
15398
15404
15406
15407
15408
15411
15414
15420
15420
15425
15427
15429
15429
15432
15433
15440
15441
15446
15449
15455
15463
15467
15472
15473
15474
15481
15491
15495
15495
15495
15496
15496
15498
15498
15499
15499
15500
15505
15505
15506
15508
15510
15511
15513
15521
15524
15527
15531
15536
15539
15544
15549
15550
15555
15555
15557
15559
15564
15567
15576
15577
15582
15583
15586
15592
15594
15597
15599
15610
15610
15618
15619
15623
15626
15627
15629
15629
15630
15631
15632
15634
15643
15662
15662
15664
15669
15671
15680
15682
15685
15686
15695
15697
15701
15704
15705
15706
15730
15732
15733
15735
15738
15741
15742
15742
15745
15747
15749
15750
15750
15752
15752
15752
15756
15761
15775
15779
15787
15789
15789
15794
15796
15802
15803
15804
15808
15810
15810
15814
15816
15820
15821
15827
15834
15835
15837
15842
15847
15854
15858
15871
15871
15872
15875
15878
15885
15887
15893
15895
15897
15901
15903
15903
15910
15914
15916
15920
15921
15923
15925
15928
15930
15934
15935
15935
15939
15950
15951
15953
15954
15954
15955
15959
15961
15962
15969
15969
15970
15987
15991
15995
15996
15996
15997
16001
16004
16009
16016
16023
16029
16033
16042
16048
16052
16052
16058
16058
16059
16066
16067
16069
16075
16079
16082
16085
16086
16092
16092
16098
16099
16099
16103
16104
16104
16110
16111
16112
16121
16122
16126
16128
16130
16138
16139
16144
16148
16154
16154
16159
16163
16165
16169
16172
16173
16173
16174
16177
16178
16192
16195
16206
16208
16208
16211
16214
16221
16223
16227
16232
16235
16246
16251
16258
16263
16263
16265
16268
16269
16272
16274
16274
16276
16282
16282
16284
16285
16299
16302
16302
16305
16308
16311
16314
16316
16321
16325
16325
16333
16335
16340
16341
16347
16348
16348
16364
16370
16371
16373
16378
16378
16381
16382
16383
16384
16385
16387
16389
16390
16396
16396
16399
16408
16409
16409
16412
16412
16414
16415
16416
16425
16425
16426
16428
16435
16441
16442
16449
16452
16453
16455
16459
16459
16460
16463
16464
16468
16491
16497
16498
16500
16501
16521
16526
16531
16532
16536
16540
16540
16544
16550
16553
16553
16555
16560
16562
16565
16567
16568
16568
16569
16575
16577
16577
16585
16590
16598
16610
16621
16621
16621
16622
16623
16624
16624
16626
16627
16630
16631
16633
16634
16639
16646
16650
16651
16653
16664
16667
16670
16670
16683
16684
16685
16687
16688
16690
16697
16707
16708
16709
16710
16725
16734
16740
16741
16745
16747
16749
16754
16757
16763
16764
16765
16767
16768
16777
16778
16789
16791
16792
16802
16805
16808
16809
16815
16816
16817
16818
16820
16828
16830
16830
16830
16832
16836
16837
16851
16852
16864
16865
16872
16874
16874
16876
16876
16880
16884
16885
16890
16899
16907
16907
16908
16909
16925
16926
16931
16938
16939
16939
16947
16952
16953
16955
16958
16959
16962
16964
16966
16969
16970
16974
16989
17003
17007
17015
17016
17017
17018
17020
17022
17026
17028
17039
17042
17043
17049
17051
17061
17061
17063
17063
17064
17065
17070
17077
17080
17087
17090
17092
17097
17099
17100
17101
17112
17112
17118
17121
17121
17123
17123
17124
17127
17128
17129
17132
17136
17137
17138
17145
17150
17159
17168
17172
17173
17174
17175
17183
17186
17190
17191
17198
17199
17202
17207
17211
17213
17213
17216
17220
17222
17222
17242
17249
17250
17260
17265
17267
17267
17270
17275
17276
17279
17282
17283
17285
17288
17299
17306
17308
17317
17317
17318
17318
17320
17321
17321
17322
17326
17326
17329
17329
17331
17337
17337
17343
17343
17350
17355
17357
17362
17366
17372
17376
17386
17390
17391
17392
17401
17403
17403
17407
17412
17414
17415
17417
17418
17418
17420
17421
17423
17423
17425
17426
17436
17439
17443
17451
17451
17452
17456
17465
17466
17466
17467
17471
17471
17471
17478
17483
17484
17488
17489
17497
17501
17508
17511
17517
17517
17520
17523
17526
17535
17538
17540
17544
17544
17544
17546
17546
17548
17549
17551
17551
17553
17554
17556
17558
17565
17569
17569
17570
17570
17573
17579
17579
17580
17583
17590
17590
17590
17591
17603
17608
17608
17610
17613
17618
17622
17641
17645
17645
17646
17650
17650
17653
17654
17660
17663
17664
17676
17679
17680
17682
17689
17690
17698
17701
17702
17708
17712
17717
17725
17725
17727
17729
17734
17737
17739
17739
17745
17750
17752
17754
17766
17768
17773
17788
17794
17795
17797
17799
17803
17807
17818
17818
17818
17823
17823
17826
17829
17831
17833
17838
17838
17838
17844
17847
17847
17847
17854
17854
17858
17860
17872
17874
17882
17884
17884
17891
17893
17896
17896
17899
17902
17908
17913
17914
17917
17928
17936
17936
17940
17946
17946
17946
17956
17957
17959
17961
17961
17963
17964
17965
17969
17971
17977
17981
17985
17987
17999
18006
18015
18016
18023
18025
18026
18028
18029
18033
18035
18039
18041
18045
18045
18046
18053
18054
18058
18059
18070
18074
18075
18076
18080
18081
18083
18085
18088
18088
18089
18091
18100
18102
18103
18107
18110
18116
18118
18123
18124
18134
18134
18136
18137
18137
18137
18141
18149
18150
18154
18156
18162
18167
18168
18173
18174
18174
18178
18180
18182
18183
18186
18187
18191
18197
18197
18197
18202
18202
18204
18205
18213
18214
18215
18216
18223
18226
18227
18228
18228
18230
18236
18240
18243
18248
18249
18249
18250
18252
18252
18252
18257
18258
18262
18262
18269
18273
18274
18274
18275
18278
18278
18280
18289
18297
18298
18298
18300
18302
18306
18307
18308
18311
18313
18313
18314
18317
18318
18322
18322
18328
18329
18334
18335
18337
18339
18341
18348
18352
18354
18362
18379
18381
18384
18384
18386
18394
18395
18397
18400
18400
18405
18408
18408
18411
18416
18416
18417
18425
18427
18430
18432
18445
18451
18452
18453
18454
18459
18459
18461
18463
18465
18466
18467
18470
18473
18477
18477
18481
18494
18495
18499
18512
18517
18520
18522
18527
18529
18530
18536
18541
18546
18546
18548
18554
18556
18559
18559
18563
18569
18569
18573
18574
18575
18575
18578
18588
18592
18593
18594
18595
18595
18601
18602
18602
18605
18609
18614
18616
18620
18624
18634
18636
18638
18640
18645
18650
18651
18652
18662
18663
18671
18672
18684
18684
18692
18697
18698
18701
18703
18704
18709
18710
18716
18716
18722
18729
18730
18731
18732
18735
18738
18743
18745
18750
18754
18761
18762
18766
18767
18768
18768
18772
18773
18774
18783
18784
18784
18788
18789
18791
18792
18793
18807
18809
18810
18813
18813
18817
18824
18828
18831
18832
18836
18836
18838
18839
18842
18853
18859
18861
18862
18864
18872
18878
18878
18881
18881
18884
18886
18886
18887
18890
18894
18899
18899
18909
18910
18913
18913
18920
18932
18933
18940
18944
18945
18951
18954
18956
18957
18958
18967
18970
18972
18976
18976
18977
18981
18981
18981
18983
18983
18983
18988
18990
18996
18999
18999
19004
19005
19006
19010
19010
19010
19013
19016
19028
19042
19044
19047
19049
19051
19051
19052
19053
19058
19066
19067
19073
19076
19083
19084
19089
19092
19103
19106
19112
19113
19114
19125
19125
19126
19128
19136
19137
19141
19141
19145
19148
19150
19160
19167
19173
19173
19173
19175
19180
19184
19207
19218
19224
19227
19237
19243
19243
19244
19252
19253
19254
19263
19264
19281
19282
19285
19286
19290
19292
19297
19301
19304
19307
19307
19312
19315
19320
19324
19324
19329
19329
19331
19331
19331
19332
19337
19344
19347
19349
19353
19353
19357
19358
19358
19360
19362
19365
19366
19368
19370
19372
19374
19381
19384
19387
19388
19404
19406
19413
19415
19425
19429
19430
19446
19449
19451
19462
19462
19463
19465
19467
19474
19474
19479
19482
19483
19487
19487
19496
19498
19504
19504
19507
19507
19512
19520
19520
19526
19530
19536
19536
19537
19538
19539
19539
19547
19549
19551
19551
19552
19553
19558
19558
19558
19558
19568
19570
19571
19572
19574
19575
19587
19596
19596
19606
19608
19608
19619
19620
19625
19626
19628
19632
19633
19634
19638
19638
19642
19649
19661
19666
19668
19668
19671
19672
19680
19681
19683
19686
19688
19691
19704
19705
19707
19718
19719
19720
19722
19727
19733
19734
19738
19745
19750
19756
19761
19762
19771
19790
19791
19792
19794
19800
19804
19804
19810
19811
19814
19814
19814
19818
19819
19820
19821
19826
19838
19838
19840
19846
19848
19852
19852
19862
19863
19869
19875
19875
19877
19879
19879
19884
19887
19888
19893
19896
19896
19899
19906
19908
19909
19909
19910
19912
19913
19915
19916
19917
19918
19922
19931
19938
19938
19938
19939
19939
19942
19944
19945
19948
19950
19951
19952
19957
19959
19963
19969
19970
19972
19973
19973
19974
19976
19997
20000
20002
20005
20012
20023
20025
20026
20029
20029
20030
20033
20040
20042
20043
20045
20046
20050
20053
20053
20056
20061
20072
20073
20076
20077
20081
20083
20088
20092
20105
20105
20117
20126
20135
20145
20147
20148
20154
20156
20156
20164
20166
20166
20172
20177
20179
20180
20182
20185
20185
20189
20194
20196
20196
20200
20203
20203
20209
20210
20215
20225
20234
20236
20238
20239
20242
20250
20251
20251
20256
20257
20258
20262
20263
20264
20266
20272
20274
20275
20276
20279
20280
20282
20285
20290
20291
20299
20299
20301
20304
20306
20307
20308
20315
20319
20319
20323
20324
20334
20336
20349
20349
20352
20355
20357
20361
20362
20366
20375
20379
20379
20387
20396
20396
20404
20404
20407
20407
20409
20418
20423
20424
20426
20427
20430
20435
20439
20440
20453
20456
20469
20471
20473
20474
20476
20478
20479
20482
20483
20490
20493
20494
20495
20496
20497
20497
20499
20501
20504
20509
20512
20524
20528
20531
20533
20535
20543
20553
20554
20556
20557
20558
20559
20564
20565
20573
20578
20581
20582
20585
20585
20588
20588
20588
20590
20596
20608
20610
20610
20613
20620
20621
20623
20627
20628
20628
20629
20629
20630
20637
20646
20651
20654
20654
20656
20659
20666
20666
20667
20670
20672
20673
20675
20678
20679
20681
20681
20682
20688
20692
20694
20699
20701
20704
20705
20706
20706
20712
20716
20716
20718
20719
20726
20729
20733
20734
20737
20741
20741
20751
20752
20754
20768
20773
20781
20784
20785
20792
20792
20793
20794
20798
20804
20804
20806
20809
20811
20812
20816
20835
20836
20838
20839
20841
20849
20851
20855
20857
20858
20864
20865
20875
20878
20879
20880
20884
20890
20893
20898
20898
20899
20902
20906
20907
20909
20910
20915
20918
20919
20919
20925
20928
20929
20931
20931
20932
20937
20946
20947
20948
20950
20951
20973
20975
20980
20985
20988
20990
20990
20992
20997
20999
21004
21008
21010
21011
21021
21026
21030
21032
21036
21042
21043
21044
21047
21048
21050
21055
21057
21058
21063
21068
21074
21075
21078
21079
21081
21085
21087
21090
21090
21094
21097
21100
21107
21111
21116
21122
21123
21125
21135
21136
21144
21147
21147
21150
21151
21153
21158
21159
21160
21162
21169
21173
21173
21173
21174
21177
21177
21185
21185
21185
21195
21199
21201
21206
21209
21209
21210
21216
21218
21222
21223
21224
21231
21234
21235
21242
21243
21243
21243
21247
21251
21255
21256
21259
21260
21263
21266
21271
21276
21278
21281
21282
21284
21288
21291
21293
21298
21299
21299
21299
21301
21302
21313
21317
21319
21319
21319
21320
21320
21321
21325
21331
21331
21332
21332
21334
21336
21336
21336
21339
21346
21351
21352
21356
21362
21363
21363
21364
21370
21370
21371
21374
21376
21378
21384
21387
21391
21401
21401
21403
21404
21414
21414
21415
21418
21420
21420
21420
21424
21426
21429
21431
21437
21437
21438
21438
21439
21446
21449
21456
21458
21459
21473
21475
21478
21481
21482
21497
21500
21504
21509
21512
21513
21516
21516
21519
21527
21529
21531
21534
21537
21548
21556
21556
21562
21568
21571
21573
21574
21575
21577
21578
21581
21582
21584
21588
21588
21599
21600
21601
21606
21610
21611
21614
21615
21616
21618
21625
21627
21632
21633
21640
21650
21652
21659
21659
21662
21662
21663
21670
21684
21688
21690
21692
21693
21694
21701
21704
21705
21713
21718
21722
21726
21728
21731
21733
21734
21736
21737
21739
21739
21748
21754
21756
21758
21765
21769
21771
21771
21776
21780
21780
21788
21795
21796
21799
21801
21804
21805
21805
21808
21813
21819
21821
21823
21824
21825
21825
21826
21827
21828
21834
21835
21836
21838
21851
21855
21856
21872
21873
21877
21878
21879
21883
21893
21897
21901
21903
21907
21912
21912
21913
21917
21919
21924
21926
21936
21946
21948
21949
21956
21956
21960
21966
21973
21977
21981
21984
21992
21992
21993
21994
21997
21998
22002
22013
22013
22014
22015
22018
22020
22021
22022
22023
22033
22034
22035
22046
22060
22061
22065
22068
22070
22071
22074
22074
22084
22086
22087
22089
22095
22105
22105
22111
22114
22115
22122
22126
22130
22138
22141
22141
22145
22147
22149
22150
22151
22152
22155
22164
22168
22174
22181
22183
22188
22192
22195
22196
22196
22198
22207
22209
22212
22220
22223
22224
22224
22225
22225
22227
22230
22231
22232
22236
22238
22241
22242
22243
22244
22246
22248
22248
22250
22251
22253
22253
22258
22258
22259
22268
22274
22275
22277
22283
22287
22292
22295
22297
22302
22303
22304
22307
22312
22312
22313
22315
22316
22317
22318
22330
22332
22333
22336
22340
22342
22344
22345
22349
22358
22361
22361
22362
22365
22366
22367
22369
22370
22370
22371
22373
22374
22377
22378
22384
22387
22390
22391
22400
22402
22405
22406
22407
22409
22418
22420
22430
22437
22441
22450
22454
22457
22458
22468
22468
22470
22471
22478
22480
22481
22483
22485
22485
22487
22488
22488
22489
22489
22494
22494
22495
22497
22497
22506
22508
22509
22510
22518
22519
22522
22529
22538
22540
22544
22551
22552
22563
22564
22565
22567
22576
22576
22580
22580
22586
22594
22602
22608
22609
22610
22624
22630
22633
22634
22637
22645
22666
22670
22671
22672
22673
22675
22675
22676
22686
22687
22691
22692
22700
22705
22707
22712
22713
22717
22724
22724
22726
22743
22749
22750
22753
22754
22758
22758
22759
22761
22768
22770
22771
22771
22778
22782
22783
22790
22800
22800
22802
22802
22803
22806
22809
22812
22828
22836
22840
22842
22843
22847
22855
22856
22857
22857
22873
22874
22875
22879
22879
22887
22892
22893
22897
22899
22902
22903
22903
22905
22910
22911
22911
22920
22927
22927
22931
22940
22942
22945
22950
22950
22950
22950
22957
22958
22959
22961
22981
22983
22991
22992
22994
22994
23001
23002
23002
23013
23016
23017
23023
23028
23030
23034
23038
23049
23050
23051
23059
23059
23063
23069
23072
23083
23084
23090
23091
23095
23097
23100
23110
23111
23111
23113
23115
23116
23117
23118
23119
23122
23122
23126
23126
23126
23127
23140
23143
23143
23144
23145
23146
23151
23152
23153
23158
23159
23165
23166
23172
23172
23173
23182
23197
23200
23202
23203
23204
23205
23207
23215
23225
23226
23227
23230
23231
23232
23235
23238
23238
23245
23245
23249
23254
23256
23258
23263
23270
23271
23271
23278
23281
23282
23289
23289
23292
23303
23308
23313
23316
23317
23318
23320
23333
23334
23345
23345
23345
23351
23359
23360
23363
23372
23372
23382
23383
23384
23385
23387
23390
23391
23393
23396
23397
23398
23406
23409
23412
23416
23421
23424
23431
23431
23434
23437
23439
23445
23445
23447
23455
23459
23461
23466
23467
23468
23475
23479
23481
23482
23483
23487
23491
23495
23498
23506
23508
23513
23515
23517
23519
23520
23523
23530
23530
23532
23534
23537
23544
23544
23548
23551
23553
23554
23554
23555
23559
23563
23566
23566
23566
23567
23572
23580
23582
23586
23586
23588
23590
23601
23602
23606
23607
23611
23611
23615
23625
23626
23637
23637
23639
23644
23646
23648
23651
23653
23658
23660
23663
23667
23670
23674
23676
23678
23680
23680
23682
23687
23688
23694
23696
23700
23701
23704
23705
23707
23708
23709
23710
23711
23719
23722
23726
23728
23750
23753
23754
23754
23754
23759
23768
23774
23776
23776
23780
23782
23786
23787
23787
23790
23825
23826
23833
23841
23844
23845
23847
23847
23850
23852
23853
23854
23855
23870
23887
23888
23891
23897
23897
23899
23899
23900
23903
23912
23912
23913
23913
23913
23913
23920
23921
23923
23933
23936
23940
23944
23946
23946
23949
23950
23952
23953
23958
23960
23960
23963
23963
23964
23965
23966
23968
23969
23970
23973
23977
23979
23980
23982
23983
23991
23992
23996
24004
24007
24009
24011
24015
24018
24031
24039
24039
24059
24062
24064
24066
24071
24075
24089
24090
24091
24097
24100
24100
24100
24105
24105
24106
24109
24110
24113
24114
24119
24123
24127
24130
24134
24136
24139
24139
24141
24143
24144
24144
24145
24145
24148
24152
24157
24158
24158
24158
24162
24165
24166
24166
24169
24170
24175
24180
24181
24181
24182
24185
24187
24188
24189
24191
24194
24195
24196
24198
24198
24200
24202
24206
24206
24212
24212
24216
24217
24217
24221
24226
24231
24232
24238
24240
24244
24246
24248
24250
24250
24254
24259
24262
24267
24268
24273
24279
24300
24302
24306
24307
24324
24326
24329
24331
24331
24332
24339
24340
24341
24344
24345
24353
24353
24359
24361
24370
24371
24372
24376
24377
24377
24381
24384
24385
24388
24391
24396
24401
24402
24403
24403
24412
24418
24419
24419
24419
24420
24431
24433
24436
24436
24438
24441
24441
24443
24443
24446
24453
24454
24455
24456
24458
24465
24471
24472
24476
24480
24483
24483
24485
24488
24493
24494
24498
24508
24510
24521
24524
24525
24526
24528
24530
24530
24530
24548
24556
24557
24557
24559
24562
24568
24581
24591
24591
24625
24626
24633
24640
24641
24646
24651
24654
24666
24671
24683
24692
24695
24698
24699
24706
24711
24715
24716
24717
24722
24723
24724
24725
24727
24732
24736
24739
24739
24741
24742
24744
24749
24749
24751
24753
24759
24767
24769
24773
24776
24778
24782
24787
24788
24800
24801
24809
24811
24812
24812
24819
24819
24820
24823
24837
24846
24849
24849
24855
24858
24870
24877
24879
24881
24881
24883
24883
24892
24892
24893
24900
24904
24908
24910
24916
24922
24925
24925
24935
24937
24939
24942
24944
24944
24945
24945
24947
24947
24954
24957
24957
24960
24965
24966
24968
24972
24974
24980
24980
24984
24992
24998
25004
25007
25008
25008
25010
25011
25014
25027
25028
25031
25033
25034
25034
25036
25038
25043
25047
25047
25050
25056
25059
25060
25063
25066
25067
25088
25089
25099
25101
25101
25105
25106
25110
25112
25113
25118
25119
25121
25122
25122
25123
25125
25128
25128
25131
25135
25136
25143
25147
25152
25153
25154
25154
25156
25156
25162
25163
25164
25172
25179
25182
25183
25191
25205
25210
25212
25217
25218
25218
25220
25220
25226
25234
25237
25246
25246
25268
25272
25272
25273
25281
25281
25285
25285
25288
25289
25294
25301
25315
25320
25323
25329
25330
25332
25338
25340
25340
25342
25343
25345
25352
25352
25354
25371
25371
25375
25376
25377
25382
25383
25388
25391
25392
25407
25411
25412
25414
25421
25422
25424
25448
25452
25452
25458
25461
25462
25462
25464
25466
25468
25476
25477
25483
25483
25484
25486
25494
25494
25495
25504
25505
25506
25507
25509
25509
25510
25516
25523
25523
25530
25534
25534
25535
25547
25554
25558
25559
25568
25568
25571
25573
25586
25586
25587
25587
25589
25591
25605
25608
25608
25614
25617
25620
25624
25626
25644
25648
25648
25658
25661
25662
25663
25674
25675
25676
25679
25684
25685
25685
25686
25687
25694
25695
25696
25697
25697
25699
25706
25714
25716
25716
25718
25719
25721
25725
25732
25742
25744
25747
25751
25752
25753
25763
25766
25768
25769
25772
25779
25784
25787
25798
25802
25807
25811
25819
25829
25835
25835
25837
25838
25839
25841
25848
25853
25856
25860
25861
25863
25865
25866
25868
25869
25871
25873
25879
25882
25886
25898
25898
25900
25906
25910
25918
25922
25922
25933
25933
25937
25939
25940
25941
25943
25947
25949
25956
25956
25956
25962
25964
25976
25979
25979
25993
25993
25993
25997
25997
26000
26011
26014
26014
26021
26022
26025
26036
26036
26037
26041
26042
26049
26054
26064
26067
26072
26073
26075
26076
26080
26082
26082
26083
26087
26098
26099
26106
26111
26114
26115
26119
26120
26122
26123
26124
26125
26125
26125
26130
26135
26138
26145
26145
26152
26153
26159
26160
26169
26179
26180
26180
26183
26188
26188
26190
26191
26193
26196
26198
26200
26202
26208
26213
26213
26214
26216
26220
26223
26230
26231
26252
26254
26256
26256
26273
26274
26280
26281
26293
26295
26297
26298
26300
26302
26302
26303
26303
26305
26305
26309
26316
26326
26327
26335
26336
26339
26339
26341
26342
26347
26351
26361
26369
26370
26372
26373
26377
26380
26384
26387
26389
26390
26404
26410
26410
26413
26418
26426
26428
26429
26434
26444
26446
26446
26447
26453
26458
26464
26465
26469
26471
26483
26484
26486
26488
26489
26495
26498
26498
26501
26503
26510
26512
26516
26521
26526
26530
26536
26540
26540
26543
26545
26546
26546
26549
26549
26551
26552
26554
26557
26561
26565
26569
26577
26579
26587
26588
26589
26590
26603
26604
26608
26610
26611
26617
26631
26633
26640
26645
26648
26654
26656
26657
26658
26660
26662
26663
26665
26667
26669
26672
26674
26678
26680
26685
26687
26692
26697
26701
26704
26709
26712
26721
26726
26731
26734
26735
26736
26741
26744
26744
26746
26750
26752
26754
26757
26759
26762
26777
26777
26779
26785
26786
26787
26789
26789
26791
26793
26795
26795
26795
26798
26801
26801
26803
26804
26809
26810
26819
26823
26826
26827
26829
26829
26830
26832
26838
26838
26842
26843
26846
26847
26849
26851
26852
26854
26855
26858
26860
26862
26863
26865
26866
26869
26876
26877
26886
26890
26892
26896
26897
26902
26907
26908
26916
26918
26919
26929
26938
26947
26951
26953
26955
26955
26957
26965
26965
26971
26971
26973
26979
26979
26987
26990
26994
27004
27005
27008
27008
27010
27016
27020
27020
27027
27029
27030
27038
27043
27046
27048
27051
27055
27055
27056
27056
27057
27058
27062
27064
27066
27067
27068
27074
27076
27080
27085
27088
27091
27092
27092
27092
27099
27099
27100
27101
27104
27120
27127
27132
27133
27135
27140
27144
27145
27146
27146
27148
27149
27154
27155
27158
27162
27169
27169
27175
27177
27180
27180
27182
27183
27185
27186
27186
27188
27189
27196
27199
27204
27204
27208
27211
27211
27211
27215
27218
27221
27221
27226
27228
27229
27234
27236
27236
27239
27244
27244
27246
27246
27251
27258
27260
27260
27264
27265
27277
27280
27284
27292
27294
27302
27310
27311
27314
27315
27319
27327
27330
27332
27337
27338
27343
27344
27345
27348
27350
27358
27364
27367
27371
27372
27377
27379
27380
27380
27381
27382
27382
27384
27385
27392
27393
27395
27396
27398
27400
27404
27405
27406
27409
27412
27416
27416
27418
27419
27420
27423
27425
27429
27436
27451
27456
27463
27468
27468
27469
27474
27475
27476
27478
27478
27482
27490
27496
27498
27502
27503
27503
27505
27507
27508
27512
27514
27518
27524
27525
27532
27536
27540
27546
27548
27548
27556
27557
27557
27559
27561
27570
27570
27571
27572
27573
27574
27584
27586
27588
27591
27591
27594
27596
27596
27600
27601
27603
27604
27607
27609
27611
27612
27615
27615
27617
27618
27632
27632
27636
27637
27638
27638
27640
27644
27644
27645
27645
27647
27648
27650
27651
27656
27658
27666
27669
27671
27675
27676
27677
27678
27679
27682
27685
27689
27692
27702
27713
27728
27728
27729
27729
27730
27732
27737
27737
27737
27738
27742
27744
27745
27747
27748
27748
27754
27755
27758
27760
27760
27762
27763
27764
27767
27769
27778
27784
27785
27790
27793
27793
27796
27803
27808
27816
27816
27818
27821
27822
27827
27827
27830
27837
27841
27844
27845
27848
27849
27857
27862
27866
27868
27872
27873
27877
27878
27883
27887
27891
27892
27894
27896
27900
27902
27906
27907
27912
27914
27916
27918
27921
27922
27924
27925
27931
27934
27935
27940
27946
27946
27946
27948
27954
27956
27957
27958
27963
27965
27966
27972
27973
27973
27980
27984
27989
27990
27992
27993
27995
28000
28005
28008
28013
28015
28017
28018
28019
28023
28025
28026
28028
28028
28038
28043
28043
28045
28045
28048
28048
28055
28056
28057
28058
28062
28066
28071
28072
28073
28074
28081
28090
28091
28092
28097
28099
28102
28111
28113
28113
28122
28128
28151
28153
28154
28157
28164
28166
28167
28168
28168
28171
28171
28178
28179
28180
28182
28188
28191
28191
28194
28196
28196
28199
28204
28205
28211
28212
28214
28224
28230
28233
28233
28234
28237
28239
28243
28247
28249
28255
28255
28259
28261
28266
28268
28276
28280
28285
28291
28291
28293
28296
28298
28305
28311
28312
28314
28315
28316
28317
28318
28321
28325
28333
28337
28343
28344
28352
28352
28362
28366
28370
28370
28371
28371
28376
28378
28382
28384
28385
28390
28396
28397
28401
28405
28407
28422
28426
28427
28434
28435
28437
28438
28439
28452
28454
28458
28459
28463
28463
28464
28471
28475
28477
28482
28489
28493
28493
28494
28496
28496
28497
28499
28501
28506
28512
28519
28522
28525
28531
28532
28532
28534
28535
28549
28552
28552
28560
28560
28564
28564
28565
28568
28577
28584
28585
28588
28595
28599
28603
28603
28605
28605
28606
28612
28618
28622
28625
28626
28627
28630
28634
28643
28655
28655
28662
28704
28707
28712
28715
28718
28721
28724
28731
28731
28734
28734
28735
28737
28738
28745
28752
28752
28753
28755
28765
28766
28769
28771
28775
28776
28780
28783
28784
28785
28785
28787
28788
28793
28799
28804
28807
28811
28814
28814
28816
28820
28824
28825
28826
28830
28833
28835
28837
28839
28841
28842
28842
28843
28845
28848
28848
28848
28850
28851
28851
28855
28857
28858
28859
28859
28861
28862
28863
28865
28867
28873
28873
28875
28876
28880
28881
28881
28883
28893
28894
28899
28903
28907
28909
28911
28932
28938
28941
28943
28945
28947
28948
28949
28956
28957
28962
28963
28963
28973
28975
28975
28979
28987
28993
28999
28999
29001
29004
29006
29006
29016
29021
29027
29035
29041
29044
29051
29051
29052
29054
29056
29065
29067
29068
29074
29076
29086
29087
29088
29092
29093
29096
29096
29100
29110
29116
29120
29124
29130
29132
29140
29147
29147
29148
29161
29163
29168
29168
29169
29170
29177
29187
29187
29189
29190
29191
29198
29199
29209
29210
29220
29220
29222
29225
29230
29231
29238
29244
29251
29251
29254
29255
29261
29262
29262
29270
29272
29272
29272
29275
29275
29276
29285
29286
29292
29295
29298
29301
29303
29310
29311
29312
29314
29316
29321
29322
29322
29330
29333
29336
29344
29346
29347
29348
29349
29350
29357
29358
29361
29362
29367
29375
29376
29376
29377
29381
29385
29394
29397
29399
29399
29400
29404
29405
29411
29412
29414
29416
29417
29418
29420
29422
29424
29424
29431
29456
29457
29461
29467
29470
29480
29488
29488
29493
29494
29500
29500
29502
29505
29505
29508
29512
29513
29514
29517
29518
29519
29521
29527
29530
29535
29535
29542
29546
29547
29549
29568
29572
29588
29590
29590
29592
29596
29597
29601
29609
29612
29612
29614
29621
29621
29629
29633
29636
29638
29639
29641
29646
29650
29651
29653
29653
29660
29660
29662
29663
29665
29674
29677
29683
29696
29705
29707
29711
29716
29725
29727
29730
29746
29751
29754
29772
29773
29775
29775
29776
29777
29778
29780
29781
29781
29789
29790
29794
29802
29806
29809
29814
29815
29819
29823
29823
29830
29831
29831
29835
29835
29840
29842
29844
29851
29856
29860
29861
29862
29868
29872
29872
29874
29878
29885
29888
29891
29896
29899
29900
29905
29909
29909
29910
29911
29915
29919
29923
29928
29932
29933
29947
29947
29949
29950
29955
29957
29957
29959
29962
29962
29966
29966
29968
29975
29977
29979
29981
29982
29986
29988
30000
30002
30002
30005
30008
30010
30017
30018
30020
30026
30026
30028
30029
30031
30033
30043
30043
30046
30051
30052
30053
30062
30063
30066
30067
30073
30076
30078
30082
30084
30086
30091
30099
30104
30110
30111
30112
30115
30115
30116
30119
30122
30125
30128
30129
30130
30134
30138
30141
30147
30149
30156
30168
30169
30182
30183
30184
30188
30188
30197
30199
30201
30202
30205
30208
30216
30217
30219
30219
30221
30223
30225
30227
30227
30229
30230
30244
30244
30246
30247
30250
30251
30251
30253
30255
30255
30257
30261
30261
30262
30263
30263
30264
30268
30272
30276
30288
30295
30299
30303
30304
30305
30313
30313
30313
30314
30317
30318
30318
30322
30322
30323
30332
30334
30337
30342
30345
30347
30347
30348
30352
30354
30355
30356
30356
30357
30358
30359
30360
30362
30379
30387
30388
30389
30391
30399
30402
30404
30404
30405
30409
30409
30411
30411
30413
30415
30416
30417
30417
30427
30432
30433
30439
30439
30444
30444
30447
30449
30450
30451
30455
30457
30463
30466
30467
30467
30467
30469
30471
30478
30480
30484
30495
30501
30502
30508
30519
30521
30530
30531
30545
30545
30547
30550
30552
30554
30555
30556
30556
30562
30563
30564
30565
30576
30578
30582
30582
30584
30585
30602
30604
30607
30620
30623
30625
30627
30628
30630
30631
30647
30648
30652
30666
30668
30668
30670
30671
30676
30683
30684
30684
30687
30688
30692
30693
30693
30696
30699
30704
30707
30713
30714
30717
30722
30724
30728
30728
30729
30737
30749
30750
30750
30751
30752
30755
30766
30771
30774
30779
30781
30784
30785
30789
30794
30802
30806
30811
30811
30815
30820
30821
30823
30826
30826
30828
30835
30842
30851
30852
30858
30863
30867
30874
30877
30877
30877
30883
30886
30887
30891
30893
30893
30900
30902
30903
30905
30913
30913
30917
30921
30922
30925
30931
30938
30949
30953
30954
30963
30966
30970
30972
30975
30977
30979
30986
30992
30994
30995
30997
31005
31009
31013
31025
31029
31032
31034
31037
31040
31043
31044
31049
31055
31055
31060
31062
31064
31065
31065
31071
31074
31081
31081
31082
31084
31085
31087
31093
31094
31100
31105
31107
31109
31109
31109
31110
31110
31113
31113
31118
31120
31122
31123
31124
31125
31132
31135
31139
31142
31144
31150
31152
31156
31167
31170
31174
31184
31184
31189
31189
31189
31191
31195
31197
31204
31208
31217
31220
31221
31223
31224
31225
31225
31225
31228
31236
31239
31243
31243
31252
31255
31258
31259
31260
31260
31262
31264
31265
31265
31266
31267
31273
31273
31275
31277
31282
31283
31284
31285
31285
31286
31291
31291
31294
31296
31302
31304
31306
31309
31310
31312
31314
31316
31317
31317
31318
31319
31321
31321
31322
31330
31334
31335
31341
31341
31345
31348
31348
31350
31355
31367
31370
31372
31375
31375
31376
31377
31378
31379
31381
31386
31390
31394
31403
31405
31413
31415
31415
31419
31420
31422
31424
31433
31439
31444
31445
31446
31452
31452
31454
31459
31460
31463
31466
31471
31475
31479
31483
31484
31484
31487
31487
31495
31497
31497
31515
31516
31518
31520
31522
31522
31522
31527
31530
31531
31532
31542
31543
31543
31545
31547
31551
31551
31551
31563
31566
31574
31574
31586
31589
31594
31597
31606
31608
31621
31623
31632
31633
31637
31639
31640
31642
31648
31651
31651
31652
31652
31655
31656
31659
31660
31663
31666
31669
31672
31675
31683
31685
31686
31687
31687
31689
31690
31695
31702
31708
31710
31715
31721
31721
31721
31723
31729
31730
31736
31740
31742
31745
31751
31754
31756
31758
31763
31764
31767
31768
31769
31771
31780
31781
31785
31785
31788
31791
31797
31797
31798
31799
31802
31803
31807
31811
31813
31814
31814
31819
31820
31832
31842
31843
31845
31847
31849
31852
31853
31857
31860
31862
31863
31864
31871
31871
31873
31874
31877
31881
31885
31888
31889
31891
31892
31893
31897
31899
31900
31900
31900
31903
31904
31904
31905
31906
31909
31911
31913
31916
31920
31920
31930
31930
31937
31939
31941
31941
31944
31958
31968
31970
31979
31983
31995
31995
31996
31996
32002
32004
32007
32008
32015
32015
32023
32023
32024
32026
32026
32034
32036
32037
32038
32040
32041
32041
32042
32042
32051
32054
32060
32066
32068
32068
32068
32069
32073
32076
32077
32081
32082
32084
32092
32093
32095
32096
32104
32110
32110
32119
32120
32121
32124
32128
32128
32131
32132
32133
32142
32145
32149
32151
32154
32169
32170
32171
32176
32180
32186
32187
32193
32194
32197
32197
32198
32198
32200
32201
32201
32210
32211
32212
32216
32218
32221
32223
32224
32225
32247
32248
32248
32251
32255
32256
32263
32272
32274
32279
32281
32284
32291
32292
32295
32299
32303
32309
32314
32315
32317
32322
32322
32322
32336
32347
32354
32355
32357
32359
32361
32367
32367
32378
32379
32382
32384
32387
32394
32396
32397
32399
32402
32405
32407
32407
32409
32415
32415
32418
32418
32420
32424
32429
32429
32432
32439
32441
32447
32450
32452
32466
32466
32470
32476
32477
32479
32481
32493
32493
32496
32497
32498
32498
32503
32503
32506
32508
32511
32512
32513
32515
32517
32520
32522
32522
32526
32530
32541
32543
32543
32543
32545
32559
32564
32564
32565
32565
32568
32568
32572
32586
32586
32593
32594
32598
32598
32601
32606
32606
32606
32607
32608
32613
32620
32622
32628
32628
32641
32646
32653
32655
32656
32658
32659
32662
32663
32664
32670
32673
32675
32678
32681
32685
32690
32691
32699
32709
32716
32719
32720
32722
32722
32724
32735
32740
32750
32752
32757
32759
32760
