3
3
4
5
9
9
12
17
22
23
25
30
38
42
44
46
47
51
59
62
63
66
68
68
70
71
74
79
81
84
85
85
90
92
93
97
99
104
107
116
122
122
123
124
126
127
134
134
135
139
139
140
153
155
157
158
161
167
167
168
171
175
179
179
180
181
187
187
188
194
197
197
203
203
206
211
223
228
230
235
240
241
242
243
243
250
250
257
257
257
258
264
265
266
271
273
280
287
290
291
295
297
297
297
299
300
303
309
312
315
316
320
321
324
331
337
338
340
342
344
344
357
358
360
368
369
369
372
391
394
395
396
398
401
404
406
406
411
412
413
415
416
417
421
421
422
426
429
429
437
441
441
447
449
458
461
463
467
480
480
482
483
488
492
493
496
500
503
507
511
514
521
524
528
531
532
532
534
536
549
549
557
563
566
599
608
608
610
612
612
615
616
618
628
632
634
636
637
638
643
650
656
658
659
661
667
668
670
679
679
680
680
686
686
687
690
706
713
714
715
717
722
722
723
726
732
735
736
740
743
743
745
745
746
747
749
752
752
753
753
754
754
756
763
765
766
773
774
776
780
783
786
786
790
801
806
817
819
820
824
825
825
835
840
842
846
851
852
854
856
861
862
867
868
870
871
872
873
874
875
876
877
883
885
886
886
887
896
899
907
908
915
919
925
927
927
927
928
930
933
934
935
942
942
943
949
949
957
958
964
965
968
972
972
973
975
977
979
980
980
983
984
985
986
987
992
992
993
995
995
1002
1004
1004
1005
1007
1013
1013
1014
1024
1027
1029
1041
1047
1052
1056
1065
1072
1072
1073
1074
1075
1076
1079
1080
1080
1087
1089
1090
1092
1097
1102
1105
1108
1119
1121
1123
1137
1141
1143
1144
1145
1145
1146
1148
1148
1149
1151
1151
1152
1153
1155
1157
1161
1165
1177
1182
1184
1188
1191
1193
1194
1195
1208
1210
1212
1216
1220
1220
1227
1229
1229
1235
1243
1249
1249
1250
1255
1257
1257
1258
1259
1259
1268
1273
1276
1277
1278
1278
1280
1281
1281
1282
1286
1291
1292
1295
1299
1306
1307
1311
1314
1316
1318
1322
1323
1331
1332
1337
1341
1352
1371
1372
1377
1377
1385
1392
1393
1393
1393
1405
1406
1407
1413
1413
1418
1420
1423
1424
1424
1425
1428
1431
1432
1433
1434
1437
1439
1440
1441
1444
1448
1455
1459
1459
1460
1463
1469
1476
1482
1482
1484
1489
1495
1501
1501
1502
1508
1511
1511
1512
1513
1521
1523
1526
1529
1530
1532
1544
1546
1546
1552
1553
1554
1556
1558
1559
1569
1586
1589
1593
1595
1595
1600
1600
1602
1604
1608
1608
1611
1613
1615
1616
1621
1622
1622
1624
1625
1626
1627
1628
1633
1634
1641
1655
1658
1663
1667
1668
1674
1678
1679
1679
1682
1682
1686
1686
1690
1694
1695
1698
1699
1699
1699
1700
1701
1704
1712
1713
1715
1718
1718
1722
1722
1722
1726
1730
1731
1736
1737
1739
1741
1741
1745
1745
1746
1748
1750
1751
1759
1761
1762
1769
1771
1772
1775
1777
1777
1778
1779
1785
1786
1790
1792
1794
1795
1799
1803
1805
1807
1812
1816
1819
1826
1833
1835
1838
1846
1847
1854
1854
1855
1859
1866
1870
1873
1875
1877
1878
1881
1881
1889
1896
1898
1901
1903
1906
1907
1912
1929
1929
1932
1934
1935
1936
1936
1941
1963
1965
1969
1971
1981
1983
1988
1993
1999
2001
2002
2003
2004
2012
2014
2014
2018
2019
2022
2026
2030
2037
2037
2038
2042
2046
2048
2049
2050
2053
2054
2055
2057
2062
2065
2066
2074
2081
2083
2083
2088
2088
2089
2091
2092
2095
2099
2102
2105
2107
2109
2119
2123
2129
2130
2131
2131
2133
2135
2137
2138
2142
2143
2143
2153
2157
2160
2167
2168
2183
2187
2188
2208
2215
2221
2222
2223
2223
2224
2224
2225
2226
2227
2227
2241
2241
2252
2252
2253
2254
2256
2258
2260
2261
2263
2268
2276
2276
2277
2283
2285
2287
2288
2288
2292
2295
2297
2300
2305
2307
2309
2314
2316
2319
2324
2324
2324
2325
2326
2331
2337
2343
2349
2350
2355
2358
2359
2361
2366
2367
2369
2378
2386
2395
2398
2404
2411
2412
2431
2443
2447
2451
2455
2466
2467
2470
2475
2476
2479
2480
2502
2503
2506
2511
2511
2511
2516
2519
2528
2538
2540
2540
2545
2550
2553
2555
2557
2563
2567
2568
2571
2578
2582
2586
2588
2595
2595
2597
2598
2600
2601
2602
2610
2619
2623
2627
2630
2632
2633
2637
2638
2659
2660
2665
2668
2668
2671
2675
2676
2686
2687
2688
2690
2691
2692
2695
2697
2699
2702
2704
2706
2711
2713
2716
2717
2720
2725
2729
2741
2742
2747
2753
2755
2756
2768
2778
2778
2781
2792
2802
2811
2816
2825
2832
2832
2833
2841
2851
2854
2856
2860
2860
2863
2868
2873
2877
2878
2878
2881
2882
2882
2886
2888
2891
2891
2892
2898
2905
2906
2907
2909
2911
2918
2922
2922
2922
2923
2927
2928
2939
2941
2943
2944
2946
2947
2948
2949
2958
2958
2966
2970
2976
2979
2980
2982
2988
2989
2996
3000
3002
3017
3019
3020
3022
3023
3026
3035
3039
3041
3042
3043
3045
3048
3051
3053
3053
3059
3061
3064
3088
3091
3095
3096
3096
3099
3100
3101
3109
3111
3114
3121
3125
3126
3126
3126
3131
3133
3134
3139
3141
3147
3151
3154
3163
3165
3172
3174
3179
3180
3180
3184
3186
3190
3191
3198
3204
3216
3216
3218
3219
3220
3227
3227
3228
3229
3231
3232
3235
3243
3246
3250
3261
3272
3272
3273
3280
3282
3286
3292
3294
3305
3306
3307
3307
3313
3313
3316
3319
3322
3322
3324
3325
3326
3328
3330
3331
3331
3331
3333
3337
3340
3341
3342
3345
3347
3349
3352
3352
3358
3362
3366
3371
3373
3380
3381
3386
3389
3398
3401
3403
3407
3413
3417
3420
3424
3425
3436
3438
3439
3439
3440
3445
3448
3448
3449
3454
3455
3461
3463
3463
3465
3466
3467
3468
3472
3473
3481
3484
3490
3493
3502
3506
3509
3511
3515
3521
3525
3529
3531
3536
3538
3539
3541
3546
3547
3551
3552
3556
3557
3558
3562
3563
3564
3566
3568
3570
3571
3575
3581
3582
3583
3583
3584
3591
3603
3605
3608
3609
3611
3614
3619
3621
3624
3625
3631
3633
3635
3640
3644
3646
3648
3649
3663
3672
3676
3687
3689
3692
3696
3699
3712
3714
3719
3724
3726
3727
3729
3734
3740
3748
3749
3759
3761
3766
3768
3772
3774
3777
3782
3784
3787
3788
3797
3797
3802
3805
3810
3811
3812
3815
3824
3829
3834
3838
3841
3841
3847
3848
3851
3861
3861
3867
3869
3873
3876
3879
3881
3887
3888
3891
3891
3898
3899
3900
3901
3903
3904
3905
3909
3911
3912
3913
3915
3918
3919
3924
3927
3927
3928
3930
3932
3932
3934
3936
3941
3943
3948
3953
3954
3957
3959
3959
3969
3973
3973
3977
3979
3981
3988
3993
3995
4003
4006
4007
4009
4009
4009
4018
4023
4026
4032
4032
4033
4035
4044
4046
4060
4061
4064
4073
4073
4076
4083
4087
4093
4102
4109
4119
4123
4125
4127
4128
4129
4131
4132
4138
4138
4143
4147
4149
4150
4172
4177
4180
4181
4185
4191
4191
4192
4192
4193
4193
4203
4218
4220
4224
4224
4229
4230
4230
4231
4232
4233
4238
4238
4251
4255
4258
4260
4262
4262
4264
4267
4267
4270
4270
4273
4273
4273
4274
4277
4279
4281
4281
4284
4286
4289
4292
4297
4299
4300
4301
4302
4303
4303
4305
4305
4313
4315
4316
4316
4318
4318
4328
4334
4339
4342
4344
4367
4367
4368
4369
4371
4374
4377
4382
4384
4385
4390
4393
4397
4405
4406
4407
4409
4418
4423
4424
4426
4431
4433
4436
4436
4437
4441
4445
4445
4447
4449
4452
4455
4459
4463
4467
4468
4472
4472
4475
4476
4477
4482
4491
4492
4492
4493
4500
4502
4504
4508
4510
4510
4513
4513
4514
4516
4516
4516
4526
4526
4529
4532
4540
4540
4544
4553
4554
4564
4565
4566
4567
4568
4574
4580
4584
4586
4588
4589
4591
4603
4603
4605
4607
4613
4615
4618
4620
4622
4628
4634
4636
4640
4648
4650
4660
4661
4668
4675
4677
4681
4681
4683
4686
4691
4694
4696
4697
4705
4706
4706
4708
4711
4714
4719
4719
4723
4726
4727
4733
4735
4741
4742
4743
4748
4752
4757
4758
4764
4768
4774
4774
4778
4783
4786
4789
4791
4792
4792
4796
4799
4804
4804
4804
4805
4808
4808
4809
4809
4811
4818
4822
4823
4824
4828
4831
4831
4831
4834
4840
4841
4843
4844
4846
4848
4849
4854
4859
4862
4863
4869
4869
4870
4870
4871
4873
4874
4876
4881
4881
4884
4885
4893
4893
4895
4897
4897
4897
4897
4903
4911
4911
4918
4921
4923
4923
4923
4925
4925
4936
4940
4942
4943
4956
4956
4961
4965
4967
4968
4968
4974
4976
4979
4980
4988
4993
4999
5004
5005
5006
5006
5012
5013
5013
5014
5016
5025
5029
5029
5032
5037
5044
5047
5048
5052
5052
5052
5052
5052
5054
5058
5061
5062
5065
5066
5067
5070
5072
5075
5078
5079
5081
5088
5092
5094
5096
5096
5098
5099
5106
5117
5119
5119
5122
5124
5124
5126
5126
5126
5129
5130
5131
5137
5147
5150
5151
5151
5156
5158
5162
5162
5163
5169
5170
5178
5193
5194
5196
5197
5202
5203
5205
5206
5207
5208
5211
5211
5212
5222
5223
5229
5237
5241
5242
5245
5251
5263
5267
5269
5270
5273
5274
5276
5277
5279
5284
5284
5293
5300
5302
5305
5307
5309
5313
5318
5322
5329
5330
5330
5335
5337
5337
5337
5342
5347
5354
5357
5362
5363
5364
5364
5370
5374
5378
5380
5381
5381
5382
5382
5384
5387
5387
5392
5396
5399
5400
5403
5403
5405
5415
5417
5419
5419
5421
5422
5425
5425
5426
5432
5435
5439
5444
5446
5448
5449
5451
5454
5457
5458
5461
5463
5466
5480
5482
5482
5483
5486
5491
5498
5499
5503
5513
5515
5517
5520
5520
5523
5531
5533
5534
5538
5538
5539
5543
5544
5549
5553
5554
5555
5563
5570
5570
5572
5572
5573
5575
5577
5577
5582
5584
5584
5584
5585
5587
5593
5593
5598
5609
5609
5610
5617
5617
5623
5626
5627
5628
5636
5639
5641
5643
5644
5651
5656
5656
5658
5662
5664
5665
5666
5668
5674
5677
5680
5681
5683
5684
5685
5690
5690
5692
5707
5714
5714
5717
5725
5726
5729
5730
5732
5732
5734
5736
5751
5752
5760
5760
5762
5763
5766
5766
5767
5767
5769
5779
5783
5784
5789
5792
5796
5797
5800
5804
5806
5817
5822
5829
5834
5839
5840
5841
5841
5845
5845
5846
5847
5848
5848
5849
5853
5855
5861
5863
5863
5864
5872
5872
5874
5875
5879
5879
5879
5880
5886
5886
5888
5891
5892
5903
5908
5915
5921
5927
5928
5928
5931
5936
5944
5945
5954
5956
5960
5965
5968
5982
5982
5983
5986
5988
5989
5989
5989
5990
5991
5995
6004
6006
6008
6023
6024
6026
6040
6042
6043
6052
6054
6054
6056
6064
6064
6065
6066
6070
6074
6080
6081
6083
6085
6097
6099
6102
6102
6104
6106
6111
6113
6118
6121
6125
6131
6132
6135
6135
6136
6137
6137
6140
6142
6145
6152
6153
6154
6158
6159
6160
6161
6163
6164
6169
6174
6181
6182
6182
6189
6194
6201
6202
6205
6207
6209
6213
6216
6218
6221
6231
6232
6233
6236
6241
6242
6244
6244
6246
6247
6247
6249
6250
6256
6262
6273
6292
6292
6292
6295
6297
6297
6297
6298
6302
6305
6306
6315
6320
6322
6331
6334
6336
6337
6337
6347
6349
6353
6373
6375
6381
6395
6397
6399
6399
6405
6405
6408
6409
6410
6414
6419
6420
6424
6434
6439
6440
6445
6447
6453
6456
6459
6462
6463
6469
6470
6471
6478
6486
6492
6493
6494
6500
6502
6503
6508
6513
6513
6514
6515
6520
6528
6530
6531
6532
6536
6537
6543
6545
6547
6547
6550
6556
6556
6556
6559
6560
6572
6574
6575
6579
6579
6581
6584
6584
6587
6588
6593
6594
6599
6607
6611
6612
6614
6619
6621
6623
6631
6634
6636
6637
6638
6638
6640
6640
6646
6656
6658
6661
6671
6672
6679
6679
6682
6682
6682
6687
6708
6712
6713
6720
6721
6722
6726
6726
6727
6731
6732
6742
6742
6744
6745
6745
6750
6754
6757
6760
6760
6765
6781
6786
6786
6787
6800
6803
6804
6808
6812
6815
6815
6816
6822
6825
6831
6834
6836
6842
6842
6848
6849
6850
6850
6850
6856
6862
6868
6871
6878
6881
6884
6886
6888
6889
6896
6897
6904
6907
6910
6919
6928
6933
6943
6948
6948
6951
6952
6957
6957
6960
6961
6964
6964
6965
6965
6971
6977
6979
6981
6983
6984
6989
6990
6992
6996
6997
6998
7000
7002
7002
7004
7010
7011
7015
7020
7021
7021
7028
7033
7034
7036
7044
7046
7046
7046
7051
7051
7058
7060
7062
7064
7066
7077
7077
7087
7093
7093
7101
7102
7114
7117
7119
7123
7123
7125
7130
7137
7142
7145
7148
7148
7149
7156
7158
7171
7174
7175
7175
7175
7179
7182
7182
7184
7185
7188
7203
7203
7203
7204
7205
7207
7209
7212
7218
7218
7223
7227
7233
7235
7238
7238
7242
7242
7244
7244
7246
7248
7253
7257
7257
7259
7262
7263
7265
7272
7273
7274
7274
7275
7278
7279
7280
7281
7282
7282
7283
7284
7285
7287
7287
7291
7291
7294
7299
7301
7306
7308
7314
7316
7317
7321
7321
7323
7329
7335
7337
7338
7339
7339
7341
7341
7342
7343
7349
7353
7356
7359
7362
7362
7363
7367
7379
7380
7383
7385
7388
7390
7392
7398
7399
7400
7402
7406
7408
7413
7414
7420
7420
7421
7424
7424
7428
7431
7431
7432
7436
7438
7442
7443
7443
7443
7447
7453
7465
7474
7476
7485
7486
7488
7495
7498
7499
7502
7508
7508
7512
7517
7519
7525
7541
7542
7543
7551
7555
7558
7563
7565
7565
7568
7569
7573
7576
7579
7588
7588
7592
7593
7596
7600
7601
7612
7616
7616
7616
7617
7620
7623
7624
7628
7630
7635
7637
7639
7640
7642
7648
7650
7654
7661
7672
7673
7679
7681
7681
7685
7690
7691
7696
7699
7701
7704
7709
7709
7711
7714
7719
7720
7735
7737
7745
7751
7754
7762
7765
7769
7772
7773
7778
7780
7782
7783
7790
7792
7792
7801
7805
7808
7808
7809
7814
7819
7819
7821
7827
7833
7836
7837
7839
7845
7849
7851
7851
7855
7858
7859
7861
7869
7871
7877
7878
7879
7879
7880
7884
7889
7891
7892
7894
7895
7903
7904
7908
7911
7912
7921
7928
7933
7933
7934
7935
7939
7941
7944
7945
7948
7950
7952
7953
7954
7956
7969
7970
7999
8002
8009
8023
8030
8030
8030
8038
8042
8044
8046
8047
8047
8050
8052
8056
8058
8060
8062
8062
8064
8066
8070
8075
8075
8080
8085
8085
8090
8091
8091
8092
8093
8094
8103
8113
8115
8118
8122
8129
8130
8131
8138
8155
8157
8164
8164
8164
8172
8176
8185
8185
8188
8192
8193
8196
8198
8200
8203
8208
8211
8212
8212
8213
8216
8217
8218
8219
8222
8223
8225
8226
8232
8237
8241
8242
8248
8252
8254
8258
8258
8260
8262
8263
8264
8266
8268
8269
8270
8271
8274
8275
8276
8277
8288
8301
8302
8302
8303
8307
8308
8310
8310
8313
8317
8319
8325
8326
8327
8339
8339
8348
8350
8353
8353
8354
8355
8360
8361
8363
8367
8371
8374
8374
8377
8378
8381
8381
8389
8394
8395
8396
8397
8403
8404
8408
8410
8411
8411
8415
8416
8425
8431
8433
8437
8438
8440
8443
8446
8447
8455
8463
8467
8470
8471
8472
8479
8481
8482
8494
8496
8496
8496
8507
8509
8514
8518
8528
8530
8539
8540
8543
8545
8548
8550
8551
8557
8558
8565
8567
8570
8575
8579
8588
8591
8591
8599
8599
8604
8611
8619
8620
8629
8631
8632
8640
8642
8643
8646
8646
8652
8655
8664
8671
8672
8678
8682
8683
8697
8699
8700
8702
8705
8708
8712
8714
8715
8724
8732
8734
8736
8736
8742
8745
8746
8746
8755
8762
8764
8768
8769
8782
8788
8791
8792
8795
8796
8798
8804
8805
8805
8807
8812
8820
8826
8831
8832
8833
8833
8837
8838
8840
8843
8845
8849
8851
8852
8854
8855
8856
8861
8865
8868
8870
8878
8884
8885
8889
8894
8897
8902
8906
8908
8914
8921
8922
8923
8925
8932
8933
8944
8946
8949
8952
8956
8957
8966
8968
8969
8971
8984
8985
8985
8990
8995
8996
8998
8999
9001
9002
9004
9005
9009
9010
9016
9016
9021
9025
9027
9027
9030
9035
9039
9045
9056
9057
9061
9074
9076
9081
9083
9084
9088
9089
9089
9096
9098
9106
9106
9112
9112
9114
9115
9118
9119
9120
9123
9124
9124
9125
9133
9133
9140
9141
9142
9145
9150
9162
9164
9165
9171
9176
9179
9182
9183
9191
9197
9202
9206
9206
9206
9208
9208
9209
9209
9210
9222
9226
9229
9232
9234
9242
9246
9247
9253
9254
9255
9259
9261
9266
9268
9270
9279
9285
9285
9285
9286
9287
9288
9288
9289
9290
9296
9299
9304
9306
9314
9319
9323
9325
9328
9329
9331
9332
9339
9343
9350
9350
9351
9352
9353
9354
9356
9358
9359
9361
9362
9365
9380
9384
9388
9388
9390
9391
9393
9394
9396
9396
9397
9400
9402
9406
9410
9414
9421
9426
9426
9431
9432
9432
9433
9434
9434
9438
9440
9444
9445
9445
9448
9450
9451
9452
9455
9469
9473
9475
9475
9476
9479
9484
9494
9500
9504
9505
9512
9525
9531
9533
9535
9536
9544
9549
9561
9565
9571
9575
9575
9576
9577
9577
9583
9594
9596
9597
9598
9601
9604
9609
9610
9611
9615
9616
9619
9623
9629
9630
9631
9634
9636
9638
9638
9639
9643
9644
9649
9653
9655
9658
9666
9669
9674
9675
9676
9676
9686
9686
9690
9690
9692
9699
9700
9709
9709
9712
9717
9718
9726
9743
9744
9745
9753
9758
9760
9762
9762
9767
9772
9774
9785
9785
9786
9793
9799
9802
9808
9810
9813
9814
9815
9818
9818
9820
9821
9822
9826
9827
9835
9842
9846
9848
9850
9851
9854
9855
9861
9864
9867
9872
9875
9879
9887
9889
9890
9893
9899
9899
9900
9902
9902
9911
9912
9915
9919
9926
9927
9927
9931
9932
9936
9939
9945
9951
9953
9958
9959
9962
9968
9978
9979
9980
9981
9983
9987
9987
9988
9991
9995
10000
10001
10010
10011
10012
10013
10016
10022
10030
10035
10039
10041
10043
10045
10049
10053
10054
10056
10057
10057
10058
10068
10069
10077
10084
10084
10085
10086
10086
10087
10087
10090
10091
10091
10096
10096
10098
10100
10100
10102
10104
10105
10107
10115
10116
10116
10117
10117
10117
10119
10120
10120
10124
10131
10133
10133
10136
10137
10138
10140
10141
10143
10149
10155
10162
10167
10167
10172
10177
10178
10181
10185
10185
10187
10193
10201
10201
10202
10205
10207
10221
10222
10227
10232
10236
10237
10239
10241
10245
10251
10254
10258
10263
10268
10270
10274
10281
10281
10284
10284
10285
10288
10290
10293
10294
10296
10298
10307
10307
10308
10311
10316
10319
10319
10325
10325
10327
10327
10331
10333
10338
10341
10342
10349
10354
10355
10367
10369
10370
10372
10373
10374
10383
10388
10389
10389
10398
10399
10399
10401
10409
10415
10425
10425
10438
10443
10448
10448
10449
10452
10453
10455
10459
10464
10464
10467
10470
10475
10479
10479
10482
10483
10486
10491
10497
10497
10506
10515
10517
10522
10526
10529
10533
10538
10541
10542
10546
10552
10554
10554
10555
10556
10559
10569
10574
10575
10579
10579
10581
10582
10594
10597
10602
10605
10612
10614
10616
10620
10622
10641
10647
10648
10650
10653
10655
10660
10661
10665
10666
10671
10672
10673
10680
10680
10682
10686
10695
10697
10698
10703
10706
10706
10711
10714
10720
10723
10728
10730
10731
10731
10745
10756
10764
10769
10772
10775
10778
10778
10781
10783
10786
10787
10793
10801
10807
10814
10817
10818
10821
10822
10828
10834
10844
10845
10846
10849
10850
10859
10862
10865
10868
10869
10870
10873
10875
10875
10881
10883
10885
10887
10892
10893
10895
10895
10898
10910
10915
10919
10920
10923
10924
10927
10933
10936
10940
10944
10945
10950
10954
10956
10957
10959
10960
10963
10969
10971
10975
10982
10985
10985
10987
10988
10988
10988
10997
11002
11005
11010
11013
11032
11034
11036
11037
11038
11039
11040
11052
11055
11057
11061
11067
11068
11068
11071
11074
11076
11077
11080
11081
11083
11084
11089
11089
11091
11096
11105
11105
11107
11108
11108
11110
11115
11121
11121
11126
11128
11136
11143
11144
11151
11152
11168
11170
11170
11177
11181
11187
11201
11204
11206
11207
11211
11212
11214
11217
11217
11221
11223
11226
11230
11233
11234
11235
11237
11240
11242
11245
11249
11250
11257
11259
11262
11270
11273
11278
11283
11285
11286
11287
11288
11292
11295
11300
11302
11303
11303
11312
11312
11314
11325
11326
11330
11331
11333
11334
11336
11340
11341
11341
11343
11353
11362
11365
11366
11377
11377
11387
11394
11395
11399
11403
11405
11415
11417
11424
11426
11433
11434
11435
11435
11436
11437
11440
11444
11444
11446
11447
11448
11452
11455
11462
11462
11464
11468
11468
11477
11478
11479
11480
11480
11481
11489
11490
11492
11494
11498
11498
11503
11506
11507
11508
11509
11509
11513
11515
11533
11535
11538
11538
11540
11543
11548
11550
11552
11555
11561
11561
11562
11562
11567
11572
11572
11573
11581
11581
11582
11583
11585
11595
11598
11606
11607
11612
11612
11614
11619
11620
11627
11629
11641
11643
11648
11653
11663
11665
11672
11673
11675
11679
11683
11683
11684
11686
11688
11689
11690
11693
11695
11696
11696
11701
11708
11713
11714
11720
11727
11731
11739
11740
11746
11747
11748
11751
11752
11754
11755
11756
11758
11758
11759
11761
11766
11768
11769
11775
11776
11779
11784
11785
11789
11790
11796
11801
11804
11806
11806
11809
11810
11811
11812
11815
11818
11821
11824
11825
11828
11828
11829
11830
11832
11839
11842
11847
11847
11850
11850
11851
11851
11857
11862
11866
11878
11883
11897
11898
11901
11902
11902
11903
11904
11904
11913
11913
11914
11918
11927
11927
11930
11933
11943
11946
11949
11949
11951
11955
11955
11964
11967
11969
11975
11982
11993
11997
11998
12000
12002
12006
12007
12011
12016
12017
12018
12020
12023
12026
12030
12031
12032
12037
12037
12038
12039
12049
12051
12057
12064
12068
12073
12076
12079
12079
12080
12083
12083
12086
12088
12089
12090
12091
12092
12092
12096
12099
12105
12107
12118
12119
12121
12125
12125
12127
12132
12132
12134
12135
12143
12143
12148
12154
12163
12166
12175
12179
12179
12182
12185
12188
12191
12202
12208
12209
12211
12214
12219
12220
12222
12232
12232
12239
12243
12243
12253
12256
12257
12258
12258
12259
12261
12263
12269
12269
12272
12280
12287
12288
12290
12291
12300
12302
12306
12307
12308
12309
12311
12319
12322
12328
12336
12338
12339
12340
12341
12341
12352
12358
12360
12361
12361
12365
12366
12367
12376
12378
12382
12383
12385
12386
12391
12392
12394
12401
12401
12401
12403
12408
12410
12411
12421
12421
12425
12428
12429
12430
12436
12441
12450
12454
12459
12460
12460
12464
12467
12469
12470
12472
12476
12476
12478
12480
12481
12482
12482
12486
12488
12489
12493
12498
12499
12500
12502
12504
12505
12508
12511
12525
12527
12528
12531
12531
12533
12535
12539
12549
12553
12560
12562
12562
12565
12566
12567
12568
12569
12571
12573
12574
12575
12578
12582
12586
12590
12593
12595
12597
12598
12601
12605
12611
12611
12612
12613
12614
12621
12624
12629
12630
12634
12634
12643
12646
12654
12658
12661
12670
12673
12676
12677
12680
12682
12686
12692
12693
12693
12695
12701
12708
12709
12713
12721
12724
12728
12731
12731
12740
12749
12754
12754
12757
12757
12758
12764
12767
12784
12785
12796
12797
12806
12812
12817
12822
12825
12826
12827
12828
12833
12837
12840
12842
12843
12843
12844
12846
12847
12848
12850
12853
12853
12853
12854
12865
12872
12880
12882
12883
12887
12888
12900
12905
12906
12920
12923
12929
12939
12939
12943
12943
12943
12944
12949
12949
12953
12953
12959
12961
12962
12962
12963
12963
12964
12968
12968
12972
12973
12979
12986
12988
12995
13002
13004
13008
13010
13014
13022
13024
13026
13028
13030
13041
13047
13051
13052
13053
13055
13057
13057
13061
13063
13066
13070
13071
13073
13074
13078
13082
13089
13091
13092
13096
13098
13104
13105
13107
13107
13109
13110
13113
13115
13120
13123
13123
13129
13131
13138
13140
13144
13146
13153
13167
13172
13175
13177
13185
13186
13186
13187
13190
13190
13191
13194
13199
13201
13206
13206
13207
13208
13219
13220
13220
13221
13230
13230
13236
13244
13244
13252
13254
13255
13256
13261
13261
13265
13275
13277
13283
13284
13293
13294
13295
13296
13297
13299
13300
13306
13311
13318
13320
13323
13324
13328
13334
13337
13343
13347
13348
13355
13364
13365
13367
13369
13375
13378
13379
13382
13384
13388
13392
13395
13403
13405
13410
13410
13412
13415
13415
13416
13418
13422
13426
13429
13429
13434
13435
13437
13448
13452
13454
13463
13469
13472
13477
13477
13478
13482
13485
13487
13489
13494
13495
13499
13500
13509
13511
13513
13514
13517
13518
13520
13532
13539
13540
13541
13542
13548
13552
13555
13557
13558
13558
13561
13562
13569
13571
13571
13572
13572
13585
13590
13591
13592
13595
13596
13606
13608
13609
13610
13613
13613
13613
13615
13615
13616
13621
13627
13630
13635
13637
13650
13656
13659
13659
13662
13663
13665
13666
13667
13668
13683
13686
13687
13691
13692
13698
13699
13702
13705
13706
13710
13711
13715
13716
13725
13727
13728
13731
13732
13733
13734
13741
13743
13756
13760
13766
13768
13768
13769
13771
13777
13780
13780
13783
13786
13788
13790
13793
13796
13797
13801
13802
13806
13808
13809
13815
13816
13819
13822
13822
13823
13823
13826
13832
13832
13835
13836
13837
13837
13838
13843
13843
13848
13849
13855
13860
13862
13866
13867
13868
13871
13876
13876
13878
13879
13880
13881
13881
13882
13889
13890
13892
13896
13897
13904
13908
13908
13916
13917
13922
13922
13929
13929
13930
13930
13934
13939
13946
13946
13947
13950
13952
13954
13959
13965
13968
13968
13971
13972
13984
13988
13990
13993
14000
14001
14002
14008
14011
14023
14029
14036
14037
14043
14043
14043
14044
14047
14052
14055
14055
14059
14060
14062
14068
14074
14075
14078
14090
14093
14094
14104
14112
14116
14118
14118
14121
14124
14125
14132
14132
14137
14138
14140
14145
14150
14151
14152
14159
14162
14163
14167
14168
14168
14171
14171
14192
14194
14195
14195
14197
14208
14218
14228
14237
14244
14244
14249
14255
14258
14259
14260
14260
14261
14262
14269
14276
14281
14282
14282
14283
14284
14287
14287
14287
14297
14299
14302
14303
14303
14303
14316
14323
14331
14333
14334
14341
14342
14350
14359
14360
14361
14362
14364
14366
14367
14373
14375
14382
14383
14388
14393
14404
14411
14412
14413
14416
14431
14434
14438
14444
14445
14448
14449
14451
14452
14454
14458
14458
14462
14468
14469
14470
14471
14471
14478
14481
14482
14483
14491
14494
14533
14533
14540
14547
14548
14551
14557
14558
14564
14564
14576
14579
14582
14582
14583
14586
14586
14587
14588
14594
14596
14604
14607
14607
14611
14616
14618
14628
14636
14637
14640
14641
14643
14644
14648
14648
14651
14651
14657
14659
14662
14665
14672
14675
14678
14683
14687
14692
14694
14696
14701
14702
14706
14707
14715
14721
14721
14722
14724
14729
14730
14732
14738
14738
14739
14746
14750
14750
14754
14754
14757
14757
14760
14772
14776
14780
14788
14788
14790
14797
14798
14798
14802
14804
14805
14814
14816
14816
14819
14824
14832
14834
14838
14840
14843
14848
14849
14849
14850
14850
14851
14855
14859
14865
14870
14873
14874
14880
14884
14888
14888
14891
14894
14894
14896
14898
14898
14900
14903
14906
14908
14914
14916
14918
14919
14922
14923
14924
14927
14928
14929
14930
14945
14948
14951
14953
14967
14968
14970
14970
14970
14971
14989
15002
15008
15009
15016
15021
15025
15028
15032
15033
15045
15052
15053
15053
15053
15061
15063
15063
15065
15068
15074
15075
15080
15088
15088
15092
15096
15104
15111
15111
15116
15119
15124
15128
15129
15129
15130
15133
15136
15136
15138
15150
15153
15155
15157
15157
15162
15165
15175
15175
15176
15177
15186
15188
15193
15195
15197
15199
15202
15207
15216
15220
15221
15222
15222
15223
15228
15238
15241
15242
15242
15251
15255
15260
15262
15263
15264
15265
15267
15271
15282
15283
15294
15294
15296
15298
15302
15304
15305
15306
15308
15315
15328
15330
15331
15334
15344
15346
15350
15355
15358
15359
15361
15363
15373
15378
15390
15392
15396
15398
15401
15401
15404
15410
15410
15419
15420
15423
15429
15430
15431
15432
15434
15436
15436
15437
15437
15445
15447
15448
15450
15450
15450
15452
15453
15455
15465
15466
15469
15473
15482
15483
15483
15484
15489
15497
15499
15502
15509
15513
15516
15534
15536
15539
15545
15548
15549
15551
15553
15557
15560
15561
15562
15568
15573
15577
15578
15583
15585
15587
15589
15590
15597
15597
15602
15609
15609
15610
15621
15630
15631
15631
15632
15632
15633
15636
15639
15640
15641
15642
15647
15650
15654
15655
15656
15657
15660
15660
15664
15664
15666
15667
15667
15670
15680
15680
15685
15685
15689
15691
15692
15695
15697
15703
15712
15714
15721
15724
15729
15731
15736
15736
15738
15739
15741
15751
15751
15756
15759
15759
15760
15765
15778
15778
15779
15781
15786
15787
15787
15789
15791
15791
15793
15801
15806
15808
15819
15820
15832
15835
15837
15841
15842
15846
15846
15849
15851
15856
15858
15859
15861
15861
15867
15867
15871
15871
15872
15872
15873
15874
15878
15880
15881
15889
15893
15903
15905
15907
15908
15910
15911
15911
15911
15912
15913
15920
15922
15922
15923
15923
15924
15930
15932
15934
15934
15934
15936
15936
15939
15942
15942
15942
15948
15954
15958
15960
15961
15962
15964
15965
15970
15973
15974
15976
15979
15981
15985
15987
15993
15996
15997
16002
16005
16006
16009
16009
16011
16014
16017
16018
16019
16020
16022
16024
16039
16040
16053
16054
16061
16075
16076
16079
16082
16085
16109
16110
16112
16113
16124
16125
16130
16136
16137
16138
16138
16143
16147
16147
16158
16158
16160
16163
16171
16176
16177
16179
16191
16193
16194
16200
16202
16203
16205
16207
16211
16212
16221
16227
16231
16232
16238
16245
16247
16248
16248
16249
16249
16251
16258
16258
16260
16261
16261
16262
16269
16274
16275
16283
16284
16288
16290
16291
16292
16293
16295
16295
16299
16303
16304
16305
16311
16314
16321
16321
16323
16328
16329
16329
16329
16330
16331
16332
16336
16340
16342
16344
16344
16349
16350
16369
16371
16380
16395
16399
16401
16405
16411
16419
16425
16427
16427
16427
16429
16436
16442
16448
16448
16451
16454
16465
16466
16469
16472
16477
16479
16483
16487
16492
16493
16502
16502
16504
16508
16512
16514
16519
16526
16528
16530
16534
16535
16538
16538
16546
16546
16550
16550
16552
16555
16556
16557
16560
16562
16563
16564
16567
16575
16581
16585
16586
16591
16591
16610
16610
16613
16620
16630
16631
16633
16640
16648
16654
16656
16656
16658
16661
16662
16662
16665
16671
16675
16678
16681
16684
16685
16686
16687
16688
16688
16693
16699
16701
16701
16708
16708
16710
16726
16730
16732
16735
16737
16742
16742
16744
16750
16752
16753
16759
16759
16761
16761
16762
16768
16769
16770
16770
16772
16773
16776
16778
16778
16791
16798
16799
16800
16802
16804
16806
16809
16811
16823
16829
16829
16835
16835
16836
16837
16842
16843
16848
16851
16851
16853
16856
16859
16859
16870
16870
16874
16879
16880
16886
16890
16893
16894
16897
16900
16915
16922
16924
16926
16929
16933
16939
16942
16943
16943
16945
16948
16954
16955
16960
16960
16962
16966
16967
16967
16968
16968
16973
16974
16975
16984
16985
16985
16985
16986
16995
16998
17000
17001
17004
17005
17007
17008
17009
17010
17014
17014
17015
17018
17021
17023
17026
17029
17030
17033
17033
17034
17034
17038
17040
17042
17043
17043
17044
17044
17045
17059
17064
17065
17066
17077
17083
17084
17090
17091
17096
17097
17097
17102
17103
17107
17107
17108
17108
17110
17115
17117
17117
17122
17129
17130
17135
17140
17140
17142
17143
17145
17147
17149
17150
17156
17157
17162
17165
17169
17172
17174
17177
17178
17182
17185
17191
17196
17201
17203
17207
17208
17212
17216
17222
17223
17225
17244
17248
17251
17255
17256
17260
17260
17263
17267
17271
17271
17277
17278
17279
17279
17285
17290
17291
17293
17302
17302
17305
17305
17307
17312
17315
17317
17319
17320
17320
17322
17323
17327
17328
17332
17340
17341
17341
17343
17348
17352
17357
17361
17363
17364
17373
17377
17378
17379
17380
17386
17389
17394
17397
17405
17407
17410
17413
17415
17416
17417
17419
17422
17423
17428
17431
17433
17437
17440
17441
17446
17454
17455
17457
17459
17463
17468
17469
17471
17474
17474
17475
17476
17476
17478
17479
17484
17486
17486
17492
17495
17502
17503
17506
17506
17510
17512
17514
17516
17516
17518
17520
17520
17528
17528
17531
17532
17534
17534
17534
17536
17536
17540
17540
17542
17550
17551
17557
17558
17561
17561
17562
17569
17571
17576
17580
17582
17583
17584
17584
17585
17592
17593
17594
17597
17599
17605
17605
17607
17608
17608
17609
17609
17614
17620
17625
17636
17636
17641
17643
17647
17649
17650
17653
17659
17660
17666
17673
17673
17677
17682
17687
17691
17691
17694
17695
17700
17700
17701
17706
17708
17713
17714
17717
17718
17725
17725
17728
17728
17729
17732
17736
17737
17740
17744
17751
17754
17755
17758
17760
17761
17762
17763
17764
17766
17770
17771
17776
17780
17786
17787
17790
17796
17801
17802
17803
17809
17810
17811
17820
17827
17834
17839
17847
17848
17855
17866
17874
17874
17875
17875
17875
17878
17880
17883
17888
17888
17888
17904
17910
17914
17917
17918
17919
17923
17925
17929
17932
17933
17935
17936
17936
17939
17950
17953
17959
17961
17962
17965
17966
17967
17973
17974
17974
17975
17980
17984
17984
17987
17998
18000
18002
18002
18004
18013
18016
18018
18019
18026
18027
18030
18032
18032
18033
18037
18037
18044
18048
18049
18050
18053
18056
18057
18067
18067
18077
18081
18084
18088
18089
18090
18102
18106
18108
18109
18109
18110
18115
18117
18119
18121
18122
18123
18129
18130
18130
18139
18141
18143
18143
18143
18151
18154
18158
18160
18160
18161
18164
18168
18170
18171
18173
18176
18177
18177
18184
18186
18189
18192
18192
18203
18203
18206
18208
18221
18222
18226
18227
18229
18232
18235
18240
18243
18243
18243
18247
18251
18252
18254
18254
18257
18263
18263
18264
18265
18271
18272
18273
18285
18287
18290
18291
18298
18299
18300
18301
18302
18304
18309
18312
18320
18326
18330
18330
18331
18334
18341
18346
18346
18347
18354
18356
18358
18365
18366
18367
18377
18378
18379
18380
18384
18385
18387
18391
18399
18401
18404
18406
18406
18407
18410
18411
18412
18415
18418
18421
18421
18426
18428
18428
18429
18430
18431
18443
18446
18451
18454
18454
18457
18460
18469
18471
18477
18477
18482
18483
18483
18483
18490
18491
18494
18498
18506
18506
18511
18511
18512
18521
18524
18525
18526
18528
18533
18534
18537
18541
18543
18545
18551
18555
18563
18571
18575
18579
18581
18582
18582
18582
18598
18602
18603
18604
18606
18608
18611
18613
18617
18620
18627
18629
18632
18633
18634
18635
18638
18643
18647
18653
18657
18665
18669
18672
18674
18677
18682
18683
18685
18699
18713
18713
18716
18720
18723
18728
18732
18733
18735
18736
18739
18741
18745
18745
18746
18752
18755
18760
18764
18766
18768
18776
18785
18786
18789
18790
18791
18793
18795
18796
18801
18805
18805
18807
18812
18814
18816
18816
18821
18822
18822
18824
18824
18826
18827
18828
18830
18832
18835
18840
18840
18849
18853
18856
18860
18862
18868
18871
18871
18885
18886
18890
18890
18898
18900
18901
18904
18906
18908
18918
18921
18924
18924
18935
18946
18963
18965
18966
18969
18971
18979
18984
18990
18991
18994
18996
18996
19000
19000
19010
19011
19013
19014
19022
19023
19024
19025
19028
19030
19034
19035
19036
19039
19040
19046
19048
19053
19058
19061
19064
19068
19068
19069
19077
19081
19084
19089
19091
19093
19095
19095
19098
19100
19108
19111
19116
19122
19124
19125
19125
19127
19132
19137
19142
19142
19142
19147
19148
19152
19153
19164
19167
19179
19179
19187
19187
19191
19197
19198
19198
19210
19213
19224
19228
19241
19244
19244
19246
19248
19257
19260
19269
19273
19277
19281
19281
19283
19287
19287
19291
19295
19299
19305
19310
19313
19320
19320
19325
19327
19328
19328
19331
19335
19335
19336
19338
19339
19342
19342
19344
19346
19347
19356
19358
19359
19367
19367
19368
19369
19374
19375
19376
19379
19384
19388
19389
19393
19393
19394
19397
19405
19407
19410
19412
19413
19413
19420
19429
19437
19445
19448
19452
19456
19457
19460
19461
19469
19475
19476
19477
19483
19491
19496
19496
19497
19497
19500
19502
19512
19515
19519
19519
19528
19532
19534
19545
19552
19560
19563
19569
19573
19576
19581
19585
19589
19595
19604
19604
19608
19612
19614
19619
19621
19626
19635
19635
19641
19644
19648
19649
19653
19656
19657
19660
19662
19664
19665
19667
19667
19669
19672
19678
19688
19689
19692
19694
19698
19701
19706
19708
19708
19711
19718
19727
19730
19731
19736
19739
19740
19743
19751
19761
19766
19779
19781
19785
19786
19789
19790
19792
19792
19794
19796
19807
19808
19813
19814
19819
19819
19820
19822
19825
19827
19837
19837
19841
19851
19853
19854
19863
19868
19869
19869
19874
19875
19879
19880
19882
19885
19888
19894
19898
19900
19901
19903
19905
19915
19923
19924
19924
19926
19928
19929
19931
19932
19938
19940
19945
19947
19948
19949
19951
19952
19966
19970
19973
19984
19986
19988
19991
19994
20006
20007
20017
20030
20033
20038
20043
20044
20053
20064
20071
20072
20076
20081
20082
20083
20087
20087
20089
20091
20092
20097
20104
20114
20115
20115
20118
20128
20128
20129
20131
20136
20136
20138
20139
20143
20144
20152
20154
20156
20157
20157
20164
20176
20177
20186
20189
20193
20198
20198
20204
20205
20206
20207
20209
20211
20211
20212
20216
20217
20218
20224
20229
20231
20232
20235
20241
20241
20242
20243
20243
20250
20256
20257
20258
20259
20265
20268
20269
20270
20270
20277
20278
20278
20283
20284
20284
20286
20296
20297
20298
20305
20311
20314
20316
20316
20317
20318
20321
20324
20325
20327
20335
20336
20342
20346
20354
20355
20360
20360
20369
20376
20378
20382
20383
20385
20387
20388
20392
20400
20403
20403
20404
20404
20412
20414
20417
20420
20421
20429
20435
20437
20438
20441
20441
20456
20459
20462
20462
20467
20473
20476
20479
20485
20487
20487
20491
20491
20498
20504
20505
20505
20506
20508
20510
20512
20513
20514
20516
20524
20527
20532
20533
20534
20536
20542
20544
20547
20550
20552
20553
20557
20558
20562
20563
20569
20570
20575
20578
20587
20592
20595
20603
20604
20608
20609
20610
20613
20625
20631
20634
20635
20642
20642
20644
20649
20651
20653
20662
20666
20667
20667
20668
20669
20671
20674
20674
20682
20682
20687
20688
20696
20697
20697
20698
20702
20704
20707
20710
20710
20716
20717
20721
20725
20728
20730
20732
20737
20738
20740
20744
20744
20746
20747
20747
20749
20751
20755
20756
20758
20771
20773
20778
20786
20789
20789
20789
20793
20795
20796
20798
20801
20803
20806
20808
20809
20816
20821
20823
20830
20830
20830
20835
20835
20837
20843
20843
20858
20859
20859
20859
20860
20860
20861
20861
20864
20869
20871
20872
20876
20877
20879
20889
20890
20892
20901
20904
20905
20907
20915
20918
20921
20921
20924
20927
20933
20934
20941
20943
20943
20944
20945
20949
20951
20952
20954
20958
20958
20961
20967
20968
20973
20975
20978
20979
20983
20985
20992
20997
20998
21000
21001
21004
21005
21012
21015
21015
21017
21021
21027
21036
21039
21047
21048
21051
21051
21052
21053
21068
21077
21079
21081
21082
21089
21090
21091
21091
21092
21095
21099
21099
21111
21114
21116
21117
21117
21119
21121
21127
21132
21133
21137
21140
21146
21147
21147
21153
21154
21158
21158
21162
21168
21175
21184
21186
21192
21199
21204
21212
21217
21217
21217
21219
21221
21222
21228
21229
21231
21241
21245
21246
21253
21253
21254
21265
21265
21267
21268
21268
21270
21272
21272
21276
21277
21278
21280
21281
21282
21282
21283
21284
21286
21287
21289
21295
21299
21305
21310
21316
21316
21316
21317
21317
21326
21327
21330
21333
21339
21346
21348
21358
21363
21368
21368
21374
21376
21377
21378
21378
21379
21386
21386
21390
21392
21408
21412
21412
21416
21417
21417
21423
21427
21427
21427
21428
21429
21436
21441
21447
21447
21449
21451
21452
21452
21454
21454
21462
21467
21475
21478
21478
21481
21483
21489
21490
21495
21502
21504
21510
21511
21521
21526
21528
21530
21533
21535
21543
21544
21544
21545
21549
21553
21554
21555
21557
21557
21562
21562
21564
21571
21574
21578
21592
21593
21606
21608
21608
21609
21617
21620
21622
21625
21626
21635
21637
21639
21641
21643
21645
21645
21647
21652
21653
21656
21658
21660
21660
21663
21672
21676
21677
21679
21682
21683
21686
21693
21693
21694
21697
21701
21704
21704
21713
21714
21715
21717
21719
21720
21724
21727
21728
21731
21741
21743
21745
21745
21746
21747
21751
21752
21753
21754
21757
21766
21768
21769
21772
21777
21784
21796
21797
21799
21806
21808
21808
21809
21809
21811
21812
21813
21817
21819
21820
21826
21827
21829
21831
21832
21833
21834
21834
21835
21839
21842
21843
21848
21853
21858
21858
21862
21864
21869
21878
21880
21881
21889
21890
21890
21897
21897
21901
21902
21903
21904
21909
21916
21919
21919
21930
21933
21940
21941
21941
21941
21944
21946
21949
21955
21966
21967
21971
21974
21977
21978
21985
21987
21987
21987
21987
21988
21991
21996
22011
22012
22018
22020
22021
22022
22023
22023
22037
22044
22048
22051
22057
22062
22065
22065
22066
22067
22068
22077
22078
22082
22084
22087
22089
22092
22094
22094
22102
22106
22107
22107
22107
22111
22111
22111
22115
22122
22123
22130
22134
22134
22134
22139
22140
22145
22146
22147
22151
22157
22167
22173
22177
22178
22179
22181
22188
22199
22200
22205
22210
22210
22214
22216
22218
22219
22219
22221
22226
22228
22228
22233
22241
22244
22247
22250
22257
22258
22259
22263
22265
22278
22285
22286
22287
22287
22294
22300
22301
22304
22308
22314
22322
22325
22326
22327
22331
22336
22338
22338
22345
22351
22352
22353
22356
22359
22361
22364
22364
22367
22368
22368
22368
22369
22376
22377
22377
22378
22380
22391
22394
22394
22399
22399
22402
22403
22410
22410
22411
22412
22413
22414
22423
22427
22431
22432
22434
22435
22435
22437
22440
22442
22443
22443
22447
22448
22449
22451
22452
22458
22458
22459
22464
22464
22465
22466
22467
22483
22484
22487
22491
22491
22498
22502
22503
22504
22507
22508
22508
22512
22513
22522
22523
22528
22529
22529
22530
22533
22535
22536
22537
22537
22538
22541
22544
22545
22548
22548
22549
22556
22558
22559
22562
22566
22566
22577
22586
22589
22592
22595
22598
22601
22608
22608
22611
22612
22614
22615
22621
22628
22628
22632
22644
22647
22648
22652
22656
22660
22663
22665
22670
22674
22676
22677
22677
22679
22680
22682
22687
22687
22690
22698
22700
22701
22702
22705
22706
22716
22721
22725
22726
22728
22728
22733
22740
22744
22747
22750
22754
22755
22761
22763
22763
22764
22772
22775
22784
22788
22788
22788
22790
22791
22795
22798
22798
22800
22800
22805
22810
22811
22812
22812
22813
22817
22828
22835
22835
22837
22838
22841
22843
22846
22846
22853
22859
22866
22874
22878
22882
22883
22885
22886
22887
22889
22890
22895
22895
22896
22896
22897
22898
22902
22909
22911
22914
22917
22918
22918
22923
22931
22932
22932
22936
22938
22938
22951
22951
22953
22958
22960
22962
22972
22973
22975
22983
22994
22997
23000
23001
23006
23017
23020
23032
23033
23035
23037
23040
23042
23043
23044
23044
23052
23053
23053
23055
23061
23062
23063
23066
23066
23072
23074
23074
23079
23090
23096
23096
23098
23104
23104
23108
23112
23116
23118
23120
23123
23128
23131
23135
23136
23141
23141
23142
23142
23144
23155
23155
23171
23173
23175
23176
23179
23179
23181
23183
23184
23185
23185
23189
23191
23192
23193
23195
23196
23197
23200
23204
23207
23208
23209
23212
23215
23221
23227
23231
23231
23241
23247
23257
23260
23261
23262
23262
23272
23275
23276
23279
23279
23287
23294
23298
23308
23312
23312
23327
23327
23327
23328
23334
23335
23335
23340
23341
23343
23345
23350
23359
23361
23361
23363
23369
23373
23374
23379
23379
23381
23382
23388
23390
23396
23404
23410
23428
23437
23440
23447
23449
23454
23458
23458
23460
23461
23482
23485
23486
23490
23493
23497
23513
23515
23515
23516
23523
23524
23527
23527
23530
23536
23538
23542
23544
23552
23575
23575
23580
23583
23585
23586
23590
23590
23592
23595
23595
23597
23601
23607
23616
23616
23622
23626
23628
23629
23629
23631
23632
23633
23634
23635
23637
23639
23648
23651
23663
23665
23667
23668
23672
23675
23680
23684
23685
23686
23700
23712
23716
23717
23718
23719
23726
23727
23727
23734
23741
23743
23743
23746
23750
23753
23756
23763
23772
23774
23774
23775
23778
23780
23782
23786
23787
23787
23790
23791
23793
23804
23804
23804
23806
23807
23810
23810
23811
23816
23821
23823
23829
23831
23833
23835
23835
23835
23838
23844
23845
23855
23866
23868
23874
23875
23877
23878
23882
23884
23885
23894
23908
23909
23915
23916
23924
23928
23934
23935
23941
23945
23955
23955
23956
23959
23961
23961
23968
23975
23976
23987
23987
23990
23996
23998
23999
24008
24008
24011
24016
24017
24021
24021
24028
24028
24041
24042
24042
24042
24047
24052
24056
24057
24057
24064
24066
24068
24070
24070
24076
24077
24078
24078
24079
24080
24081
24081
24082
24085
24087
24090
24094
24100
24101
24103
24104
24104
24105
24105
24116
24122
24124
24125
24131
24137
24138
24140
24143
24145
24147
24149
24154
24155
24159
24165
24166
24172
24174
24175
24176
24181
24183
24188
24191
24191
24197
24201
24207
24214
24236
24236
24237
24239
24241
24241
24242
24249
24251
24255
24259
24272
24274
24276
24280
24284
24287
24289
24294
24298
24300
24304
24311
24313
24314
24314
24320
24326
24330
24337
24343
24346
24353
24357
24363
24363
24369
24370
24370
24375
24379
24381
24381
24382
24385
24386
24387
24391
24396
24398
24399
24403
24411
24415
24416
24420
24428
24435
24439
24442
24443
24443
24446
24450
24451
24451
24453
24455
24456
24456
24457
24464
24468
24470
24473
24473
24474
24475
24476
24476
24477
24479
24479
24490
24491
24493
24494
24497
24497
24505
24507
24510
24510
24513
24514
24514
24517
24517
24518
24520
24522
24523
24524
24527
24529
24530
24533
24537
24538
24542
24545
24547
24548
24549
24550
24561
24566
24568
24569
24573
24576
24578
24581
24582
24586
24588
24590
24592
24596
24600
24602
24604
24609
24612
24618
24619
24626
24630
24634
24635
24636
24638
24644
24645
24648
24648
24648
24649
24649
24651
24652
24652
24655
24661
24661
24662
24671
24672
24674
24676
24682
24683
24685
24689
24690
24690
24697
24703
24706
24710
24712
24713
24716
24719
24722
24722
24726
24729
24729
24731
24732
24733
24739
24747
24747
24759
24762
24763
24763
24763
24768
24773
24775
24778
24782
24788
24788
24790
24792
24796
24797
24798
24799
24801
24802
24803
24803
24807
24808
24811
24812
24826
24830
24834
24847
24847
24847
24849
24850
24851
24851
24856
24859
24862
24866
24868
24870
24870
24871
24872
24874
24881
24881
24884
24899
24900
24905
24908
24922
24922
24930
24932
24940
24944
24948
24950
24950
24951
24952
24952
24952
24958
24959
24965
24966
24967
24968
24978
24984
24984
24988
24990
24993
24995
24996
24999
25000
25000
25006
25007
25014
25016
25019
25021
25024
25030
25035
25040
25045
25045
25045
25047
25052
25054
25057
25060
25065
25074
25074
25075
25076
25079
25083
25087
25092
25093
25094
25100
25103
25113
25114
25115
25122
25128
25129
25133
25133
25146
25147
25153
25174
25175
25176
25179
25179
25185
25190
25192
25193
25195
25196
25196
25202
25215
25218
25222
25224
25232
25232
25233
25234
25237
25241
25246
25248
25251
25258
25259
25263
25263
25268
25272
25273
25285
25290
25301
25302
25310
25312
25312
25318
25320
25321
25334
25335
25352
25359
25364
25373
25374
25397
25398
25400
25401
25401
25414
25421
25425
25434
25437
25441
25442
25446
25448
25460
25466
25467
25474
25481
25484
25487
25487
25493
25494
25495
25495
25501
25501
25502
25505
25509
25511
25512
25513
25516
25518
25524
25532
25534
25538
25565
25565
25565
25568
25569
25571
25574
25582
25585
25589
25592
25592
25596
25598
25602
25604
25618
25618
25622
25624
25624
25626
25627
25629
25635
25638
25647
25658
25658
25659
25661
25665
25670
25670
25677
25679
25682
25685
25690
25698
25698
25705
25707
25709
25710
25716
25717
25723
25725
25730
25731
25749
25751
25756
25757
25762
25762
25766
25770
25770
25776
25776
25777
25778
25778
25787
25797
25804
25805
25805
25807
25807
25811
25816
25821
25821
25826
25830
25834
25839
25840
25847
25850
25861
25864
25867
25868
25871
25873
25873
25877
25879
25883
25886
25887
25889
25890
25890
25893
25893
25895
25896
25903
25922
25923
25933
25934
25937
25939
25946
25948
25951
25953
25954
25956
25957
25964
25966
25975
25979
25988
25989
26002
26008
26012
26018
26019
26020
26024
26026
26029
26032
26035
26036
26039
26040
26072
26074
26076
26076
26078
26079
26081
26082
26085
26097
26100
26101
26102
26108
26109
26110
26114
26118
26122
26122
26123
26127
26129
26130
26131
26134
26138
26149
26153
26155
26155
26156
26158
26169
26172
26174
26182
26183
26194
26198
26204
26207
26210
26211
26213
26213
26221
26227
26228
26232
26232
26236
26252
26264
26265
26268
26273
26279
26287
26287
26291
26302
26306
26307
26307
26310
26310
26313
26316
26320
26321
26321
26331
26340
26340
26342
26343
26344
26348
26351
26352
26352
26353
26356
26357
26359
26359
26360
26364
26365
26369
26369
26371
26371
26376
26384
26388
26391
26394
26394
26395
26398
26400
26412
26422
26426
26428
26428
26433
26435
26436
26443
26448
26456
26457
26459
26461
26464
26468
26477
26477
26485
26485
26486
26492
26492
26493
26499
26504
26509
26509
26509
26510
26511
26518
26529
26539
26540
26550
26552
26554
26555
26558
26560
26561
26573
26575
26576
26578
26588
26591
26593
26598
26598
26600
26602
26611
26611
26623
26626
26629
26631
26635
26642
26646
26649
26662
26665
26672
26675
26675
26678
26681
26686
26686
26697
26698
26698
26711
26712
26714
26716
26722
26722
26728
26733
26735
26736
26738
26739
26740
26742
26747
26751
26752
26753
26757
26758
26761
26763
26765
26772
26775
26779
26788
26789
26790
26792
26797
26799
26803
26806
26808
26813
26813
26815
26819
26819
26821
26823
26824
26833
26836
26838
26842
26842
26850
26851
26854
26855
26855
26858
26861
26861
26864
26864
26866
26867
26878
26880
26885
26891
26897
26897
26900
26902
26903
26905
26907
26907
26912
26917
26917
26918
26922
26923
26924
26924
26925
26926
26940
26943
26951
26951
26957
26959
26961
26964
26966
26968
26972
26974
26977
26978
26980
26990
26995
26999
27001
27005
27007
27007
27013
27014
27024
27024
27030
27031
27031
27034
27039
27045
27049
27054
27065
27070
27070
27072
27072
27083
27083
27101
27103
27105
27114
27116
27120
27121
27129
27131
27135
27138
27152
27154
27163
27166
27175
27182
27183
27187
27188
27191
27191
27192
27197
27197
27203
27209
27210
27214
27218
27221
27223
27223
27228
27239
27241
27241
27245
27245
27246
27246
27247
27253
27258
27262
27267
27268
27268
27273
27274
27287
27289
27291
27292
27293
27296
27299
27305
27305
27306
27307
27311
27321
27328
27332
27333
27338
27345
27346
27349
27349
27351
27352
27354
27356
27358
27360
27362
27379
27379
27381
27383
27390
27390
27395
27396
27399
27400
27402
27403
27404
27405
27410
27411
27417
27418
27419
27425
27428
27433
27433
27438
27439
27439
27439
27442
27446
27450
27451
27463
27464
27469
27484
27485
27486
27490
27498
27501
27510
27517
27522
27526
27526
27527
27532
27536
27545
27545
27565
27576
27579
27585
27591
27591
27593
27597
27601
27604
27606
27610
27614
27614
27614
27615
27618
27620
27621
27623
27623
27626
27629
27634
27635
27637
27637
27638
27642
27650
27654
27664
27670
27673
27692
27692
27699
27702
27703
27703
27704
27706
27712
27716
27719
27722
27729
27736
27737
27744
27745
27750
27752
27753
27754
27754
27756
27757
27759
27760
27760
27764
27775
27778
27784
27786
27789
27793
27795
27796
27799
27800
27804
27804
27804
27808
27809
27810
27811
27816
27819
27822
27824
27825
27825
27827
27827
27834
27835
27844
27846
27848
27851
27853
27856
27861
27867
27878
27885
27886
27895
27903
27905
27908
27910
27912
27916
27925
27927
27927
27929
27933
27935
27935
27938
27941
27944
27945
27952
27952
27952
27952
27952
27954
27959
27960
27963
27964
27966
27967
27968
27973
27973
27977
27996
27999
28003
28008
28010
28015
28016
28018
28020
28034
28035
28041
28043
28045
28045
28048
28056
28059
28065
28067
28068
28073
28075
28082
28083
28084
28092
28094
28094
28095
28098
28100
28104
28108
28108
28110
28113
28116
28118
28123
28128
28128
28132
28137
28138
28139
28139
28144
28147
28151
28156
28156
28156
28179
28182
28183
28185
28187
28187
28189
28193
28193
28197
28204
28211
28211
28213
28220
28222
28225
28230
28235
28243
28245
28265
28265
28267
28269
28270
28273
28273
28280
28281
28281
28283
28289
28297
28297
28302
28302
28305
28307
28319
28320
28328
28329
28330
28338
28342
28343
28343
28344
28344
28346
28350
28355
28357
28359
28375
28379
28382
28383
28387
28390
28395
28398
28399
28402
28409
28410
28431
28437
28456
28457
28465
28485
28488
28500
28503
28504
28510
28517
28517
28519
28541
28561
28569
28573
28574
28577
28580
28581
28587
28590
28591
28593
28594
28598
28600
28604
28604
28608
28609
28610
28613
28613
28618
28619
28620
28621
28624
28625
28634
28643
28644
28651
28655
28656
28660
28662
28662
28665
28668
28691
28698
28713
28714
28715
28716
28717
28719
28722
28727
28730
28730
28732
28733
28733
28736
28740
28749
28749
28757
28758
28759
28762
28764
28765
28770
28773
28775
28777
28778
28779
28781
28791
28791
28792
28799
28802
28804
28807
28807
28815
28818
28819
28821
28823
28824
28836
28837
28842
28843
28848
28848
28850
28854
28861
28862
28863
28866
28868
28869
28880
28891
28891
28896
28897
28898
28898
28901
28915
28920
28923
28926
28931
28936
28939
28939
28944
28944
28944
28945
28956
28961
28969
28977
28979
28986
28988
28993
28994
28999
29003
29004
29012
29013
29017
29019
29020
29023
29029
29031
29034
29035
29036
29038
29039
29040
29041
29050
29051
29051
29058
29061
29065
29068
29069
29071
29073
29075
29081
29082
29086
29087
29089
29093
29109
29110
29114
29117
29118
29121
29122
29128
29129
29130
29131
29131
29134
29136
29137
29143
29146
29149
29154
29159
29164
29168
29169
29169
29170
29170
29171
29172
29178
29179
29184
29187
29187
29189
29190
29201
29206
29207
29221
29231
29232
29237
29240
29241
29243
29250
29252
29257
29259
29260
29260
29262
29268
29273
29275
29277
29282
29282
29284
29285
29288
29292
29293
29295
29296
29323
29336
29337
29342
29349
29352
29360
29367
29371
29390
29390
29399
29408
29412
29412
29415
29418
29431
29431
29446
29449
29452
29455
29459
29463
29464
29469
29476
29485
29486
29491
29491
29492
29493
29493
29504
29514
29518
29521
29521
29521
29524
29524
29526
29528
29529
29535
29549
29553
29553
29556
29558
29559
29560
29561
29562
29568
29569
29570
29574
29577
29579
29579
29584
29589
29591
29591
29591
29599
29600
29601
29604
29605
29608
29611
29613
29633
29635
29638
29650
29650
29653
29656
29659
29670
29674
29678
29679
29684
29688
29690
29693
29695
29700
29710
29716
29718
29723
29725
29725
29727
29731
29733
29733
29733
29734
29735
29735
29737
29738
29743
29745
29748
29750
29752
29756
29758
29764
29765
29768
29770
29772
29773
29780
29781
29783
29787
29787
29791
29793
29797
29803
29809
29822
29823
29824
29826
29826
29827
29830
29830
29841
29843
29846
29846
29849
29852
29859
29861
29864
29865
29868
29869
29877
29891
29906
29907
29910
29918
29922
29928
29930
29938
29941
29942
29942
29944
29946
29948
29963
29967
29975
29982
29985
29986
29988
29993
29998
29998
29999
30002
30003
30011
30014
30042
30045
30045
30049
30052
30058
30062
30068
30069
30085
30089
30090
30092
30094
30101
30104
30104
30106
30107
30107
30109
30109
30110
30115
30117
30117
30120
30131
30141
30142
30152
30154
30156
30160
30168
30172
30173
30178
30180
30187
30196
30200
30203
30207
30208
30213
30215
30218
30221
30223
30229
30232
30234
30237
30238
30239
30244
30245
30253
30255
30259
30260
30260
30261
30264
30269
30272
30276
30277
30278
30279
30282
30284
30287
30293
30293
30296
30297
30301
30303
30303
30304
30305
30306
30308
30309
30313
30313
30314
30317
30319
30333
30335
30336
30336
30337
30339
30339
30344
30346
30349
30351
30353
30356
30366
30379
30384
30391
30393
30398
30400
30404
30407
30409
30414
30416
30421
30425
30434
30446
30448
30450
30452
30455
30457
30461
30467
30470
30477
30480
30483
30484
30486
30489
30490
30492
30494
30494
30496
30497
30499
30505
30514
30517
30522
30525
30533
30539
30541
30542
30549
30550
30551
30552
30559
30561
30562
30563
30565
30568
30570
30573
30574
30584
30587
30587
30590
30593
30593
30595
30597
30597
30599
30600
30601
30603
30603
30606
30609
30613
30616
30617
30617
30617
30620
30631
30632
30632
30635
30635
30637
30637
30640
30650
30657
30659
30662
30666
30666
30670
30680
30684
30685
30686
30687
30687
30687
30688
30695
30696
30697
30702
30706
30715
30717
30717
30719
30722
30722
30723
30727
30729
30735
30738
30741
30748
30754
30756
30759
30760
30762
30772
30775
30775
30777
30777
30781
30785
30788
30791
30800
30805
30807
30807
30807
30812
30817
30820
30822
30824
30828
30829
30837
30839
30840
30843
30851
30852
30859
30861
30865
30868
30870
30873
30874
30875
30877
30879
30882
30887
30891
30891
30891
30891
30893
30896
30902
30902
30906
30917
30919
30924
30924
30925
30932
30933
30934
30941
30943
30944
30944
30951
30953
30953
30956
30964
30965
30970
30973
30976
30979
30982
30988
30989
30994
30998
31007
31011
31026
31031
31031
31032
31037
31038
31038
31041
31049
31053
31055
31055
31058
31061
31063
31063
31065
31065
31070
31072
31074
31075
31078
31079
31082
31084
31085
31095
31095
31100
31108
31112
31120
31124
31132
31139
31142
31146
31150
31157
31158
31159
31159
31161
31163
31164
31167
31183
31186
31188
31191
31194
31210
31212
31212
31212
31214
31214
31216
31218
31229
31231
31236
31239
31241
31243
31246
31247
31248
31249
31253
31254
31255
31256
31260
31268
31272
31275
31275
31278
31280
31282
31283
31284
31284
31287
31290
31290
31292
31296
31301
31301
31301
31304
31307
31318
31328
31332
31344
31345
31346
31348
31353
31359
31362
31363
31370
31370
31372
31375
31377
31384
31385
31387
31394
31394
31394
31397
31397
31397
31402
31408
31410
31417
31419
31420
31421
31422
31428
31433
31434
31437
31439
31443
31447
31448
31453
31455
31460
31463
31475
31477
31477
31481
31482
31484
31485
31491
31495
31496
31500
31511
31520
31524
31526
31526
31532
31538
31539
31543
31544
31546
31546
31559
31569
31569
31572
31577
31577
31587
31592
31604
31605
31609
31611
31624
31624
31626
31629
31640
31653
31654
31655
31655
31659
31660
31663
31666
31673
31675
31676
31679
31685
31685
31687
31687
31691
31692
31692
31694
31699
31702
31702
31708
31712
31716
31718
31724
31727
31732
31738
31739
31742
31744
31745
31746
31748
31754
31758
31759
31761
31765
31767
31771
31772
31775
31779
31780
31795
31797
31811
31812
31812
31814
31815
31818
31820
31820
31821
31822
31822
31823
31823
31824
31827
31828
31829
31829
31834
31835
31835
31840
31843
31843
31845
31853
31872
31872
31874
31875
31877
31881
31882
31885
31886
31898
31898
31903
31911
31912
31915
31919
31930
31930
31930
31933
31934
31936
31938
31941
31941
31944
31949
31950
31955
31970
31971
31972
31974
31974
31976
31977
31979
31981
31983
31994
31996
31999
32012
32014
32019
32021
32021
32022
32036
32045
32052
32053
32056
32057
32058
32060
32061
32063
32066
32079
32083
32084
32087
32095
32095
32097
32101
32105
32110
32115
32118
32119
32134
32135
32139
32140
32141
32142
32143
32148
32151
32152
32161
32163
32166
32166
32171
32174
32180
32190
32194
32194
32196
32197
32200
32203
32203
32203
32205
32206
32208
32214
32216
32219
32219
32220
32231
32232
32235
32238
32241
32245
32255
32256
32258
32258
32260
32267
32268
32273
32275
32277
32279
32286
32291
32300
32310
32310
32312
32314
32322
32328
32329
32330
32344
32345
32346
32347
32355
32362
32368
32374
32374
32377
32378
32381
32383
32385
32387
32390
32393
32400
32401
32403
32404
32406
32411
32416
32423
32424
32429
32430
32435
32436
32438
32451
32454
32457
32463
32464
32465
32466
32467
32468
32478
32480
32481
32485
32485
32489
32500
32507
32510
32515
32519
32520
32522
32526
32526
32529
32533
32535
32537
32538
32541
32541
32543
32546
32547
32548
32550
32552
32554
32555
32556
32557
32565
32566
32574
32578
32579
32582
32592
32595
32595
32598
32603
32604
32604
32605
32607
32610
32614
32615
32615
32616
32617
32619
32625
32626
32629
32633
32652
32657
32658
32659
32665
32666
32669
32669
32675
32680
32681
32687
32688
32689
32698
32703
32705
32706
32708
32710
32712
32712
32721
32721
32723
32724
32724
32730
32732
32732
32733
32733
32737
32740
32742
32746
32752
32756
32763
32766
