2
14
16
18
18
21
24
33
34
34
36
37
38
42
43
45
46
46
48
50
50
52
58
61
69
70
72
75
78
79
82
82
85
86
96
101
106
108
108
116
117
123
124
128
129
132
135
140
141
142
143
144
146
148
149
149
156
164
166
166
168
168
176
176
180
186
189
189
190
192
195
201
204
206
211
214
218
219
224
225
228
236
239
240
246
248
250
254
272
273
281
281
284
291
299
322
325
333
335
335
338
349
351
357
361
370
378
379
380
380
383
384
393
394
396
397
399
399
400
400
409
413
413
420
427
433
439
444
446
449
450
450
450
459
459
461
466
467
469
475
476
478
478
480
483
486
494
503
506
507
510
512
514
529
530
531
535
545
546
548
550
554
555
557
557
560
562
569
574
575
575
584
586
587
589
591
593
593
594
595
598
598
600
602
603
610
610
616
619
619
621
621
621
622
625
631
637
639
640
646
646
650
651
655
656
659
670
672
678
680
680
681
682
684
686
698
703
708
714
717
717
726
730
740
744
745
746
747
751
753
753
756
758
764
764
771
777
778
780
784
785
790
790
794
797
798
800
800
801
808
809
811
813
815
822
825
830
831
836
837
838
839
848
853
854
856
864
867
878
879
880
881
883
886
897
903
904
905
908
909
916
923
924
925
925
926
927
930
936
938
947
954
956
958
960
961
962
969
970
971
978
983
988
991
993
995
1021
1022
1022
1025
1027
1030
1033
1037
1046
1049
1050
1050
1059
1064
1064
1066
1067
1071
1072
1075
1076
1082
1090
1091
1093
1096
1100
1102
1110
1112
1113
1128
1130
1131
1137
1138
1150
1153
1155
1163
1165
1166
1169
1169
1171
1174
1174
1175
1180
1182
1192
1195
1209
1222
1227
1231
1233
1233
1245
1256
1256
1259
1260
1263
1266
1267
1273
1274
1279
1282
1292
1294
1294
1297
1299
1302
1303
1304
1306
1306
1306
1307
1309
1310
1312
1313
1315
1316
1316
1319
1322
1323
1329
1330
1338
1340
1343
1345
1346
1349
1358
1360
1363
1366
1366
1367
1371
1377
1380
1387
1390
1399
1404
1410
1415
1420
1422
1426
1434
1439
1441
1441
1447
1448
1450
1457
1465
1467
1467
1471
1478
1479
1481
1483
1486
1495
1496
1497
1501
1501
1501
1506
1508
1510
1510
1520
1522
1522
1525
1527
1529
1534
1539
1544
1548
1570
1580
1583
1587
1599
1601
1604
1607
1607
1609
1611
1613
1619
1626
1628
1634
1642
1643
1643
1646
1646
1649
1652
1654
1658
1660
1664
1665
1665
1675
1677
1678
1679
1680
1691
1691
1692
1696
1705
1719
1721
1721
1735
1738
1738
1738
1738
1743
1748
1749
1754
1763
1773
1774
1775
1779
1780
1787
1791
1794
1796
1797
1798
1799
1803
1805
1808
1813
1815
1821
1833
1835
1836
1841
1842
1849
1852
1854
1857
1859
1861
1861
1864
1867
1867
1869
1870
1871
1875
1875
1879
1881
1883
1884
1885
1888
1897
1899
1902
1903
1908
1909
1922
1923
1923
1924
1926
1929
1936
1950
1954
1955
1957
1960
1961
1963
1964
1964
1969
1974
1974
1979
1987
1987
1988
1989
1990
1990
1993
1996
1998
2000
2008
2011
2014
2017
2023
2037
2039
2039
2042
2045
2049
2051
2055
2057
2059
2061
2063
2068
2074
2074
2075
2076
2078
2082
2084
2096
2098
2100
2101
2102
2103
2110
2111
2120
2126
2139
2144
2144
2146
2147
2147
2147
2149
2154
2155
2156
2159
2163
2163
2165
2173
2174
2175
2176
2180
2181
2187
2189
2190
2192
2198
2199
2212
2215
2215
2215
2228
2229
2230
2234
2236
2237
2242
2251
2251
2256
2259
2261
2263
2265
2267
2269
2279
2279
2281
2285
2292
2294
2296
2297
2300
2304
2304
2304
2306
2312
2314
2314
2315
2324
2326
2328
2328
2330
2330
2344
2345
2349
2351
2353
2368
2376
2377
2382
2394
2395
2414
2416
2417
2419
2423
2435
2437
2445
2445
2447
2451
2453
2464
2471
2480
2495
2497
2508
2508
2518
2522
2523
2523
2527
2532
2536
2536
2540
2541
2547
2550
2553
2560
2562
2563
2566
2568
2570
2570
2571
2574
2574
2576
2576
2580
2587
2590
2599
2599
2601
2603
2604
2605
2607
2609
2611
2612
2618
2622
2629
2631
2638
2639
2641
2644
2646
2649
2650
2654
2655
2659
2659
2659
2661
2676
2676
2678
2682
2683
2686
2689
2691
2700
2702
2703
2703
2706
2730
2733
2733
2733
2742
2744
2746
2748
2750
2759
2760
2761
2766
2768
2769
2777
2780
2781
2792
2812
2822
2832
2832
2833
2833
2837
2838
2838
2858
2859
2861
2864
2865
2866
2868
2868
2868
2870
2870
2888
2889
2889
2905
2908
2910
2914
2915
2918
2918
2921
2922
2923
2925
2926
2928
2930
2935
2936
2938
2939
2939
2942
2944
2945
2949
2950
2950
2951
2957
2962
2963
2963
2968
2969
2971
2973
2973
2974
2976
2978
2987
2987
2991
2992
2994
2994
2995
2998
2999
3001
3006
3007
3016
3022
3027
3028
3028
3034
3035
3036
3042
3053
3064
3065
3073
3078
3085
3086
3090
3091
3094
3101
3101
3102
3102
3103
3106
3108
3117
3119
3120
3127
3135
3139
3140
3142
3145
3149
3150
3152
3156
3159
3162
3167
3169
3170
3185
3188
3192
3192
3199
3203
3203
3204
3205
3211
3217
3224
3227
3230
3235
3237
3238
3238
3239
3245
3248
3250
3251
3252
3255
3255
3255
3255
3258
3258
3258
3258
3260
3263
3275
3276
3277
3277
3282
3282
3283
3284
3286
3293
3297
3297
3302
3304
3305
3308
3317
3317
3327
3329
3331
3332
3332
3339
3340
3341
3341
3343
3347
3349
3350
3357
3358
3360
3369
3373
3373
3375
3376
3377
3377
3381
3387
3402
3402
3407
3412
3415
3416
3417
3422
3424
3427
3431
3432
3434
3436
3436
3438
3438
3441
3444
3444
3447
3451
3452
3456
3466
3468
3469
3473
3478
3488
3488
3494
3495
3496
3499
3500
3502
3502
3503
3507
3510
3511
3515
3516
3516
3532
3532
3534
3539
3551
3558
3559
3563
3565
3571
3572
3575
3576
3577
3582
3583
3584
3585
3594
3594
3596
3596
3604
3607
3612
3613
3616
3616
3618
3622
3627
3630
3641
3651
3651
3660
3663
3665
3667
3671
3675
3675
3676
3680
3686
3691
3692
3700
3702
3707
3707
3708
3715
3717
3722
3723
3736
3738
3744
3751
3752
3755
3756
3757
3758
3762
3768
3769
3770
3771
3772
3774
3774
3775
3777
3779
3779
3781
3781
3785
3794
3797
3798
3807
3812
3815
3817
3819
3828
3832
3849
3853
3858
3858
3861
3866
3867
3867
3868
3869
3870
3871
3871
3871
3873
3873
3874
3874
3875
3875
3875
3878
3881
3886
3887
3894
3896
3899
3902
3902
3907
3908
3910
3915
3924
3930
3935
3935
3936
3938
3940
3949
3952
3953
3953
3959
3960
3960
3962
3962
3967
3969
3969
3971
3977
3985
3986
3989
3990
3992
3993
3999
4000
4008
4009
4010
4011
4013
4021
4024
4025
4027
4029
4034
4037
4044
4046
4047
4048
4051
4053
4053
4054
4056
4056
4060
4070
4070
4077
4079
4080
4088
4090
4094
4094
4095
4102
4110
4117
4118
4120
4122
4122
4122
4124
4126
4127
4130
4136
4138
4144
4150
4151
4153
4164
4173
4175
4175
4185
4188
4189
4195
4195
4200
4204
4209
4214
4225
4240
4245
4246
4249
4254
4255
4257
4263
4264
4266
4267
4267
4280
4281
4281
4286
4286
4286
4287
4287
4291
4292
4295
4298
4301
4301
4304
4308
4309
4311
4314
4316
4317
4321
4328
4328
4335
4336
4340
4343
4344
4345
4350
4352
4353
4360
4361
4367
4367
4367
4368
4374
4378
4379
4382
4385
4385
4387
4391
4399
4401
4402
4406
4409
4410
4410
4412
4423
4426
4428
4429
4430
4431
4431
4434
4442
4446
4470
4471
4480
4481
4489
4489
4497
4498
4504
4506
4509
4516
4520
4523
4533
4534
4535
4536
4537
4544
4546
4550
4553
4558
4567
4569
4574
4578
4580
4585
4590
4592
4601
4604
4610
4610
4612
4615
4623
4627
4630
4633
4638
4642
4642
4643
4649
4653
4653
4655
4657
4659
4659
4661
4662
4663
4664
4670
4673
4676
4682
4682
4684
4685
4688
4695
4701
4706
4708
4710
4716
4720
4723
4738
4744
4753
4754
4759
4762
4767
4775
4778
4780
4781
4781
4787
4790
4790
4790
4792
4794
4795
4797
4798
4798
4809
4813
4816
4820
4822
4823
4824
4827
4830
4840
4849
4849
4851
4852
4853
4856
4858
4858
4860
4860
4862
4863
4871
4875
4876
4881
4882
4885
4886
4892
4893
4893
4900
4902
4904
4905
4908
4911
4916
4917
4918
4926
4926
4927
4927
4930
4936
4948
4948
4948
4954
4959
4964
4965
4969
4969
4971
4974
4974
4977
4980
4983
4989
4989
4991
4993
4994
4996
4998
4999
5002
5002
5003
5008
5008
5008
5008
5009
5009
5010
5021
5024
5025
5029
5032
5033
5037
5042
5043
5049
5051
5052
5053
5054
5055
5056
5057
5057
5058
5065
5067
5071
5072
5077
5083
5084
5084
5088
5090
5099
5100
5101
5103
5104
5105
5107
5112
5112
5115
5121
5121
5122
5128
5130
5136
5139
5145
5146
5147
5154
5160
5162
5168
5171
5181
5181
5182
5184
5194
5195
5196
5197
5199
5202
5202
5212
5214
5218
5220
5232
5234
5237
5237
5242
5247
5247
5249
5250
5252
5253
5255
5265
5266
5269
5272
5274
5275
5276
5279
5279
5294
5302
5305
5308
5310
5312
5313
5318
5322
5328
5329
5330
5332
5333
5335
5336
5340
5342
5348
5352
5354
5354
5360
5363
5364
5367
5368
5370
5372
5380
5381
5384
5387
5390
5390
5391
5398
5399
5412
5414
5418
5423
5426
5430
5440
5444
5445
5446
5449
5453
5455
5456
5456
5456
5458
5458
5463
5464
5464
5467
5467
5471
5472
5475
5475
5477
5477
5479
5480
5498
5501
5503
5504
5507
5507
5509
5514
5514
5516
5519
5522
5523
5523
5527
5535
5536
5540
5544
5545
5551
5552
5553
5555
5556
5559
5564
5564
5564
5565
5566
5566
5566
5571
5579
5583
5584
5584
5588
5590
5590
5591
5595
5599
5602
5606
5606
5608
5609
5610
5612
5625
5629
5633
5633
5633
5635
5636
5637
5640
5641
5642
5647
5649
5660
5660
5663
5672
5675
5680
5681
5683
5684
5689
5697
5701
5726
5728
5729
5732
5736
5738
5755
5755
5759
5760
5761
5765
5765
5766
5767
5775
5779
5779
5784
5786
5789
5795
5801
5804
5806
5811
5811
5812
5821
5822
5822
5823
5825
5825
5829
5829
5831
5831
5833
5833
5841
5841
5845
5848
5852
5852
5855
5857
5857
5861
5863
5870
5873
5879
5882
5892
5893
5898
5906
5906
5908
5909
5910
5912
5913
5916
5918
5925
5927
5928
5932
5940
5940
5941
5948
5964
5968
5971
5986
5989
5991
5993
5998
5999
5999
5999
6002
6007
6011
6012
6013
6016
6017
6019
6021
6026
6027
6031
6033
6036
6036
6038
6038
6052
6052
6053
6055
6062
6062
6062
6067
6067
6069
6081
6081
6082
6083
6084
6090
6093
6096
6098
6102
6110
6118
6123
6123
6128
6128
6128
6130
6135
6137
6140
6140
6141
6142
6143
6147
6148
6149
6157
6160
6160
6162
6168
6171
6177
6180
6182
6182
6191
6192
6200
6203
6204
6205
6206
6206
6212
6213
6213
6228
6228
6232
6233
6237
6240
6241
6243
6247
6250
6257
6258
6261
6261
6272
6277
6282
6283
6284
6284
6290
6292
6302
6303
6305
6306
6312
6313
6313
6314
6323
6324
6330
6331
6334
6335
6337
6340
6341
6346
6346
6351
6356
6356
6356
6356
6356
6359
6363
6367
6369
6371
6374
6374
6375
6378
6380
6388
6389
6392
6393
6399
6400
6403
6405
6406
6408
6417
6418
6423
6424
6426
6427
6429
6431
6432
6434
6447
6449
6450
6455
6458
6458
6458
6460
6463
6471
6472
6472
6474
6477
6479
6485
6492
6492
6493
6496
6496
6500
6505
6507
6508
6512
6514
6516
6517
6519
6521
6522
6524
6528
6536
6539
6543
6551
6552
6554
6557
6559
6561
6570
6572
6572
6575
6584
6584
6586
6592
6597
6598
6604
6606
6606
6615
6615
6616
6618
6621
6621
6625
6625
6628
6629
6630
6639
6642
6656
6659
6660
6663
6670
6670
6679
6680
6683
6686
6696
6696
6698
6701
6702
6707
6709
6710
6713
6717
6717
6725
6729
6730
6732
6755
6755
6755
6756
6757
6759
6773
6775
6777
6778
6780
6785
6786
6788
6796
6801
6807
6808
6815
6824
6829
6832
6833
6837
6842
6848
6850
6851
6853
6854
6858
6860
6862
6865
6866
6867
6868
6874
6875
6882
6882
6884
6885
6892
6894
6900
6902
6904
6907
6910
6911
6917
6920
6921
6922
6930
6935
6937
6937
6939
6941
6942
6943
6945
6951
6952
6953
6960
6961
6961
6964
6967
6971
6972
6975
6979
6980
6982
6999
7000
7005
7009
7015
7015
7015
7021
7023
7025
7027
7034
7035
7039
7039
7045
7052
7053
7055
7055
7058
7059
7061
7067
7073
7073
7075
7079
7082
7092
7095
7099
7108
7109
7109
7109
7115
7116
7121
7126
7128
7129
7132
7133
7143
7143
7143
7151
7152
7163
7166
7167
7167
7169
7173
7179
7184
7186
7187
7187
7193
7197
7199
7207
7209
7215
7216
7223
7224
7225
7228
7232
7242
7243
7250
7251
7253
7262
7263
7266
7266
7268
7273
7273
7275
7278
7279
7281
7282
7282
7285
7287
7289
7295
7296
7297
7298
7300
7312
7318
7324
7324
7325
7326
7327
7332
7334
7336
7338
7338
7340
7345
7354
7355
7358
7362
7371
7374
7380
7382
7383
7392
7392
7394
7398
7404
7409
7412
7413
7414
7415
7415
7417
7418
7419
7422
7424
7429
7434
7435
7439
7444
7454
7456
7458
7458
7459
7461
7468
7468
7468
7470
7471
7471
7474
7476
7479
7480
7487
7493
7497
7499
7501
7502
7504
7505
7507
7509
7518
7520
7524
7529
7530
7534
7535
7537
7541
7541
7543
7545
7551
7553
7554
7555
7559
7572
7573
7575
7583
7593
7596
7598
7600
7617
7619
7624
7631
7631
7636
7649
7650
7651
7652
7656
7661
7662
7664
7664
7666
7666
7668
7672
7675
7675
7678
7683
7684
7684
7687
7690
7697
7700
7706
7711
7715
7716
7717
7718
7721
7723
7723
7725
7731
7737
7739
7739
7740
7743
7743
7745
7747
7748
7756
7756
7766
7779
7781
7781
7784
7791
7792
7796
7798
7799
7804
7805
7809
7812
7813
7815
7820
7823
7823
7826
7828
7828
7833
7836
7845
7847
7853
7856
7857
7857
7871
7872
7875
7879
7881
7887
7892
7899
7901
7901
7903
7904
7907
7908
7913
7922
7929
7946
7947
7949
7951
7953
7960
7965
7971
7977
7985
7994
7996
7997
7997
8002
8005
8012
8016
8017
8021
8022
8030
8030
8034
8035
8037
8050
8051
8051
8054
8059
8064
8071
8072
8078
8088
8092
8094
8096
8097
8102
8116
8120
8129
8134
8135
8138
8143
8145
8145
8146
8146
8149
8161
8164
8172
8180
8181
8189
8190
8191
8193
8195
8198
8199
8204
8213
8214
8216
8216
8219
8225
8226
8227
8238
8245
8250
8251
8252
8256
8256
8258
8261
8269
8272
8273
8279
8280
8282
8282
8288
8300
8302
8304
8305
8305
8305
8306
8306
8307
8309
8310
8311
8315
8321
8325
8326
8330
8339
8341
8346
8350
8350
8352
8357
8360
8368
8370
8376
8377
8380
8381
8381
8392
8402
8406
8408
8413
8415
8418
8419
8425
8428
8428
8431
8432
8437
8439
8441
8441
8442
8455
8459
8461
8463
8478
8481
8481
8481
8481
8482
8488
8499
8499
8502
8508
8513
8516
8517
8520
8528
8530
8534
8547
8552
8553
8553
8555
8556
8557
8558
8563
8566
8573
8581
8585
8588
8591
8591
8605
8607
8610
8611
8611
8621
8627
8627
8628
8640
8640
8640
8643
8647
8648
8649
8651
8659
8660
8661
8662
8666
8666
8670
8671
8673
8673
8676
8678
8683
8684
8690
8695
8696
8697
8703
8703
8704
8708
8709
8713
8714
8717
8718
8719
8719
8722
8726
8729
8732
8742
8742
8744
8746
8746
8747
8754
8757
8760
8762
8766
8769
8773
8774
8774
8778
8781
8786
8793
8795
8795
8796
8801
8804
8806
8810
8813
8813
8813
8817
8817
8817
8818
8823
8823
8823
8824
8826
8827
8832
8833
8833
8833
8834
8843
8843
8844
8844
8847
8848
8851
8854
8857
8869
8874
8874
8876
8877
8879
8880
8898
8900
8902
8903
8904
8906
8906
8908
8908
8909
8910
8912
8913
8913
8925
8930
8931
8931
8931
8933
8933
8935
8938
8940
8951
8956
8956
8956
8964
8964
8967
8978
8979
8980
8982
8982
8992
8992
8993
8996
9000
9002
9003
9009
9011
9015
9015
9015
9015
9018
9019
9020
9023
9026
9029
9032
9033
9035
9037
9043
9051
9052
9056
9062
9063
9066
9067
9069
9076
9080
9086
9093
9096
9100
9105
9108
9109
9110
9112
9118
9119
9119
9121
9123
9127
9128
9131
9136
9137
9142
9148
9152
9170
9176
9184
9187
9188
9190
9191
9191
9206
9211
9214
9214
9216
9222
9230
9232
9235
9235
9241
9241
9242
9242
9243
9246
9248
9250
9252
9255
9255
9264
9267
9269
9278
9278
9278
9279
9285
9286
9289
9291
9293
9301
9303
9312
9318
9331
9338
9339
9340
9341
9342
9342
9344
9344
9347
9350
9352
9353
9359
9360
9361
9362
9363
9363
9375
9379
9388
9395
9400
9408
9409
9412
9413
9413
9413
9415
9419
9435
9436
9439
9440
9444
9446
9448
9467
9470
9472
9475
9477
9480
9483
9496
9497
9498
9499
9501
9501
9504
9504
9507
9509
9510
9510
9512
9513
9541
9541
9543
9549
9549
9550
9550
9557
9557
9562
9564
9567
9568
9568
9578
9578
9580
9582
9590
9592
9595
9600
9600
9606
9606
9609
9612
9613
9615
9615
9624
9624
9639
9648
9652
9657
9658
9660
9665
9667
9676
9677
9678
9681
9682
9695
9697
9697
9700
9700
9703
9706
9706
9711
9712
9713
9713
9721
9721
9722
9722
9724
9727
9731
9734
9735
9736
9738
9743
9745
9745
9745
9749
9752
9754
9759
9765
9765
9766
9766
9780
9781
9784
9786
9788
9793
9795
9795
9796
9808
9813
9829
9830
9831
9832
9836
9840
9844
9845
9846
9855
9857
9860
9866
9866
9873
9875
9878
9881
9887
9889
9889
9890
9893
9893
9894
9896
9905
9905
9906
9914
9923
9924
9932
9935
9936
9936
9937
9941
9943
9944
9953
9954
9954
9958
9963
9963
9965
9969
9972
9973
9977
9977
9982
9987
9991
9994
10005
10009
10012
10017
10020
10025
10026
10030
10037
10041
10041
10044
10044
10052
10060
10063
10064
10064
10064
10068
10069
10069
10070
10074
10078
10079
10083
10088
10093
10098
10099
10099
10104
10106
10106
10110
10119
10125
10130
10131
10135
10140
10145
10148
10148
10149
10150
10151
10156
10158
10160
10161
10163
10163
10166
10170
10170
10172
10182
10186
10186
10187
10188
10192
10194
10198
10200
10201
10204
10208
10208
10209
10211
10221
10227
10227
10229
10234
10234
10239
10243
10245
10247
10248
10249
10250
10253
10265
10266
10270
10276
10281
10282
10285
10293
10294
10295
10301
10302
10304
10304
10307
10310
10313
10316
10321
10330
10331
10332
10333
10335
10335
10339
10341
10342
10350
10351
10352
10352
10354
10357
10369
10372
10372
10375
10376
10383
10385
10397
10397
10398
10401
10413
10418
10427
10429
10432
10435
10436
10441
10445
10448
10451
10451
10464
10467
10467
10470
10473
10479
10482
10485
10485
10485
10486
10489
10497
10502
10502
10505
10508
10510
10511
10520
10525
10538
10540
10543
10544
10548
10549
10557
10565
10568
10573
10578
10580
10581
10592
10592
10594
10595
10604
10608
10613
10615
10617
10624
10624
10632
10636
10637
10638
10639
10640
10640
10650
10652
10663
10667
10670
10673
10675
10681
10682
10683
10688
10694
10695
10708
10713
10714
10720
10721
10722
10723
10724
10727
10734
10742
10742
10743
10743
10744
10747
10748
10751
10752
10753
10755
10756
10760
10761
10768
10771
10772
10773
10778
10781
10782
10782
10790
10791
10794
10795
10795
10797
10798
10802
10810
10816
10816
10820
10823
10833
10838
10839
10839
10841
10842
10849
10850
10851
10852
10852
10854
10859
10861
10863
10866
10872
10874
10879
10882
10882
10884
10884
10886
10888
10889
10891
10891
10894
10900
10906
10907
10907
10913
10914
10916
10918
10922
10928
10942
10945
10946
10952
10952
10965
10970
10971
10979
10986
10989
10994
11000
11011
11012
11016
11019
11019
11021
11021
11023
11024
11026
11028
11030
11041
11051
11059
11065
11066
11072
11077
11084
11089
11093
11096
11097
11099
11102
11103
11104
11111
11113
11113
11114
11114
11118
11118
11119
11120
11124
11126
11127
11130
11132
11133
11136
11137
11137
11145
11147
11148
11153
11169
11179
11183
11183
11189
11199
11199
11202
11203
11203
11211
11212
11212
11220
11222
11223
11224
11234
11248
11253
11265
11268
11270
11270
11271
11273
11274
11276
11276
11279
11280
11285
11288
11295
11297
11299
11300
11304
11306
11306
11319
11320
11322
11331
11333
11336
11338
11340
11340
11340
11343
11343
11345
11345
11349
11350
11352
11357
11359
11360
11361
11363
11364
11368
11369
11370
11380
11385
11385
11388
11388
11391
11391
11407
11409
11415
11417
11431
11434
11434
11445
11445
11456
11456
11460
11467
11470
11473
11474
11484
11487
11491
11492
11493
11494
11495
11500
11508
11508
11509
11510
11516
11517
11523
11524
11533
11533
11536
11539
11542
11544
11545
11547
11547
11548
11556
11564
11565
11568
11572
11582
11584
11587
11588
11591
11593
11598
11602
11603
11605
11606
11615
11642
11643
11645
11657
11678
11684
11688
11692
11692
11695
11697
11711
11715
11717
11723
11725
11725
11726
11729
11731
11736
11739
11743
11746
11751
11755
11759
11759
11760
11763
11765
11766
11767
11768
11770
11774
11775
11796
11800
11805
11815
11823
11826
11828
11829
11839
11842
11842
11842
11846
11847
11850
11856
11858
11859
11861
11864
11869
11880
11880
11881
11883
11884
11888
11889
11889
11898
11901
11901
11902
11903
11908
11910
11915
11915
11916
11917
11919
11920
11921
11922
11922
11926
11927
11928
11932
11933
11937
11945
11945
11948
11948
11949
11951
11956
11957
11958
11962
11964
11965
11972
11973
11983
11986
11987
11988
11990
11994
11994
11995
11998
12006
12006
12012
12014
12016
12026
12026
12028
12031
12034
12037
12037
12038
12039
12046
12050
12054
12055
12055
12055
12067
12070
12071
12072
12074
12079
12083
12088
12088
12097
12100
12112
12117
12119
12125
12127
12134
12137
12137
12137
12141
12142
12146
12148
12148
12151
12159
12161
12165
12171
12176
12179
12182
12183
12186
12186
12188
12193
12194
12196
12199
12199
12211
12211
12213
12224
12228
12229
12235
12236
12236
12240
12242
12246
12251
12254
12254
12256
12269
12274
12277
12288
12290
12292
12295
12309
12314
12317
12321
12322
12323
12323
12326
12328
12328
12329
12332
12340
12341
12345
12347
12354
12360
12362
12362
12365
12375
12377
12385
12393
12399
12399
12406
12406
12412
12415
12419
12426
12426
12433
12434
12437
12441
12446
12450
12455
12463
12464
12466
12470
12471
12473
12476
12481
12484
12494
12496
12501
12503
12506
12512
12512
12517
12519
12522
12522
12523
12525
12528
12533
12541
12542
12551
12557
12559
12565
12566
12571
12579
12580
12582
12585
12585
12588
12598
12599
12610
12615
12616
12624
12624
12624
12624
12627
12627
12635
12636
12640
12641
12646
12649
12650
12650
12651
12651
12651
12653
12657
12657
12657
12659
12659
12664
12666
12674
12675
12675
12678
12683
12692
12693
12701
12702
12705
12708
12718
12728
12730
12730
12731
12732
12733
12735
12745
12746
12746
12749
12767
12767
12768
12770
12782
12784
12788
12799
12799
12803
12809
12810
12813
12813
12828
12831
12831
12832
12839
12845
12848
12851
12851
12852
12857
12864
12865
12867
12870
12875
12877
12879
12881
12882
12883
12890
12892
12893
12897
12905
12905
12907
12918
12918
12923
12932
12935
12939
12943
12947
12948
12954
12956
12959
12960
12962
12964
12969
12969
12971
12971
12974
12979
12980
12980
12983
12983
12984
12987
12988
12990
12993
12993
13003
13003
13006
13013
13016
13022
13027
13029
13029
13030
13035
13038
13040
13042
13047
13052
13056
13056
13057
13057
13057
13063
13066
13071
13075
13076
13079
13083
13083
13084
13090
13092
13096
13100
13101
13107
13109
13110
13111
13116
13118
13120
13128
13129
13131
13135
13142
13149
13155
13157
13159
13159
13161
13165
13168
13168
13169
13179
13180
13181
13186
13195
13195
13199
13204
13205
13213
13216
13217
13218
13220
13228
13229
13234
13235
13236
13237
13250
13256
13259
13266
13268
13280
13283
13284
13286
13294
13303
13309
13310
13311
13314
13315
13322
13324
13326
13327
13328
13338
13346
13347
13349
13350
13351
13358
13358
13361
13361
13363
13366
13371
13382
13386
13387
13393
13397
13399
13402
13407
13409
13415
13416
13417
13417
13418
13421
13424
13425
13426
13427
13428
13435
13439
13441
13445
13450
13450
13451
13454
13457
13459
13460
13462
13474
13477
13485
13488
13489
13492
13495
13504
13510
13513
13518
13518
13522
13525
13529
13530
13531
13539
13541
13541
13557
13566
13567
13571
13579
13586
13588
13592
13593
13598
13600
13601
13602
13606
13607
13609
13610
13621
13622
13622
13623
13623
13635
13636
13642
13650
13651
13658
13668
13673
13674
13679
13684
13686
13689
13690
13701
13704
13707
13708
13711
13712
13717
13718
13719
13721
13723
13723
13726
13726
13727
13731
13733
13733
13735
13736
13736
13745
13748
13752
13762
13767
13771
13772
13773
13774
13774
13776
13776
13780
13781
13789
13790
13791
13794
13795
13796
13804
13806
13809
13812
13812
13816
13817
13818
13819
13823
13825
13825
13826
13826
13828
13830
13831
13839
13840
13843
13843
13850
13850
13851
13854
13858
13864
13875
13891
13891
13893
13898
13899
13900
13901
13904
13904
13908
13909
13910
13915
13915
13915
13922
13923
13927
13928
13930
13936
13948
13950
13954
13956
13956
13957
13960
13961
13963
13966
13973
13984
13984
13987
13991
13995
13996
13999
14000
14001
14007
14010
14011
14012
14014
14018
14018
14020
14022
14023
14024
14035
14044
14044
14045
14045
14048
14049
14050
14052
14057
14063
14072
14072
14075
14076
14077
14080
14084
14085
14087
14088
14112
14116
14116
14118
14131
14147
14148
14154
14157
14158
14158
14159
14168
14178
14178
14179
14183
14186
14189
14190
14192
14194
14194
14200
14214
14218
14221
14222
14222
14225
14227
14228
14229
14241
14245
14246
14249
14251
14251
14255
14257
14260
14264
14265
14276
14288
14291
14298
14299
14302
14305
14311
14312
14314
14315
14317
14317
14320
14324
14325
14332
14333
14333
14334
14339
14340
14345
14346
14347
14350
14355
14359
14359
14367
14370
14372
14374
14375
14377
14382
14389
14396
14396
14401
14407
14412
14418
14419
14420
14431
14431
14437
14440
14444
14444
14450
14453
14455
14456
14457
14458
14468
14469
14470
14472
14472
14480
14482
14484
14486
14488
14491
14492
14493
14493
14496
14503
14507
14515
14517
14518
14518
14518
14521
14526
14527
14528
14533
14534
14535
14537
14539
14542
14544
14545
14548
14556
14558
14560
14569
14575
14580
14585
14587
14588
14591
14596
14596
14602
14606
14609
14612
14616
14624
14624
14629
14631
14632
14634
14637
14644
14646
14648
14654
14656
14657
14661
14662
14666
14668
14671
14675
14681
14689
14691
14694
14695
14696
14697
14700
14711
14718
14724
14729
14729
14730
14735
14737
14742
14744
14745
14754
14756
14759
14761
14764
14768
14770
14773
14773
14784
14785
14791
14793
14797
14798
14798
14804
14806
14807
14808
14810
14815
14824
14825
14835
14836
14840
14843
14856
14857
14866
14868
14870
14873
14875
14878
14883
14886
14886
14894
14898
14905
14908
14909
14916
14921
14923
14923
14926
14934
14938
14940
14950
14952
14958
14959
14959
14964
14966
14973
14974
14976
14979
14980
14980
14983
14988
14989
14989
14991
14994
14998
15004
15004
15017
15019
15025
15032
15033
15034
15041
15043
15045
15056
15063
15070
15070
15074
15075
15079
15079
15089
15090
15098
15101
15108
15113
15115
15118
15120
15124
15126
15128
15129
15134
15134
15135
15138
15138
15145
15147
15148
15149
15149
15150
15150
15152
15152
15152
15156
15157
15161
15165
15174
15176
15178
15180
15180
15181
15182
15195
15195
15195
15198
15201
15204
15204
15209
15212
15212
15225
15227
15230
15231
15231
15231
15235
15238
15239
15242
15248
15250
15253
15253
15261
15264
15267
15272
15278
15288
15288
15291
15293
15294
15294
15296
15299
15300
15304
15307
15310
15311
15312
15315
15315
15317
15319
15320
15324
15331
15333
15333
15334
15339
15342
15343
15345
15345
15347
15348
15350
15351
15359
15360
15379
15380
15383
15385
15390
15390
15391
15395
15399
15399
15406
15406
15407
15407
15409
15414
15415
15416
15419
15424
15426
15429
15432
15443
15443
15445
15449
15452
15452
15453
15456
15457
15458
15463
15473
15478
15481
15482
15486
15488
15493
15496
15503
15504
15505
15506
15511
15519
15520
15520
15522
15525
15526
15528
15532
15536
15537
15538
15538
15540
15541
15541
15547
15551
15551
15553
15554
15555
15558
15563
15566
15569
15575
15577
15588
15593
15593
15593
15594
15594
15600
15602
15616
15619
15620
15623
15625
15630
15630
15631
15631
15633
15643
15650
15654
15658
15659
15662
15663
15665
15667
15668
15672
15672
15674
15676
15676
15676
15680
15685
15687
15694
15694
15699
15701
15702
15711
15712
15713
15718
15722
15724
15727
15734
15739
15742
15752
15754
15759
15760
15767
15767
15769
15771
15782
15786
15791
15794
15802
15809
15821
15827
15830
15831
15834
15839
15846
15852
15854
15865
15866
15866
15877
15878
15886
15889
15891
15893
15896
15898
15898
15901
15904
15905
15906
15906
15909
15916
15919
15923
15923
15928
15935
15936
15936
15939
15943
15944
15945
15949
15954
15955
15956
15961
15964
15964
15965
15965
15969
15970
15974
15976
15978
15983
15983
15984
15990
15992
15992
15994
16000
16003
16003
16005
16007
16008
16010
16012
16014
16015
16017
16022
16022
16023
16024
16024
16026
16029
16032
16033
16033
16036
16043
16046
16047
16048
16052
16061
16061
16065
16068
16069
16069
16074
16076
16080
16081
16082
16088
16094
16096
16098
16101
16101
16102
16102
16104
16105
16105
16107
16109
16109
16114
16114
16116
16117
16119
16121
16123
16138
16140
16140
16141
16146
16151
16158
16159
16161
16163
16170
16174
16175
16175
16180
16180
16180
16187
16188
16190
16191
16195
16199
16199
16207
16211
16211
16217
16218
16220
16223
16231
16232
16234
16235
16239
16240
16242
16242
16248
16250
16253
16253
16254
16255
16270
16277
16280
16280
16281
16282
16282
16284
16285
16286
16287
16290
16299
16301
16302
16304
16313
16332
16335
16337
16339
16339
16341
16343
16350
16353
16356
16359
16364
16367
16369
16369
16374
16374
16377
16382
16383
16393
16394
16396
16399
16407
16407
16407
16408
16408
16409
16414
16415
16417
16421
16422
16431
16437
16439
16451
16456
16457
16463
16464
16465
16466
16468
16469
16469
16475
16479
16485
16489
16490
16491
16495
16498
16500
16500
16506
16508
16518
16518
16519
16524
16526
16531
16540
16545
16548
16551
16552
16552
16557
16565
16572
16573
16574
16575
16579
16581
16581
16584
16587
16600
16622
16627
16629
16632
16633
16637
16644
16644
16646
16647
16650
16653
16653
16653
16653
16659
16661
16662
16663
16666
16667
16667
16686
16687
16687
16689
16691
16695
16696
16696
16697
16699
16703
16703
16707
16707
16708
16711
16714
16717
16721
16725
16726
16728
16735
16738
16738
16743
16743
16744
16749
16753
16757
16758
16759
16759
16762
16767
16772
16781
16783
16794
16796
16796
16797
16798
16799
16801
16802
16802
16806
16817
16822
16824
16832
16838
16838
16841
16841
16851
16851
16854
16855
16857
16860
16869
16879
16882
16882
16883
16883
16884
16886
16895
16896
16897
16904
16905
16906
16915
16925
16927
16927
16928
16932
16935
16940
16944
16944
16944
16945
16945
16947
16950
16954
16954
16955
16955
16955
16963
16963
16964
16966
16976
16978
16980
16980
16984
16989
16995
16997
17000
17003
17004
17009
17023
17024
17025
17028
17029
17032
17036
17039
17040
17043
17048
17052
17055
17057
17058
17059
17060
17068
17070
17071
17076
17081
17084
17089
17092
17094
17098
17104
17105
17108
17108
17118
17118
17121
17129
17129
17134
17135
17143
17150
17153
17154
17158
17171
17178
17179
17180
17190
17191
17192
17207
17213
17219
17222
17225
17225
17230
17230
17235
17237
17244
17257
17263
17265
17267
17269
17270
17274
17281
17282
17287
17289
17294
17299
17303
17304
17305
17306
17312
17314
17321
17321
17324
17325
17325
17328
17328
17332
17335
17336
17341
17344
17351
17352
17355
17357
17357
17359
17362
17362
17364
17365
17373
17374
17375
17379
17381
17381
17384
17386
17387
17388
17396
17399
17401
17405
17412
17413
17416
17418
17420
17421
17422
17427
17429
17434
17443
17446
17452
17455
17455
17457
17463
17464
17468
17468
17479
17480
17486
17496
17496
17496
17502
17504
17504
17506
17515
17519
17521
17521
17530
17534
17540
17546
17550
17550
17551
17553
17564
17564
17572
17576
17577
17582
17582
17583
17584
17586
17588
17593
17596
17597
17606
17610
17610
17617
17618
17630
17635
17635
17643
17643
17647
17652
17654
17662
17669
17672
17675
17677
17687
17694
17694
17696
17697
17705
17708
17713
17714
17719
17719
17721
17722
17723
17724
17727
17727
17731
17731
17734
17740
17742
17743
17745
17746
17750
17757
17760
17764
17771
17775
17785
17787
17790
17791
17792
17798
17800
17801
17808
17809
17811
17821
17833
17837
17839
17839
17843
17848
17851
17858
17860
17862
17863
17863
17870
17879
17886
17887
17894
17901
17901
17905
17906
17915
17919
17920
17922
17931
17931
17933
17936
17938
17941
17943
17945
17948
17949
17950
17954
17954
17955
17957
17965
17966
17967
17968
17968
17969
17970
17971
17973
17981
17984
17991
17998
18001
18006
18010
18014
18015
18017
18019
18026
18029
18033
18041
18049
18051
18064
18065
18065
18069
18069
18069
18073
18078
18078
18086
18088
18090
18096
18097
18098
18098
18104
18114
18114
18116
18116
18119
18122
18124
18132
18137
18138
18138
18140
18141
18141
18142
18149
18152
18157
18157
18161
18163
18169
18172
18174
18174
18182
18195
18195
18196
18199
18201
18202
18203
18210
18212
18216
18217
18217
18224
18225
18241
18264
18265
18265
18268
18269
18271
18279
18285
18289
18290
18294
18298
18301
18302
18306
18309
18316
18316
18317
18318
18334
18334
18336
18339
18339
18344
18344
18345
18346
18349
18353
18359
18362
18363
18365
18369
18370
18371
18374
18380
18393
18401
18403
18405
18412
18413
18414
18417
18417
18419
18421
18421
18425
18426
18426
18426
18431
18431
18432
18439
18442
18446
18446
18450
18453
18454
18454
18462
18470
18471
18472
18477
18478
18480
18485
18487
18489
18491
18492
18501
18502
18504
18505
18507
18509
18510
18514
18520
18521
18528
18536
18543
18547
18550
18550
18553
18554
18555
18556
18558
18559
18563
18567
18573
18575
18581
18581
18586
18588
18588
18590
18594
18598
18602
18603
18604
18606
18609
18641
18643
18647
18652
18652
18654
18657
18660
18666
18670
18673
18679
18683
18683
18683
18692
18694
18696
18699
18702
18706
18707
18713
18717
18721
18726
18738
18740
18741
18744
18745
18746
18746
18757
18758
18760
18765
18765
18768
18768
18773
18775
18776
18781
18784
18786
18789
18789
18795
18798
18799
18809
18810
18817
18818
18820
18826
18827
18828
18843
18854
18855
18858
18861
18865
18866
18873
18875
18879
18880
18884
18895
18896
18898
18901
18906
18907
18907
18908
18910
18920
18921
18933
18933
18937
18937
18939
18948
18954
18955
18956
18961
18964
18968
18971
18978
18986
18988
18994
18996
18997
19002
19003
19004
19008
19017
19021
19022
19024
19024
19026
19027
19031
19032
19036
19037
19037
19045
19046
19053
19061
19062
19066
19067
19077
19077
19077
19079
19082
19082
19082
19082
19090
19093
19095
19097
19107
19110
19115
19118
19120
19123
19128
19129
19132
19136
19138
19139
19142
19142
19151
19157
19158
19165
19170
19173
19176
19177
19178
19180
19182
19185
19185
19186
19188
19189
19200
19200
19208
19208
19215
19215
19222
19226
19226
19231
19235
19235
19239
19246
19250
19251
19256
19256
19261
19263
19265
19270
19271
19274
19277
19280
19283
19287
19290
19295
19298
19301
19304
19306
19311
19318
19319
19319
19324
19327
19328
19329
19330
19338
19341
19341
19342
19344
19346
19350
19357
19362
19363
19368
19370
19371
19373
19375
19380
19384
19388
19389
19393
19402
19403
19406
19410
19412
19416
19416
19420
19421
19422
19431
19431
19432
19433
19435
19438
19443
19443
19445
19446
19449
19455
19457
19457
19461
19462
19464
19472
19476
19476
19477
19477
19477
19480
19484
19488
19491
19494
19495
19496
19500
19502
19504
19510
19518
19521
19523
19524
19526
19527
19532
19540
19545
19546
19551
19555
19556
19556
19558
19562
19567
19567
19573
19574
19584
19585
19588
19589
19601
19607
19608
19610
19616
19617
19625
19627
19631
19632
19632
19634
19636
19639
19642
19643
19646
19647
19657
19659
19659
19664
19665
19670
19671
19672
19674
19675
19682
19686
19687
19687
19689
19690
19694
19702
19704
19707
19714
19716
19723
19725
19725
19735
19741
19745
19756
19759
19767
19767
19769
19772
19773
19776
19776
19777
19779
19783
19790
19790
19796
19799
19802
19806
19812
19821
19823
19824
19824
19826
19826
19830
19837
19842
19843
19847
19848
19851
19858
19863
19866
19866
19870
19872
19874
19875
19878
19879
19884
19886
19890
19893
19893
19898
19899
19903
19908
19909
19913
19915
19917
19923
19925
19928
19932
19936
19937
19940
19940
19941
19942
19942
19953
19958
19962
19962
19968
19970
19970
19971
19976
19977
19979
19992
19997
19998
19998
20001
20004
20005
20008
20008
20010
20010
20011
20011
20016
20020
20023
20027
20029
20035
20035
20037
20038
20041
20042
20045
20049
20052
20055
20057
20059
20059
20061
20064
20066
20070
20071
20080
20080
20081
20084
20091
20091
20092
20092
20092
20093
20095
20096
20097
20101
20103
20104
20110
20112
20115
20119
20127
20129
20131
20131
20131
20133
20139
20139
20140
20144
20144
20146
20148
20149
20158
20158
20170
20175
20176
20184
20185
20185
20190
20191
20192
20199
20201
20201
20201
20202
20203
20203
20204
20207
20211
20213
20214
20218
20220
20220
20228
20240
20241
20242
20246
20249
20251
20252
20257
20268
20275
20281
20282
20286
20288
20289
20290
20290
20294
20295
20296
20297
20309
20315
20320
20323
20324
20324
20328
20330
20330
20331
20336
20337
20341
20346
20347
20349
20354
20360
20364
20381
20382
20383
20389
20392
20395
20405
20406
20410
20411
20420
20424
20429
20435
20440
20441
20447
20449
20449
20450
20455
20455
20457
20460
20463
20465
20469
20470
20474
20474
20485
20493
20496
20501
20504
20506
20525
20534
20544
20547
20549
20553
20558
20558
20559
20562
20563
20567
20569
20570
20572
20572
20578
20579
20586
20594
20597
20601
20601
20607
20608
20609
20610
20611
20621
20623
20625
20625
20627
20628
20628
20629
20631
20637
20639
20643
20644
20649
20649
20657
20663
20670
20671
20672
20672
20676
20680
20680
20680
20683
20685
20685
20690
20697
20698
20700
20715
20721
20723
20724
20726
20727
20730
20731
20739
20741
20741
20748
20754
20757
20759
20763
20766
20768
20769
20769
20771
20771
20778
20779
20779
20780
20781
20781
20783
20784
20785
20787
20788
20794
20802
20807
20808
20810
20816
20816
20823
20823
20824
20826
20831
20833
20833
20846
20848
20867
20871
20874
20875
20877
20879
20883
20889
20889
20894
20896
20901
20901
20906
20907
20908
20910
20910
20910
20914
20926
20926
20933
20937
20939
20940
20946
20947
20947
20948
20954
20958
20960
20967
20968
20969
20969
20970
20977
20977
20980
20983
20986
20989
20997
20998
21011
21012
21013
21013
21014
21017
21021
21024
21031
21032
21037
21052
21056
21057
21059
21062
21066
21069
21071
21073
21074
21076
21076
21077
21077
21079
21079
21080
21089
21093
21101
21110
21113
21114
21114
21115
21117
21121
21122
21124
21124
21128
21131
21133
21133
21136
21144
21145
21145
21148
21150
21152
21153
21162
21164
21169
21175
21178
21184
21185
21192
21193
21194
21201
21207
21211
21213
21228
21230
21232
21234
21239
21241
21242
21245
21246
21252
21259
21262
21267
21272
21274
21275
21277
21294
21294
21298
21302
21304
21308
21310
21311
21327
21327
21328
21329
21330
21330
21332
21338
21339
21339
21342
21350
21358
21363
21369
21371
21381
21384
21386
21389
21391
21394
21396
21398
21407
21421
21422
21426
21432
21433
21434
21450
21450
21452
21453
21458
21462
21463
21465
21467
21470
21472
21472
21476
21477
21479
21483
21483
21489
21492
21493
21504
21507
21519
21519
21519
21522
21524
21525
21533
21533
21535
21541
21541
21547
21549
21553
21554
21562
21562
21566
21571
21573
21575
21587
21589
21596
21597
21602
21606
21609
21612
21614
21615
21621
21623
21632
21641
21650
21654
21662
21674
21677
21682
21683
21686
21691
21694
21697
21706
21706
21715
21721
21722
21724
21729
21732
21734
21738
21741
21742
21744
21745
21745
21748
21754
21756
21756
21757
21758
21758
21760
21766
21773
21774
21775
21784
21797
21804
21807
21807
21808
21808
21811
21812
21812
21825
21830
21837
21845
21851
21854
21857
21859
21860
21861
21862
21863
21865
21870
21875
21875
21876
21877
21883
21886
21887
21889
21893
21896
21896
21905
21906
21906
21908
21918
21919
21920
21921
21921
21925
21929
21932
21943
21944
21945
21949
21954
21964
21966
21970
21972
21980
21981
21984
21985
21988
21990
21991
22001
22004
22010
22011
22013
22013
22018
22023
22025
22028
22037
22037
22048
22050
22050
22050
22052
22058
22060
22060
22067
22074
22075
22082
22085
22086
22094
22096
22100
22102
22109
22111
22111
22114
22115
22119
22124
22125
22128
22128
22131
22133
22136
22139
22140
22145
22145
22149
22153
22155
22156
22162
22165
22166
22167
22168
22177
22177
22180
22180
22180
22182
22185
22186
22187
22194
22196
22196
22199
22200
22208
22208
22210
22218
22220
22221
22223
22228
22231
22233
22234
22235
22235
22238
22244
22249
22253
22254
22254
22255
22260
22261
22267
22270
22271
22272
22273
22275
22277
22279
22279
22284
22287
22288
22288
22289
22292
22294
22314
22315
22316
22318
22320
22323
22324
22327
22329
22330
22331
22333
22333
22334
22340
22344
22345
22345
22353
22354
22354
22355
22356
22368
22377
22385
22387
22391
22394
22403
22404
22406
22407
22409
22412
22418
22425
22426
22428
22433
22433
22435
22435
22436
22438
22438
22440
22444
22445
22447
22452
22453
22456
22457
22458
22465
22466
22467
22468
22469
22470
22471
22472
22473
22473
22473
22475
22482
22483
22494
22505
22506
22506
22507
22507
22509
22511
22511
22511
22513
22516
22517
22521
22522
22522
22533
22533
22539
22540
22540
22552
22553
22559
22562
22566
22567
22569
22572
22576
22577
22580
22581
22582
22582
22584
22584
22594
22597
22606
22612
22612
22612
22613
22613
22614
22616
22618
22618
22623
22623
22628
22629
22632
22632
22633
22634
22634
22636
22636
22640
22640
22645
22648
22650
22650
22655
22660
22661
22663
22665
22671
22672
22676
22677
22677
22678
22682
22689
22694
22699
22703
22704
22710
22711
22724
22729
22729
22734
22734
22736
22737
22737
22757
22765
22766
22767
22768
22772
22772
22777
22778
22781
22784
22788
22795
22796
22798
22799
22799
22802
22813
22813
22817
22821
22824
22835
22841
22843
22849
22856
22859
22865
22867
22872
22872
22879
22880
22882
22902
22913
22916
22926
22935
22939
22940
22950
22950
22956
22980
22982
22990
22991
22992
23006
23007
23009
23012
23015
23017
23020
23026
23030
23032
23033
23036
23039
23042
23043
23047
23057
23058
23060
23075
23076
23076
23077
23084
23085
23088
23093
23094
23095
23095
23096
23098
23102
23104
23104
23105
23109
23109
23115
23117
23117
23117
23118
23118
23131
23146
23155
23165
23169
23169
23173
23184
23184
23189
23190
23195
23198
23203
23211
23211
23216
23218
23221
23227
23238
23239
23240
23243
23245
23255
23260
23263
23271
23276
23276
23277
23280
23286
23292
23295
23296
23321
23323
23323
23326
23329
23329
23337
23344
23344
23346
23352
23354
23358
23362
23368
23371
23373
23373
23376
23380
23381
23381
23383
23389
23389
23390
23401
23401
23408
23417
23421
23425
23433
23436
23437
23439
23439
23443
23444
23447
23448
23449
23449
23452
23457
23457
23458
23463
23464
23465
23466
23470
23472
23474
23481
23482
23484
23486
23487
23490
23493
23495
23503
23507
23509
23510
23517
23531
23542
23542
23544
23545
23545
23550
23551
23553
23557
23561
23562
23562
23564
23569
23571
23575
23578
23580
23584
23588
23588
23589
23594
23596
23597
23603
23605
23609
23615
23617
23620
23628
23629
23631
23631
23635
23641
23642
23654
23654
23654
23657
23658
23664
23669
23670
23671
23673
23677
23677
23681
23683
23683
23693
23695
23696
23697
23697
23698
23699
23701
23708
23709
23710
23714
23715
23715
23717
23720
23722
23722
23731
23733
23738
23739
23742
23745
23746
23747
23752
23753
23754
23757
23758
23760
23762
23764
23765
23767
23776
23785
23792
23797
23800
23805
23813
23816
23824
23831
23839
23841
23844
23846
23846
23854
23864
23868
23871
23876
23878
23879
23879
23880
23883
23888
23892
23895
23901
23905
23906
23912
23914
23917
23927
23928
23928
23929
23932
23936
23942
23945
23949
23961
23961
23962
23962
23963
23966
23968
23968
23973
23974
23975
23978
23984
23984
23986
23991
23993
23994
23997
23998
24004
24006
24012
24014
24016
24031
24032
24032
24033
24034
24035
24036
24037
24041
24044
24044
24048
24051
24060
24065
24066
24068
24068
24069
24073
24081
24082
24085
24087
24087
24094
24096
24106
24106
24107
24108
24114
24114
24116
24116
24119
24124
24132
24134
24138
24138
24146
24147
24148
24154
24156
24158
24159
24162
24162
24163
24165
24165
24166
24169
24169
24169
24171
24172
24175
24176
24186
24191
24191
24199
24201
24206
24207
24214
24215
24216
24219
24222
24227
24228
24229
24231
24232
24235
24242
24246
24247
24250
24254
24255
24255
24257
24258
24258
24263
24273
24287
24287
24288
24289
24292
24293
24296
24298
24299
24304
24304
24306
24312
24315
24319
24323
24327
24328
24330
24335
24346
24350
24358
24361
24365
24368
24369
24370
24370
24381
24388
24391
24394
24395
24397
24398
24400
24401
24403
24403
24406
24419
24422
24426
24431
24432
24432
24435
24436
24438
24440
24442
24443
24445
24446
24447
24447
24448
24450
24458
24471
24472
24474
24477
24477
24485
24487
24491
24492
24492
24494
24495
24497
24500
24504
24509
24511
24515
24516
24517
24518
24518
24519
24521
24530
24543
24550
24553
24554
24564
24568
24568
24574
24575
24577
24579
24583
24597
24598
24601
24604
24604
24609
24610
24611
24619
24624
24625
24626
24630
24632
24633
24636
24648
24657
24657
24661
24661
24662
24664
24671
24674
24676
24682
24684
24685
24697
24701
24712
24719
24724
24725
24727
24747
24749
24754
24755
24756
24761
24771
24772
24776
24776
24778
24782
24783
24788
24788
24792
24792
24793
24794
24800
24801
24824
24825
24831
24841
24843
24847
24858
24871
24877
24878
24878
24879
24881
24881
24881
24885
24888
24889
24896
24900
24903
24906
24907
24913
24913
24921
24926
24938
24951
24961
24961
24964
24966
24969
24970
24971
24974
24975
24976
24977
24979
24984
24985
24986
24987
24988
24990
24994
25004
25006
25015
25018
25023
25024
25026
25027
25029
25030
25031
25031
25038
25042
25046
25052
25056
25056
25063
25071
25082
25083
25083
25087
25089
25089
25089
25092
25095
25097
25099
25105
25107
25108
25108
25111
25118
25118
25121
25128
25133
25135
25136
25141
25145
25150
25157
25158
25159
25165
25166
25166
25167
25168
25171
25175
25179
25183
25186
25189
25190
25199
25204
25205
25211
25215
25217
25219
25224
25226
25230
25232
25232
25233
25234
25235
25235
25236
25242
25246
25249
25260
25261
25265
25267
25267
25268
25268
25272
25284
25285
25285
25287
25289
25290
25293
25293
25294
25297
25302
25302
25304
25304
25315
25319
25321
25328
25329
25329
25332
25332
25341
25341
25345
25351
25352
25355
25361
25362
25362
25364
25367
25370
25375
25378
25382
25392
25397
25398
25401
25402
25403
25409
25410
25411
25417
25418
25434
25435
25441
25447
25450
25453
25456
25465
25469
25471
25472
25472
25473
25474
25483
25484
25485
25486
25486
25498
25498
25502
25508
25508
25509
25527
25538
25546
25549
25550
25550
25554
25556
25558
25562
25564
25576
25578
25579
25581
25582
25582
25582
25583
25586
25587
25589
25590
25592
25593
25596
25598
25599
25603
25604
25605
25605
25611
25614
25614
25615
25616
25622
25638
25642
25650
25654
25655
25670
25673
25673
25678
25678
25682
25682
25683
25686
25686
25687
25688
25691
25692
25695
25704
25711
25715
25715
25717
25717
25718
25719
25721
25727
25727
25735
25738
25740
25745
25749
25765
25768
25768
25769
25772
25773
25780
25780
25780
25787
25791
25792
25792
25793
25797
25801
25805
25811
25820
25820
25822
25826
25828
25832
25833
25837
25839
25840
25843
25844
25844
25844
25844
25851
25856
25860
25861
25864
25876
25876
25876
25884
25888
25891
25897
25900
25900
25901
25902
25906
25906
25908
25909
25915
25922
25923
25933
25935
25938
25950
25958
25959
25966
25966
25968
25970
25972
25973
25976
25976
25978
25979
25979
25997
25997
26005
26006
26008
26009
26010
26016
26020
26022
26022
26023
26026
26026
26028
26035
26037
26051
26058
26059
26059
26062
26062
26067
26071
26072
26073
26077
26078
26078
26080
26082
26085
26086
26087
26089
26094
26102
26104
26105
26108
26114
26114
26130
26137
26141
26141
26142
26144
26144
26146
26148
26149
26150
26153
26156
26157
26158
26159
26162
26162
26163
26163
26164
26169
26170
26170
26172
26173
26174
26177
26181
26182
26202
26203
26204
26206
26210
26212
26214
26219
26219
26220
26227
26230
26236
26239
26245
26253
26253
26267
26277
26283
26289
26292
26294
26294
26295
26304
26304
26307
26311
26314
26315
26317
26317
26321
26322
26322
26324
26331
26335
26336
26339
26340
26342
26343
26359
26362
26362
26366
26366
26373
26375
26378
26384
26401
26401
26402
26406
26409
26413
26416
26417
26424
26427
26428
26434
26436
26436
26446
26452
26463
26464
26470
26471
26472
26480
26480
26482
26486
26488
26490
26490
26492
26493
26494
26495
26501
26502
26503
26503
26507
26507
26509
26510
26515
26522
26528
26531
26534
26539
26541
26542
26547
26552
26553
26553
26553
26557
26564
26565
26577
26579
26580
26587
26588
26592
26596
26599
26599
26602
26604
26604
26606
26612
26614
26616
26619
26624
26626
26626
26626
26626
26628
26629
26631
26633
26638
26644
26645
26650
26651
26654
26655
26656
26656
26657
26658
26659
26660
26663
26663
26668
26675
26675
26679
26682
26683
26687
26698
26699
26699
26700
26705
26705
26707
26717
26720
26721
26731
26731
26732
26733
26740
26741
26743
26744
26746
26755
26762
26765
26768
26775
26775
26778
26789
26789
26791
26794
26801
26807
26807
26811
26814
26820
26822
26828
26830
26830
26836
26836
26836
26837
26840
26844
26848
26853
26855
26856
26859
26861
26863
26864
26871
26871
26876
26877
26879
26882
26897
26897
26897
26898
26900
26907
26907
26909
26918
26918
26923
26924
26942
26942
26948
26948
26949
26952
26961
26962
26963
26966
26969
26972
26988
26988
26997
26998
27000
27002
27003
27005
27006
27008
27009
27010
27015
27016
27016
27017
27030
27031
27032
27039
27045
27046
27050
27052
27053
27055
27056
27060
27065
27070
27070
27074
27075
27081
27087
27087
27094
27094
27095
27096
27102
27104
27105
27105
27108
27108
27108
27121
27121
27128
27130
27133
27137
27140
27142
27147
27149
27151
27153
27155
27156
27164
27164
27168
27173
27174
27176
27184
27185
27190
27200
27204
27204
27205
27205
27206
27206
27209
27213
27213
27219
27219
27220
27223
27227
27228
27230
27231
27232
27236
27244
27247
27249
27250
27251
27254
27254
27258
27258
27274
27276
27278
27279
27280
27280
27284
27287
27293
27297
27299
27300
27300
27303
27303
27305
27309
27309
27310
27316
27319
27320
27322
27331
27331
27332
27337
27339
27345
27350
27352
27355
27356
27358
27363
27367
27368
27374
27375
27379
27385
27390
27393
27399
27405
27408
27409
27411
27415
27416
27417
27420
27421
27425
27427
27429
27437
27440
27441
27447
27448
27454
27459
27467
27467
27470
27470
27472
27473
27478
27479
27483
27484
27485
27487
27489
27492
27500
27503
27504
27504
27509
27509
27510
27514
27523
27523
27526
27527
27527
27534
27537
27539
27540
27544
27552
27552
27552
27557
27558
27559
27560
27561
27568
27569
27571
27573
27576
27577
27585
27586
27592
27595
27596
27597
27606
27607
27610
27613
27613
27622
27627
27632
27633
27638
27640
27641
27643
27645
27649
27657
27664
27666
27671
27672
27673
27674
27675
27675
27676
27678
27681
27681
27683
27685
27686
27687
27688
27695
27703
27705
27707
27708
27710
27710
27711
27711
27712
27712
27713
27715
27720
27720
27726
27727
27732
27744
27747
27748
27765
27767
27768
27772
27773
27773
27773
27775
27776
27781
27783
27793
27793
27798
27811
27812
27816
27824
27830
27835
27837
27851
27854
27854
27867
27869
27879
27882
27883
27884
27888
27889
27892
27896
27897
27898
27899
27900
27910
27913
27917
27922
27922
27923
27924
27925
27926
27932
27932
27934
27935
27935
27935
27938
27941
27941
27946
27949
27955
27955
27957
27958
27960
27961
27961
27967
27970
27972
27978
27978
27986
27993
28003
28009
28010
28014
28014
28018
28021
28023
28023
28025
28033
28035
28036
28039
28042
28045
28046
28048
28051
28053
28057
28060
28064
28065
28069
28073
28077
28078
28094
28095
28100
28102
28103
28104
28104
28105
28109
28113
28113
28117
28118
28118
28119
28121
28123
28124
28126
28128
28132
28135
28140
28140
28146
28152
28160
28164
28165
28166
28167
28168
28170
28175
28176
28178
28180
28181
28193
28203
28203
28204
28205
28205
28208
28209
28215
28217
28218
28218
28222
28224
28227
28235
28242
28244
28244
28247
28248
28249
28251
28259
28270
28270
28271
28272
28278
28278
28283
28295
28301
28301
28304
28315
28318
28322
28328
28330
28331
28332
28343
28345
28345
28347
28347
28350
28374
28376
28383
28385
28394
28398
28400
28402
28404
28407
28411
28417
28424
28433
28434
28435
28437
28440
28440
28446
28446
28446
28448
28453
28455
28455
28455
28459
28465
28466
28472
28478
28481
28484
28491
28494
28502
28511
28516
28518
28529
28535
28536
28539
28541
28543
28543
28544
28547
28552
28553
28553
28562
28563
28564
28566
28567
28569
28572
28580
28585
28587
28589
28590
28611
28616
28620
28621
28622
28623
28627
28638
28642
28647
28651
28655
28660
28664
28664
28668
28670
28672
28673
28677
28678
28684
28688
28690
28694
28704
28704
28706
28708
28712
28718
28728
28728
28730
28733
28735
28742
28746
28747
28759
28761
28762
28765
28770
28773
28773
28774
28781
28786
28788
28789
28789
28789
28790
28792
28792
28801
28805
28809
28812
28813
28816
28820
28825
28827
28828
28838
28841
28842
28843
28846
28849
28850
28853
28854
28855
28870
28870
28872
28879
28880
28885
28896
28896
28897
28900
28910
28911
28915
28919
28922
28923
28923
28924
28936
28945
28946
28949
28952
28952
28954
28966
28974
28980
28981
28981
28983
28987
28997
29013
29016
29022
29026
29027
29032
29033
29037
29038
29040
29046
29047
29053
29056
29063
29069
29073
29075
29081
29087
29088
29089
29089
29090
29092
29092
29093
29096
29101
29107
29111
29113
29119
29124
29126
29129
29131
29133
29137
29140
29143
29147
29147
29150
29153
29153
29154
29154
29159
29159
29161
29162
29171
29173
29177
29178
29179
29182
29186
29186
29187
29188
29190
29192
29196
29203
29205
29207
29209
29209
29215
29215
29234
29242
29245
29246
29248
29248
29250
29266
29268
29268
29274
29277
29282
29287
29289
29290
29292
29293
29296
29297
29302
29313
29313
29318
29323
29324
29324
29331
29331
29332
29337
29339
29339
29345
29349
29353
29360
29361
29363
29369
29369
29370
29373
29377
29381
29381
29384
29389
29398
29403
29404
29404
29408
29409
29411
29416
29419
29419
29425
29428
29440
29447
29448
29457
29459
29468
29475
29481
29484
29495
29499
29500
29501
29502
29510
29510
29513
29514
29514
29516
29520
29522
29528
29534
29535
29541
29544
29548
29549
29551
29558
29559
29562
29584
29585
29591
29597
29599
29605
29605
29610
29612
29612
29629
29630
29630
29641
29644
29646
29653
29653
29654
29660
29664
29673
29682
29684
29685
29685
29688
29689
29693
29695
29697
29705
29708
29711
29713
29713
29718
29719
29721
29722
29724
29726
29730
29731
29731
29735
29740
29742
29747
29750
29757
29764
29766
29767
29768
29771
29781
29781
29783
29789
29789
29793
29797
29813
29816
29820
29829
29832
29844
29846
29852
29852
29859
29861
29862
29864
29870
29875
29879
29884
29884
29886
29889
29889
29893
29898
29901
29910
29914
29916
29916
29930
29934
29934
29935
29936
29937
29942
29946
29950
29954
29954
29955
29960
29961
29962
29968
29972
29978
29981
29994
30001
30002
30005
30008
30009
30011
30011
30015
30024
30031
30034
30037
30039
30041
30042
30042
30045
30046
30048
30051
30053
30056
30070
30071
30074
30074
30082
30087
30087
30090
30091
30094
30097
30097
30099
30100
30101
30107
30109
30109
30110
30114
30115
30119
30121
30121
30121
30122
30123
30127
30135
30136
30137
30147
30149
30153
30155
30156
30156
30162
30175
30182
30189
30193
30194
30197
30203
30203
30214
30216
30232
30233
30234
30236
30239
30244
30245
30245
30246
30257
30260
30263
30266
30270
30275
30278
30279
30283
30286
30287
30290
30296
30296
30296
30297
30301
30307
30307
30309
30309
30312
30313
30315
30316
30317
30320
30320
30324
30329
30340
30341
30342
30342
30343
30344
30345
30348
30349
30353
30354
30355
30362
30370
30371
30383
30384
30384
30391
30393
30393
30395
30400
30412
30413
30414
30415
30416
30417
30425
30427
30427
30429
30432
30432
30432
30438
30442
30442
30443
30447
30453
30462
30463
30469
30478
30494
30494
30501
30503
30505
30511
30514
30516
30519
30519
30520
30520
30521
30527
30528
30533
30534
30538
30553
30561
30562
30564
30569
30580
30585
30591
30597
30603
30603
30604
30619
30622
30628
30631
30632
30648
30657
30657
30661
30664
30665
30676
30677
30688
30692
30694
30702
30702
30709
30712
30712
30715
30716
30722
30722
30725
30729
30731
30732
30735
30741
30742
30747
30752
30753
30753
30757
30760
30765
30782
30783
30786
30791
30791
30796
30799
30801
30801
30802
30805
30805
30813
30817
30820
30822
30824
30826
30826
30834
30837
30839
30844
30850
30851
30852
30853
30855
30857
30860
30868
30869
30872
30875
30889
30892
30894
30898
30899
30901
30914
30923
30924
30930
30931
30934
30939
30951
30955
30957
30969
30976
30981
30983
30993
30994
30997
31002
31003
31004
31005
31009
31014
31018
31023
31029
31030
31046
31051
31054
31060
31066
31073
31078
31080
31081
31091
31092
31098
31099
31100
31101
31101
31109
31110
31111
31119
31119
31122
31122
31122
31132
31132
31133
31133
31137
31141
31147
31149
31151
31152
31153
31155
31167
31167
31168
31170
31172
31175
31177
31180
31189
31203
31208
31212
31223
31225
31231
31233
31234
31235
31240
31241
31244
31249
31250
31256
31257
31260
31267
31273
31279
31287
31290
31293
31298
31301
31305
31306
31307
31314
31317
31324
31328
31329
31336
31337
31343
31347
31356
31356
31357
31365
31366
31366
31368
31369
31375
31389
31392
31397
31399
31402
31404
31410
31416
31424
31428
31429
31431
31433
31440
31447
31451
31453
31453
31458
31458
31458
31459
31461
31468
31469
31471
31472
31474
31479
31482
31486
31490
31492
31497
31502
31507
31512
31513
31516
31520
31525
31532
31533
31533
31534
31537
31538
31538
31539
31540
31540
31547
31548
31552
31554
31561
31562
31564
31566
31572
31572
31575
31583
31591
31596
31597
31599
31608
31614
31619
31621
31623
31625
31626
31630
31633
31644
31649
31654
31659
31660
31663
31664
31666
31666
31672
31672
31673
31686
31695
31699
31703
31704
31726
31730
31738
31743
31746
31750
31752
31752
31755
31759
31761
31763
31767
31770
31772
31772
31773
31776
31776
31778
31778
31784
31785
31785
31786
31790
31791
31791
31794
31803
31803
31805
31819
31820
31820
31820
31821
31822
31822
31823
31830
31834
31835
31836
31837
31844
31845
31846
31849
31860
31862
31868
31871
31872
31872
31873
31874
31880
31880
31884
31886
31889
31894
31903
31904
31905
31905
31910
31911
31913
31914
31915
31916
31918
31918
31923
31924
31927
31931
31932
31940
31942
31942
31953
31959
31960
31962
31968
31969
31969
31974
31976
31976
31977
31980
31983
31986
31991
31993
32003
32008
32008
32009
32011
32019
32020
32024
32026
32027
32028
32043
32046
32055
32058
32058
32064
32066
32067
32069
32070
32071
32076
32080
32080
32080
32082
32091
32092
32094
32094
32097
32099
32100
32101
32105
32107
32112
32112
32113
32122
32123
32133
32135
32136
32138
32142
32146
32152
32153
32157
32160
32163
32166
32167
32170
32173
32180
32184
32184
32185
32185
32191
32193
32197
32197
32198
32198
32200
32203
32204
32207
32209
32213
32220
32224
32224
32225
32229
32251
32253
32258
32259
32260
32262
32266
32267
32269
32274
32278
32281
32284
32286
32287
32291
32292
32293
32303
32303
32303
32306
32308
32308
32313
32317
32334
32337
32338
32339
32347
32351
32352
32355
32356
32363
32366
32368
32371
32375
32381
32386
32396
32402
32415
32421
32427
32429
32431
32431
32434
32434
32440
32445
32447
32448
32461
32469
32470
32472
32472
32473
32475
32481
32482
32488
32489
32499
32502
32504
32505
32506
32508
32510
32511
32511
32521
32528
32532
32542
32549
32556
32561
32564
32568
32572
32575
32575
32579
32581
32582
32583
32583
32587
32589
32590
32592
32593
32594
32597
32601
32601
32610
32613
32618
32628
32629
32635
32639
32639
32640
32642
32643
32652
32653
32657
32657
32661
32664
32666
32669
32673
32673
32675
32681
32681
32684
32694
32695
32705
32708
32713
32725
32731
32733
32738
32741
32742
32744
32745
32745
32746
32752
32760
32763
32764
32765
32766
