0
7
12
13
20
27
36
36
44
46
59
59
64
64
66
66
68
72
79
84
87
91
93
99
106
109
112
113
116
120
123
136
139
141
143
147
148
149
151
151
152
157
167
169
171
176
177
178
180
180
186
187
191
194
207
212
212
216
223
224
224
225
226
233
234
239
241
241
241
242
243
245
249
250
251
251
253
254
263
264
264
264
265
268
268
269
271
277
279
288
291
292
296
299
299
299
304
307
309
312
313
315
318
339
340
343
344
347
354
358
368
372
374
390
394
399
403
421
424
426
433
433
435
439
441
442
447
456
456
457
459
460
462
464
465
465
465
466
469
471
473
473
473
474
479
479
480
485
488
489
490
492
503
505
505
505
508
508
508
509
510
511
515
515
516
519
525
539
543
543
545
546
551
551
555
558
560
561
571
571
576
580
582
584
589
590
592
596
597
602
608
610
617
619
625
625
640
643
650
655
662
662
664
665
666
670
675
678
679
680
687
687
688
690
692
694
696
702
703
704
714
717
721
724
731
732
732
738
739
744
753
760
763
766
768
770
782
786
787
789
789
793
797
808
808
809
811
811
815
818
819
820
821
822
825
826
833
833
835
835
840
843
844
847
851
852
858
859
861
866
868
869
875
875
892
895
911
914
914
916
918
924
931
933
935
939
941
950
950
962
964
971
973
973
973
978
979
980
980
981
983
983
986
988
991
993
994
1000
1006
1009
1009
1010
1010
1012
1013
1015
1015
1022
1026
1026
1030
1030
1031
1032
1036
1036
1038
1040
1041
1048
1049
1050
1053
1054
1055
1060
1063
1067
1070
1076
1077
1093
1102
1103
1114
1116
1125
1127
1127
1129
1136
1138
1147
1148
1149
1152
1167
1169
1173
1181
1182
1183
1185
1186
1189
1200
1204
1204
1205
1210
1211
1215
1234
1236
1238
1240
1242
1246
1252
1257
1259
1261
1261
1263
1268
1272
1272
1281
1285
1288
1289
1296
1296
1299
1300
1300
1302
1303
1315
1316
1317
1318
1326
1331
1332
1334
1337
1338
1340
1354
1356
1358
1363
1364
1364
1375
1381
1383
1383
1389
1393
1393
1393
1394
1396
1409
1409
1409
1411
1414
1418
1418
1422
1424
1433
1436
1436
1440
1441
1444
1449
1450
1456
1457
1457
1465
1471
1472
1475
1477
1481
1481
1484
1485
1495
1496
1499
1505
1505
1506
1509
1516
1516
1521
1521
1524
1530
1538
1539
1545
1546
1548
1553
1555
1555
1555
1557
1566
1570
1575
1578
1586
1590
1590
1593
1598
1609
1612
1613
1621
1622
1626
1627
1636
1639
1639
1643
1655
1658
1658
1658
1659
1661
1662
1664
1665
1667
1668
1669
1671
1676
1677
1682
1683
1685
1696
1704
1704
1707
1708
1708
1711
1714
1717
1727
1732
1738
1742
1743
1746
1749
1754
1754
1758
1767
1775
1778
1789
1790
1793
1794
1805
1813
1818
1823
1823
1826
1834
1836
1838
1844
1853
1856
1858
1858
1860
1865
1866
1867
1868
1869
1871
1872
1875
1883
1886
1886
1893
1895
1899
1900
1908
1909
1912
1915
1918
1929
1929
1929
1933
1936
1937
1937
1938
1938
1945
1950
1954
1961
1963
1964
1966
1968
1968
1969
1970
1970
1973
1975
1976
1979
1981
1983
1983
1986
1990
1992
1999
2001
2001
2002
2003
2006
2008
2014
2015
2022
2029
2030
2041
2041
2042
2054
2056
2058
2064
2064
2067
2082
2082
2094
2101
2110
2125
2129
2132
2147
2150
2156
2161
2161
2163
2165
2167
2168
2171
2172
2174
2176
2177
2178
2185
2191
2194
2203
2204
2207
2221
2231
2231
2242
2244
2246
2249
2249
2258
2259
2264
2272
2277
2285
2288
2290
2299
2304
2304
2306
2306
2310
2312
2314
2317
2322
2326
2328
2331
2331
2332
2334
2336
2339
2341
2344
2349
2349
2352
2352
2357
2363
2363
2365
2367
2367
2374
2382
2383
2384
2384
2391
2391
2394
2397
2397
2401
2403
2414
2420
2421
2424
2426
2426
2434
2439
2442
2443
2445
2453
2458
2460
2465
2465
2471
2479
2480
2484
2490
2490
2491
2498
2498
2499
2512
2514
2516
2518
2518
2518
2520
2522
2523
2530
2530
2532
2540
2543
2547
2548
2550
2550
2551
2555
2556
2556
2561
2564
2564
2567
2571
2572
2580
2581
2586
2595
2598
2602
2605
2615
2620
2623
2625
2630
2632
2633
2639
2641
2643
2645
2645
2645
2646
2658
2659
2666
2668
2669
2677
2680
2682
2685
2689
2691
2691
2696
2697
2699
2710
2712
2716
2717
2719
2727
2732
2739
2741
2744
2747
2750
2753
2754
2759
2764
2766
2766
2768
2772
2773
2779
2789
2790
2790
2794
2796
2801
2802
2803
2820
2832
2834
2836
2838
2843
2844
2847
2856
2859
2864
2866
2867
2873
2874
2876
2877
2884
2884
2889
2896
2903
2905
2906
2908
2909
2911
2923
2926
2929
2934
2939
2939
2941
2943
2953
2955
2957
2965
2966
2969
2971
2971
2973
2975
2976
2977
2979
2981
2996
2998
2999
2999
3005
3005
3008
3009
3022
3025
3026
3029
3031
3031
3033
3033
3042
3046
3046
3047
3052
3053
3059
3064
3065
3073
3075
3083
3084
3089
3094
3100
3103
3105
3107
3110
3113
3114
3116
3116
3116
3117
3118
3118
3121
3125
3125
3126
3129
3135
3139
3141
3141
3144
3146
3167
3167
3169
3173
3175
3183
3185
3188
3189
3189
3192
3199
3199
3202
3206
3211
3211
3211
3213
3223
3240
3241
3242
3243
3245
3246
3248
3253
3255
3257
3259
3266
3271
3276
3288
3295
3300
3301
3309
3309
3315
3317
3319
3319
3320
3332
3334
3336
3336
3339
3349
3352
3355
3355
3358
3362
3367
3369
3370
3373
3373
3379
3381
3389
3391
3394
3399
3406
3409
3409
3412
3415
3415
3417
3421
3429
3430
3432
3437
3440
3444
3444
3446
3450
3451
3452
3463
3471
3472
3479
3482
3491
3498
3498
3499
3500
3505
3512
3514
3515
3519
3521
3525
3525
3526
3528
3529
3536
3541
3541
3543
3545
3547
3548
3549
3553
3555
3564
3568
3570
3572
3572
3574
3574
3585
3585
3591
3596
3598
3606
3614
3623
3624
3626
3628
3630
3631
3632
3633
3641
3643
3645
3648
3652
3654
3657
3660
3661
3663
3663
3667
3671
3676
3679
3683
3685
3686
3686
3687
3692
3698
3703
3706
3712
3713
3714
3715
3716
3717
3718
3719
3723
3726
3727
3728
3731
3733
3733
3734
3736
3737
3737
3738
3741
3744
3749
3752
3752
3755
3756
3757
3772
3775
3779
3779
3783
3789
3801
3801
3811
3820
3820
3820
3821
3832
3835
3841
3842
3843
3843
3845
3847
3852
3855
3856
3856
3858
3860
3863
3868
3871
3877
3880
3880
3881
3882
3883
3884
3884
3890
3900
3900
3901
3911
3917
3920
3923
3926
3926
3932
3940
3945
3947
3948
3948
3957
3965
3966
3969
3975
3981
3985
3989
3993
4006
4008
4011
4012
4013
4013
4017
4018
4024
4037
4038
4038
4041
4044
4048
4058
4058
4059
4063
4065
4072
4077
4085
4087
4090
4092
4094
4096
4099
4108
4115
4123
4123
4125
4130
4130
4133
4141
4141
4143
4144
4145
4149
4154
4156
4158
4169
4170
4182
4184
4188
4189
4197
4208
4209
4211
4216
4217
4218
4224
4228
4231
4232
4234
4243
4244
4245
4245
4248
4251
4252
4264
4267
4271
4272
4274
4287
4289
4290
4292
4292
4306
4313
4315
4319
4332
4336
4340
4340
4341
4344
4347
4347
4349
4353
4354
4355
4359
4360
4362
4364
4365
4369
4372
4380
4381
4383
4383
4387
4388
4389
4392
4394
4395
4406
4408
4409
4410
4414
4415
4416
4416
4417
4417
4418
4421
4422
4435
4436
4437
4441
4441
4442
4452
4455
4460
4461
4461
4466
4467
4469
4479
4479
4481
4483
4484
4485
4486
4486
4487
4490
4493
4493
4495
4501
4504
4506
4518
4519
4522
4523
4527
4531
4532
4532
4533
4535
4537
4539
4540
4541
4542
4542
4543
4545
4546
4549
4553
4553
4558
4559
4564
4565
4574
4576
4583
4586
4588
4590
4598
4600
4601
4603
4603
4604
4611
4613
4624
4627
4627
4633
4635
4636
4642
4657
4659
4661
4664
4665
4667
4670
4674
4676
4679
4680
4684
4685
4687
4693
4700
4702
4703
4710
4717
4717
4725
4725
4727
4732
4733
4735
4736
4736
4738
4741
4741
4741
4750
4755
4755
4759
4761
4766
4767
4767
4770
4775
4776
4784
4785
4787
4787
4793
4797
4801
4803
4806
4820
4824
4824
4824
4827
4831
4832
4834
4835
4840
4843
4844
4847
4847
4849
4850
4851
4859
4866
4866
4868
4868
4883
4888
4889
4892
4896
4901
4905
4907
4913
4917
4919
4919
4924
4927
4933
4935
4938
4942
4943
4946
4947
4947
4948
4950
4953
4953
4953
4960
4960
4961
4969
4976
4977
4978
4980
4985
4989
4993
4999
4999
5000
5002
5002
5002
5020
5021
5040
5043
5050
5057
5059
5062
5063
5064
5067
5070
5073
5076
5078
5085
5092
5093
5096
5099
5100
5100
5108
5119
5120
5121
5124
5131
5137
5139
5141
5141
5149
5150
5152
5157
5159
5160
5162
5162
5167
5168
5168
5177
5177
5179
5181
5186
5187
5189
5191
5198
5204
5204
5206
5206
5209
5213
5214
5217
5218
5219
5223
5225
5230
5234
5245
5251
5254
5256
5259
5260
5263
5264
5265
5272
5277
5279
5286
5291
5293
5293
5295
5302
5305
5305
5308
5312
5314
5319
5319
5326
5329
5329
5334
5337
5339
5341
5342
5343
5345
5348
5351
5352
5352
5354
5354
5356
5361
5366
5366
5370
5377
5379
5380
5381
5382
5382
5382
5385
5385
5392
5394
5395
5399
5414
5419
5420
5423
5429
5434
5439
5461
5465
5465
5467
5467
5473
5478
5481
5492
5494
5496
5497
5499
5499
5500
5500
5501
5502
5503
5509
5510
5512
5514
5515
5521
5522
5530
5531
5538
5544
5545
5547
5550
5554
5559
5559
5564
5565
5567
5573
5578
5584
5585
5585
5587
5587
5591
5593
5594
5597
5597
5599
5602
5604
5607
5610
5611
5612
5613
5614
5619
5626
5631
5637
5638
5638
5639
5639
5642
5647
5651
5653
5660
5661
5665
5667
5669
5672
5672
5674
5675
5675
5683
5695
5701
5705
5705
5706
5706
5707
5708
5708
5709
5711
5714
5721
5732
5733
5735
5737
5743
5754
5756
5763
5774
5776
5778
5778
5782
5785
5800
5804
5808
5808
5809
5813
5815
5818
5823
5825
5831
5838
5843
5847
5849
5850
5851
5851
5852
5856
5856
5858
5861
5864
5865
5876
5884
5897
5898
5904
5905
5908
5917
5919
5920
5920
5921
5921
5924
5924
5927
5927
5928
5934
5937
5937
5942
5946
5947
5947
5948
5950
5953
5956
5957
5961
5969
5980
5985
5985
5985
5986
5988
5989
5992
5996
5997
6007
6016
6016
6019
6024
6027
6030
6034
6037
6039
6040
6040
6040
6042
6058
6062
6063
6084
6085
6089
6094
6096
6097
6099
6109
6109
6113
6114
6117
6122
6125
6126
6127
6132
6134
6135
6138
6145
6145
6149
6150
6153
6154
6162
6169
6177
6185
6188
6191
6192
6193
6196
6196
6200
6204
6205
6208
6212
6212
6212
6214
6216
6217
6219
6219
6224
6227
6233
6239
6240
6242
6244
6245
6246
6247
6261
6265
6265
6269
6270
6275
6278
6282
6284
6292
6293
6295
6299
6310
6311
6312
6316
6320
6322
6328
6328
6328
6330
6331
6334
6335
6335
6340
6345
6346
6346
6347
6349
6350
6350
6350
6352
6354
6358
6361
6364
6365
6365
6367
6372
6376
6379
6380
6381
6386
6389
6393
6408
6410
6411
6418
6424
6426
6429
6432
6436
6437
6443
6444
6446
6447
6449
6451
6452
6453
6456
6468
6470
6472
6474
6476
6479
6480
6482
6482
6483
6484
6484
6485
6493
6498
6502
6503
6504
6508
6509
6509
6514
6516
6519
6523
6527
6547
6547
6555
6560
6563
6566
6568
6579
6581
6582
6590
6591
6593
6598
6603
6603
6604
6606
6607
6608
6609
6610
6614
6614
6615
6616
6623
6626
6627
6634
6647
6650
6651
6657
6657
6657
6660
6661
6669
6670
6677
6680
6686
6688
6689
6694
6696
6701
6707
6708
6708
6709
6715
6720
6720
6722
6731
6733
6733
6734
6735
6736
6740
6741
6743
6743
6746
6749
6752
6755
6755
6757
6770
6773
6776
6779
6785
6794
6795
6795
6795
6802
6804
6806
6807
6808
6813
6819
6820
6827
6828
6833
6834
6838
6845
6847
6851
6852
6852
6854
6854
6855
6855
6857
6859
6865
6870
6876
6877
6880
6891
6892
6894
6896
6896
6896
6899
6910
6921
6922
6922
6924
6927
6928
6935
6944
6951
6952
6953
6958
6959
6962
6962
6963
6967
6967
6969
6974
6979
6984
6987
6989
6995
6996
6996
7019
7022
7031
7033
7039
7040
7040
7042
7042
7045
7046
7053
7061
7070
7071
7074
7076
7083
7085
7086
7087
7087
7090
7090
7094
7095
7099
7103
7104
7104
7104
7120
7125
7128
7135
7136
7140
7148
7149
7149
7151
7154
7161
7162
7164
7165
7169
7170
7174
7177
7179
7184
7190
7191
7191
7192
7194
7195
7202
7209
7212
7214
7216
7223
7223
7224
7225
7230
7234
7236
7240
7243
7251
7252
7252
7252
7253
7260
7267
7268
7268
7270
7273
7274
7274
7275
7277
7279
7281
7282
7282
7282
7290
7300
7302
7304
7305
7309
7310
7319
7321
7321
7323
7329
7331
7334
7334
7342
7345
7346
7349
7353
7359
7361
7364
7372
7377
7380
7386
7386
7387
7404
7404
7406
7410
7414
7416
7416
7417
7419
7434
7441
7442
7446
7446
7446
7447
7447
7456
7475
7477
7480
7481
7483
7484
7486
7487
7490
7498
7499
7505
7506
7508
7509
7510
7511
7513
7514
7514
7519
7519
7522
7524
7532
7535
7539
7543
7547
7549
7553
7553
7554
7555
7557
7563
7564
7566
7571
7577
7582
7584
7589
7590
7591
7595
7595
7599
7600
7613
7615
7616
7621
7621
7625
7625
7626
7628
7633
7636
7636
7637
7642
7642
7643
7648
7649
7656
7657
7664
7670
7670
7671
7674
7680
7682
7685
7686
7690
7693
7697
7698
7698
7700
7702
7705
7706
7706
7713
7713
7715
7722
7723
7724
7736
7738
7745
7747
7749
7751
7753
7755
7757
7758
7758
7760
7763
7767
7768
7775
7776
7777
7788
7789
7790
7793
7796
7796
7801
7802
7802
7802
7803
7806
7807
7815
7816
7819
7822
7824
7831
7834
7837
7838
7846
7850
7853
7854
7875
7879
7880
7880
7882
7902
7906
7909
7910
7910
7912
7922
7923
7929
7930
7933
7940
7940
7943
7944
7945
7948
7957
7958
7959
7970
7971
7973
7974
7977
7977
7978
7981
7981
7988
7989
7992
7996
7998
8000
8000
8010
8014
8014
8018
8024
8028
8037
8037
8037
8046
8047
8047
8049
8051
8051
8052
8053
8058
8065
8065
8066
8077
8084
8084
8085
8091
8091
8093
8096
8104
8105
8107
8107
8111
8120
8121
8124
8124
8124
8126
8127
8143
8145
8150
8151
8154
8159
8166
8166
8166
8167
8169
8174
8176
8176
8177
8185
8187
8188
8189
8191
8193
8198
8201
8203
8206
8209
8209
8209
8211
8213
8213
8215
8223
8228
8230
8234
8246
8248
8254
8256
8261
8262
8263
8272
8279
8282
8286
8287
8294
8295
8295
8299
8304
8304
8308
8312
8312
8313
8314
8315
8315
8319
8320
8325
8329
8329
8332
8334
8340
8342
8353
8355
8355
8356
8361
8362
8367
8374
8378
8390
8390
8404
8404
8404
8405
8413
8417
8418
8421
8422
8425
8429
8431
8433
8435
8435
8445
8446
8448
8448
8449
8449
8452
8456
8458
8461
8465
8484
8489
8491
8495
8496
8501
8501
8502
8504
8515
8516
8517
8517
8517
8526
8528
8531
8534
8534
8534
8544
8545
8549
8551
8553
8554
8557
8560
8561
8563
8568
8572
8574
8575
8577
8578
8588
8592
8595
8597
8601
8601
8603
8607
8607
8608
8609
8610
8614
8618
8618
8623
8636
8640
8640
8641
8643
8648
8649
8651
8657
8657
8667
8670
8670
8670
8671
8673
8677
8679
8681
8681
8698
8699
8701
8701
8705
8708
8710
8716
8716
8719
8723
8724
8739
8749
8751
8751
8753
8754
8767
8768
8771
8773
8773
8774
8779
8782
8788
8789
8790
8797
8807
8808
8811
8820
8825
8825
8826
8828
8828
8829
8830
8832
8832
8834
8841
8842
8848
8852
8860
8861
8862
8864
8867
8871
8872
8882
8886
8887
8892
8894
8903
8907
8910
8912
8917
8918
8919
8926
8928
8928
8929
8932
8932
8936
8939
8944
8949
8953
8955
8958
8958
8964
8968
8983
8983
8985
8985
8988
8988
8989
8993
8994
9000
9005
9006
9011
9012
9014
9015
9019
9027
9031
9040
9046
9047
9048
9050
9051
9052
9057
9058
9058
9062
9066
9067
9070
9071
9073
9080
9090
9093
9096
9099
9105
9106
9118
9120
9124
9127
9130
9132
9137
9137
9140
9140
9141
9147
9149
9153
9153
9153
9155
9156
9158
9170
9171
9172
9173
9175
9186
9187
9190
9194
9203
9205
9209
9209
9210
9213
9214
9214
9227
9229
9230
9231
9233
9237
9242
9262
9272
9276
9276
9278
9278
9278
9283
9284
9284
9290
9293
9294
9294
9299
9301
9301
9307
9315
9318
9319
9325
9326
9327
9328
9334
9338
9338
9340
9352
9357
9366
9373
9375
9377
9381
9381
9387
9389
9390
9390
9391
9394
9397
9398
9403
9406
9409
9414
9415
9418
9419
9424
9425
9425
9427
9427
9429
9437
9439
9439
9439
9448
9449
9455
9461
9462
9462
9463
9467
9468
9471
9472
9479
9479
9482
9483
9486
9492
9494
9497
9497
9502
9502
9507
9512
9512
9514
9515
9515
9517
9521
9525
9529
9530
9539
9540
9543
9551
9554
9556
9565
9566
9568
9572
9582
9586
9592
9600
9602
9604
9605
9612
9615
9617
9622
9627
9634
9636
9637
9638
9639
9639
9639
9640
9642
9649
9653
9656
9657
9657
9661
9666
9670
9680
9682
9685
9695
9697
9700
9701
9702
9711
9719
9727
9733
9737
9737
9744
9746
9749
9753
9755
9756
9760
9764
9764
9766
9768
9773
9773
9778
9781
9782
9787
9791
9792
9793
9797
9806
9813
9815
9818
9826
9827
9827
9834
9843
9850
9850
9852
9856
9857
9866
9868
9875
9879
9884
9885
9886
9888
9891
9898
9903
9903
9905
9909
9909
9912
9913
9914
9919
9927
9931
9938
9938
9941
9946
9948
9949
9956
9959
9961
9964
9969
9971
9971
9975
9976
9979
9985
9991
9991
9992
9994
9994
9998
10000
10000
10000
10001
10001
10002
10007
10008
10008
10013
10013
10014
10017
10021
10031
10033
10039
10044
10045
10052
10058
10061
10067
10070
10072
10075
10076
10076
10077
10077
10078
10080
10084
10092
10093
10093
10097
10103
10104
10114
10116
10119
10120
10121
10121
10122
10124
10126
10126
10127
10132
10132
10144
10145
10146
10165
10172
10173
10181
10184
10184
10188
10194
10194
10198
10200
10201
10209
10213
10216
10217
10219
10222
10224
10228
10230
10231
10236
10239
10240
10241
10244
10245
10252
10257
10259
10264
10266
10270
10271
10275
10277
10283
10290
10293
10295
10302
10303
10306
10310
10316
10316
10321
10322
10323
10327
10328
10329
10330
10335
10335
10335
10337
10338
10341
10346
10347
10349
10359
10361
10364
10369
10376
10384
10385
10386
10391
10396
10397
10400
10406
10412
10415
10417
10419
10424
10428
10432
10438
10443
10450
10451
10452
10453
10463
10465
10465
10470
10483
10483
10489
10492
10496
10497
10505
10509
10511
10512
10515
10516
10517
10517
10517
10520
10527
10533
10535
10537
10538
10539
10543
10544
10548
10549
10550
10551
10553
10560
10560
10563
10566
10566
10569
10573
10573
10575
10575
10577
10580
10585
10587
10588
10588
10591
10595
10607
10611
10615
10620
10620
10623
10627
10636
10637
10639
10643
10647
10654
10659
10661
10663
10664
10664
10665
10665
10665
10666
10669
10674
10674
10678
10680
10683
10687
10687
10692
10694
10694
10694
10697
10704
10704
10706
10707
10708
10712
10713
10713
10716
10717
10717
10727
10738
10739
10741
10749
10752
10756
10758
10762
10763
10767
10767
10767
10768
10778
10779
10779
10786
10788
10788
10789
10789
10790
10790
10793
10795
10797
10799
10800
10803
10803
10803
10805
10818
10824
10825
10830
10832
10835
10835
10836
10843
10846
10846
10848
10851
10862
10863
10869
10874
10880
10882
10882
10883
10885
10887
10894
10909
10911
10915
10919
10921
10923
10929
10943
10944
10947
10954
10963
10964
10968
10969
10969
10974
10977
10977
10980
10981
10986
10989
10990
10996
10999
11000
11003
11003
11016
11018
11019
11022
11024
11025
11026
11028
11034
11039
11041
11044
11046
11050
11051
11052
11060
11066
11071
11071
11080
11083
11088
11090
11095
11096
11097
11099
11100
11101
11101
11107
11115
11117
11122
11128
11130
11130
11132
11132
11143
11155
11155
11155
11162
11168
11169
11170
11171
11171
11174
11175
11177
11178
11188
11189
11190
11193
11197
11201
11204
11207
11209
11212
11213
11214
11220
11221
11223
11224
11230
11231
11233
11235
11238
11241
11241
11242
11246
11253
11255
11260
11261
11263
11267
11267
11272
11273
11285
11289
11290
11297
11300
11303
11332
11333
11335
11336
11336
11336
11338
11341
11346
11348
11349
11351
11351
11352
11358
11359
11361
11368
11371
11371
11374
11378
11382
11384
11387
11388
11389
11390
11391
11393
11405
11407
11407
11412
11416
11419
11426
11446
11447
11461
11463
11464
11464
11471
11472
11480
11481
11488
11494
11494
11496
11497
11497
11501
11504
11504
11504
11505
11505
11506
11507
11509
11512
11517
11525
11527
11534
11536
11538
11538
11540
11543
11544
11544
11547
11547
11548
11550
11554
11559
11567
11570
11574
11578
11580
11580
11580
11581
11586
11586
11587
11587
11588
11593
11603
11605
11610
11611
11619
11619
11620
11623
11627
11630
11633
11634
11635
11642
11650
11651
11652
11652
11658
11665
11666
11675
11677
11682
11682
11686
11693
11694
11696
11696
11702
11702
11705
11714
11722
11722
11724
11734
11734
11736
11736
11747
11752
11755
11755
11759
11764
11768
11770
11772
11783
11787
11789
11790
11797
11807
11810
11813
11814
11820
11822
11822
11830
11832
11835
11843
11843
11844
11848
11848
11849
11850
11851
11852
11854
11854
11859
11862
11864
11869
11875
11883
11886
11888
11892
11894
11894
11901
11905
11909
11911
11916
11916
11917
11923
11926
11927
11929
11930
11936
11943
11944
11951
11952
11954
11958
11969
11970
11976
11982
11986
11992
11994
11995
11999
12010
12011
12014
12014
12015
12024
12034
12035
12040
12041
12052
12056
12059
12073
12073
12074
12076
12077
12081
12081
12083
12088
12093
12098
12103
12110
12110
12112
12116
12116
12118
12120
12123
12124
12131
12131
12131
12134
12135
12152
12162
12162
12163
12167
12172
12174
12176
12179
12180
12192
12195
12196
12199
12209
12211
12216
12222
12230
12231
12233
12234
12236
12239
12240
12241
12248
12252
12254
12258
12260
12262
12263
12264
12264
12265
12276
12276
12276
12277
12305
12306
12306
12308
12310
12312
12317
12318
12322
12325
12327
12338
12343
12343
12347
12347
12347
12350
12351
12358
12358
12360
12362
12366
12374
12376
12382
12383
12385
12386
12390
12395
12400
12401
12403
12409
12410
12410
12413
12413
12414
12414
12426
12438
12439
12440
12450
12455
12456
12457
12459
12464
12467
12470
12474
12478
12479
12479
12484
12485
12489
12494
12497
12498
12505
12505
12511
12519
12524
12527
12528
12534
12537
12540
12540
12551
12552
12557
12559
12561
12562
12565
12572
12575
12578
12583
12585
12585
12594
12595
12596
12598
12608
12611
12618
12621
12625
12634
12636
12636
12639
12645
12647
12649
12659
12659
12668
12674
12674
12679
12680
12682
12691
12691
12696
12699
12703
12704
12707
12730
12731
12734
12736
12740
12743
12748
12752
12754
12754
12765
12773
12781
12788
12790
12793
12795
12798
12799
12799
12802
12810
12820
12821
12822
12828
12830
12832
12833
12835
12837
12841
12849
12851
12856
12863
12867
12867
12868
12869
12873
12882
12885
12890
12892
12893
12897
12899
12901
12922
12924
12931
12931
12932
12935
12938
12939
12940
12941
12943
12946
12946
12946
12948
12949
12952
12954
12954
12956
12968
12969
12973
12974
12979
12982
12987
12987
12996
12996
12999
13003
13004
13006
13009
13015
13016
13020
13022
13023
13024
13027
13030
13036
13036
13037
13038
13039
13046
13052
13053
13053
13055
13056
13056
13056
13058
13059
13062
13064
13064
13069
13070
13070
13077
13079
13080
13081
13085
13094
13099
13107
13112
13113
13114
13114
13115
13116
13116
13118
13122
13122
13124
13130
13132
13133
13133
13136
13140
13145
13151
13154
13155
13157
13164
13164
13165
13165
13168
13173
13175
13175
13178
13178
13178
13184
13185
13189
13191
13193
13196
13208
13214
13219
13225
13226
13227
13228
13228
13236
13238
13240
13243
13245
13248
13251
13251
13252
13257
13258
13260
13263
13263
13267
13270
13271
13274
13275
13281
13283
13284
13286
13289
13291
13292
13295
13295
13300
13300
13302
13303
13305
13306
13313
13314
13315
13315
13324
13331
13332
13334
13335
13338
13341
13343
13344
13346
13347
13351
13352
13354
13357
13359
13370
13375
13376
13380
13382
13382
13385
13386
13390
13391
13393
13394
13394
13396
13396
13407
13415
13417
13420
13423
13423
13424
13425
13427
13430
13430
13431
13433
13435
13439
13444
13444
13446
13449
13450
13451
13457
13467
13470
13475
13480
13484
13485
13487
13491
13492
13496
13498
13499
13500
13503
13504
13504
13505
13505
13509
13519
13519
13525
13526
13527
13529
13533
13542
13542
13551
13553
13554
13556
13562
13563
13566
13567
13569
13573
13573
13575
13583
13588
13603
13603
13606
13607
13609
13614
13622
13625
13629
13634
13636
13638
13646
13646
13647
13652
13653
13654
13656
13657
13658
13661
13664
13672
13674
13676
13677
13682
13686
13693
13700
13703
13706
13707
13709
13710
13711
13715
13732
13733
13734
13736
13737
13739
13742
13747
13749
13753
13755
13758
13760
13761
13763
13766
13768
13778
13782
13784
13784
13790
13791
13794
13796
13805
13806
13810
13811
13812
13816
13820
13824
13830
13836
13842
13842
13844
13845
13847
13849
13852
13864
13866
13869
13872
13875
13876
13880
13885
13887
13895
13895
13900
13902
13914
13916
13919
13926
13929
13930
13933
13939
13939
13943
13948
13949
13952
13956
13964
13968
13973
13975
13976
13977
13978
13979
13984
14002
14005
14019
14019
14022
14026
14027
14029
14036
14038
14038
14041
14048
14056
14057
14063
14066
14067
14075
14077
14083
14083
14090
14094
14096
14100
14102
14105
14105
14109
14110
14115
14119
14119
14125
14129
14130
14132
14137
14139
14139
14143
14149
14154
14154
14155
14162
14167
14174
14181
14182
14186
14199
14200
14203
14210
14216
14219
14221
14225
14228
14228
14229
14236
14236
14239
14251
14254
14255
14264
14264
14273
14281
14284
14288
14288
14291
14293
14293
14296
14296
14297
14297
14298
14305
14308
14312
14314
14314
14315
14317
14320
14320
14328
14331
14332
14333
14334
14341
14345
14351
14357
14359
14363
14366
14372
14372
14373
14373
14375
14381
14383
14383
14385
14391
14394
14394
14397
14398
14398
14399
14403
14406
14407
14409
14410
14413
14417
14420
14425
14430
14434
14438
14439
14440
14448
14450
14457
14462
14480
14485
14485
14488
14491
14492
14492
14495
14498
14500
14501
14503
14508
14512
14517
14518
14523
14526
14532
14532
14535
14535
14552
14552
14556
14559
14563
14567
14567
14569
14577
14579
14581
14585
14589
14593
14594
14606
14607
14610
14620
14626
14626
14627
14627
14628
14635
14641
14642
14652
14658
14663
14666
14667
14668
14683
14693
14694
14695
14699
14707
14711
14717
14718
14719
14725
14731
14731
14735
14736
14741
14741
14742
14744
14753
14758
14761
14762
14766
14766
14768
14771
14772
14775
14783
14783
14785
14786
14787
14792
14795
14799
14804
14805
14814
14815
14818
14825
14829
14831
14839
14840
14840
14840
14847
14848
14854
14855
14856
14856
14865
14877
14880
14881
14883
14885
14888
14889
14892
14893
14894
14901
14909
14909
14909
14910
14914
14920
14920
14935
14941
14950
14951
14953
14958
14959
14965
14966
14967
14967
14979
14982
14982
14991
14998
15001
15001
15010
15014
15014
15014
15016
15016
15023
15024
15026
15030
15033
15039
15040
15043
15044
15049
15052
15060
15065
15067
15072
15075
15076
15084
15085
15086
15098
15100
15113
15113
15114
15123
15132
15138
15141
15144
15147
15152
15154
15154
15159
15170
15171
15172
15172
15174
15178
15180
15184
15188
15189
15189
15191
15192
15195
15195
15198
15202
15203
15203
15204
15211
15212
15214
15219
15221
15222
15222
15222
15232
15235
15242
15242
15242
15247
15249
15253
15255
15261
15270
15276
15277
15284
15284
15286
15287
15287
15287
15290
15296
15297
15297
15299
15300
15305
15306
15309
15310
15312
15314
15315
15329
15333
15337
15342
15343
15346
15350
15359
15363
15364
15364
15367
15368
15368
15374
15380
15386
15386
15396
15396
15399
15399
15402
15404
15407
15409
15409
15410
15414
15418
15420
15420
15421
15421
15422
15425
15436
15445
15446
15450
15456
15458
15458
15460
15461
15461
15466
15467
15470
15471
15476
15476
15478
15479
15487
15487
15492
15495
15495
15498
15505
15508
15508
15509
15509
15510
15518
15527
15533
15542
15549
15550
15557
15572
15579
15580
15580
15584
15584
15588
15590
15605
15608
15615
15617
15625
15630
15631
15642
15645
15646
15647
15652
15655
15656
15658
15658
15661
15666
15667
15667
15668
15669
15669
15670
15670
15673
15674
15676
15676
15678
15678
15683
15684
15685
15686
15691
15695
15696
15710
15710
15712
15714
15717
15718
15725
15727
15727
15734
15741
15750
15753
15757
15768
15769
15769
15772
15778
15785
15790
15792
15792
15793
15796
15796
15797
15800
15804
15804
15814
15817
15818
15818
15819
15821
15821
15822
15828
15835
15837
15837
15848
15851
15854
15860
15863
15867
15868
15872
15873
15874
15877
15881
15882
15892
15897
15897
15904
15912
15913
15915
15917
15931
15938
15943
15946
15950
15955
15956
15962
15963
15967
15967
15970
15970
15971
15984
15984
15987
15988
15989
15995
15998
16006
16008
16009
16019
16020
16028
16036
16041
16041
16048
16051
16051
16056
16059
16063
16066
16066
16071
16078
16086
16087
16091
16092
16097
16101
16103
16106
16110
16119
16119
16122
16129
16129
16133
16141
16141
16142
16143
16144
16155
16162
16163
16164
16170
16172
16174
16196
16199
16206
16209
16209
16209
16214
16217
16219
16225
16225
16226
16226
16226
16226
16227
16230
16233
16239
16240
16241
16245
16255
16256
16256
16262
16263
16267
16272
16273
16274
16283
16283
16285
16287
16288
16295
16298
16302
16304
16304
16309
16310
16317
16319
16322
16333
16340
16341
16341
16349
16359
16363
16364
16364
16369
16369
16372
16374
16375
16380
16382
16387
16389
16396
16398
16403
16408
16408
16410
16412
16418
16418
16419
16421
16424
16426
16431
16435
16454
16454
16460
16461
16461
16462
16465
16468
16473
16476
16477
16478
16479
16480
16489
16496
16496
16496
16498
16499
16507
16510
16514
16514
16517
16525
16526
16528
16532
16536
16537
16540
16543
16543
16544
16546
16547
16549
16550
16552
16553
16557
16558
16561
16562
16575
16575
16576
16576
16580
16585
16598
16603
16603
16604
16610
16610
16611
16612
16615
16618
16621
16624
16626
16628
16634
16636
16636
16646
16651
16652
16658
16660
16666
16673
16679
16682
16682
16685
16685
16688
16695
16698
16702
16702
16702
16705
16707
16710
16713
16715
16723
16725
16726
16727
16727
16731
16731
16735
16736
16737
16739
16748
16751
16751
16751
16752
16760
16761
16768
16783
16785
16790
16791
16795
16805
16809
16812
16812
16818
16829
16838
16839
16842
16843
16849
16851
16855
16856
16859
16862
16863
16868
16868
16873
16877
16882
16889
16891
16891
16892
16893
16897
16898
16898
16903
16905
16906
16910
16912
16919
16922
16925
16928
16930
16933
16938
16938
16943
16944
16947
16949
16952
16955
16956
16965
16968
16968
16969
16974
16981
16983
16992
16992
16995
16998
17001
17005
17005
17007
17008
17011
17016
17020
17025
17030
17030
17036
17045
17050
17054
17060
17063
17072
17080
17084
17086
17091
17092
17093
17094
17098
17101
17103
17106
17107
17111
17115
17116
17117
17118
17123
17126
17131
17132
17135
17139
17143
17144
17144
17145
17148
17153
17158
17161
17169
17169
17172
17178
17185
17187
17190
17196
17197
17203
17204
17211
17216
17218
17222
17224
17230
17238
17239
17260
17261
17263
17266
17278
17281
17283
17285
17293
17293
17296
17298
17310
17316
17316
17317
17317
17320
17321
17321
17326
17328
17340
17344
17344
17345
17345
17350
17352
17352
17352
17360
17364
17365
17367
17368
17368
17371
17377
17381
17382
17383
17385
17391
17394
17395
17402
17406
17408
17409
17411
17412
17416
17416
17418
17422
17430
17440
17447
17456
17457
17458
17461
17467
17472
17477
17479
17479
17482
17483
17486
17487
17488
17495
17496
17498
17500
17502
17503
17503
17510
17511
17513
17517
17518
17520
17526
17527
17529
17533
17534
17534
17534
17538
17542
17552
17553
17555
17563
17564
17576
17582
17585
17590
17595
17596
17603
17606
17611
17613
17614
17619
17626
17635
17650
17654
17659
17660
17661
17661
17662
17664
17666
17667
17669
17669
17671
17673
17680
17681
17684
17685
17689
17698
17702
17706
17708
17709
17711
17721
17722
17723
17725
17728
17733
17742
17745
17748
17753
17759
17762
17762
17762
17772
17772
17776
17777
17780
17780
17780
17781
17782
17786
17795
17801
17806
17808
17808
17810
17817
17841
17856
17856
17856
17856
17857
17860
17865
17866
17869
17870
17870
17871
17873
17877
17879
17880
17882
17897
17901
17902
17909
17910
17910
17912
17916
17925
17940
17942
17944
17945
17946
17951
17952
17953
17953
17955
17962
17963
17986
17986
17987
17994
17995
18000
18006
18010
18018
18021
18022
18027
18033
18045
18047
18059
18064
18069
18070
18076
18078
18083
18093
18096
18098
18103
18106
18109
18113
18117
18120
18123
18124
18125
18130
18135
18136
18138
18141
18141
18142
18142
18142
18146
18157
18162
18164
18173
18174
18176
18179
18184
18185
18185
18186
18187
18189
18191
18195
18195
18195
18201
18202
18203
18203
18208
18210
18213
18214
18215
18218
18221
18221
18227
18232
18235
18241
18241
18242
18249
18254
18258
18262
18263
18270
18280
18288
18291
18293
18295
18297
18299
18299
18302
18303
18305
18311
18313
18318
18343
18344
18346
18348
18350
18351
18351
18354
18357
18358
18361
18363
18368
18374
18375
18379
18382
18384
18384
18385
18389
18401
18402
18409
18414
18415
18415
18418
18420
18421
18422
18422
18429
18441
18442
18450
18451
18452
18455
18456
18465
18469
18477
18485
18487
18492
18495
18496
18501
18505
18505
18506
18506
18506
18509
18509
18510
18511
18516
18518
18526
18527
18530
18533
18545
18548
18548
18549
18551
18551
18553
18556
18558
18563
18567
18576
18578
18579
18581
18586
18594
18596
18602
18605
18607
18607
18612
18615
18615
18619
18631
18634
18636
18638
18638
18643
18649
18651
18654
18656
18658
18662
18665
18667
18671
18677
18679
18689
18694
18695
18695
18696
18706
18708
18716
18717
18725
18726
18733
18743
18749
18750
18754
18756
18757
18757
18764
18767
18768
18773
18787
18790
18792
18795
18797
18797
18816
18823
18825
18827
18835
18839
18841
18845
18845
18847
18849
18850
18854
18860
18861
18862
18864
18865
18872
18879
18879
18879
18881
18882
18887
18888
18894
18894
18901
18902
18904
18909
18924
18925
18932
18938
18938
18938
18939
18942
18947
18947
18952
18960
18969
18971
18977
18977
18988
18989
18999
19002
19002
19005
19006
19008
19010
19012
19014
19020
19021
19022
19031
19034
19036
19037
19039
19042
19043
19043
19045
19046
19046
19046
19051
19051
19054
19055
19057
19062
19063
19065
19067
19070
19072
19080
19081
19087
19089
19106
19111
19111
19117
19124
19130
19138
19142
19147
19147
19153
19157
19158
19164
19166
19168
19177
19182
19183
19186
19193
19195
19196
19199
19201
19202
19205
19208
19212
19216
19219
19223
19224
19225
19233
19237
19237
19237
19239
19239
19241
19246
19246
19249
19254
19255
19257
19258
19259
19267
19272
19274
19288
19289
19289
19290
19292
19293
19304
19305
19305
19308
19310
19310
19319
19323
19324
19325
19332
19333
19337
19341
19343
19345
19347
19351
19351
19352
19355
19356
19358
19360
19361
19366
19380
19387
19387
19388
19393
19393
19394
19396
19397
19398
19402
19404
19408
19408
19409
19416
19418
19424
19425
19428
19436
19444
19450
19450
19453
19454
19456
19457
19457
19462
19463
19467
19471
19471
19478
19480
19483
19486
19489
19492
19496
19499
19500
19503
19506
19507
19509
19510
19510
19513
19516
19519
19521
19524
19530
19532
19533
19533
19537
19546
19549
19550
19552
19553
19554
19557
19563
19565
19566
19566
19569
19569
19575
19577
19578
19579
19584
19586
19590
19591
19592
19597
19600
19602
19603
19607
19609
19610
19611
19614
19615
19623
19634
19638
19639
19641
19646
19653
19654
19656
19658
19664
19665
19672
19672
19676
19678
19679
19682
19682
19685
19686
19690
19692
19700
19704
19714
19715
19716
19723
19730
19742
19749
19750
19752
19754
19755
19758
19768
19770
19771
19777
19778
19780
19785
19790
19792
19794
19797
19803
19812
19814
19815
19817
19823
19824
19824
19825
19829
19835
19835
19836
19844
19848
19851
19851
19865
19866
19870
19874
19876
19880
19882
19882
19883
19884
19885
19896
19898
19899
19902
19903
19907
19910
19910
19912
19915
19918
19919
19930
19930
19935
19941
19943
19946
19953
19954
19961
19964
19964
19974
19975
19976
19991
19991
19994
19994
19995
20005
20010
20012
20012
20016
20017
20019
20020
20022
20022
20025
20025
20025
20029
20031
20032
20034
20040
20045
20057
20058
20060
20062
20074
20075
20079
20088
20089
20091
20095
20097
20102
20106
20107
20112
20122
20124
20125
20125
20134
20136
20139
20144
20144
20149
20156
20160
20161
20162
20163
20166
20167
20168
20169
20171
20174
20178
20186
20193
20195
20196
20200
20200
20209
20212
20214
20214
20214
20215
20217
20218
20220
20222
20225
20230
20232
20232
20234
20236
20237
20237
20240
20255
20255
20258
20258
20262
20262
20263
20264
20266
20266
20268
20271
20274
20276
20279
20281
20283
20288
20289
20291
20293
20303
20304
20309
20310
20311
20312
20313
20314
20319
20323
20324
20324
20325
20325
20328
20336
20337
20339
20343
20350
20351
20354
20357
20358
20366
20371
20379
20379
20382
20393
20394
20397
20398
20399
20403
20407
20410
20411
20413
20415
20424
20425
20425
20427
20428
20432
20436
20438
20438
20438
20440
20440
20443
20449
20450
20454
20457
20459
20472
20475
20489
20491
20491
20494
20498
20503
20507
20511
20515
20518
20520
20523
20524
20527
20528
20530
20534
20535
20537
20537
20538
20550
20552
20556
20557
20558
20560
20563
20564
20568
20570
20574
20574
20575
20579
20583
20584
20585
20596
20607
20609
20609
20613
20614
20619
20622
20623
20626
20636
20640
20642
20645
20646
20656
20656
20660
20662
20664
20672
20676
20678
20679
20682
20693
20693
20697
20698
20699
20703
20708
20716
20720
20721
20730
20734
20737
20738
20742
20750
20750
20751
20752
20755
20757
20757
20758
20768
20771
20779
20781
20788
20790
20790
20791
20793
20814
20815
20820
20839
20839
20849
20852
20854
20854
20856
20857
20861
20867
20876
20877
20879
20882
20895
20904
20904
20906
20913
20913
20924
20926
20927
20933
20934
20934
20937
20937
20942
20954
20958
20963
20963
20965
20970
20972
20973
20975
20980
20984
20985
20988
20999
21003
21003
21008
21014
21030
21036
21037
21040
21042
21045
21047
21047
21050
21060
21061
21062
21068
21074
21075
21077
21082
21084
21090
21093
21093
21097
21099
21106
21106
21110
21125
21125
21128
21131
21136
21138
21142
21143
21147
21151
21152
21154
21160
21168
21168
21171
21179
21189
21192
21197
21198
21198
21200
21201
21207
21215
21217
21218
21219
21222
21223
21224
21225
21233
21252
21254
21254
21256
21274
21278
21282
21284
21286
21287
21291
21296
21302
21307
21308
21308
21313
21316
21318
21328
21331
21336
21339
21341
21344
21345
21348
21348
21353
21355
21361
21366
21368
21370
21370
21371
21379
21388
21389
21397
21399
21402
21405
21406
21408
21408
21410
21414
21417
21417
21421
21426
21426
21427
21428
21442
21443
21447
21450
21450
21451
21452
21458
21459
21460
21461
21465
21468
21469
21476
21481
21485
21489
21492
21494
21502
21504
21520
21532
21535
21538
21539
21543
21543
21546
21546
21546
21547
21547
21549
21549
21557
21561
21562
21562
21562
21568
21570
21575
21577
21579
21583
21585
21596
21599
21617
21618
21621
21623
21625
21627
21631
21632
21632
21632
21637
21639
21639
21642
21648
21654
21655
21660
21663
21665
21669
21680
21683
21686
21689
21691
21693
21702
21707
21712
21713
21715
21717
21720
21728
21729
21731
21733
21733
21733
21743
21747
21750
21750
21752
21753
21762
21763
21777
21780
21790
21791
21804
21805
21806
21810
21817
21818
21824
21826
21827
21830
21832
21833
21836
21837
21841
21841
21842
21844
21853
21855
21855
21858
21866
21867
21870
21870
21871
21873
21884
21887
21889
21893
21893
21895
21905
21912
21915
21918
21921
21923
21929
21934
21942
21945
21948
21949
21952
21953
21969
21971
21971
21979
21983
21985
21985
21989
21992
21993
21994
21995
21995
21996
21998
22000
22005
22007
22009
22011
22017
22024
22028
22034
22038
22043
22043
22051
22052
22052
22055
22055
22063
22066
22066
22067
22076
22077
22080
22082
22087
22089
22091
22092
22094
22098
22099
22104
22106
22119
22146
22147
22147
22160
22162
22170
22171
22171
22173
22175
22177
22185
22187
22191
22193
22193
22194
22196
22196
22197
22200
22207
22207
22210
22211
22213
22216
22218
22220
22223
22225
22234
22235
22236
22238
22241
22245
22252
22253
22255
22258
22261
22271
22275
22283
22285
22285
22292
22299
22301
22301
22301
22302
22307
22309
22316
22318
22320
22324
22327
22327
22329
22330
22335
22341
22344
22346
22346
22347
22349
22352
22356
22356
22358
22359
22360
22362
22366
22366
22367
22374
22374
22377
22379
22384
22385
22387
22388
22393
22399
22402
22404
22404
22410
22418
22419
22426
22437
22440
22444
22448
22452
22476
22490
22493
22494
22501
22504
22504
22519
22520
22521
22522
22522
22527
22529
22532
22539
22544
22550
22550
22558
22560
22563
22570
22571
22572
22579
22581
22583
22583
22588
22600
22602
22609
22609
22613
22615
22616
22618
22620
22628
22632
22635
22638
22641
22642
22644
22646
22647
22651
22654
22657
22657
22663
22664
22665
22666
22667
22671
22674
22675
22678
22687
22687
22690
22694
22697
22697
22706
22710
22712
22712
22714
22719
22724
22725
22729
22741
22742
22749
22751
22756
22757
22765
22767
22775
22788
22791
22794
22794
22801
22803
22806
22808
22810
22818
22826
22828
22828
22829
22830
22832
22837
22838
22840
22841
22841
22844
22853
22854
22858
22861
22861
22862
22863
22863
22864
22865
22877
22883
22883
22886
22890
22898
22899
22905
22905
22908
22910
22911
22914
22920
22921
22922
22925
22930
22930
22931
22936
22938
22941
22950
22955
22961
22964
22967
22968
22970
22972
22972
22981
22981
22982
22983
22992
22999
22999
22999
23001
23001
23004
23011
23011
23013
23015
23023
23027
23030
23033
23034
23043
23047
23047
23050
23054
23056
23061
23061
23063
23070
23071
23072
23081
23082
23091
23092
23093
23095
23096
23096
23098
23098
23101
23104
23106
23109
23110
23117
23119
23119
23121
23128
23129
23132
23133
23136
23137
23140
23142
23142
23143
23144
23148
23148
23153
23153
23155
23159
23167
23174
23181
23184
23191
23206
23211
23211
23215
23218
23220
23220
23223
23227
23228
23229
23231
23233
23236
23239
23243
23247
23252
23256
23257
23261
23262
23264
23268
23270
23273
23276
23278
23280
23283
23287
23288
23289
23291
23292
23296
23297
23299
23304
23305
23305
23307
23319
23319
23322
23324
23325
23327
23337
23349
23351
23353
23359
23361
23361
23361
23367
23367
23371
23372
23373
23390
23391
23398
23398
23398
23404
23405
23406
23411
23421
23424
23430
23437
23442
23461
23467
23485
23486
23492
23493
23494
23499
23502
23509
23509
23515
23518
23519
23523
23523
23524
23531
23534
23535
23538
23542
23544
23547
23562
23569
23570
23572
23583
23588
23591
23597
23599
23601
23602
23603
23603
23606
23607
23608
23616
23617
23622
23624
23626
23642
23648
23649
23653
23654
23654
23659
23670
23670
23678
23679
23679
23685
23692
23692
23693
23699
23702
23704
23708
23708
23709
23709
23710
23711
23712
23723
23724
23731
23732
23736
23739
23739
23740
23741
23742
23744
23749
23754
23756
23760
23761
23764
23768
23769
23775
23777
23780
23791
23792
23794
23801
23805
23814
23821
23822
23826
23826
23830
23831
23848
23855
23859
23871
23884
23886
23886
23887
23891
23892
23894
23896
23900
23906
23912
23912
23913
23914
23914
23919
23920
23922
23926
23928
23931
23932
23932
23940
23942
23943
23955
23962
23962
23969
23974
23976
23979
23982
23986
23987
23987
23992
23997
24000
24001
24001
24003
24003
24005
24022
24023
24028
24042
24043
24044
24048
24051
24053
24059
24060
24061
24065
24065
24066
24068
24069
24071
24071
24075
24080
24081
24091
24095
24096
24096
24100
24101
24109
24109
24125
24125
24126
24128
24129
24130
24136
24137
24145
24149
24151
24152
24163
24166
24170
24174
24176
24178
24178
24179
24191
24202
24207
24207
24207
24216
24217
24224
24230
24231
24236
24242
24244
24247
24254
24258
24264
24280
24281
24281
24284
24284
24285
24286
24288
24293
24293
24296
24298
24298
24303
24308
24309
24315
24316
24319
24320
24323
24324
24325
24325
24327
24327
24334
24337
24341
24344
24344
24345
24346
24348
24349
24355
24369
24372
24375
24378
24380
24382
24382
24383
24391
24393
24400
24402
24404
24406
24410
24415
24416
24417
24418
24422
24429
24436
24441
24447
24449
24452
24455
24455
24455
24456
24457
24459
24460
24464
24466
24475
24484
24484
24492
24493
24496
24508
24510
24517
24527
24529
24537
24538
24544
24545
24549
24549
24562
24571
24575
24575
24577
24578
24583
24588
24597
24600
24600
24600
24601
24603
24606
24606
24615
24616
24616
24616
24618
24621
24623
24629
24630
24630
24632
24639
24643
24643
24658
24664
24667
24668
24673
24673
24674
24679
24682
24691
24692
24696
24697
24698
24701
24701
24704
24710
24711
24713
24713
24717
24717
24717
24721
24723
24724
24724
24727
24728
24731
24733
24738
24739
24742
24742
24755
24762
24764
24766
24766
24768
24770
24773
24773
24774
24782
24782
24785
24785
24787
24790
24790
24792
24796
24798
24802
24802
24805
24807
24809
24816
24821
24822
24833
24833
24835
24836
24837
24839
24839
24840
24843
24848
24852
24854
24857
24859
24863
24870
24875
24881
24883
24885
24890
24892
24894
24896
24897
24897
24898
24898
24901
24902
24910
24912
24914
24919
24920
24922
24923
24925
24926
24928
24931
24932
24938
24947
24958
24960
24960
24967
24969
24971
24973
24976
24981
24987
24992
25005
25005
25013
25013
25014
25023
25034
25036
25037
25050
25051
25052
25054
25055
25057
25060
25063
25066
25069
25075
25076
25077
25078
25079
25084
25088
25089
25094
25094
25096
25096
25097
25098
25098
25098
25099
25101
25101
25105
25107
25107
25110
25112
25115
25118
25119
25119
25123
25124
25128
25129
25132
25134
25137
25137
25138
25139
25140
25148
25149
25150
25150
25152
25152
25157
25160
25161
25166
25177
25184
25186
25198
25199
25202
25204
25205
25206
25211
25212
25212
25215
25216
25216
25220
25226
25231
25232
25233
25236
25239
25241
25256
25258
25262
25267
25273
25273
25277
25277
25286
25287
25290
25293
25295
25296
25298
25304
25305
25311
25312
25312
25317
25319
25320
25321
25323
25328
25330
25334
25335
25338
25343
25346
25346
25347
25363
25365
25368
25373
25385
25387
25395
25395
25396
25407
25407
25410
25411
25411
25414
25423
25424
25426
25428
25434
25435
25438
25449
25451
25451
25453
25453
25456
25458
25458
25459
25460
25461
25469
25470
25472
25472
25478
25479
25483
25484
25486
25489
25495
25496
25509
25516
25529
25534
25534
25538
25541
25548
25550
25552
25555
25563
25569
25571
25573
25578
25579
25582
25600
25602
25603
25606
25606
25608
25609
25611
25616
25616
25619
25624
25635
25637
25643
25650
25653
25653
25654
25657
25658
25658
25661
25661
25663
25666
25670
25671
25678
25681
25682
25682
25693
25694
25698
25698
25699
25704
25704
25705
25710
25715
25716
25721
25724
25726
25733
25734
25744
25744
25745
25748
25750
25753
25762
25764
25776
25778
25780
25783
25785
25787
25793
25794
25799
25802
25802
25802
25805
25806
25808
25812
25816
25817
25823
25835
25840
25846
25847
25848
25856
25859
25859
25860
25862
25874
25875
25875
25877
25877
25878
25880
25885
25901
25902
25903
25910
25916
25919
25927
25927
25929
25935
25936
25946
25949
25952
25961
25963
25965
25967
25970
25973
25974
25975
25976
25981
25982
25983
25983
25984
25984
25987
25990
25991
25995
25996
26004
26005
26012
26019
26023
26023
26026
26027
26035
26036
26039
26041
26044
26046
26058
26060
26061
26063
26066
26076
26077
26078
26082
26084
26085
26089
26094
26096
26097
26098
26101
26102
26102
26105
26110
26113
26119
26123
26125
26139
26142
26148
26159
26165
26166
26168
26171
26194
26200
26202
26212
26214
26215
26218
26222
26223
26224
26228
26230
26233
26236
26238
26240
26240
26244
26255
26258
26258
26267
26268
26271
26274
26277
26283
26286
26304
26305
26307
26308
26313
26317
26324
26325
26331
26335
26360
26360
26361
26364
26372
26378
26379
26380
26382
26383
26386
26387
26387
26392
26394
26400
26400
26403
26405
26406
26408
26409
26418
26423
26423
26424
26429
26430
26436
26438
26438
26439
26442
26444
26444
26447
26447
26452
26457
26461
26463
26464
26467
26469
26469
26474
26476
26483
26485
26490
26495
26498
26500
26500
26501
26502
26516
26521
26523
26526
26533
26538
26545
26549
26553
26555
26556
26560
26560
26561
26563
26570
26577
26579
26581
26585
26585
26590
26591
26591
26592
26594
26598
26598
26600
26601
26607
26609
26609
26613
26615
26618
26625
26627
26628
26633
26633
26635
26636
26639
26641
26645
26649
26651
26651
26653
26656
26658
26661
26662
26662
26669
26675
26681
26686
26688
26691
26694
26696
26697
26697
26700
26702
26706
26720
26722
26723
26726
26733
26735
26736
26736
26736
26738
26739
26741
26741
26745
26752
26754
26762
26764
26766
26767
26767
26768
26770
26770
26775
26780
26785
26798
26800
26810
26813
26814
26816
26818
26821
26821
26822
26823
26832
26833
26836
26841
26843
26843
26845
26850
26851
26852
26853
26856
26857
26858
26864
26865
26876
26887
26890
26898
26900
26905
26906
26913
26914
26918
26918
26920
26923
26923
26923
26926
26934
26936
26937
26938
26938
26944
26948
26951
26953
26954
26957
26962
26970
26974
26976
26978
26980
26981
26992
26994
26994
26994
26994
26995
27001
27007
27010
27012
27017
27018
27020
27020
27024
27026
27028
27029
27031
27032
27034
27035
27038
27051
27057
27058
27059
27061
27062
27065
27066
27068
27069
27070
27071
27074
27079
27080
27081
27081
27088
27089
27103
27108
27109
27110
27112
27127
27130
27134
27137
27140
27141
27141
27142
27147
27152
27153
27154
27155
27158
27164
27166
27184
27187
27188
27192
27194
27201
27203
27204
27207
27208
27215
27216
27218
27220
27225
27227
27230
27233
27234
27239
27240
27252
27253
27255
27257
27265
27265
27268
27274
27278
27283
27288
27300
27303
27303
27304
27308
27309
27312
27315
27315
27317
27320
27324
27331
27332
27340
27344
27352
27355
27361
27365
27372
27376
27377
27378
27380
27383
27386
27387
27388
27388
27390
27393
27396
27399
27403
27407
27412
27423
27432
27437
27441
27442
27443
27447
27447
27450
27452
27458
27459
27464
27467
27470
27471
27481
27482
27488
27490
27491
27493
27495
27497
27502
27502
27506
27507
27507
27509
27520
27524
27526
27528
27535
27538
27540
27552
27552
27555
27561
27564
27566
27569
27570
27571
27572
27576
27577
27578
27578
27582
27582
27591
27602
27603
27607
27609
27609
27610
27612
27614
27615
27617
27628
27629
27634
27635
27639
27644
27645
27652
27653
27653
27654
27655
27660
27665
27671
27674
27674
27675
27676
27678
27682
27688
27693
27696
27701
27706
27710
27714
27719
27722
27723
27729
27732
27733
27734
27738
27738
27740
27745
27750
27754
27764
27769
27773
27775
27775
27780
27782
27786
27787
27791
27796
27802
27803
27804
27808
27811
27818
27821
27822
27826
27830
27832
27833
27837
27839
27843
27848
27856
27870
27870
27872
27875
27878
27880
27881
27883
27886
27886
27891
27892
27892
27892
27895
27898
27898
27898
27899
27900
27907
27907
27908
27908
27910
27914
27919
27922
27925
27926
27930
27937
27940
27947
27949
27953
27953
27958
27962
27965
27969
27970
27977
27982
27984
27987
27987
27988
27992
27999
27999
28001
28002
28004
28007
28010
28017
28018
28020
28020
28021
28023
28025
28026
28030
28031
28032
28034
28035
28039
28039
28044
28044
28044
28045
28046
28056
28059
28059
28059
28061
28062
28072
28075
28076
28087
28093
28102
28102
28104
28104
28105
28108
28113
28114
28118
28120
28122
28124
28126
28127
28129
28132
28132
28137
28141
28146
28147
28149
28152
28160
28161
28163
28173
28177
28177
28177
28192
28196
28198
28201
28202
28207
28209
28212
28213
28214
28215
28215
28215
28216
28217
28224
28226
28227
28227
28233
28233
28234
28235
28235
28239
28243
28243
28244
28246
28246
28247
28266
28267
28269
28271
28273
28275
28278
28284
28298
28300
28304
28304
28304
28305
28307
28308
28310
28310
28312
28320
28324
28326
28329
28330
28334
28335
28340
28344
28344
28345
28345
28349
28351
28352
28356
28357
28360
28362
28362
28364
28367
28369
28370
28374
28375
28375
28376
28383
28383
28383
28385
28385
28395
28395
28397
28402
28403
28404
28405
28410
28411
28421
28429
28431
28438
28438
28455
28458
28458
28464
28464
28467
28469
28472
28472
28474
28482
28487
28491
28495
28500
28503
28508
28511
28511
28521
28522
28524
28526
28526
28527
28528
28533
28534
28534
28535
28535
28540
28545
28545
28548
28553
28554
28554
28563
28563
28564
28565
28568
28571
28575
28578
28583
28584
28585
28598
28599
28602
28604
28607
28609
28609
28613
28615
28616
28617
28622
28628
28631
28632
28634
28636
28641
28645
28645
28646
28648
28648
28651
28654
28654
28658
28659
28661
28663
28664
28664
28667
28671
28672
28674
28674
28675
28685
28688
28690
28692
28699
28701
28706
28708
28709
28714
28717
28719
28720
28727
28730
28732
28734
28738
28742
28743
28746
28747
28750
28753
28754
28761
28764
28768
28771
28775
28781
28782
28788
28789
28792
28796
28802
28805
28809
28811
28819
28819
28821
28822
28825
28826
28826
28829
28832
28833
28834
28837
28843
28844
28845
28846
28847
28849
28851
28853
28854
28858
28859
28860
28863
28867
28871
28873
28873
28881
28884
28884
28886
28887
28888
28892
28895
28897
28903
28909
28913
28917
28920
28923
28924
28926
28928
28931
28931
28932
28936
28937
28940
28944
28951
28953
28956
28963
28963
28967
28970
28971
28976
28977
28979
28983
28984
28989
28993
28995
29005
29005
29010
29017
29019
29026
29028
29032
29035
29042
29044
29045
29048
29055
29057
29061
29066
29067
29068
29069
29076
29080
29092
29092
29096
29097
29101
29110
29114
29130
29131
29137
29150
29151
29152
29154
29159
29163
29163
29167
29182
29182
29184
29186
29187
29188
29188
29189
29191
29191
29193
29195
29196
29196
29203
29207
29208
29208
29213
29213
29217
29222
29223
29223
29233
29240
29241
29243
29244
29245
29247
29256
29258
29265
29269
29275
29278
29280
29282
29282
29289
29293
29293
29293
29294
29294
29304
29308
29309
29312
29314
29315
29319
29319
29322
29323
29331
29341
29351
29357
29359
29365
29365
29370
29372
29383
29387
29387
29390
29391
29393
29396
29397
29398
29399
29407
29410
29413
29414
29417
29420
29421
29422
29429
29433
29436
29436
29439
29447
29451
29452
29453
29457
29457
29461
29466
29468
29475
29481
29482
29489
29490
29492
29495
29499
29500
29509
29510
29510
29516
29519
29519
29525
29535
29538
29539
29545
29546
29549
29551
29552
29555
29557
29559
29561
29564
29565
29566
29568
29571
29581
29585
29593
29593
29595
29598
29601
29611
29613
29622
29623
29626
29628
29628
29629
29631
29633
29634
29636
29643
29643
29646
29649
29650
29654
29665
29667
29670
29671
29672
29675
29675
29677
29677
29679
29679
29685
29687
29689
29692
29696
29697
29703
29704
29711
29711
29711
29711
29714
29721
29724
29727
29727
29729
29730
29740
29743
29746
29752
29752
29756
29766
29769
29770
29771
29772
29775
29777
29782
29789
29789
29792
29795
29796
29798
29798
29801
29804
29805
29806
29812
29819
29822
29824
29827
29831
29832
29834
29840
29841
29843
29847
29847
29850
29853
29854
29855
29862
29863
29869
29871
29872
29875
29876
29880
29884
29886
29891
29893
29895
29901
29902
29909
29911
29914
29914
29916
29919
29922
29928
29929
29930
29935
29942
29947
29949
29958
29960
29960
29963
29968
29973
29974
29974
29975
29980
29980
29983
29983
29984
29997
29999
30000
30003
30006
30010
30014
30026
30028
30032
30045
30047
30053
30058
30059
30061
30062
30063
30064
30064
30074
30075
30083
30086
30098
30116
30120
30124
30125
30126
30127
30128
30129
30130
30132
30133
30138
30141
30142
30144
30145
30146
30148
30148
30155
30155
30158
30159
30166
30170
30180
30184
30187
30189
30192
30204
30207
30208
30209
30213
30214
30215
30215
30216
30223
30227
30229
30230
30240
30241
30244
30246
30247
30249
30251
30255
30257
30264
30266
30267
30270
30277
30281
30283
30285
30294
30299
30300
30303
30303
30308
30317
30322
30323
30324
30326
30327
30331
30334
30341
30349
30354
30358
30363
30363
30370
30374
30379
30388
30390
30399
30399
30407
30410
30412
30416
30422
30422
30423
30426
30427
30429
30429
30441
30446
30446
30456
30458
30461
30463
30465
30467
30476
30482
30484
30490
30496
30499
30500
30500
30501
30503
30507
30507
30509
30517
30519
30519
30521
30523
30524
30530
30536
30544
30544
30550
30551
30552
30558
30562
30566
30569
30571
30573
30574
30577
30578
30586
30588
30591
30593
30597
30597
30601
30620
30620
30622
30627
30629
30636
30644
30646
30647
30650
30652
30656
30659
30661
30663
30667
30668
30672
30674
30674
30676
30676
30679
30691
30694
30694
30707
30717
30719
30720
30722
30726
30727
30728
30729
30735
30737
30739
30743
30743
30743
30744
30744
30744
30745
30748
30753
30755
30758
30760
30761
30766
30768
30771
30776
30779
30785
30788
30793
30793
30794
30794
30795
30796
30797
30798
30802
30803
30806
30815
30815
30816
30819
30820
30826
30827
30844
30846
30849
30850
30862
30865
30866
30867
30870
30871
30874
30875
30878
30881
30887
30887
30888
30892
30896
30899
30901
30904
30906
30913
30914
30918
30920
30922
30922
30923
30923
30924
30924
30927
30931
30931
30933
30933
30935
30936
30942
30942
30942
30942
30943
30943
30945
30968
30973
30980
30986
30994
30995
30996
30997
30998
31002
31004
31010
31014
31015
31016
31017
31020
31020
31027
31028
31031
31034
31037
31046
31051
31056
31057
31061
31065
31073
31073
31079
31081
31083
31084
31088
31089
31089
31095
31095
31102
31110
31114
31114
31117
31119
31121
31126
31126
31127
31128
31129
31130
31134
31137
31137
31142
31147
31151
31155
31157
31159
31168
31171
31177
31181
31193
31198
31199
31207
31210
31210
31212
31217
31221
31221
31223
31223
31225
31229
31231
31235
31235
31241
31244
31252
31256
31257
31258
31261
31262
31271
31271
31275
31275
31280
31297
31298
31305
31310
31312
31315
31317
31321
31322
31326
31335
31335
31336
31345
31352
31354
31355
31357
31357
31358
31359
31360
31367
31385
31388
31394
31395
31400
31401
31401
31404
31411
31412
31421
31432
31437
31438
31440
31441
31442
31443
31444
31446
31446
31453
31459
31461
31462
31465
31467
31468
31470
31471
31473
31475
31479
31480
31484
31488
31493
31494
31495
31501
31510
31514
31514
31515
31516
31519
31520
31522
31523
31523
31533
31540
31542
31545
31545
31547
31549
31550
31551
31554
31556
31557
31559
31562
31578
31584
31600
31600
31603
31604
31606
31618
31618
31620
31621
31622
31626
31627
31629
31632
31633
31635
31636
31639
31639
31642
31644
31645
31646
31652
31652
31653
31657
31668
31675
31677
31686
31692
31692
31694
31697
31698
31701
31705
31706
31707
31708
31709
31721
31726
31731
31735
31746
31749
31749
31751
31767
31767
31768
31772
31773
31780
31781
31784
31799
31800
31800
31802
31802
31808
31812
31813
31813
31815
31821
31828
31834
31836
31844
31845
31849
31857
31859
31865
31865
31866
31869
31882
31884
31884
31886
31887
31894
31894
31901
31902
31903
31904
31912
31914
31914
31915
31919
31922
31928
31929
31929
31933
31936
31942
31943
31950
31955
31964
31964
31970
31974
31981
31981
31982
31985
31989
32000
32016
32024
32029
32030
32036
32042
32043
32046
32047
32048
32048
32051
32052
32055
32057
32060
32063
32063
32067
32071
32075
32076
32081
32083
32085
32085
32087
32088
32088
32092
32102
32103
32104
32106
32106
32107
32109
32116
32120
32120
32120
32125
32130
32135
32137
32142
32142
32144
32150
32153
32156
32157
32157
32158
32158
32159
32161
32163
32164
32171
32173
32174
32180
32182
32187
32188
32191
32197
32200
32200
32203
32204
32205
32217
32223
32235
32239
32244
32248
32252
32253
32254
32256
32260
32260
32261
32264
32264
32264
32270
32271
32289
32289
32289
32296
32308
32312
32317
32321
32321
32326
32328
32333
32343
32345
32348
32359
32361
32367
32368
32373
32377
32378
32380
32381
32384
32384
32385
32392
32393
32394
32407
32409
32414
32414
32418
32419
32420
32420
32420
32421
32422
32429
32430
32443
32446
32457
32464
32465
32467
32468
32473
32475
32477
32479
32481
32482
32486
32493
32495
32496
32501
32505
32514
32516
32522
32523
32536
32537
32539
32541
32541
32542
32543
32546
32550
32550
32554
32566
32570
32580
32584
32586
32592
32598
32600
32611
32612
32618
32618
32621
32621
32627
32629
32630
32638
32641
32642
32644
32646
32647
32649
32651
32651
32653
32653
32655
32656
32666
32666
32668
32672
32672
32673
32674
32679
32680
32685
32688
32692
32700
32701
32713
32714
32718
32726
32731
32732
32735
32739
32741
32745
32750
32752
32757
32758
32763
32764
32766
