2
12
18
26
28
31
31
33
45
50
51
61
64
64
65
68
70
71
80
82
88
89
90
94
95
98
101
108
112
117
119
121
122
124
125
125
131
132
137
139
140
148
150
152
155
155
157
157
159
159
160
163
167
168
179
183
184
187
194
202
206
209
215
226
235
237
243
250
250
253
264
264
268
272
273
278
279
289
291
295
298
299
306
307
315
316
320
321
330
331
333
341
341
342
345
353
355
355
366
367
373
379
382
382
394
396
396
397
398
398
401
406
408
422
422
423
426
428
430
433
437
440
444
456
460
468
471
480
482
489
490
497
497
499
500
501
502
507
511
517
517
522
523
529
532
535
556
559
560
560
562
564
566
569
570
572
581
583
584
585
585
586
589
591
591
614
616
617
617
619
621
621
622
624
625
637
639
646
650
654
655
655
657
667
667
669
675
686
688
695
696
698
710
713
723
725
730
731
731
737
741
744
748
755
763
768
772
773
782
788
794
795
796
797
799
812
813
820
822
822
845
852
856
858
868
869
872
873
878
881
882
883
894
894
896
899
899
908
909
913
927
930
931
941
948
955
957
958
958
961
962
963
964
965
965
970
970
971
971
972
976
977
984
986
988
989
990
990
991
999
999
1002
1013
1017
1021
1024
1028
1033
1033
1039
1040
1041
1045
1046
1050
1051
1052
1053
1056
1058
1062
1070
1070
1070
1075
1076
1080
1087
1095
1102
1103
1104
1106
1111
1113
1114
1117
1119
1123
1130
1132
1132
1141
1143
1149
1151
1158
1163
1167
1170
1171
1172
1182
1187
1190
1193
1198
1201
1202
1202
1204
1207
1209
1220
1223
1223
1227
1229
1230
1233
1241
1247
1249
1253
1256
1257
1259
1263
1264
1266
1268
1269
1269
1271
1275
1282
1283
1290
1293
1294
1295
1298
1310
1310
1312
1313
1313
1317
1317
1319
1321
1321
1324
1326
1327
1327
1336
1342
1343
1346
1359
1359
1362
1362
1364
1365
1369
1370
1371
1373
1374
1383
1390
1401
1402
1403
1403
1403
1405
1410
1414
1415
1418
1419
1426
1430
1433
1440
1443
1445
1446
1447
1449
1449
1452
1469
1472
1473
1482
1492
1493
1506
1511
1512
1513
1527
1534
1538
1539
1540
1540
1543
1543
1547
1547
1549
1550
1550
1550
1564
1566
1574
1574
1574
1575
1576
1582
1583
1589
1589
1591
1591
1591
1594
1596
1596
1597
1601
1610
1615
1616
1619
1619
1619
1622
1631
1640
1650
1654
1655
1661
1662
1665
1667
1672
1672
1674
1674
1677
1679
1679
1683
1689
1703
1706
1706
1716
1717
1718
1718
1727
1730
1731
1733
1753
1757
1758
1759
1767
1768
1768
1768
1769
1770
1770
1772
1774
1776
1777
1780
1780
1780
1787
1787
1788
1790
1796
1797
1798
1800
1804
1809
1810
1819
1821
1822
1826
1828
1829
1833
1838
1839
1840
1843
1843
1852
1855
1861
1871
1874
1875
1877
1889
1893
1893
1894
1894
1897
1899
1902
1905
1906
1907
1909
1914
1918
1920
1920
1925
1928
1936
1939
1940
1943
1949
1950
1955
1957
1961
1968
1971
1983
1984
1989
1996
1996
2000
2003
2003
2008
2013
2013
2017
2023
2023
2024
2031
2038
2042
2046
2047
2054
2056
2057
2058
2061
2064
2067
2068
2069
2070
2073
2073
2077
2090
2091
2092
2093
2097
2104
2105
2106
2111
2112
2114
2114
2122
2124
2127
2127
2129
2137
2139
2140
2147
2150
2156
2165
2165
2166
2166
2168
2182
2187
2187
2191
2194
2198
2204
2213
2214
2215
2216
2224
2231
2232
2233
2235
2240
2242
2243
2245
2247
2247
2249
2250
2250
2253
2258
2260
2260
2262
2263
2269
2273
2277
2277
2279
2288
2297
2305
2307
2309
2310
2310
2313
2318
2323
2325
2326
2329
2333
2341
2342
2346
2350
2352
2354
2359
2361
2361
2366
2368
2373
2375
2376
2380
2384
2385
2385
2387
2402
2403
2403
2403
2404
2405
2409
2418
2418
2424
2427
2429
2433
2434
2434
2436
2442
2442
2465
2469
2471
2472
2475
2477
2478
2485
2488
2489
2490
2493
2496
2501
2503
2504
2505
2506
2507
2507
2508
2509
2509
2511
2515
2519
2522
2527
2528
2528
2535
2538
2541
2541
2541
2545
2548
2552
2561
2564
2564
2565
2568
2568
2569
2578
2583
2591
2592
2597
2597
2600
2601
2601
2603
2603
2606
2610
2611
2612
2617
2620
2621
2626
2627
2644
2647
2651
2651
2653
2661
2662
2662
2664
2665
2666
2667
2668
2675
2676
2677
2680
2681
2684
2685
2689
2693
2698
2699
2704
2705
2707
2707
2708
2722
2727
2731
2732
2732
2734
2735
2753
2755
2758
2761
2763
2763
2767
2770
2770
2777
2779
2780
2782
2782
2784
2790
2799
2800
2805
2809
2809
2810
2810
2811
2812
2813
2820
2822
2827
2830
2831
2833
2836
2841
2844
2844
2846
2846
2849
2855
2862
2863
2863
2863
2865
2865
2879
2880
2883
2885
2885
2886
2889
2893
2893
2898
2899
2902
2903
2905
2906
2906
2908
2923
2924
2925
2926
2929
2937
2940
2941
2941
2942
2947
2954
2957
2962
2977
2981
2982
2987
2989
2990
2993
2995
2995
2996
2996
2996
2997
3001
3001
3003
3004
3006
3007
3008
3015
3017
3017
3017
3022
3029
3032
3043
3048
3051
3058
3062
3063
3064
3067
3069
3074
3079
3079
3084
3090
3092
3095
3096
3099
3100
3104
3105
3106
3107
3111
3114
3116
3118
3122
3140
3147
3155
3156
3159
3164
3170
3177
3183
3187
3189
3189
3191
3192
3200
3200
3207
3208
3212
3215
3215
3218
3222
3227
3228
3228
3231
3234
3236
3239
3247
3249
3249
3253
3255
3257
3259
3271
3283
3284
3288
3295
3300
3308
3310
3311
3311
3315
3322
3323
3328
3329
3331
3332
3332
3336
3337
3341
3351
3361
3365
3375
3381
3383
3385
3387
3394
3402
3402
3416
3417
3421
3422
3423
3432
3434
3436
3436
3436
3437
3441
3441
3443
3443
3443
3443
3451
3453
3460
3461
3465
3469
3470
3471
3472
3475
3476
3477
3480
3488
3490
3497
3498
3499
3499
3501
3501
3506
3507
3509
3515
3523
3523
3523
3523
3527
3527
3532
3532
3539
3540
3542
3543
3545
3550
3554
3554
3560
3562
3562
3563
3563
3567
3574
3576
3580
3580
3582
3582
3584
3586
3586
3588
3589
3589
3591
3592
3598
3599
3611
3612
3618
3620
3628
3629
3631
3634
3646
3648
3650
3652
3653
3653
3661
3663
3666
3673
3673
3689
3693
3697
3699
3701
3702
3703
3705
3705
3708
3708
3713
3715
3718
3722
3722
3733
3734
3740
3742
3742
3743
3749
3757
3758
3759
3760
3762
3763
3764
3766
3767
3767
3768
3769
3773
3775
3777
3778
3779
3780
3782
3784
3785
3787
3791
3796
3803
3803
3807
3807
3812
3812
3823
3824
3825
3830
3840
3841
3846
3847
3849
3849
3851
3857
3858
3859
3872
3882
3889
3897
3899
3901
3902
3902
3903
3913
3914
3915
3930
3930
3932
3932
3938
3938
3940
3941
3943
3943
3956
3960
3964
3964
3969
3970
3970
3970
3972
3972
3973
3974
3978
3979
3979
3984
3985
3986
3987
3990
3991
3999
4003
4005
4016
4022
4024
4031
4031
4040
4051
4051
4052
4053
4057
4075
4076
4079
4082
4084
4091
4096
4112
4114
4118
4120
4120
4125
4130
4131
4137
4137
4138
4142
4144
4144
4145
4152
4157
4163
4165
4172
4174
4175
4179
4182
4188
4192
4194
4197
4201
4201
4201
4207
4209
4209
4209
4210
4214
4224
4227
4229
4234
4235
4235
4237
4237
4239
4240
4244
4250
4253
4257
4261
4261
4265
4266
4286
4292
4296
4297
4300
4303
4304
4308
4314
4319
4321
4322
4326
4345
4348
4348
4350
4351
4351
4354
4356
4361
4361
4361
4364
4372
4376
4383
4387
4391
4392
4393
4396
4403
4403
4407
4408
4411
4414
4416
4417
4418
4419
4433
4433
4434
4435
4439
4440
4440
4441
4442
4445
4446
4447
4452
4454
4456
4457
4465
4470
4472
4474
4474
4476
4476
4479
4482
4484
4485
4489
4493
4494
4497
4497
4498
4500
4502
4502
4505
4517
4520
4521
4524
4535
4536
4537
4544
4549
4551
4554
4555
4556
4558
4559
4567
4568
4569
4570
4578
4585
4588
4593
4599
4600
4600
4602
4606
4612
4613
4614
4615
4616
4617
4623
4627
4631
4633
4634
4639
4639
4640
4647
4655
4657
4663
4666
4673
4675
4676
4682
4684
4686
4694
4694
4696
4696
4698
4708
4709
4709
4713
4714
4719
4726
4727
4727
4733
4740
4742
4742
4744
4745
4750
4757
4763
4766
4767
4775
4776
4776
4782
4783
4792
4801
4812
4813
4817
4818
4821
4826
4827
4834
4835
4839
4840
4846
4860
4862
4862
4862
4869
4870
4873
4874
4877
4881
4885
4901
4909
4910
4914
4914
4921
4922
4933
4934
4934
4937
4940
4940
4947
4948
4949
4950
4952
4954
4957
4961
4964
4965
4965
4966
4969
4971
4972
4988
4991
4992
4994
4994
4996
4999
4999
5007
5013
5013
5019
5023
5025
5032
5039
5039
5045
5046
5055
5062
5068
5071
5072
5075
5075
5076
5076
5077
5083
5086
5087
5088
5090
5096
5096
5102
5102
5103
5110
5112
5114
5114
5116
5118
5120
5131
5133
5134
5136
5142
5142
5148
5150
5152
5155
5159
5162
5162
5164
5167
5172
5181
5183
5185
5186
5186
5190
5193
5196
5207
5211
5215
5224
5224
5224
5228
5230
5232
5234
5235
5241
5245
5257
5261
5261
5262
5266
5269
5269
5274
5276
5281
5282
5299
5299
5302
5306
5306
5314
5318
5318
5322
5327
5327
5333
5333
5335
5339
5339
5340
5342
5361
5362
5364
5365
5368
5376
5377
5383
5385
5385
5389
5389
5389
5390
5395
5402
5404
5405
5411
5414
5418
5420
5425
5425
5426
5428
5428
5431
5432
5438
5443
5443
5445
5449
5450
5453
5453
5454
5468
5470
5474
5477
5478
5492
5492
5493
5495
5498
5499
5513
5514
5518
5519
5523
5525
5536
5537
5538
5538
5540
5540
5554
5557
5563
5572
5575
5577
5585
5585
5587
5589
5591
5591
5592
5593
5595
5599
5614
5618
5618
5620
5622
5624
5627
5629
5634
5634
5636
5636
5638
5642
5645
5647
5649
5654
5658
5660
5669
5681
5684
5694
5700
5701
5707
5708
5711
5712
5712
5713
5718
5720
5727
5730
5732
5734
5737
5738
5740
5740
5741
5744
5749
5751
5753
5754
5755
5755
5756
5759
5765
5765
5766
5766
5767
5773
5776
5778
5781
5786
5788
5792
5793
5799
5799
5801
5807
5819
5823
5835
5841
5842
5842
5844
5844
5846
5858
5858
5862
5863
5865
5865
5866
5867
5867
5869
5873
5880
5880
5882
5888
5889
5898
5912
5914
5921
5922
5924
5925
5929
5932
5932
5939
5941
5965
5971
5971
5973
5975
5991
5992
5999
6000
6003
6005
6007
6007
6010
6011
6012
6015
6020
6021
6025
6026
6027
6027
6031
6041
6044
6046
6052
6052
6056
6063
6065
6066
6066
6067
6072
6074
6077
6078
6078
6080
6084
6093
6095
6096
6096
6097
6100
6101
6103
6105
6108
6109
6111
6116
6117
6119
6127
6129
6131
6133
6134
6140
6140
6141
6143
6147
6149
6160
6168
6170
6171
6172
6175
6175
6180
6189
6189
6189
6191
6195
6196
6201
6203
6207
6209
6210
6219
6230
6246
6251
6253
6254
6254
6269
6270
6273
6276
6286
6289
6291
6296
6305
6313
6321
6324
6325
6341
6342
6343
6347
6347
6352
6354
6361
6365
6366
6369
6371
6373
6375
6379
6382
6382
6385
6390
6393
6394
6397
6405
6405
6416
6418
6421
6424
6424
6424
6427
6428
6428
6428
6430
6434
6434
6435
6435
6435
6435
6440
6443
6447
6448
6448
6450
6454
6456
6456
6456
6459
6460
6462
6467
6486
6487
6487
6488
6494
6500
6500
6500
6508
6514
6515
6516
6521
6525
6526
6535
6541
6542
6553
6558
6558
6561
6563
6566
6573
6580
6587
6591
6604
6607
6615
6616
6629
6631
6633
6634
6638
6642
6648
6649
6650
6653
6662
6668
6674
6675
6677
6677
6680
6684
6685
6688
6690
6690
6699
6700
6702
6703
6706
6706
6708
6709
6710
6710
6714
6714
6716
6716
6717
6720
6721
6722
6722
6723
6724
6728
6736
6737
6738
6741
6745
6747
6749
6753
6754
6754
6755
6758
6759
6760
6761
6771
6773
6775
6778
6780
6782
6782
6785
6786
6787
6788
6792
6795
6799
6804
6805
6807
6811
6816
6817
6819
6828
6830
6830
6837
6843
6847
6852
6854
6855
6855
6859
6860
6861
6861
6864
6865
6867
6871
6872
6872
6876
6876
6876
6880
6892
6893
6895
6905
6905
6907
6913
6913
6914
6920
6922
6924
6925
6927
6931
6937
6938
6939
6940
6953
6955
6964
6965
6968
6969
6974
6976
7004
7007
7010
7014
7014
7015
7017
7018
7021
7027
7036
7038
7040
7040
7042
7042
7050
7053
7058
7059
7063
7064
7064
7067
7068
7069
7072
7076
7080
7084
7091
7091
7095
7095
7102
7105
7105
7108
7111
7113
7117
7118
7122
7125
7132
7139
7139
7139
7145
7147
7150
7151
7164
7169
7189
7189
7193
7193
7201
7201
7204
7204
7206
7206
7209
7217
7227
7232
7240
7241
7242
7242
7244
7244
7247
7249
7253
7253
7258
7258
7261
7263
7265
7266
7270
7273
7277
7280
7286
7286
7288
7297
7298
7300
7303
7305
7307
7308
7309
7312
7314
7314
7320
7322
7324
7325
7325
7326
7329
7339
7340
7341
7341
7342
7343
7352
7360
7360
7367
7370
7371
7381
7383
7387
7388
7388
7388
7392
7394
7394
7395
7396
7404
7410
7413
7415
7417
7418
7420
7427
7428
7433
7436
7439
7441
7443
7444
7444
7446
7446
7447
7451
7453
7454
7457
7458
7465
7470
7470
7472
7476
7485
7488
7490
7491
7493
7500
7500
7502
7503
7503
7510
7510
7511
7519
7519
7521
7521
7523
7536
7542
7549
7550
7554
7555
7567
7575
7586
7592
7598
7602
7602
7607
7609
7617
7621
7626
7630
7633
7634
7635
7637
7638
7646
7648
7648
7651
7653
7660
7665
7669
7681
7685
7689
7689
7689
7692
7694
7698
7700
7701
7704
7710
7712
7713
7713
7714
7718
7718
7718
7720
7724
7731
7740
7750
7750
7755
7757
7758
7759
7759
7762
7763
7765
7765
7779
7784
7790
7790
7796
7799
7802
7802
7810
7812
7813
7818
7824
7827
7834
7837
7844
7845
7845
7849
7850
7851
7852
7870
7878
7883
7883
7895
7902
7902
7904
7911
7916
7916
7917
7917
7917
7919
7921
7921
7923
7925
7927
7940
7950
7950
7955
7957
7958
7959
7961
7963
7971
7972
7973
7973
7973
7976
7981
7982
7986
7990
7994
8002
8002
8006
8011
8016
8018
8024
8026
8029
8029
8035
8035
8036
8040
8041
8041
8048
8059
8064
8066
8070
8072
8073
8079
8089
8089
8095
8100
8103
8103
8104
8110
8118
8122
8125
8127
8131
8132
8133
8140
8154
8157
8158
8161
8161
8163
8167
8169
8172
8180
8183
8185
8193
8193
8193
8195
8198
8200
8204
8211
8214
8215
8217
8221
8223
8224
8233
8235
8236
8247
8247
8250
8252
8253
8254
8267
8279
8284
8288
8290
8293
8295
8300
8303
8305
8306
8307
8313
8320
8322
8323
8324
8325
8343
8351
8355
8357
8357
8369
8377
8380
8381
8387
8396
8399
8399
8400
8401
8401
8405
8406
8407
8412
8416
8438
8439
8439
8439
8441
8444
8452
8455
8455
8457
8461
8464
8465
8466
8474
8482
8494
8498
8508
8513
8513
8514
8516
8522
8524
8524
8533
8536
8539
8542
8552
8556
8559
8559
8559
8564
8564
8565
8566
8572
8578
8579
8583
8589
8590
8592
8593
8596
8597
8600
8610
8611
8617
8621
8628
8629
8635
8638
8645
8645
8649
8652
8653
8660
8666
8667
8668
8678
8680
8682
8683
8684
8691
8692
8694
8700
8701
8705
8707
8708
8709
8713
8714
8714
8723
8723
8729
8731
8732
8732
8735
8737
8738
8740
8741
8746
8749
8754
8755
8762
8764
8765
8765
8766
8766
8776
8782
8784
8795
8801
8808
8811
8812
8815
8815
8817
8831
8832
8833
8838
8839
8842
8845
8846
8857
8861
8861
8862
8867
8871
8874
8876
8877
8879
8880
8880
8884
8884
8884
8886
8887
8890
8892
8892
8895
8896
8905
8905
8909
8911
8912
8913
8923
8923
8925
8927
8930
8933
8943
8950
8951
8953
8959
8961
8962
8964
8967
8976
8978
8979
8982
8989
8990
8991
9011
9020
9022
9023
9024
9035
9035
9037
9037
9038
9042
9044
9046
9051
9051
9054
9055
9058
9058
9059
9062
9066
9071
9072
9079
9082
9085
9089
9089
9090
9096
9096
9100
9104
9106
9109
9116
9125
9126
9133
9140
9141
9151
9156
9160
9160
9162
9166
9166
9167
9167
9168
9172
9173
9176
9178
9180
9181
9181
9186
9186
9188
9196
9210
9211
9212
9221
9225
9225
9230
9234
9236
9240
9240
9244
9245
9253
9253
9255
9259
9262
9263
9264
9269
9271
9271
9276
9284
9287
9302
9303
9304
9314
9315
9319
9320
9321
9324
9325
9325
9327
9329
9332
9332
9333
9337
9339
9353
9366
9366
9368
9371
9376
9377
9378
9383
9388
9388
9390
9390
9392
9394
9394
9397
9399
9400
9414
9418
9419
9443
9444
9450
9450
9450
9454
9460
9461
9465
9473
9479
9483
9483
9488
9491
9493
9495
9495
9510
9512
9515
9516
9516
9520
9524
9542
9557
9567
9567
9567
9570
9574
9574
9575
9580
9581
9583
9586
9586
9597
9599
9601
9603
9605
9612
9613
9625
9625
9628
9630
9631
9631
9632
9633
9640
9646
9651
9654
9655
9656
9660
9662
9664
9667
9670
9670
9672
9677
9680
9688
9693
9697
9709
9716
9719
9719
9720
9724
9729
9731
9731
9732
9734
9734
9739
9744
9748
9748
9753
9753
9755
9758
9763
9763
9766
9768
9775
9777
9785
9787
9790
9791
9796
9804
9804
9806
9809
9813
9814
9818
9820
9826
9827
9828
9829
9837
9839
9842
9845
9847
9850
9854
9856
9858
9861
9862
9863
9868
9872
9875
9878
9879
9879
9880
9880
9884
9888
9892
9895
9900
9901
9902
9904
9909
9911
9912
9920
9924
9925
9930
9935
9937
9939
9941
9943
9945
9946
9952
9953
9954
9956
9961
9962
9967
9967
9969
9973
9976
9979
9980
9980
9981
9986
9989
9996
9999
10004
10007
10010
10010
10010
10013
10016
10019
10020
10021
10022
10026
10026
10026
10036
10036
10038
10040
10041
10043
10044
10053
10054
10062
10065
10065
10073
10080
10081
10083
10087
10090
10091
10092
10093
10106
10106
10107
10112
10117
10119
10133
10136
10148
10149
10150
10155
10157
10160
10163
10164
10168
10169
10191
10194
10196
10200
10203
10204
10207
10208
10210
10224
10227
10228
10230
10230
10232
10232
10233
10237
10238
10241
10244
10245
10254
10260
10264
10266
10269
10269
10274
10284
10284
10287
10292
10293
10297
10302
10305
10306
10306
10314
10319
10334
10334
10335
10338
10341
10342
10344
10345
10360
10361
10363
10365
10368
10368
10370
10371
10372
10373
10387
10387
10391
10397
10399
10402
10402
10402
10404
10405
10406
10416
10417
10426
10427
10433
10436
10438
10441
10443
10445
10446
10455
10461
10462
10471
10479
10480
10486
10493
10495
10501
10503
10514
10514
10516
10516
10523
10526
10527
10528
10533
10538
10538
10541
10544
10553
10553
10560
10563
10577
10577
10584
10584
10593
10594
10596
10600
10609
10611
10612
10616
10619
10620
10627
10635
10640
10641
10645
10648
10658
10659
10660
10663
10663
10667
10668
10670
10670
10673
10679
10687
10710
10718
10721
10722
10723
10725
10732
10734
10734
10743
10743
10747
10766
10776
10777
10777
10779
10781
10782
10790
10794
10825
10825
10825
10826
10826
10827
10834
10834
10843
10847
10853
10856
10856
10857
10862
10864
10868
10870
10870
10871
10874
10877
10880
10882
10882
10891
10895
10905
10905
10907
10912
10916
10918
10919
10927
10933
10934
10935
10940
10948
10962
10967
10969
10970
10975
10975
10975
10976
10987
10989
10990
10992
10993
10994
10995
10997
11002
11005
11016
11016
11016
11018
11023
11026
11028
11031
11032
11036
11043
11044
11059
11062
11063
11067
11071
11073
11073
11075
11077
11080
11084
11085
11086
11086
11086
11087
11088
11089
11092
11094
11096
11100
11100
11101
11107
11108
11113
11114
11118
11118
11119
11120
11129
11129
11130
11133
11138
11139
11147
11148
11153
11153
11162
11170
11177
11182
11184
11187
11194
11196
11198
11206
11216
11216
11219
11220
11220
11221
11221
11221
11225
11227
11227
11229
11234
11235
11237
11239
11244
11245
11246
11261
11273
11273
11274
11276
11277
11278
11278
11283
11284
11288
11294
11295
11300
11302
11306
11316
11328
11330
11332
11334
11346
11346
11349
11351
11352
11353
11358
11364
11364
11370
11373
11380
11380
11383
11384
11384
11387
11389
11390
11399
11405
11406
11412
11416
11417
11417
11418
11421
11422
11422
11425
11427
11433
11437
11437
11441
11450
11452
11453
11454
11457
11461
11462
11463
11466
11470
11480
11481
11482
11483
11485
11487
11487
11488
11490
11492
11492
11493
11502
11504
11505
11522
11541
11553
11557
11559
11560
11563
11571
11574
11586
11589
11596
11597
11598
11599
11607
11615
11616
11621
11621
11623
11634
11637
11637
11639
11639
11642
11645
11646
11647
11649
11652
11655
11659
11661
11662
11662
11664
11667
11671
11672
11673
11674
11675
11679
11679
11680
11685
11689
11699
11702
11702
11706
11706
11709
11712
11715
11722
11722
11737
11741
11741
11741
11746
11749
11753
11757
11764
11767
11768
11782
11786
11786
11787
11787
11793
11798
11799
11801
11803
11805
11808
11808
11811
11813
11813
11817
11820
11821
11821
11822
11825
11830
11833
11836
11841
11846
11846
11846
11850
11855
11857
11857
11862
11865
11872
11872
11878
11881
11896
11897
11899
11902
11903
11904
11910
11911
11911
11915
11916
11916
11921
11924
11931
11933
11936
11944
11945
11946
11956
11959
11959
11960
11961
11962
11962
11966
11969
11970
11970
11970
11972
11977
11979
11979
11979
11980
11981
11984
11989
11990
11990
11996
11997
11997
11998
11999
12000
12004
12010
12011
12012
12015
12019
12020
12023
12026
12026
12030
12032
12034
12036
12038
12046
12047
12047
12048
12050
12051
12053
12054
12057
12065
12066
12068
12072
12073
12073
12074
12075
12077
12077
12078
12084
12085
12090
12097
12097
12099
12103
12106
12108
12119
12121
12123
12128
12132
12138
12139
12148
12149
12153
12158
12167
12168
12171
12172
12175
12178
12180
12182
12183
12183
12188
12190
12193
12194
12194
12194
12196
12204
12206
12208
12210
12211
12216
12217
12219
12228
12233
12233
12237
12240
12241
12249
12261
12265
12266
12271
12273
12274
12275
12277
12278
12282
12288
12289
12290
12291
12302
12305
12311
12312
12314
12316
12316
12319
12320
12320
12324
12326
12326
12328
12331
12334
12340
12344
12344
12345
12346
12360
12361
12368
12370
12374
12375
12380
12381
12387
12395
12396
12401
12402
12411
12417
12421
12421
12423
12429
12431
12431
12432
12436
12437
12439
12441
12443
12453
12464
12470
12474
12474
12486
12497
12498
12504
12506
12511
12513
12513
12514
12517
12517
12518
12519
12522
12523
12530
12532
12532
12538
12543
12544
12545
12546
12548
12550
12551
12552
12554
12554
12559
12563
12575
12577
12579
12580
12587
12593
12599
12600
12604
12605
12605
12605
12606
12612
12612
12613
12617
12619
12621
12622
12622
12623
12623
12624
12625
12626
12628
12630
12632
12632
12632
12633
12642
12646
12647
12647
12648
12656
12661
12664
12665
12665
12675
12675
12684
12685
12685
12686
12692
12701
12708
12709
12713
12717
12721
12726
12728
12728
12730
12731
12735
12736
12741
12741
12744
12749
12749
12750
12754
12756
12758
12758
12759
12764
12767
12768
12776
12780
12782
12789
12791
12792
12803
12808
12810
12810
12817
12817
12818
12818
12821
12828
12829
12834
12840
12841
12842
12852
12862
12862
12870
12871
12876
12878
12885
12889
12889
12889
12893
12894
12894
12896
12897
12898
12906
12908
12909
12920
12920
12926
12927
12938
12939
12943
12945
12946
12947
12949
12952
12955
12958
12965
12966
12967
12970
12974
12979
12981
12993
12996
13002
13013
13017
13019
13020
13021
13024
13026
13027
13029
13031
13037
13040
13044
13045
13047
13050
13055
13056
13056
13057
13057
13060
13063
13064
13064
13066
13067
13069
13070
13076
13076
13078
13079
13079
13082
13082
13084
13085
13097
13097
13102
13105
13107
13109
13112
13112
13113
13113
13114
13117
13119
13130
13133
13137
13138
13146
13147
13147
13147
13154
13157
13162
13171
13176
13179
13181
13183
13184
13186
13191
13192
13193
13194
13195
13201
13201
13203
13205
13207
13208
13209
13210
13216
13218
13219
13221
13222
13229
13232
13239
13244
13251
13254
13257
13259
13265
13266
13268
13274
13277
13280
13280
13282
13284
13287
13289
13292
13292
13300
13303
13303
13304
13305
13306
13307
13312
13317
13320
13326
13331
13335
13340
13341
13352
13353
13355
13357
13362
13363
13364
13365
13372
13374
13375
13385
13385
13387
13389
13390
13391
13394
13395
13395
13401
13409
13414
13418
13418
13419
13420
13422
13423
13424
13425
13430
13437
13441
13441
13444
13444
13448
13451
13452
13459
13459
13460
13460
13465
13472
13474
13479
13480
13490
13491
13495
13496
13497
13497
13500
13501
13509
13514
13516
13521
13524
13525
13530
13530
13537
13537
13537
13538
13540
13540
13552
13566
13566
13572
13573
13575
13577
13580
13582
13584
13584
13589
13591
13596
13599
13599
13599
13603
13609
13612
13616
13620
13623
13624
13626
13627
13631
13633
13635
13636
13640
13646
13647
13648
13663
13664
13664
13665
13665
13665
13668
13670
13672
13679
13683
13686
13690
13697
13698
13703
13704
13709
13713
13722
13725
13727
13727
13731
13732
13735
13735
13740
13746
13749
13754
13762
13763
13763
13766
13769
13780
13783
13784
13787
13791
13795
13796
13805
13808
13811
13812
13813
13814
13817
13819
13821
13822
13823
13823
13823
13835
13836
13836
13838
13843
13848
13849
13854
13861
13870
13874
13878
13878
13884
13890
13895
13898
13898
13899
13904
13905
13907
13908
13910
13916
13917
13919
13919
13924
13926
13929
13929
13933
13934
13935
13937
13942
13944
13948
13952
13953
13956
13960
13965
13967
13967
13968
13973
13975
13975
13980
13980
13986
13996
13999
14001
14003
14006
14010
14010
14011
14012
14012
14020
14024
14034
14034
14036
14042
14047
14048
14054
14055
14067
14072
14078
14079
14082
14084
14087
14087
14088
14089
14092
14092
14096
14097
14099
14105
14106
14107
14111
14119
14120
14131
14133
14134
14143
14144
14145
14153
14154
14156
14156
14162
14168
14168
14173
14177
14184
14199
14199
14205
14206
14206
14206
14207
14208
14217
14217
14218
14219
14223
14224
14225
14235
14236
14243
14246
14251
14252
14252
14264
14266
14269
14278
14279
14282
14284
14284
14285
14285
14289
14291
14294
14296
14300
14302
14311
14323
14327
14328
14328
14328
14330
14337
14339
14342
14345
14347
14350
14352
14353
14359
14360
14362
14364
14366
14368
14372
14374
14379
14384
14386
14389
14391
14400
14408
14412
14413
14415
14421
14422
14432
14435
14441
14443
14444
14446
14453
14461
14462
14477
14480
14480
14486
14497
14516
14518
14519
14519
14523
14527
14549
14556
14560
14561
14563
14570
14571
14577
14578
14580
14580
14585
14588
14588
14595
14595
14596
14597
14598
14599
14601
14602
14602
14605
14608
14615
14618
14620
14621
14623
14634
14637
14638
14641
14648
14651
14654
14657
14662
14670
14672
14683
14684
14684
14693
14694
14696
14701
14705
14705
14707
14709
14710
14711
14717
14717
14718
14722
14730
14740
14741
14743
14744
14746
14747
14748
14751
14761
14764
14764
14766
14769
14770
14771
14772
14773
14773
14774
14776
14777
14779
14784
14786
14790
14801
14808
14811
14813
14814
14817
14817
14818
14826
14828
14831
14832
14835
14839
14841
14843
14852
14854
14857
14858
14859
14861
14861
14865
14868
14868
14874
14875
14884
14887
14888
14889
14892
14897
14899
14900
14901
14905
14910
14911
14915
14915
14917
14919
14919
14921
14921
14923
14927
14928
14928
14930
14930
14938
14940
14941
14945
14951
14953
14955
14956
14959
14962
14965
14975
14979
14980
14981
14982
14989
14994
15000
15004
15004
15007
15013
15018
15019
15021
15035
15043
15049
15051
15053
15055
15058
15059
15064
15065
15071
15075
15075
15079
15080
15082
15082
15086
15089
15091
15093
15095
15096
15100
15101
15112
15114
15119
15120
15122
15125
15127
15132
15135
15136
15143
15145
15148
15148
15159
15165
15167
15167
15168
15169
15171
15171
15176
15176
15177
15181
15182
15184
15185
15187
15189
15191
15192
15199
15209
15210
15216
15216
15217
15222
15226
15237
15239
15241
15242
15247
15251
15253
15256
15259
15261
15262
15267
15269
15272
15273
15273
15275
15286
15287
15288
15288
15296
15300
15301
15301
15302
15310
15313
15313
15313
15315
15315
15316
15325
15325
15326
15326
15336
15339
15339
15341
15341
15343
15344
15349
15352
15352
15352
15354
15356
15366
15369
15371
15381
15384
15392
15401
15402
15403
15407
15408
15417
15423
15432
15435
15445
15450
15452
15464
15466
15472
15473
15481
15488
15489
15504
15507
15514
15515
15515
15517
15521
15523
15524
15524
15526
15527
15528
15535
15540
15540
15543
15550
15557
15558
15558
15564
15569
15572
15580
15580
15583
15585
15588
15589
15593
15595
15600
15602
15605
15609
15613
15625
15625
15627
15630
15633
15635
15636
15646
15649
15649
15653
15658
15660
15661
15662
15663
15668
15669
15674
15675
15678
15678
15681
15683
15690
15692
15695
15697
15701
15701
15705
15708
15714
15718
15722
15723
15723
15724
15725
15729
15734
15736
15737
15740
15744
15747
15753
15762
15764
15765
15770
15773
15775
15778
15783
15783
15792
15795
15804
15805
15823
15826
15827
15832
15834
15837
15845
15847
15848
15851
15853
15857
15866
15866
15867
15869
15877
15879
15883
15886
15889
15894
15900
15901
15913
15914
15919
15919
15924
15925
15928
15928
15933
15934
15935
15935
15944
15945
15946
15954
15956
15959
15961
15967
15972
15973
15976
15978
15980
15989
16005
16010
16015
16016
16018
16020
16021
16022
16023
16027
16032
16033
16033
16036
16036
16036
16038
16041
16046
16049
16049
16049
16053
16062
16064
16070
16071
16071
16073
16077
16078
16079
16080
16093
16098
16104
16105
16107
16107
16108
16108
16109
16128
16130
16137
16141
16141
16141
16141
16142
16144
16145
16150
16150
16154
16175
16178
16179
16180
16183
16185
16186
16188
16191
16198
16204
16205
16207
16209
16212
16217
16219
16222
16227
16237
16240
16245
16251
16255
16256
16265
16272
16275
16277
16280
16281
16291
16293
16302
16308
16310
16313
16315
16319
16319
16320
16325
16327
16328
16333
16334
16336
16342
16343
16344
16351
16355
16359
16363
16367
16374
16375
16380
16381
16387
16392
16392
16395
16400
16403
16404
16405
16406
16414
16415
16417
16423
16429
16430
16431
16433
16439
16448
16449
16452
16455
16458
16459
16467
16472
16473
16478
16479
16480
16483
16488
16489
16492
16493
16495
16521
16526
16536
16539
16540
16542
16542
16550
16554
16566
16568
16569
16574
16584
16584
16586
16587
16593
16594
16596
16596
16601
16603
16605
16611
16611
16613
16615
16618
16623
16624
16626
16627
16639
16643
16645
16646
16647
16647
16649
16650
16652
16656
16659
16661
16670
16675
16676
16678
16679
16680
16680
16680
16681
16681
16685
16688
16689
16689
16691
16696
16697
16698
16698
16701
16701
16706
16707
16713
16725
16727
16730
16730
16731
16731
16738
16738
16747
16748
16748
16749
16751
16760
16761
16763
16765
16766
16778
16779
16781
16784
16785
16787
16787
16792
16797
16797
16800
16801
16804
16804
16805
16805
16809
16815
16817
16819
16821
16823
16824
16824
16827
16829
16836
16837
16846
16847
16854
16857
16868
16869
16869
16870
16872
16879
16880
16884
16887
16893
16897
16898
16900
16902
16905
16906
16908
16909
16911
16914
16922
16926
16928
16937
16937
16939
16941
16944
16944
16952
16960
16962
16968
16970
16972
16975
16977
16978
16980
16981
16982
16994
16996
17000
17001
17001
17002
17005
17017
17017
17020
17020
17021
17022
17027
17028
17031
17031
17032
17033
17033
17034
17037
17046
17046
17057
17057
17059
17064
17065
17068
17069
17072
17072
17074
17074
17075
17077
17078
17079
17079
17082
17083
17084
17084
17085
17086
17091
17092
17094
17097
17099
17099
17104
17106
17120
17120
17122
17122
17123
17128
17128
17135
17137
17141
17142
17145
17146
17147
17148
17149
17160
17162
17162
17163
17163
17167
17167
17168
17170
17179
17181
17182
17183
17195
17196
17197
17198
17199
17200
17200
17206
17213
17213
17216
17217
17222
17222
17222
17223
17228
17248
17255
17261
17262
17262
17265
17266
17269
17276
17277
17278
17281
17282
17283
17284
17285
17289
17292
17294
17297
17304
17304
17305
17307
17319
17319
17320
17341
17345
17351
17352
17352
17358
17366
17378
17380
17381
17385
17393
17394
17399
17400
17401
17403
17412
17412
17415
17416
17416
17419
17422
17428
17429
17446
17451
17457
17459
17462
17470
17472
17473
17476
17491
17492
17492
17496
17498
17499
17500
17500
17504
17506
17509
17511
17514
17516
17519
17521
17523
17524
17524
17529
17532
17534
17536
17538
17539
17539
17543
17545
17545
17546
17548
17558
17562
17565
17569
17570
17570
17572
17572
17573
17575
17583
17585
17591
17592
17598
17598
17610
17612
17614
17615
17619
17625
17627
17628
17629
17632
17634
17638
17639
17639
17640
17643
17643
17646
17654
17654
17658
17659
17660
17663
17667
17675
17680
17682
17684
17684
17688
17690
17698
17705
17706
17716
17726
17731
17745
17747
17748
17748
17748
17755
17756
17756
17756
17757
17759
17760
17761
17762
17772
17774
17786
17786
17789
17793
17793
17798
17798
17800
17801
17807
17811
17818
17823
17823
17824
17828
17830
17833
17834
17835
17838
17844
17848
17851
17853
17853
17857
17857
17858
17865
17866
17870
17876
17878
17883
17888
17904
17919
17919
17923
17927
17935
17936
17951
17955
17959
17961
17969
17975
17976
17977
17979
17981
17984
17984
17994
17998
18004
18011
18012
18014
18022
18024
18030
18032
18035
18036
18041
18044
18046
18047
18051
18052
18053
18056
18056
18059
18059
18068
18071
18072
18074
18075
18075
18082
18084
18097
18099
18100
18109
18111
18114
18117
18118
18120
18121
18122
18128
18129
18135
18136
18142
18143
18145
18147
18149
18150
18152
18159
18162
18166
18166
18169
18169
18177
18177
18184
18185
18185
18186
18190
18190
18192
18195
18198
18204
18205
18205
18207
18209
18210
18212
18213
18219
18223
18223
18226
18231
18232
18233
18234
18237
18249
18250
18254
18259
18261
18269
18271
18274
18277
18281
18283
18285
18289
18293
18297
18303
18303
18304
18305
18307
18313
18316
18317
18317
18320
18320
18321
18324
18326
18337
18337
18338
18340
18353
18353
18356
18360
18371
18379
18379
18385
18387
18389
18389
18391
18391
18392
18397
18398
18399
18401
18403
18412
18415
18416
18416
18424
18424
18426
18431
18432
18432
18437
18440
18444
18445
18449
18450
18450
18451
18460
18461
18462
18462
18462
18463
18468
18471
18473
18473
18475
18476
18487
18488
18489
18494
18496
18499
18502
18502
18507
18513
18518
18520
18525
18526
18529
18530
18530
18532
18540
18543
18545
18545
18547
18564
18568
18569
18571
18572
18574
18575
18578
18580
18580
18582
18582
18586
18589
18592
18592
18596
18598
18598
18604
18610
18612
18614
18614
18616
18617
18619
18623
18638
18640
18642
18643
18647
18654
18655
18655
18656
18659
18671
18672
18672
18681
18682
18687
18696
18699
18700
18702
18703
18714
18719
18719
18719
18720
18722
18722
18723
18730
18733
18744
18744
18753
18755
18758
18758
18762
18768
18770
18771
18777
18781
18785
18789
18793
18798
18801
18816
18817
18820
18834
18838
18840
18840
18840
18840
18841
18842
18846
18849
18851
18855
18869
18869
18872
18873
18886
18890
18891
18892
18893
18896
18897
18898
18905
18905
18912
18917
18921
18923
18937
18939
18940
18950
18956
18962
18963
18970
18975
18979
18992
18996
18998
18999
19004
19005
19005
19008
19010
19013
19013
19016
19021
19022
19032
19034
19036
19037
19038
19038
19039
19044
19045
19046
19049
19051
19051
19059
19062
19070
19072
19073
19074
19080
19081
19081
19084
19098
19099
19102
19103
19109
19111
19124
19130
19131
19132
19133
19134
19147
19149
19152
19155
19158
19159
19163
19166
19168
19171
19174
19175
19177
19188
19189
19193
19195
19196
19197
19199
19201
19204
19205
19210
19217
19217
19218
19218
19221
19221
19222
19228
19229
19231
19232
19232
19239
19240
19245
19247
19250
19252
19252
19254
19256
19261
19262
19263
19276
19281
19285
19285
19285
19286
19289
19290
19303
19310
19312
19320
19325
19326
19328
19330
19332
19333
19339
19341
19342
19345
19350
19351
19353
19355
19355
19359
19361
19362
19365
19368
19371
19374
19385
19388
19389
19391
19394
19395
19396
19398
19399
19401
19401
19403
19404
19408
19411
19412
19412
19412
19416
19417
19419
19421
19424
19430
19431
19434
19438
19439
19449
19450
19452
19453
19457
19462
19464
19465
19468
19473
19477
19482
19482
19484
19485
19493
19493
19494
19496
19497
19501
19502
19503
19506
19507
19507
19508
19509
19511
19518
19521
19524
19527
19537
19537
19537
19538
19551
19553
19564
19567
19569
19570
19570
19571
19573
19580
19582
19584
19584
19585
19585
19589
19590
19590
19598
19599
19603
19605
19605
19606
19611
19613
19614
19614
19616
19616
19616
19617
19620
19621
19623
19625
19631
19637
19641
19643
19650
19651
19653
19654
19655
19656
19657
19659
19662
19666
19668
19673
19675
19680
19683
19687
19688
19697
19698
19700
19705
19708
19708
19711
19720
19721
19722
19722
19727
19728
19732
19733
19733
19737
19739
19741
19747
19753
19754
19759
19759
19762
19764
19765
19765
19765
19770
19774
19779
19781
19788
19799
19800
19806
19807
19811
19812
19814
19815
19815
19827
19836
19844
19848
19849
19851
19851
19854
19854
19858
19870
19870
19871
19871
19884
19885
19886
19887
19890
19897
19897
19898
19904
19904
19906
19906
19907
19915
19919
19923
19923
19923
19930
19931
19936
19946
19946
19947
19949
19955
19961
19966
19967
19967
19968
19976
19977
19978
19979
19981
19985
19987
19988
19988
19989
19990
19993
20000
20001
20005
20007
20008
20023
20024
20025
20025
20026
20045
20045
20045
20048
20053
20060
20070
20073
20075
20079
20083
20086
20088
20096
20101
20103
20105
20106
20109
20116
20116
20120
20125
20126
20126
20135
20138
20146
20147
20149
20149
20156
20161
20168
20172
20172
20174
20174
20176
20176
20177
20182
20184
20190
20195
20197
20201
20205
20206
20215
20216
20218
20220
20222
20225
20226
20236
20241
20241
20243
20249
20255
20255
20271
20277
20284
20286
20287
20290
20292
20293
20309
20312
20318
20318
20321
20324
20325
20330
20330
20333
20333
20345
20347
20348
20361
20365
20366
20371
20376
20385
20389
20395
20396
20399
20409
20410
20422
20423
20427
20433
20434
20437
20437
20439
20441
20445
20447
20449
20454
20456
20458
20460
20464
20464
20468
20480
20482
20482
20482
20487
20491
20493
20497
20500
20502
20504
20504
20511
20522
20524
20528
20532
20534
20537
20538
20544
20545
20546
20550
20551
20551
20554
20556
20557
20559
20560
20565
20570
20578
20578
20582
20589
20589
20589
20597
20602
20603
20606
20621
20623
20627
20628
20630
20638
20640
20644
20646
20646
20647
20649
20651
20653
20655
20670
20671
20676
20685
20685
20686
20688
20692
20693
20697
20699
20704
20709
20710
20711
20714
20727
20731
20733
20733
20734
20739
20741
20742
20743
20745
20748
20750
20751
20754
20759
20761
20768
20776
20779
20780
20786
20787
20794
20795
20798
20801
20804
20807
20809
20815
20816
20822
20830
20833
20834
20834
20837
20857
20857
20860
20862
20871
20871
20872
20876
20877
20893
20902
20903
20904
20904
20909
20913
20913
20918
20919
20929
20936
20938
20949
20951
20955
20958
20961
20965
20971
20974
20988
20995
20998
21006
21010
21011
21012
21013
21013
21017
21021
21023
21031
21032
21032
21033
21035
21044
21045
21046
21047
21048
21059
21060
21065
21065
21066
21070
21071
21072
21073
21073
21077
21077
21079
21084
21086
21088
21092
21093
21100
21103
21103
21106
21110
21117
21119
21119
21120
21121
21123
21124
21129
21130
21131
21133
21136
21140
21141
21144
21144
21145
21145
21154
21156
21160
21160
21163
21166
21175
21179
21179
21183
21196
21198
21199
21200
21208
21208
21220
21227
21227
21230
21240
21250
21268
21269
21271
21274
21276
21285
21290
21293
21298
21298
21299
21299
21300
21307
21310
21311
21312
21313
21316
21321
21323
21334
21337
21341
21346
21349
21355
21357
21358
21359
21362
21366
21370
21374
21377
21380
21380
21385
21387
21391
21392
21408
21409
21411
21415
21419
21424
21425
21428
21429
21433
21434
21434
21435
21436
21436
21440
21442
21447
21447
21450
21451
21452
21453
21456
21456
21456
21458
21460
21475
21475
21479
21482
21486
21486
21490
21491
21492
21497
21498
21498
21502
21508
21510
21511
21521
21529
21530
21531
21532
21535
21535
21544
21544
21549
21550
21550
21554
21562
21565
21566
21568
21571
21584
21587
21587
21587
21588
21589
21594
21599
21611
21615
21623
21625
21626
21630
21631
21634
21636
21645
21651
21661
21662
21663
21663
21670
21672
21672
21672
21674
21680
21681
21686
21689
21699
21701
21710
21710
21713
21714
21726
21727
21728
21729
21729
21736
21749
21751
21764
21769
21770
21775
21776
21776
21776
21781
21782
21783
21786
21787
21791
21796
21797
21798
21798
21805
21808
21809
21810
21811
21812
21814
21821
21823
21833
21833
21833
21835
21839
21840
21843
21850
21853
21853
21854
21857
21860
21864
21870
21872
21873
21875
21881
21885
21893
21898
21905
21920
21923
21925
21927
21930
21932
21933
21933
21934
21937
21938
21938
21939
21941
21948
21949
21949
21949
21949
21951
21957
21963
21969
21971
21980
21989
21992
21995
21996
22006
22006
22008
22010
22022
22023
22036
22039
22039
22041
22042
22044
22045
22047
22049
22050
22053
22059
22061
22064
22072
22073
22078
22079
22080
22085
22086
22090
22093
22093
22095
22095
22096
22105
22106
22111
22111
22122
22129
22132
22132
22141
22145
22146
22152
22163
22175
22181
22184
22184
22186
22191
22198
22200
22201
22204
22204
22207
22217
22218
22221
22222
22237
22239
22239
22241
22241
22244
22247
22247
22252
22252
22261
22264
22264
22266
22268
22277
22282
22287
22289
22291
22304
22306
22311
22318
22321
22322
22324
22326
22331
22333
22337
22338
22344
22350
22357
22357
22360
22361
22379
22381
22385
22389
22392
22393
22395
22400
22402
22419
22421
22438
22439
22444
22447
22448
22456
22461
22465
22466
22467
22468
22468
22468
22470
22480
22486
22494
22504
22505
22505
22506
22507
22509
22512
22514
22521
22524
22524
22527
22528
22528
22529
22534
22538
22540
22543
22546
22558
22560
22561
22565
22567
22569
22572
22575
22581
22582
22587
22589
22589
22589
22595
22598
22600
22602
22603
22603
22611
22616
22624
22626
22629
22630
22632
22638
22640
22640
22642
22645
22649
22660
22661
22665
22665
22671
22676
22676
22678
22681
22690
22690
22693
22703
22706
22709
22710
22714
22714
22718
22718
22719
22723
22724
22725
22728
22730
22733
22739
22742
22747
22748
22749
22751
22757
22761
22762
22764
22764
22768
22769
22775
22787
22788
22790
22796
22802
22803
22805
22808
22811
22812
22814
22815
22821
22827
22833
22834
22836
22839
22843
22846
22852
22854
22856
22857
22857
22859
22865
22867
22867
22869
22879
22879
22879
22886
22888
22889
22899
22902
22907
22911
22913
22914
22915
22917
22918
22922
22924
22934
22937
22938
22940
22942
22944
22950
22951
22951
22955
22956
22959
22960
22964
22968
22975
22979
22981
22981
22983
22984
22984
22986
22986
22996
22999
23002
23008
23017
23026
23027
23027
23028
23030
23031
23033
23040
23041
23044
23051
23052
23058
23060
23062
23062
23069
23071
23076
23076
23082
23084
23090
23094
23094
23097
23100
23103
23115
23116
23118
23122
23124
23124
23124
23125
23126
23127
23134
23137
23138
23141
23141
23142
23148
23152
23154
23163
23175
23188
23188
23192
23192
23194
23194
23200
23200
23204
23204
23205
23217
23226
23232
23234
23236
23241
23241
23245
23255
23256
23261
23262
23268
23274
23278
23285
23285
23286
23294
23300
23301
23301
23303
23316
23317
23320
23323
23326
23329
23334
23341
23345
23347
23348
23352
23355
23356
23356
23357
23357
23359
23360
23362
23365
23365
23366
23373
23374
23374
23375
23375
23376
23378
23383
23384
23387
23387
23395
23400
23404
23404
23407
23414
23417
23430
23432
23435
23442
23444
23445
23447
23449
23449
23449
23450
23450
23457
23460
23461
23467
23469
23473
23480
23480
23491
23495
23499
23501
23502
23505
23507
23514
23514
23516
23521
23521
23523
23528
23536
23536
23537
23540
23546
23547
23548
23552
23577
23578
23589
23593
23594
23596
23598
23599
23600
23606
23610
23611
23611
23616
23619
23625
23627
23628
23632
23635
23636
23636
23637
23641
23641
23652
23657
23666
23670
23673
23674
23674
23675
23696
23700
23703
23704
23708
23709
23718
23719
23720
23723
23727
23737
23741
23748
23751
23754
23755
23758
23759
23766
23768
23770
23770
23778
23778
23779
23786
23788
23789
23790
23798
23807
23807
23811
23819
23820
23824
23825
23827
23832
23833
23834
23837
23839
23840
23841
23852
23854
23857
23857
23865
23870
23872
23872
23876
23877
23878
23888
23890
23891
23894
23896
23901
23904
23908
23909
23913
23913
23921
23927
23927
23927
23935
23935
23936
23936
23938
23940
23947
23958
23958
23961
23961
23965
23971
23972
23975
23976
23977
23980
23988
23990
23995
23995
24011
24014
24015
24023
24025
24033
24034
24040
24061
24061
24067
24068
24071
24072
24081
24086
24091
24092
24094
24095
24095
24100
24103
24104
24106
24114
24120
24127
24131
24132
24138
24146
24147
24152
24152
24154
24154
24156
24164
24171
24173
24181
24182
24192
24199
24200
24202
24204
24207
24211
24212
24214
24216
24217
24222
24226
24231
24235
24246
24246
24247
24250
24250
24254
24254
24257
24269
24270
24272
24273
24274
24278
24285
24286
24287
24290
24292
24293
24293
24300
24300
24307
24308
24314
24314
24316
24323
24325
24334
24334
24334
24336
24337
24341
24343
24345
24355
24358
24361
24362
24365
24381
24382
24382
24383
24385
24392
24392
24399
24401
24402
24407
24412
24413
24417
24422
24422
24427
24429
24431
24434
24435
24436
24437
24437
24441
24447
24448
24450
24450
24453
24453
24459
24464
24471
24474
24477
24480
24484
24485
24487
24493
24496
24500
24500
24506
24511
24517
24519
24520
24525
24527
24537
24537
24538
24538
24541
24541
24542
24551
24557
24564
24565
24569
24575
24581
24581
24590
24595
24595
24598
24600
24600
24604
24620
24624
24634
24642
24651
24653
24653
24660
24661
24662
24666
24673
24673
24675
24677
24680
24685
24688
24689
24696
24700
24709
24711
24715
24717
24718
24719
24721
24723
24726
24726
24727
24732
24734
24738
24743
24744
24744
24745
24750
24755
24772
24772
24774
24778
24779
24784
24787
24793
24797
24803
24809
24814
24817
24817
24820
24825
24831
24832
24833
24834
24838
24842
24848
24860
24862
24865
24866
24875
24878
24879
24885
24885
24894
24899
24902
24902
24904
24909
24910
24913
24930
24932
24947
24949
24950
24952
24959
24960
24961
24964
24968
24969
24972
24973
24978
24978
24981
24984
24989
24990
24991
25000
25000
25001
25007
25010
25013
25013
25016
25018
25026
25029
25030
25031
25032
25034
25038
25042
25043
25046
25051
25060
25067
25070
25071
25072
25081
25082
25082
25085
25088
25099
25110
25113
25119
25121
25121
25124
25127
25128
25137
25138
25140
25148
25148
25149
25150
25151
25153
25153
25155
25162
25164
25165
25166
25172
25173
25177
25178
25183
25183
25184
25185
25186
25186
25187
25190
25193
25197
25199
25203
25205
25205
25206
25207
25235
25236
25237
25239
25241
25245
25247
25248
25250
25253
25256
25261
25263
25275
25276
25283
25283
25284
25285
25289
25296
25302
25310
25314
25315
25315
25317
25323
25328
25338
25338
25342
25343
25346
25348
25348
25357
25360
25363
25374
25374
25375
25379
25387
25388
25389
25394
25394
25396
25397
25404
25405
25407
25412
25414
25416
25416
25418
25421
25423
25426
25428
25429
25430
25433
25435
25436
25436
25437
25444
25446
25454
25457
25465
25472
25474
25478
25479
25484
25484
25486
25486
25489
25492
25494
25500
25500
25500
25500
25504
25506
25508
25510
25511
25523
25524
25527
25531
25533
25539
25542
25543
25543
25543
25543
25547
25552
25553
25555
25557
25560
25561
25564
25564
25570
25577
25586
25591
25594
25597
25600
25600
25603
25608
25608
25613
25615
25616
25628
25629
25630
25632
25632
25637
25639
25645
25647
25649
25656
25656
25658
25659
25664
25664
25667
25672
25678
25685
25687
25689
25689
25690
25692
25694
25700
25702
25704
25714
25720
25721
25721
25723
25725
25729
25729
25732
25735
25735
25736
25737
25740
25740
25741
25746
25747
25766
25768
25769
25770
25774
25775
25778
25782
25784
25789
25790
25791
25801
25801
25803
25804
25804
25806
25807
25811
25815
25827
25827
25828
25829
25835
25839
25840
25840
25841
25854
25855
25860
25863
25867
25869
25871
25872
25873
25877
25881
25881
25886
25887
25904
25905
25906
25909
25910
25910
25918
25921
25925
25930
25939
25939
25943
25944
25951
25953
25957
25957
25959
25963
25965
25966
25967
25968
25969
25973
25979
25989
25991
25996
26000
26014
26014
26015
26019
26022
26024
26026
26026
26032
26038
26040
26041
26046
26048
26049
26051
26053
26054
26054
26075
26080
26086
26089
26091
26097
26097
26098
26099
26103
26104
26104
26104
26113
26125
26127
26131
26132
26141
26145
26147
26156
26161
26164
26167
26167
26168
26169
26173
26174
26179
26186
26193
26193
26200
26201
26203
26203
26204
26204
26208
26215
26216
26218
26218
26219
26219
26224
26229
26229
26246
26247
26249
26251
26251
26253
26255
26256
26262
26262
26271
26275
26284
26286
26296
26299
26300
26307
26311
26313
26316
26316
26320
26320
26322
26326
26329
26331
26331
26334
26334
26341
26347
26349
26349
26353
26354
26357
26358
26361
26365
26365
26366
26373
26377
26380
26383
26389
26393
26398
26405
26410
26413
26422
26432
26433
26437
26440
26441
26446
26466
26469
26472
26476
26482
26484
26498
26510
26511
26511
26512
26516
26521
26522
26522
26524
26524
26534
26549
26552
26561
26562
26573
26589
26594
26595
26595
26596
26597
26599
26600
26618
26620
26622
26624
26634
26634
26634
26644
26650
26652
26652
26653
26672
26673
26675
26682
26683
26683
26685
26686
26690
26690
26692
26701
26703
26705
26708
26713
26713
26713
26721
26724
26732
26733
26736
26741
26745
26759
26775
26777
26783
26785
26791
26793
26794
26796
26796
26797
26804
26811
26811
26819
26824
26824
26826
26826
26828
26828
26829
26834
26836
26839
26842
26849
26855
26858
26865
26869
26870
26870
26877
26881
26889
26890
26895
26896
26898
26899
26900
26902
26906
26906
26906
26907
26909
26913
26921
26927
26933
26935
26935
26938
26940
26948
26955
26956
26959
26965
26966
26973
26974
26974
26975
26976
26977
26980
26992
26996
26997
27003
27003
27004
27019
27024
27025
27038
27038
27041
27043
27044
27045
27054
27055
27062
27067
27075
27080
27087
27088
27097
27103
27104
27109
27112
27114
27114
27115
27123
27125
27130
27130
27132
27134
27139
27140
27144
27150
27150
27156
27162
27163
27168
27180
27185
27186
27190
27190
27191
27192
27196
27211
27213
27216
27218
27220
27231
27235
27236
27238
27239
27253
27256
27262
27262
27272
27273
27275
27277
27279
27279
27282
27284
27284
27291
27294
27296
27297
27300
27301
27312
27312
27317
27318
27323
27323
27323
27327
27329
27336
27338
27342
27344
27353
27357
27359
27359
27359
27359
27361
27364
27369
27375
27376
27380
27381
27388
27388
27389
27390
27395
27397
27402
27409
27413
27414
27422
27439
27444
27444
27447
27448
27455
27465
27468
27471
27472
27485
27490
27493
27494
27498
27505
27505
27508
27510
27516
27516
27518
27519
27519
27519
27520
27525
27528
27528
27529
27529
27530
27531
27532
27533
27535
27540
27545
27554
27557
27558
27559
27559
27559
27560
27561
27563
27566
27568
27571
27572
27573
27576
27577
27580
27585
27586
27589
27590
27595
27596
27597
27597
27602
27602
27605
27606
27607
27613
27617
27627
27628
27630
27631
27634
27637
27639
27645
27647
27650
27650
27653
27656
27657
27659
27663
27664
27666
27667
27668
27673
27674
27674
27675
27676
27686
27689
27690
27692
27693
27694
27695
27697
27698
27701
27714
27716
27717
27717
27719
27721
27725
27727
27745
27745
27748
27757
27762
27764
27777
27784
27792
27795
27796
27799
27800
27803
27822
27824
27828
27834
27836
27837
27838
27839
27840
27844
27847
27853
27854
27854
27857
27867
27868
27870
27873
27878
27879
27882
27885
27887
27889
27890
27892
27897
27899
27909
27911
27914
27914
27928
27928
27929
27935
27936
27939
27939
27941
27954
27955
27956
27956
27968
27976
27980
27980
27986
27986
27986
27989
27995
28003
28008
28010
28013
28014
28028
28029
28032
28032
28037
28046
28050
28053
28056
28059
28063
28068
28069
28072
28073
28075
28083
28084
28087
28091
28101
28106
28106
28108
28109
28112
28114
28117
28118
28118
28120
28126
28128
28130
28142
28144
28150
28156
28157
28160
28162
28170
28172
28177
28180
28182
28185
28189
28194
28197
28197
28198
28199
28208
28210
28213
28213
28217
28222
28223
28228
28228
28234
28243
28244
28247
28247
28251
28262
28265
28265
28265
28267
28267
28268
28269
28276
28277
28277
28282
28288
28289
28290
28292
28293
28300
28300
28303
28305
28309
28309
28310
28311
28315
28316
28317
28331
28337
28339
28352
28356
28358
28358
28359
28360
28360
28362
28366
28368
28371
28373
28377
28385
28389
28391
28391
28393
28395
28395
28398
28400
28400
28404
28405
28406
28409
28424
28426
28433
28434
28437
28441
28442
28445
28445
28447
28447
28448
28450
28453
28457
28465
28465
28469
28472
28473
28474
28475
28478
28501
28504
28505
28520
28522
28524
28526
28533
28536
28538
28540
28548
28553
28557
28558
28561
28569
28569
28570
28571
28574
28575
28575
28578
28579
28580
28581
28585
28598
28601
28602
28606
28607
28611
28612
28613
28615
28626
28636
28636
28640
28640
28647
28653
28656
28669
28673
28679
28680
28682
28684
28687
28699
28701
28702
28704
28707
28710
28711
28718
28721
28723
28725
28725
28726
28726
28726
28735
28739
28741
28742
28751
28752
28756
28756
28757
28758
28764
28765
28768
28768
28768
28770
28772
28775
28778
28780
28782
28786
28787
28788
28794
28796
28801
28801
28806
28808
28812
28814
28817
28818
28820
28826
28834
28836
28837
28839
28842
28847
28848
28848
28850
28851
28857
28857
28863
28864
28868
28870
28872
28882
28885
28890
28892
28893
28893
28897
28898
28901
28905
28909
28910
28913
28922
28926
28927
28927
28928
28933
28940
28941
28946
28946
28951
28953
28961
28961
28971
28972
28976
28976
28983
28989
28990
28991
29002
29009
29010
29010
29016
29027
29029
29035
29035
29036
29040
29041
29043
29051
29054
29055
29060
29061
29062
29066
29066
29067
29070
29071
29076
29076
29090
29096
29098
29099
29100
29105
29106
29106
29112
29116
29120
29121
29124
29126
29126
29126
29132
29134
29136
29139
29144
29149
29151
29151
29156
29162
29165
29177
29180
29183
29188
29188
29192
29192
29195
29196
29199
29202
29203
29203
29209
29209
29212
29216
29217
29218
29234
29240
29241
29243
29243
29250
29255
29259
29262
29263
29274
29281
29285
29293
29294
29294
29298
29300
29301
29308
29310
29316
29317
29326
29329
29330
29335
29339
29339
29344
29345
29350
29352
29355
29356
29357
29363
29374
29380
29383
29387
29388
29389
29390
29395
29401
29401
29403
29403
29405
29406
29406
29407
29413
29418
29422
29430
29434
29434
29438
29439
29439
29439
29447
29448
29451
29455
29459
29462
29463
29468
29471
29472
29473
29474
29476
29479
29480
29480
29483
29484
29489
29490
29491
29494
29494
29497
29501
29508
29508
29510
29510
29511
29515
29519
29527
29537
29538
29540
29543
29543
29544
29545
29545
29549
29552
29556
29556
29559
29561
29568
29577
29579
29580
29580
29580
29586
29590
29596
29605
29607
29610
29611
29612
29613
29616
29620
29623
29628
29628
29631
29639
29644
29645
29652
29656
29656
29668
29669
29671
29672
29673
29673
29676
29677
29677
29681
29688
29690
29692
29693
29699
29702
29705
29706
29713
29713
29715
29715
29722
29722
29723
29728
29729
29731
29731
29742
29744
29746
29757
29758
29760
29761
29762
29764
29765
29771
29771
29774
29774
29775
29777
29786
29792
29793
29795
29798
29801
29808
29810
29811
29823
29823
29825
29838
29840
29840
29844
29853
29857
29858
29859
29860
29862
29866
29872
29875
29884
29885
29896
29900
29903
29906
29908
29908
29912
29912
29916
29924
29927
29928
29928
29928
29930
29936
29939
29940
29944
29951
29956
29960
29966
29969
29977
29977
29978
29987
29987
29996
30004
30008
30009
30009
30009
30010
30011
30012
30016
30022
30030
30030
30034
30036
30040
30044
30044
30052
30052
30062
30069
30070
30078
30082
30083
30088
30089
30089
30092
30094
30095
30108
30109
30115
30118
30121
30121
30123
30126
30128
30139
30143
30147
30149
30152
30153
30155
30163
30163
30173
30174
30186
30189
30190
30194
30197
30211
30212
30213
30214
30217
30224
30228
30230
30238
30240
30242
30251
30257
30259
30262
30268
30268
30270
30272
30274
30275
30278
30278
30282
30285
30287
30293
30294
30294
30299
30302
30302
30308
30315
30316
30319
30320
30323
30328
30329
30330
30332
30333
30335
30342
30348
30351
30354
30362
30362
30375
30377
30379
30388
30390
30391
30393
30395
30400
30410
30411
30421
30426
30426
30429
30430
30433
30439
30445
30445
30453
30454
30455
30455
30458
30459
30466
30466
30470
30470
30473
30476
30478
30484
30498
30503
30505
30505
30510
30511
30512
30514
30514
30515
30519
30519
30523
30526
30526
30527
30529
30537
30537
30539
30539
30542
30542
30543
30543
30545
30555
30555
30555
30555
30561
30565
30570
30574
30576
30582
30588
30589
30595
30602
30602
30604
30604
30607
30608
30610
30611
30614
30614
30615
30621
30621
30624
30624
30625
30632
30647
30649
30649
30652
30654
30654
30658
30660
30662
30664
30667
30668
30671
30677
30679
30680
30683
30683
30687
30688
30693
30698
30708
30719
30722
30723
30748
30748
30750
30753
30758
30758
30765
30767
30781
30784
30803
30804
30805
30808
30812
30815
30817
30819
30823
30829
30829
30833
30833
30835
30836
30836
30842
30843
30848
30850
30853
30857
30858
30859
30860
30865
30869
30869
30872
30875
30875
30880
30885
30889
30889
30890
30892
30901
30901
30903
30903
30905
30913
30920
30920
30920
30921
30925
30928
30930
30934
30936
30939
30940
30943
30943
30949
30949
30955
30961
30961
30963
30972
30976
30980
30991
30999
31011
31011
31017
31018
31019
31025
31026
31033
31033
31033
31036
31037
31038
31040
31047
31047
31049
31051
31056
31057
31058
31061
31064
31072
31076
31079
31080
31082
31083
31085
31091
31092
31100
31101
31105
31106
31106
31110
31113
31117
31117
31117
31117
31125
31127
31129
31133
31135
31137
31143
31144
31146
31150
31151
31153
31154
31156
31159
31169
31170
31171
31176
31176
31178
31187
31189
31193
31195
31197
31199
31213
31213
31215
31216
31216
31217
31224
31227
31229
31233
31235
31239
31240
31241
31243
31244
31247
31251
31254
31256
31257
31257
31260
31260
31261
31265
31267
31271
31271
31273
31274
31275
31281
31288
31293
31295
31296
31297
31297
31306
31309
31311
31312
31316
31316
31316
31323
31326
31330
31330
31333
31339
31339
31341
31342
31349
31352
31356
31359
31361
31365
31365
31367
31370
31375
31378
31379
31380
31382
31383
31388
31395
31395
31396
31399
31401
31403
31414
31414
31422
31426
31431
31437
31441
31451
31452
31454
31466
31467
31468
31475
31480
31483
31494
31494
31496
31498
31507
31508
31509
31511
31512
31520
31524
31524
31525
31534
31536
31539
31541
31544
31547
31556
31558
31559
31560
31562
31562
31572
31573
31579
31583
31585
31587
31588
31600
31600
31601
31604
31606
31618
31625
31629
31633
31636
31637
31641
31643
31645
31648
31656
31657
31658
31673
31675
31679
31685
31691
31694
31695
31704
31705
31706
31709
31710
31711
31720
31721
31725
31731
31739
31749
31751
31751
31757
31764
31775
31781
31782
31788
31791
31801
31801
31801
31804
31806
31813
31814
31819
31819
31828
31833
31833
31836
31837
31840
31847
31847
31847
31856
31856
31858
31861
31867
31883
31887
31894
31894
31895
31897
31908
31914
31917
31918
31925
31929
31934
31935
31936
31944
31947
31948
31952
31959
31960
31960
31962
31965
31965
31965
31968
31968
31973
31980
31983
31989
31992
31994
31996
32001
32001
32001
32002
32002
32006
32008
32010
32012
32018
32022
32025
32028
32029
32030
32034
32039
32042
32042
32044
32053
32056
32057
32057
32058
32059
32063
32072
32074
32077
32079
32086
32086
32087
32090
32095
32097
32104
32107
32110
32111
32111
32115
32126
32137
32137
32137
32140
32141
32146
32149
32152
32152
32153
32154
32163
32164
32166
32168
32168
32170
32171
32173
32175
32176
32178
32179
32186
32187
32189
32191
32196
32197
32202
32208
32208
32217
32219
32220
32232
32233
32245
32246
32248
32249
32249
32249
32251
32251
32257
32258
32270
32272
32276
32277
32280
32283
32286
32287
32288
32288
32291
32294
32294
32294
32295
32298
32299
32300
32302
32305
32307
32308
32309
32309
32310
32315
32316
32318
32319
32319
32321
32325
32328
32333
32346
32347
32351
32354
32359
32360
32365
32368
32368
32369
32371
32374
32379
32380
32386
32390
32395
32402
32404
32411
32415
32417
32426
32432
32436
32436
32438
32441
32444
32445
32450
32452
32455
32468
32469
32470
32476
32484
32491
32496
32497
32497
32497
32498
32502
32503
32503
32505
32510
32513
32516
32516
32522
32522
32522
32526
32528
32532
32532
32532
32534
32539
32540
32541
32542
32544
32552
32561
32563
32569
32570
32574
32574
32574
32580
32580
32584
32587
32587
32587
32590
32592
32593
32606
32615
32618
32619
32620
32620
32621
32626
32626
32628
32629
32630
32643
32647
32653
32655
32656
32659
32660
32666
32670
32670
32676
32677
32677
32680
32682
32684
32685
32688
32690
32692
32711
32716
32728
32741
32742
32750
32752
32755
32764
32767
