2
3
4
16
19
20
23
25
26
34
39
41
46
47
53
55
55
57
64
69
69
72
73
73
75
77
78
80
87
88
88
91
99
99
104
108
110
110
115
117
119
121
123
126
132
133
144
145
145
147
147
148
149
156
162
163
165
167
167
168
169
170
172
173
174
177
179
182
190
192
194
197
199
200
201
205
207
213
216
218
222
225
226
227
228
229
230
230
235
238
243
244
246
253
253
258
258
259
260
269
270
275
278
278
279
282
283
296
299
302
303
310
311
317
317
318
323
327
331
332
332
333
333
338
339
339
340
343
343
346
348
351
355
356
359
359
361
366
369
369
369
369
373
374
375
375
391
398
400
410
413
415
416
421
425
425
430
431
433
440
441
443
445
447
454
454
458
460
460
461
470
476
477
478
479
480
482
483
487
489
490
492
492
492
494
503
503
504
504
507
508
514
514
515
519
520
523
523
529
529
531
533
535
535
537
543
546
552
553
555
555
557
559
561
564
565
566
570
577
577
579
580
583
585
598
602
603
606
613
613
615
615
616
616
618
623
624
626
631
639
641
642
643
644
645
652
655
660
661
663
665
667
667
672
677
678
683
683
684
687
687
694
695
696
697
699
699
700
712
717
719
728
729
735
736
742
746
746
746
747
750
751
751
753
753
753
753
754
757
760
767
768
785
785
789
796
800
806
809
809
810
816
819
824
836
839
841
847
856
862
863
871
872
873
877
879
881
882
886
886
889
890
890
891
892
893
895
899
908
921
923
926
929
930
932
934
942
944
947
948
952
956
962
969
972
975
980
981
982
983
983
986
988
988
989
990
992
992
993
997
1003
1011
1019
1020
1025
1027
1027
1029
1032
1037
1038
1041
1042
1043
1043
1045
1053
1055
1058
1066
1070
1070
1071
1073
1077
1077
1079
1079
1079
1081
1089
1097
1105
1120
1120
1123
1123
1126
1127
1128
1131
1131
1132
1134
1137
1138
1139
1146
1146
1147
1148
1155
1157
1158
1159
1161
1161
1170
1173
1181
1182
1184
1186
1187
1187
1191
1205
1207
1210
1219
1221
1224
1226
1227
1228
1228
1229
1239
1250
1253
1254
1256
1262
1263
1270
1270
1286
1292
1295
1297
1305
1305
1305
1309
1312
1313
1317
1317
1318
1318
1321
1323
1344
1345
1347
1348
1353
1355
1362
1369
1376
1381
1388
1388
1388
1389
1394
1395
1395
1395
1396
1408
1420
1423
1423
1426
1429
1431
1439
1443
1448
1449
1450
1451
1453
1458
1466
1466
1469
1471
1479
1480
1480
1482
1484
1488
1488
1490
1491
1493
1498
1499
1501
1504
1506
1508
1515
1519
1525
1541
1549
1549
1551
1552
1552
1555
1556
1556
1560
1560
1565
1567
1570
1578
1578
1579
1584
1594
1597
1600
1602
1602
1607
1608
1609
1611
1615
1616
1616
1617
1620
1628
1633
1638
1639
1643
1645
1648
1649
1650
1656
1672
1673
1673
1680
1685
1687
1692
1698
1700
1702
1702
1703
1704
1706
1709
1713
1722
1724
1724
1732
1735
1741
1750
1752
1753
1756
1758
1759
1767
1770
1770
1773
1777
1778
1779
1785
1787
1788
1791
1793
1794
1794
1800
1801
1812
1814
1817
1826
1834
1835
1835
1836
1838
1841
1844
1850
1851
1855
1855
1857
1857
1861
1861
1870
1882
1882
1887
1892
1897
1903
1914
1915
1917
1918
1918
1919
1921
1924
1926
1929
1934
1942
1944
1955
1957
1958
1959
1963
1974
1974
1982
1987
1988
1993
2000
2002
2005
2006
2007
2008
2011
2015
2017
2018
2019
2019
2020
2027
2028
2029
2029
2030
2035
2036
2048
2050
2052
2054
2054
2062
2064
2065
2068
2069
2073
2074
2074
2074
2075
2080
2085
2088
2090
2091
2094
2094
2095
2098
2099
2103
2105
2115
2115
2116
2124
2127
2128
2132
2133
2146
2147
2149
2151
2152
2160
2161
2161
2162
2168
2169
2170
2173
2176
2185
2186
2187
2190
2190
2195
2200
2202
2204
2211
2212
2218
2218
2222
2226
2236
2236
2243
2245
2247
2256
2257
2258
2258
2260
2264
2267
2268
2276
2277
2279
2281
2283
2285
2287
2290
2294
2300
2303
2306
2307
2307
2320
2323
2329
2336
2337
2338
2339
2340
2342
2354
2356
2358
2368
2368
2374
2374
2374
2378
2379
2381
2381
2383
2383
2391
2391
2394
2400
2402
2403
2404
2404
2408
2410
2411
2412
2415
2417
2425
2428
2442
2443
2443
2444
2447
2450
2452
2453
2456
2471
2478
2479
2480
2482
2484
2485
2486
2494
2496
2497
2499
2503
2508
2508
2515
2519
2524
2524
2524
2525
2526
2528
2531
2538
2545
2549
2556
2560
2567
2571
2581
2588
2588
2595
2596
2599
2602
2606
2606
2610
2614
2619
2620
2620
2624
2624
2625
2630
2632
2635
2640
2641
2642
2647
2655
2659
2660
2661
2662
2668
2668
2677
2680
2680
2681
2687
2696
2706
2707
2707
2709
2712
2718
2719
2722
2723
2725
2734
2735
2739
2748
2750
2750
2752
2755
2757
2759
2760
2764
2765
2771
2780
2783
2784
2784
2787
2788
2788
2795
2796
2799
2805
2808
2809
2810
2811
2823
2826
2843
2845
2846
2859
2862
2866
2868
2872
2873
2877
2879
2880
2881
2883
2885
2894
2895
2901
2901
2902
2908
2914
2915
2915
2916
2917
2918
2920
2927
2927
2929
2930
2934
2936
2939
2941
2945
2945
2947
2947
2952
2961
2964
2965
2974
2975
2975
2982
2983
2985
2986
2988
2990
2994
2996
2996
2999
3002
3007
3012
3018
3018
3033
3037
3043
3046
3048
3051
3053
3055
3060
3068
3070
3075
3077
3083
3085
3090
3094
3094
3099
3104
3108
3110
3112
3112
3116
3121
3122
3125
3130
3133
3133
3135
3139
3141
3144
3151
3153
3154
3157
3159
3161
3165
3170
3176
3182
3187
3188
3193
3193
3195
3196
3196
3197
3200
3204
3212
3216
3229
3230
3231
3233
3233
3234
3235
3236
3249
3249
3249
3251
3257
3257
3264
3264
3270
3277
3278
3280
3281
3284
3285
3290
3292
3295
3296
3297
3298
3301
3302
3305
3306
3311
3314
3318
3320
3323
3325
3327
3330
3332
3336
3339
3342
3345
3351
3358
3358
3359
3362
3368
3369
3370
3373
3381
3382
3382
3384
3387
3390
3394
3394
3401
3403
3404
3404
3408
3411
3411
3411
3414
3423
3427
3428
3428
3431
3432
3436
3439
3442
3442
3444
3454
3461
3464
3465
3469
3470
3473
3473
3473
3482
3486
3487
3491
3492
3495
3499
3502
3505
3506
3517
3518
3518
3518
3522
3526
3526
3528
3528
3532
3535
3543
3544
3545
3549
3549
3550
3563
3564
3569
3582
3583
3585
3587
3587
3591
3593
3600
3600
3605
3609
3619
3621
3635
3635
3638
3644
3648
3649
3650
3651
3653
3656
3656
3662
3662
3663
3664
3667
3673
3679
3681
3686
3687
3690
3696
3699
3711
3714
3721
3721
3727
3731
3734
3734
3736
3737
3743
3745
3745
3753
3754
3754
3756
3759
3760
3763
3765
3765
3771
3771
3771
3774
3776
3778
3790
3794
3798
3803
3808
3812
3817
3820
3829
3834
3835
3837
3837
3841
3844
3848
3849
3852
3852
3853
3855
3867
3867
3872
3874
3875
3877
3885
3888
3892
3894
3897
3899
3899
3901
3907
3913
3918
3919
3927
3929
3935
3936
3953
3957
3957
3959
3962
3962
3966
3969
3971
3974
3981
3982
3982
3982
3984
3990
3998
4000
4002
4009
4014
4018
4020
4021
4035
4038
4038
4044
4047
4051
4052
4053
4054
4055
4058
4062
4063
4065
4069
4069
4075
4077
4080
4080
4084
4089
4089
4095
4097
4099
4101
4112
4113
4116
4124
4125
4131
4136
4136
4139
4143
4144
4145
4149
4150
4155
4156
4166
4169
4169
4174
4176
4180
4182
4183
4185
4187
4188
4188
4195
4195
4213
4222
4223
4223
4226
4227
4229
4230
4231
4232
4232
4233
4238
4242
4243
4244
4246
4248
4248
4250
4251
4259
4260
4264
4266
4266
4270
4273
4275
4277
4279
4281
4281
4282
4290
4293
4298
4300
4300
4302
4315
4323
4327
4334
4342
4343
4345
4346
4348
4351
4360
4361
4361
4364
4372
4373
4375
4380
4385
4385
4388
4395
4396
4397
4398
4399
4403
4410
4413
4414
4417
4417
4422
4424
4429
4431
4431
4434
4435
4439
4439
4441
4453
4456
4458
4466
4470
4486
4489
4490
4497
4498
4503
4505
4511
4512
4514
4514
4515
4521
4525
4528
4530
4531
4536
4536
4542
4545
4546
4547
4550
4559
4560
4562
4564
4567
4576
4577
4578
4588
4595
4606
4608
4611
4615
4623
4627
4637
4639
4645
4649
4651
4651
4651
4655
4656
4656
4657
4662
4665
4669
4672
4673
4678
4678
4682
4691
4695
4696
4698
4703
4710
4710
4712
4714
4715
4717
4718
4721
4721
4721
4722
4727
4730
4742
4742
4744
4748
4752
4762
4764
4765
4767
4769
4771
4775
4775
4776
4778
4781
4782
4786
4787
4788
4791
4797
4806
4808
4817
4821
4833
4834
4835
4838
4840
4840
4842
4842
4843
4845
4850
4851
4861
4863
4868
4868
4869
4872
4875
4875
4876
4876
4876
4878
4880
4880
4883
4891
4892
4902
4906
4907
4913
4919
4919
4935
4935
4935
4937
4948
4954
4957
4959
4968
4980
4981
4985
4987
4996
5004
5011
5011
5013
5021
5023
5025
5030
5033
5035
5037
5040
5041
5045
5051
5052
5067
5068
5068
5070
5080
5083
5085
5086
5087
5092
5093
5094
5094
5094
5106
5108
5108
5116
5130
5131
5132
5132
5136
5137
5145
5147
5151
5158
5158
5175
5177
5179
5179
5180
5180
5183
5185
5195
5196
5198
5201
5201
5205
5208
5208
5212
5216
5219
5221
5223
5224
5228
5232
5240
5243
5244
5245
5248
5259
5260
5262
5263
5263
5264
5272
5273
5278
5284
5285
5286
5293
5296
5297
5299
5305
5313
5314
5317
5321
5321
5323
5323
5324
5329
5330
5333
5333
5335
5337
5337
5339
5345
5348
5354
5356
5358
5365
5366
5367
5368
5369
5370
5373
5375
5386
5386
5389
5392
5397
5403
5411
5416
5417
5423
5426
5431
5431
5433
5433
5435
5443
5450
5453
5455
5457
5460
5464
5468
5472
5472
5477
5478
5480
5489
5490
5490
5490
5492
5493
5496
5499
5501
5502
5507
5508
5510
5520
5524
5528
5529
5537
5538
5540
5548
5548
5550
5550
5554
5554
5562
5565
5566
5567
5567
5569
5572
5580
5583
5583
5585
5585
5592
5593
5594
5595
5604
5607
5608
5608
5608
5609
5621
5622
5628
5629
5630
5630
5633
5633
5634
5634
5637
5638
5639
5641
5646
5649
5650
5653
5658
5659
5660
5660
5661
5663
5663
5664
5665
5670
5682
5684
5685
5686
5704
5707
5709
5710
5714
5715
5719
5725
5732
5743
5752
5753
5754
5755
5759
5768
5778
5781
5785
5785
5787
5795
5796
5798
5802
5806
5815
5819
5823
5827
5838
5839
5840
5844
5845
5849
5853
5854
5868
5872
5873
5874
5875
5875
5879
5882
5883
5886
5887
5888
5893
5900
5902
5911
5912
5915
5916
5918
5926
5929
5934
5934
5936
5944
5946
5954
5956
5974
5982
5984
5984
5990
5991
5992
5997
5999
5999
6000
6004
6009
6011
6015
6016
6017
6017
6019
6025
6026
6035
6037
6039
6046
6050
6054
6056
6058
6062
6063
6075
6077
6083
6085
6088
6095
6097
6098
6102
6103
6103
6104
6106
6108
6122
6124
6133
6133
6136
6139
6140
6144
6144
6146
6147
6148
6148
6151
6151
6157
6157
6159
6160
6166
6167
6168
6170
6172
6179
6180
6181
6185
6186
6188
6188
6192
6199
6201
6209
6209
6212
6213
6214
6215
6216
6216
6217
6219
6225
6240
6244
6248
6249
6250
6251
6251
6253
6254
6261
6266
6266
6277
6283
6285
6289
6291
6294
6297
6298
6302
6304
6305
6306
6309
6312
6313
6315
6317
6318
6318
6322
6329
6342
6342
6343
6343
6347
6348
6354
6358
6364
6364
6368
6372
6375
6377
6381
6388
6389
6390
6391
6395
6396
6397
6398
6402
6402
6403
6405
6407
6407
6415
6417
6420
6424
6429
6435
6437
6438
6439
6440
6441
6441
6451
6453
6453
6454
6457
6473
6475
6481
6488
6491
6495
6495
6496
6505
6507
6513
6513
6518
6519
6526
6528
6528
6529
6532
6535
6536
6540
6545
6553
6553
6555
6556
6556
6568
6569
6569
6575
6577
6584
6587
6588
6597
6598
6598
6599
6608
6613
6624
6627
6628
6628
6643
6644
6647
6650
6651
6653
6659
6659
6660
6661
6664
6665
6671
6672
6672
6672
6677
6680
6682
6687
6688
6689
6693
6694
6704
6706
6708
6708
6709
6715
6715
6717
6720
6726
6729
6731
6734
6735
6745
6749
6752
6752
6753
6759
6763
6768
6769
6774
6776
6778
6779
6779
6782
6785
6788
6789
6794
6795
6796
6802
6804
6812
6816
6824
6827
6829
6837
6843
6845
6849
6849
6862
6872
6873
6877
6881
6881
6884
6885
6886
6888
6893
6893
6895
6895
6900
6904
6908
6912
6912
6914
6914
6916
6922
6928
6933
6942
6943
6945
6950
6959
6960
6966
6978
6980
6981
6981
6985
6987
6996
6997
7003
7004
7015
7015
7020
7020
7025
7027
7029
7032
7034
7037
7037
7042
7046
7048
7058
7063
7067
7072
7075
7075
7093
7095
7100
7102
7106
7115
7118
7119
7121
7123
7123
7123
7138
7142
7148
7149
7149
7150
7153
7156
7158
7161
7162
7163
7164
7168
7171
7175
7176
7178
7181
7186
7190
7190
7193
7197
7200
7203
7208
7217
7225
7225
7227
7231
7232
7247
7249
7250
7252
7253
7257
7261
7262
7267
7274
7281
7286
7288
7288
7290
7291
7294
7303
7306
7307
7313
7329
7334
7337
7340
7344
7348
7349
7351
7360
7362
7376
7378
7380
7381
7385
7387
7388
7391
7397
7398
7399
7402
7407
7409
7409
7412
7415
7423
7425
7428
7429
7429
7430
7439
7444
7445
7450
7453
7462
7464
7468
7469
7469
7475
7475
7476
7481
7487
7488
7489
7492
7494
7498
7501
7502
7506
7508
7509
7514
7520
7520
7524
7524
7526
7526
7532
7532
7534
7536
7539
7539
7545
7549
7550
7558
7558
7561
7566
7567
7568
7568
7569
7570
7571
7581
7585
7589
7589
7597
7598
7604
7605
7606
7607
7611
7611
7612
7619
7619
7623
7624
7628
7628
7630
7633
7634
7635
7637
7639
7641
7647
7647
7649
7650
7653
7656
7657
7663
7663
7672
7679
7680
7680
7687
7690
7696
7696
7697
7701
7707
7714
7720
7733
7735
7736
7736
7739
7741
7742
7743
7744
7749
7752
7761
7768
7776
7777
7781
7787
7791
7795
7798
7799
7800
7804
7807
7808
7815
7817
7819
7819
7833
7838
7845
7849
7852
7858
7860
7862
7867
7872
7880
7884
7885
7892
7894
7899
7903
7903
7904
7905
7907
7919
7922
7923
7926
7928
7929
7932
7932
7933
7935
7939
7942
7947
7950
7951
7952
7956
7966
7976
7977
7985
7987
7989
7994
7998
8000
8002
8005
8013
8015
8019
8027
8028
8031
8031
8036
8036
8037
8037
8038
8044
8062
8062
8063
8066
8067
8074
8076
8076
8078
8081
8082
8084
8084
8084
8085
8089
8094
8097
8101
8101
8101
8103
8111
8113
8114
8118
8118
8119
8119
8120
8123
8129
8129
8134
8134
8137
8140
8140
8141
8143
8148
8152
8156
8158
8160
8161
8171
8171
8172
8174
8178
8183
8190
8191
8198
8203
8210
8212
8217
8221
8223
8234
8238
8240
8243
8243
8250
8255
8257
8259
8261
8263
8266
8266
8269
8271
8271
8271
8271
8277
8277
8279
8283
8284
8284
8292
8295
8297
8300
8301
8301
8303
8322
8323
8324
8324
8324
8325
8326
8328
8330
8331
8336
8337
8349
8349
8352
8358
8362
8364
8375
8376
8377
8378
8387
8398
8405
8408
8408
8412
8415
8420
8423
8425
8436
8436
8441
8444
8444
8447
8452
8452
8455
8457
8461
8461
8465
8474
8490
8491
8502
8503
8508
8511
8524
8526
8527
8533
8534
8536
8537
8542
8543
8547
8552
8560
8561
8563
8567
8567
8570
8573
8573
8582
8584
8586
8590
8591
8592
8593
8594
8605
8607
8610
8612
8613
8613
8625
8626
8628
8633
8636
8640
8641
8647
8648
8657
8658
8662
8673
8673
8675
8676
8681
8682
8685
8689
8690
8693
8694
8695
8695
8695
8697
8698
8698
8707
8718
8726
8727
8733
8740
8745
8748
8755
8764
8764
8765
8767
8777
8778
8780
8781
8783
8787
8789
8791
8795
8803
8817
8819
8824
8825
8825
8826
8831
8833
8835
8835
8836
8844
8853
8853
8859
8866
8866
8869
8870
8874
8882
8883
8885
8892
8894
8902
8902
8904
8906
8908
8919
8922
8924
8926
8927
8928
8938
8942
8943
8948
8955
8956
8959
8960
8962
8965
8970
8978
8979
8984
8985
8986
8993
8995
9003
9004
9008
9017
9023
9026
9027
9031
9031
9035
9041
9045
9047
9050
9050
9055
9057
9058
9058
9059
9061
9062
9065
9066
9067
9067
9067
9069
9070
9078
9087
9088
9088
9088
9090
9092
9093
9098
9099
9104
9104
9112
9119
9119
9121
9123
9129
9129
9130
9133
9133
9134
9137
9140
9143
9145
9146
9149
9152
9152
9156
9158
9160
9166
9166
9172
9177
9178
9182
9183
9183
9183
9186
9190
9193
9193
9194
9198
9201
9211
9211
9214
9216
9219
9219
9222
9236
9250
9259
9262
9266
9273
9275
9295
9298
9300
9304
9307
9312
9312
9320
9323
9324
9331
9331
9342
9343
9348
9353
9354
9356
9357
9359
9366
9368
9369
9374
9376
9378
9379
9386
9392
9400
9403
9404
9413
9417
9418
9420
9421
9427
9431
9434
9436
9447
9447
9450
9454
9454
9456
9457
9459
9462
9462
9462
9463
9463
9467
9476
9480
9481
9490
9492
9496
9497
9505
9513
9514
9538
9541
9546
9547
9547
9547
9553
9557
9558
9558
9559
9563
9566
9573
9573
9581
9582
9583
9584
9590
9603
9605
9607
9609
9615
9617
9624
9625
9633
9634
9638
9641
9644
9649
9657
9660
9661
9661
9665
9670
9672
9684
9686
9688
9689
9692
9698
9699
9709
9719
9719
9720
9727
9728
9733
9736
9739
9739
9744
9745
9746
9747
9748
9756
9758
9769
9781
9784
9786
9788
9794
9796
9807
9810
9810
9811
9814
9823
9824
9836
9841
9845
9845
9847
9856
9859
9862
9864
9865
9873
9877
9884
9886
9887
9888
9888
9890
9890
9891
9891
9891
9893
9899
9903
9909
9913
9917
9919
9919
9921
9926
9926
9929
9934
9938
9938
9943
9944
9945
9949
9950
9953
9953
9955
9956
9956
9964
9967
9967
9973
9973
9975
9976
9987
9991
9992
10002
10003
10012
10014
10016
10017
10019
10020
10028
10030
10037
10037
10041
10042
10042
10046
10046
10049
10050
10053
10054
10055
10057
10057
10059
10060
10062
10064
10068
10072
10077
10077
10082
10082
10085
10090
10090
10095
10102
10108
10118
10122
10125
10126
10126
10126
10127
10128
10138
10142
10142
10147
10148
10151
10153
10156
10156
10159
10160
10165
10170
10176
10180
10180
10180
10180
10183
10184
10188
10188
10189
10192
10194
10195
10196
10196
10197
10202
10202
10207
10208
10208
10210
10213
10216
10217
10217
10218
10221
10224
10227
10234
10235
10237
10242
10244
10245
10245
10246
10252
10258
10259
10260
10260
10261
10261
10264
10267
10268
10274
10281
10283
10283
10288
10290
10292
10292
10299
10300
10300
10301
10306
10312
10313
10313
10316
10324
10326
10327
10327
10334
10336
10339
10344
10352
10360
10360
10366
10368
10370
10373
10380
10381
10385
10393
10396
10397
10405
10407
10413
10414
10417
10421
10423
10423
10427
10427
10438
10438
10438
10442
10455
10458
10459
10469
10472
10474
10477
10481
10487
10487
10488
10488
10490
10492
10494
10495
10496
10497
10498
10499
10502
10503
10504
10507
10510
10510
10510
10520
10532
10539
10539
10540
10542
10550
10550
10552
10561
10566
10581
10582
10582
10584
10585
10587
10589
10591
10606
10609
10612
10613
10614
10614
10615
10616
10619
10620
10623
10627
10631
10632
10634
10636
10643
10643
10643
10645
10645
10646
10647
10649
10656
10659
10663
10663
10664
10664
10666
10666
10669
10679
10680
10684
10685
10688
10688
10692
10694
10706
10706
10719
10723
10724
10728
10730
10736
10742
10763
10766
10769
10779
10783
10790
10790
10797
10800
10805
10811
10820
10823
10829
10832
10832
10837
10843
10847
10848
10856
10863
10875
10879
10889
10889
10898
10900
10901
10908
10909
10911
10915
10916
10922
10924
10924
10924
10925
10930
10930
10933
10933
10937
10942
10945
10946
10949
10954
10961
10964
10965
10969
10969
10971
10972
10973
10973
10974
10978
10981
10983
10987
10989
10989
10989
10991
10992
10993
10998
11000
11003
11006
11010
11011
11012
11017
11020
11023
11027
11027
11029
11030
11035
11040
11046
11057
11057
11061
11065
11065
11068
11071
11072
11075
11077
11079
11080
11080
11083
11086
11090
11092
11095
11105
11105
11107
11108
11112
11114
11120
11123
11124
11134
11138
11140
11141
11143
11146
11155
11157
11165
11165
11166
11167
11173
11173
11175
11180
11180
11187
11187
11189
11190
11190
11191
11193
11205
11206
11207
11207
11209
11212
11217
11221
11225
11227
11228
11228
11230
11230
11233
11236
11239
11250
11252
11254
11256
11259
11261
11264
11266
11267
11271
11278
11280
11285
11285
11285
11287
11290
11294
11296
11299
11299
11300
11301
11301
11306
11307
11315
11317
11318
11325
11329
11336
11339
11341
11347
11348
11356
11360
11373
11379
11381
11383
11384
11385
11386
11389
11390
11399
11400
11403
11407
11407
11412
11415
11416
11418
11419
11421
11422
11423
11427
11430
11449
11452
11454
11457
11461
11466
11466
11469
11471
11471
11472
11473
11473
11475
11481
11482
11484
11484
11486
11487
11488
11496
11498
11502
11510
11516
11519
11522
11522
11525
11526
11536
11536
11537
11545
11546
11556
11557
11564
11566
11569
11569
11570
11583
11584
11585
11597
11601
11609
11613
11618
11620
11633
11637
11638
11640
11644
11646
11648
11649
11652
11653
11659
11660
11661
11664
11668
11669
11669
11671
11672
11672
11675
11677
11677
11686
11691
11691
11691
11700
11700
11710
11712
11715
11715
11721
11724
11729
11731
11735
11736
11738
11740
11747
11749
11749
11750
11755
11759
11764
11766
11770
11772
11773
11775
11778
11789
11789
11791
11791
11795
11795
11801
11804
11806
11806
11806
11815
11817
11824
11832
11833
11845
11847
11849
11850
11852
11863
11868
11868
11880
11881
11882
11882
11891
11892
11896
11897
11910
11919
11924
11925
11927
11932
11932
11933
11935
11935
11939
11941
11942
11947
11952
11952
11957
11960
11961
11961
11964
11965
11968
11970
11974
11980
11982
11983
11983
11987
11990
11994
11997
11997
12004
12006
12014
12016
12020
12025
12025
12033
12033
12048
12056
12058
12058
12063
12064
12065
12076
12080
12089
12090
12091
12095
12102
12102
12112
12112
12118
12119
12128
12130
12131
12136
12136
12138
12138
12144
12145
12146
12151
12152
12153
12155
12157
12163
12170
12172
12179
12184
12184
12188
12196
12196
12198
12200
12203
12212
12216
12220
12223
12233
12234
12237
12238
12243
12246
12247
12248
12250
12250
12260
12262
12264
12265
12267
12270
12272
12272
12274
12278
12288
12289
12290
12293
12295
12297
12301
12311
12313
12313
12314
12321
12330
12332
12333
12338
12339
12341
12341
12344
12352
12358
12371
12373
12374
12374
12374
12375
12389
12389
12392
12396
12398
12413
12417
12426
12429
12430
12431
12439
12453
12456
12457
12463
12479
12480
12483
12490
12495
12498
12503
12504
12506
12507
12516
12520
12524
12525
12526
12529
12537
12538
12541
12547
12549
12556
12563
12565
12569
12570
12573
12579
12580
12583
12584
12588
12590
12591
12607
12611
12630
12639
12642
12644
12650
12653
12655
12658
12659
12660
12661
12663
12664
12666
12668
12675
12677
12681
12685
12686
12688
12694
12695
12698
12699
12699
12701
12707
12709
12719
12720
12731
12731
12732
12736
12736
12737
12744
12747
12747
12748
12753
12754
12756
12756
12758
12766
12767
12774
12774
12778
12783
12788
12788
12793
12803
12807
12807
12809
12811
12811
12823
12828
12834
12836
12837
12838
12839
12842
12846
12851
12852
12853
12854
12855
12858
12863
12867
12870
12876
12878
12879
12880
12882
12892
12895
12898
12898
12900
12900
12907
12915
12921
12929
12930
12933
12934
12937
12939
12944
12951
12957
12957
12957
12958
12959
12961
12963
12963
12966
12967
12967
12968
12972
12974
12974
12977
12981
12983
12983
12989
12992
13001
13004
13005
13010
13011
13016
13018
13023
13023
13024
13025
13037
13039
13040
13041
13047
13049
13060
13060
13062
13065
13073
13074
13077
13091
13094
13096
13105
13108
13108
13110
13111
13111
13111
13116
13122
13125
13126
13128
13146
13148
13150
13153
13153
13155
13155
13155
13160
13160
13161
13165
13170
13187
13188
13192
13198
13201
13202
13208
13212
13215
13221
13222
13223
13224
13233
13234
13236
13238
13239
13240
13241
13243
13249
13249
13250
13251
13255
13276
13279
13281
13281
13281
13283
13284
13286
13287
13287
13288
13295
13300
13300
13302
13304
13307
13307
13312
13314
13315
13320
13320
13332
13336
13342
13342
13344
13351
13356
13358
13358
13360
13364
13365
13368
13369
13374
13376
13377
13382
13383
13383
13393
13397
13400
13408
13409
13413
13413
13416
13419
13421
13427
13434
13436
13437
13437
13441
13441
13442
13444
13446
13452
13455
13457
13458
13463
13467
13475
13482
13489
13490
13492
13498
13499
13500
13500
13501
13502
13509
13511
13513
13522
13524
13525
13530
13536
13538
13539
13541
13542
13544
13546
13550
13556
13558
13562
13562
13563
13567
13586
13587
13588
13588
13588
13590
13601
13607
13607
13612
13613
13614
13615
13644
13648
13654
13662
13665
13666
13666
13669
13678
13678
13679
13683
13687
13687
13689
13693
13696
13699
13700
13702
13703
13710
13713
13723
13728
13741
13743
13747
13748
13757
13763
13764
13765
13767
13774
13775
13785
13786
13786
13798
13800
13800
13805
13808
13810
13816
13817
13819
13820
13820
13823
13838
13849
13851
13852
13855
13861
13861
13869
13870
13873
13874
13879
13880
13887
13889
13902
13911
13911
13914
13917
13928
13932
13933
13936
13957
13960
13960
13961
13962
13964
13964
13965
13967
13967
13971
13971
13972
13979
13982
13985
13989
13993
13996
13999
14003
14005
14012
14012
14014
14016
14017
14017
14023
14024
14031
14031
14033
14038
14039
14048
14049
14053
14053
14053
14054
14057
14061
14063
14064
14093
14094
14096
14096
14098
14099
14100
14102
14103
14104
14106
14109
14110
14111
14112
14113
14117
14125
14129
14130
14137
14146
14152
14161
14162
14163
14163
14165
14166
14168
14171
14176
14177
14187
14190
14196
14203
14205
14207
14208
14218
14233
14234
14236
14237
14237
14238
14239
14240
14257
14257
14261
14262
14267
14269
14276
14276
14280
14281
14287
14288
14288
14293
14294
14296
14297
14298
14299
14301
14301
14308
14308
14311
14311
14312
14316
14319
14320
14324
14329
14331
14335
14337
14349
14349
14350
14355
14356
14357
14358
14360
14360
14368
14372
14376
14379
14392
14394
14396
14400
14401
14407
14407
14417
14421
14425
14432
14433
14434
14440
14440
14440
14447
14451
14458
14458
14459
14459
14461
14465
14471
14476
14480
14484
14488
14491
14496
14497
14501
14501
14502
14502
14502
14502
14504
14505
14510
14510
14515
14517
14520
14522
14536
14540
14542
14548
14550
14557
14565
14575
14579
14580
14582
14587
14590
14594
14603
14603
14604
14606
14608
14608
14617
14618
14620
14620
14623
14624
14630
14631
14639
14642
14651
14653
14654
14661
14662
14664
14668
14672
14674
14687
14691
14692
14696
14705
14709
14711
14717
14718
14725
14728
14731
14733
14733
14738
14741
14741
14742
14747
14749
14752
14752
14753
14755
14757
14758
14763
14773
14775
14781
14793
14794
14797
14797
14799
14799
14808
14815
14816
14830
14833
14845
14850
14851
14853
14854
14858
14870
14872
14874
14881
14882
14888
14889
14895
14896
14896
14898
14900
14902
14908
14911
14916
14917
14918
14926
14927
14931
14931
14935
14936
14937
14938
14940
14942
14943
14944
14946
14951
14953
14955
14955
14959
14959
14960
14962
14964
14966
14968
14968
14971
14973
14978
14988
14989
14996
14998
14998
14999
15007
15007
15014
15016
15016
15024
15025
15032
15032
15033
15034
15039
15043
15051
15056
15058
15060
15061
15066
15071
15073
15076
15079
15079
15079
15084
15089
15092
15094
15097
15097
15098
15100
15101
15102
15102
15102
15107
15114
15115
15115
15123
15124
15129
15134
15137
15138
15146
15148
15148
15149
15153
15154
15164
15168
15172
15176
15184
15186
15189
15192
15194
15195
15197
15197
15198
15201
15203
15203
15210
15213
15215
15217
15221
15224
15234
15235
15237
15238
15239
15240
15241
15243
15246
15248
15252
15263
15264
15264
15268
15271
15275
15275
15278
15283
15286
15292
15295
15302
15305
15305
15309
15311
15314
15321
15325
15332
15338
15339
15341
15349
15352
15352
15353
15354
15354
15355
15361
15361
15372
15376
15384
15385
15388
15388
15389
15397
15398
15400
15402
15404
15407
15409
15410
15413
15413
15414
15420
15420
15426
15427
15433
15435
15437
15440
15441
15443
15447
15447
15449
15449
15449
15450
15461
15465
15467
15469
15469
15470
15471
15472
15474
15474
15480
15493
15495
15495
15497
15497
15498
15498
15508
15511
15515
15515
15525
15525
15533
15537
15539
15540
15540
15543
15546
15551
15552
15556
15558
15558
15562
15564
15567
15573
15575
15576
15581
15588
15589
15595
15599
15601
15601
15602
15604
15616
15618
15622
15623
15638
15645
15646
15647
15660
15662
15669
15669
15670
15670
15671
15675
15676
15676
15683
15684
15688
15689
15700
15700
15709
15709
15713
15719
15723
15731
15734
15735
15737
15738
15738
15738
15739
15741
15742
15746
15757
15759
15763
15765
15775
15780
15784
15785
15786
15787
15787
15788
15793
15794
15802
15805
15806
15806
15808
15810
15812
15814
15818
15821
15821
15824
15826
15833
15842
15844
15844
15848
15850
15851
15851
15858
15859
15860
15862
15864
15866
15868
15868
15869
15883
15883
15887
15889
15893
15893
15895
15897
15900
15901
15903
15904
15904
15909
15922
15925
15925
15926
15926
15931
15931
15932
15935
15936
15945
15964
15967
15967
15968
15968
15973
15979
15986
15987
15990
15992
15993
15997
15997
16000
16007
16015
16017
16019
16021
16022
16022
16027
16028
16030
16033
16035
16037
16042
16057
16057
16060
16062
16063
16064
16065
16067
16068
16071
16082
16086
16087
16088
16090
16092
16092
16094
16096
16096
16097
16099
16105
16110
16111
16113
16121
16123
16126
16130
16135
16137
16138
16146
16148
16149
16150
16152
16153
16155
16161
16162
16175
16177
16179
16182
16187
16190
16191
16197
16197
16198
16199
16200
16210
16212
16212
16222
16223
16224
16230
16233
16233
16234
16238
16240
16241
16245
16248
16253
16257
16258
16260
16260
16262
16264
16268
16272
16277
16280
16282
16282
16283
16284
16299
16307
16308
16313
16316
16325
16326
16328
16333
16339
16343
16349
16350
16351
16357
16362
16366
16372
16377
16384
16386
16387
16388
16388
16389
16393
16395
16401
16403
16403
16406
16408
16410
16412
16415
16416
16419
16424
16428
16429
16432
16434
16434
16434
16435
16435
16437
16437
16437
16438
16442
16443
16443
16446
16450
16454
16454
16455
16456
16460
16464
16464
16471
16475
16476
16478
16484
16490
16491
16492
16495
16499
16501
16507
16507
16509
16518
16521
16528
16535
16537
16538
16540
16548
16552
16553
16556
16558
16562
16563
16568
16572
16576
16576
16579
16591
16593
16593
16594
16595
16599
16604
16604
16607
16608
16613
16615
16616
16617
16623
16624
16628
16628
16630
16631
16632
16642
16647
16647
16649
16655
16656
16658
16661
16661
16661
16668
16671
16674
16674
16679
16694
16697
16701
16704
16705
16706
16711
16714
16717
16718
16723
16724
16727
16729
16730
16730
16738
16740
16748
16750
16752
16762
16763
16765
16766
16768
16776
16782
16786
16789
16797
16798
16804
16808
16811
16813
16818
16822
16825
16827
16831
16831
16831
16832
16834
16834
16843
16843
16844
16844
16845
16845
16849
16851
16852
16856
16858
16860
16861
16862
16862
16865
16866
16870
16875
16876
16878
16881
16893
16896
16898
16902
16902
16912
16915
16918
16926
16928
16936
16941
16944
16947
16953
16958
16959
16960
16961
16965
16969
16970
16970
16973
16978
16981
16982
16982
16984
16986
16988
16990
16995
16998
16999
17006
17006
17006
17007
17009
17012
17014
17014
17015
17016
17017
17020
17023
17024
17036
17037
17049
17063
17067
17071
17078
17081
17087
17093
17094
17102
17106
17108
17109
17112
17112
17120
17121
17121
17121
17123
17133
17135
17139
17145
17147
17150
17169
17170
17176
17179
17180
17182
17186
17187
17193
17202
17216
17221
17231
17233
17233
17233
17234
17235
17239
17239
17240
17242
17254
17257
17258
17262
17265
17267
17278
17282
17286
17288
17297
17298
17306
17307
17312
17313
17315
17315
17317
17317
17324
17325
17326
17327
17333
17337
17345
17347
17347
17348
17348
17348
17353
17366
17370
17378
17380
17384
17390
17392
17393
17395
17396
17402
17406
17410
17412
17414
17419
17420
17428
17428
17431
17435
17438
17440
17448
17450
17462
17464
17465
17474
17475
17475
17485
17485
17488
17488
17496
17499
17504
17506
17508
17515
17516
17518
17519
17522
17527
17527
17529
17531
17532
17533
17537
17540
17540
17543
17544
17550
17551
17557
17561
17563
17567
17568
17574
17585
17588
17590
17597
17601
17601
17603
17605
17608
17608
17609
17609
17609
17613
17620
17621
17622
17622
17632
17636
17643
17644
17648
17648
17651
17654
17655
17656
17656
17658
17659
17660
17663
17669
17671
17672
17672
17677
17687
17689
17694
17695
17695
17700
17700
17702
17707
17711
17712
17717
17717
17720
17724
17727
17735
17744
17747
17752
17756
17757
17759
17760
17761
17765
17773
17786
17787
17788
17789
17791
17792
17800
17801
17803
17804
17819
17827
17827
17832
17840
17842
17847
17851
17851
17855
17857
17859
17862
17867
17869
17869
17871
17874
17874
17875
17875
17880
17882
17882
17884
17885
17891
17895
17896
17899
17901
17911
17912
17913
17917
17920
17922
17929
17930
17933
17934
17934
17945
17945
17949
17953
17954
17954
17959
17968
17971
17971
17972
17972
17973
17976
17977
17977
17983
17984
17985
17986
17987
17989
18005
18005
18006
18009
18013
18018
18020
18023
18026
18033
18035
18041
18043
18051
18051
18055
18063
18068
18068
18078
18083
18090
18092
18092
18101
18101
18104
18110
18118
18118
18122
18125
18128
18129
18129
18132
18133
18139
18151
18155
18155
18155
18156
18163
18165
18175
18177
18177
18182
18189
18195
18206
18212
18212
18216
18219
18220
18220
18221
18222
18225
18229
18231
18238
18240
18241
18243
18251
18251
18256
18264
18273
18274
18274
18278
18278
18278
18279
18279
18288
18289
18298
18302
18304
18313
18318
18321
18324
18324
18326
18335
18335
18335
18338
18343
18350
18353
18353
18357
18364
18368
18369
18371
18373
18383
18387
18388
18394
18396
18397
18400
18403
18407
18409
18418
18420
18420
18422
18423
18423
18423
18429
18430
18435
18436
18439
18448
18448
18448
18451
18452
18459
18467
18468
18473
18474
18475
18477
18481
18488
18489
18492
18493
18494
18496
18496
18499
18504
18507
18509
18515
18518
18521
18526
18532
18539
18545
18549
18551
18554
18558
18562
18563
18563
18564
18566
18576
18578
18582
18582
18583
18583
18586
18588
18594
18594
18595
18598
18599
18605
18606
18616
18617
18619
18625
18625
18626
18626
18627
18628
18631
18632
18633
18645
18648
18650
18650
18661
18676
18678
18679
18679
18682
18688
18693
18693
18698
18702
18706
18712
18716
18717
18719
18721
18723
18724
18726
18735
18741
18751
18751
18753
18753
18757
18757
18762
18762
18763
18768
18768
18769
18777
18784
18785
18788
18791
18795
18801
18803
18810
18815
18823
18824
18824
18826
18827
18832
18836
18836
18840
18841
18846
18846
18852
18854
18855
18858
18858
18859
18859
18867
18874
18886
18888
18889
18890
18892
18894
18897
18911
18913
18915
18917
18917
18922
18922
18929
18934
18936
18936
18939
18941
18941
18944
18945
18945
18945
18948
18950
18953
18962
18966
18968
18973
18979
18983
18985
18992
18993
18995
19006
19006
19011
19012
19013
19014
19015
19016
19019
19021
19022
19033
19033
19035
19037
19047
19063
19065
19066
19067
19067
19067
19070
19073
19074
19076
19077
19080
19081
19083
19085
19089
19090
19092
19099
19099
19103
19104
19104
19107
19111
19111
19114
19118
19124
19125
19130
19131
19135
19135
19138
19147
19151
19153
19154
19156
19156
19157
19170
19172
19173
19177
19182
19185
19185
19195
19196
19196
19200
19209
19211
19213
19220
19226
19228
19228
19233
19234
19234
19247
19253
19255
19255
19258
19270
19273
19276
19282
19282
19284
19291
19292
19293
19299
19306
19308
19313
19317
19317
19318
19323
19328
19332
19332
19334
19343
19344
19349
19351
19358
19358
19363
19364
19371
19372
19392
19392
19393
19404
19405
19405
19408
19409
19413
19416
19418
19420
19422
19427
19433
19434
19437
19437
19439
19441
19444
19444
19445
19447
19450
19451
19468
19470
19479
19480
19480
19483
19485
19485
19489
19495
19499
19499
19504
19504
19506
19507
19508
19510
19513
19515
19515
19515
19516
19518
19520
19521
19522
19524
19524
19528
19537
19537
19545
19546
19546
19550
19550
19550
19553
19558
19565
19572
19572
19585
19587
19596
19598
19603
19614
19617
19617
19624
19625
19625
19632
19633
19636
19643
19643
19649
19659
19661
19663
19668
19668
19673
19678
19692
19696
19697
19698
19699
19703
19711
19712
19713
19719
19723
19726
19727
19727
19731
19731
19733
19745
19747
19755
19762
19764
19765
19771
19780
19781
19790
19792
19793
19796
19797
19799
19812
19819
19822
19823
19826
19827
19829
19833
19834
19839
19840
19846
19848
19851
19852
19857
19859
19863
19863
19864
19876
19879
19881
19881
19890
19898
19901
19903
19904
19906
19906
19908
19916
19917
19920
19922
19923
19923
19928
19932
19936
19936
19938
19939
19940
19942
19944
19945
19950
19953
19953
19960
19967
19967
19975
19975
19976
19980
19984
20005
20008
20009
20013
20015
20022
20023
20025
20025
20027
20027
20029
20033
20041
20041
20042
20044
20047
20049
20050
20052
20057
20062
20063
20065
20069
20078
20078
20081
20085
20090
20101
20103
20108
20120
20122
20125
20127
20127
20131
20135
20135
20142
20146
20149
20152
20155
20156
20158
20159
20162
20168
20171
20172
20174
20174
20178
20179
20181
20184
20185
20190
20193
20193
20196
20197
20200
20202
20206
20206
20206
20207
20207
20208
20216
20226
20227
20231
20231
20232
20249
20264
20266
20268
20268
20274
20280
20281
20284
20285
20287
20291
20294
20295
20300
20304
20305
20313
20325
20328
20337
20340
20345
20347
20351
20354
20355
20360
20361
20366
20367
20373
20375
20376
20377
20380
20382
20391
20399
20402
20404
20405
20407
20410
20413
20415
20415
20417
20421
20422
20423
20434
20437
20438
20438
20438
20443
20445
20447
20448
20449
20451
20455
20460
20466
20466
20466
20468
20472
20473
20473
20477
20478
20479
20482
20484
20486
20492
20497
20501
20507
20507
20507
20513
20514
20516
20517
20520
20523
20524
20525
20531
20532
20533
20533
20542
20542
20543
20545
20546
20550
20551
20555
20558
20564
20567
20575
20576
20577
20578
20584
20585
20587
20587
20588
20588
20589
20594
20596
20597
20599
20601
20602
20602
20605
20607
20611
20615
20621
20623
20624
20625
20625
20643
20644
20662
20671
20677
20687
20689
20697
20706
20706
20720
20729
20731
20732
20733
20737
20737
20738
20739
20741
20748
20750
20751
20759
20762
20764
20767
20769
20772
20774
20775
20781
20781
20782
20783
20783
20785
20786
20788
20790
20793
20794
20795
20801
20801
20807
20809
20810
20811
20816
20818
20819
20821
20822
20824
20832
20835
20844
20858
20868
20872
20885
20889
20890
20893
20894
20898
20900
20904
20906
20908
20908
20916
20918
20918
20920
20923
20924
20926
20931
20933
20939
20941
20944
20955
20961
20963
20964
20965
20968
20972
20972
20972
20977
20979
20983
20985
20986
20986
20989
20993
20993
20996
20997
20997
21001
21003
21008
21011
21020
21027
21031
21031
21038
21039
21049
21053
21054
21056
21057
21057
21060
21061
21062
21068
21073
21074
21075
21077
21080
21081
21089
21090
21099
21099
21101
21102
21110
21111
21116
21119
21121
21126
21128
21132
21136
21137
21140
21149
21153
21155
21161
21161
21163
21173
21177
21179
21181
21186
21188
21189
21189
21190
21192
21198
21200
21202
21204
21204
21210
21210
21214
21218
21220
21220
21221
21225
21240
21242
21246
21250
21251
21255
21256
21268
21277
21278
21280
21283
21285
21290
21291
21291
21292
21294
21302
21304
21304
21304
21304
21308
21310
21314
21315
21317
21323
21327
21335
21336
21337
21345
21347
21351
21359
21373
21376
21376
21377
21378
21378
21378
21380
21382
21383
21384
21387
21388
21388
21390
21397
21398
21406
21413
21416
21418
21422
21423
21428
21433
21434
21439
21446
21450
21455
21459
21464
21466
21470
21470
21471
21471
21472
21476
21477
21479
21483
21489
21491
21497
21505
21507
21512
21513
21513
21514
21519
21524
21527
21537
21541
21541
21545
21555
21555
21557
21557
21562
21569
21571
21571
21573
21576
21577
21581
21582
21583
21591
21597
21613
21613
21619
21619
21640
21641
21641
21641
21642
21642
21644
21644
21645
21648
21650
21651
21653
21654
21655
21664
21666
21675
21676
21682
21683
21685
21696
21700
21701
21703
21710
21711
21715
21717
21727
21733
21734
21734
21735
21740
21741
21744
21745
21754
21764
21771
21780
21781
21789
21794
21796
21799
21803
21803
21804
21806
21812
21812
21821
21833
21833
21834
21834
21835
21837
21838
21845
21852
21859
21860
21863
21865
21870
21872
21875
21883
21883
21885
21891
21900
21900
21902
21906
21911
21912
21925
21926
21928
21929
21929
21931
21933
21938
21939
21951
21959
21959
21960
21968
21970
21970
21975
21978
21979
21980
21983
21987
22004
22007
22007
22010
22015
22017
22017
22018
22020
22023
22024
22025
22038
22038
22042
22049
22055
22057
22059
22060
22067
22070
22070
22083
22087
22088
22093
22093
22100
22110
22113
22113
22116
22117
22118
22119
22119
22130
22131
22137
22139
22140
22145
22147
22149
22153
22155
22161
22163
22163
22165
22167
22171
22174
22176
22176
22178
22180
22182
22184
22185
22186
22188
22192
22194
22198
22198
22201
22203
22217
22222
22227
22228
22229
22232
22233
22239
22240
22241
22245
22251
22252
22256
22270
22272
22274
22274
22274
22274
22277
22277
22282
22283
22294
22298
22302
22305
22306
22306
22307
22311
22312
22313
22314
22314
22315
22324
22326
22328
22334
22339
22342
22348
22348
22348
22360
22364
22366
22367
22373
22374
22379
22384
22385
22385
22386
22389
22391
22395
22398
22400
22404
22405
22407
22407
22408
22410
22411
22412
22412
22416
22416
22417
22418
22419
22421
22422
22428
22430
22431
22439
22445
22447
22452
22456
22456
22464
22467
22469
22473
22475
22475
22480
22487
22496
22501
22501
22510
22518
22518
22529
22531
22539
22545
22546
22547
22548
22554
22561
22570
22571
22572
22574
22574
22583
22589
22590
22593
22600
22600
22601
22603
22605
22610
22611
22612
22616
22620
22621
22627
22630
22634
22634
22634
22635
22641
22647
22648
22648
22651
22654
22656
22662
22664
22667
22667
22669
22672
22673
22678
22681
22688
22691
22697
22698
22701
22702
22704
22710
22713
22714
22726
22732
22749
22752
22752
22758
22765
22772
22774
22776
22780
22781
22782
22782
22783
22790
22791
22796
22803
22805
22809
22810
22813
22816
22836
22836
22841
22847
22851
22852
22853
22854
22860
22860
22860
22861
22874
22883
22886
22889
22892
22892
22901
22904
22910
22913
22914
22918
22918
22922
22926
22930
22932
22936
22936
22945
22946
22949
22956
22956
22961
22964
22969
22969
22970
22973
22978
22983
22984
22985
22991
22994
22995
22998
23004
23008
23010
23016
23017
23017
23022
23023
23027
23033
23035
23036
23036
23048
23054
23068
23073
23080
23081
23082
23085
23090
23094
23098
23098
23102
23103
23108
23109
23112
23112
23116
23118
23119
23123
23125
23128
23132
23135
23136
23137
23137
23142
23146
23148
23149
23151
23152
23153
23159
23166
23169
23172
23172
23178
23180
23183
23184
23184
23190
23194
23197
23203
23204
23205
23208
23215
23216
23216
23217
23218
23222
23224
23226
23227
23229
23232
23233
23243
23248
23249
23249
23255
23258
23261
23263
23267
23267
23269
23270
23273
23280
23290
23291
23292
23297
23297
23298
23299
23300
23302
23304
23314
23319
23326
23328
23331
23334
23336
23336
23338
23343
23347
23351
23351
23351
23354
23354
23357
23359
23360
23368
23369
23376
23379
23380
23387
23389
23390
23391
23392
23400
23402
23402
23408
23409
23416
23423
23423
23429
23430
23433
23434
23435
23436
23437
23442
23442
23443
23446
23450
23453
23453
23460
23465
23471
23472
23474
23474
23475
23485
23491
23493
23494
23494
23498
23498
23506
23507
23509
23514
23520
23523
23526
23531
23533
23537
23538
23538
23542
23543
23550
23553
23554
23554
23555
23559
23563
23564
23565
23570
23573
23576
23585
23586
23587
23587
23590
23591
23595
23604
23612
23614
23614
23615
23615
23615
23624
23626
23627
23636
23640
23648
23651
23659
23661
23669
23671
23673
23673
23683
23685
23687
23689
23697
23700
23712
23714
23719
23723
23726
23730
23733
23733
23740
23740
23741
23750
23751
23759
23765
23766
23768
23768
23771
23774
23778
23782
23783
23783
23802
23805
23811
23811
23812
23816
23819
23827
23827
23828
23834
23835
23835
23842
23852
23854
23863
23869
23874
23876
23881
23886
23888
23891
23892
23894
23895
23909
23910
23915
23930
23932
23934
23934
23935
23936
23938
23939
23941
23942
23946
23950
23951
23951
23953
23954
23955
23955
23963
23966
23967
23967
23971
23975
23979
23985
23987
23995
23996
24001
24004
24007
24010
24011
24013
24016
24019
24025
24026
24028
24028
24030
24033
24034
24042
24042
24047
24047
24058
24066
24067
24069
24069
24076
24076
24076
24080
24083
24086
24098
24100
24103
24107
24111
24116
24116
24118
24122
24123
24124
24135
24139
24141
24143
24150
24152
24152
24153
24156
24169
24170
24171
24177
24178
24178
24182
24184
24185
24205
24211
24215
24217
24219
24228
24228
24231
24234
24235
24244
24246
24246
24248
24252
24254
24255
24260
24268
24270
24270
24275
24283
24286
24287
24288
24290
24290
24290
24294
24295
24297
24298
24299
24302
24312
24313
24318
24324
24324
24324
24326
24331
24332
24337
24342
24345
24345
24346
24349
24364
24367
24370
24374
24380
24385
24386
24387
24387
24389
24394
24397
24406
24408
24410
24412
24419
24424
24435
24439
24440
24441
24449
24450
24455
24463
24484
24486
24487
24489
24490
24491
24492
24494
24497
24498
24501
24504
24508
24509
24510
24512
24513
24517
24519
24520
24526
24539
24540
24540
24540
24542
24542
24544
24552
24553
24555
24557
24558
24559
24560
24564
24565
24566
24567
24567
24576
24578
24580
24582
24595
24596
24602
24608
24610
24611
24626
24632
24633
24636
24646
24654
24659
24666
24670
24670
24675
24676
24680
24682
24684
24687
24688
24698
24702
24702
24710
24710
24712
24713
24719
24719
24720
24723
24723
24727
24727
24728
24730
24732
24738
24744
24759
24762
24764
24768
24770
24772
24774
24788
24790
24798
24803
24809
24816
24816
24820
24821
24823
24825
24825
24831
24835
24839
24854
24854
24860
24870
24871
24879
24879
24883
24884
24885
24885
24887
24892
24896
24899
24900
24901
24903
24905
24913
24920
24921
24927
24927
24927
24933
24936
24939
24947
24948
24952
24956
24957
24963
24968
24976
24978
24997
25000
25001
25008
25014
25016
25018
25035
25035
25035
25044
25048
25055
25062
25066
25074
25075
25075
25078
25083
25086
25093
25094
25095
25102
25103
25106
25106
25115
25130
25137
25138
25140
25142
25156
25160
25166
25170
25176
25177
25181
25182
25189
25192
25204
25206
25207
25208
25209
25215
25215
25217
25219
25224
25224
25226
25227
25233
25233
25234
25238
25239
25240
25253
25254
25255
25256
25257
25259
25260
25261
25261
25274
25274
25280
25280
25290
25290
25291
25292
25296
25301
25301
25303
25304
25306
25311
25314
25315
25328
25330
25336
25339
25339
25340
25344
25346
25347
25349
25352
25352
25353
25357
25358
25362
25362
25365
25367
25376
25385
25385
25385
25392
25393
25411
25421
25429
25434
25439
25443
25444
25459
25464
25466
25476
25480
25480
25489
25490
25491
25493
25494
25503
25503
25508
25509
25513
25516
25523
25523
25531
25538
25541
25547
25553
25560
25563
25563
25569
25578
25579
25583
25586
25589
25590
25592
25597
25598
25603
25603
25606
25607
25609
25610
25616
25622
25622
25631
25632
25633
25635
25638
25643
25643
25644
25644
25653
25656
25657
25659
25661
25661
25661
25663
25663
25667
25669
25672
25676
25678
25681
25682
25683
25684
25687
25688
25708
25711
25712
25713
25715
25720
25720
25720
25721
25727
25730
25746
25749
25749
25750
25752
25752
25756
25758
25764
25767
25769
25772
25775
25777
25780
25782
25783
25786
25788
25788
25798
25799
25808
25808
25818
25820
25823
25828
25829
25829
25829
25832
25837
25852
25853
25857
25863
25881
25882
25883
25885
25885
25887
25887
25895
25906
25910
25912
25912
25914
25917
25930
25943
25945
25947
25948
25958
25959
25963
25964
25967
25971
25975
25975
25977
25978
25981
25984
25986
25987
25990
25991
25997
26000
26001
26004
26006
26006
26006
26013
26015
26016
26025
26027
26028
26034
26036
26038
26040
26040
26045
26047
26048
26049
26049
26053
26056
26057
26058
26059
26061
26062
26063
26064
26065
26066
26072
26075
26075
26078
26082
26089
26092
26092
26093
26095
26100
26101
26104
26114
26121
26126
26128
26129
26134
26137
26137
26140
26153
26159
26161
26164
26166
26167
26169
26171
26174
26175
26176
26188
26188
26191
26192
26197
26199
26207
26211
26212
26213
26213
26215
26218
26221
26227
26228
26231
26234
26235
26237
26241
26242
26246
26248
26251
26252
26252
26254
26256
26258
26260
26261
26267
26268
26271
26274
26274
26285
26285
26288
26290
26293
26294
26307
26308
26310
26313
26318
26318
26319
26319
26320
26322
26325
26325
26331
26335
26336
26337
26342
26345
26346
26350
26353
26353
26357
26360
26362
26363
26372
26375
26376
26379
26388
26391
26391
26399
26399
26399
26402
26406
26411
26413
26413
26414
26418
26419
26420
26434
26440
26452
26453
26454
26456
26470
26472
26472
26473
26476
26477
26482
26485
26486
26486
26487
26489
26490
26494
26495
26500
26501
26511
26511
26513
26514
26518
26518
26520
26527
26534
26538
26543
26545
26546
26547
26550
26550
26551
26551
26552
26554
26569
26570
26572
26574
26575
26577
26577
26581
26585
26588
26589
26589
26590
26591
26593
26597
26603
26608
26611
26616
26617
26620
26623
26623
26624
26625
26626
26626
26628
26631
26631
26632
26639
26640
26642
26644
26648
26648
26655
26656
26674
26675
26684
26690
26690
26693
26694
26694
26697
26704
26706
26715
26717
26722
26724
26730
26732
26738
26739
26750
26750
26752
26753
26753
26754
26758
26763
26764
26770
26771
26771
26776
26779
26783
26785
26785
26790
26795
26800
26804
26808
26814
26819
26821
26829
26835
26836
26838
26841
26853
26858
26859
26860
26861
26870
26871
26872
26873
26878
26882
26886
26888
26893
26899
26900
26901
26908
26909
26909
26910
26923
26923
26925
26926
26928
26929
26938
26939
26946
26949
26949
26952
26955
26958
26958
26961
26963
26963
26963
26967
26976
26976
26990
26993
26995
26999
26999
27003
27004
27008
27010
27016
27016
27017
27021
27024
27034
27037
27038
27041
27041
27043
27046
27051
27054
27055
27057
27058
27058
27060
27062
27064
27064
27071
27072
27074
27078
27082
27088
27089
27089
27092
27095
27106
27117
27119
27123
27132
27138
27142
27148
27153
27154
27155
27155
27162
27163
27171
27171
27172
27173
27176
27177
27178
27179
27180
27181
27184
27190
27194
27195
27200
27202
27202
27202
27203
27208
27215
27221
27223
27223
27226
27236
27242
27247
27255
27263
27268
27279
27285
27285
27293
27305
27305
27313
27314
27316
27324
27328
27333
27334
27335
27337
27337
27338
27342
27361
27361
27365
27367
27367
27376
27382
27382
27387
27399
27400
27405
27407
27413
27413
27414
27418
27419
27423
27424
27428
27428
27430
27431
27446
27452
27452
27462
27464
27465
27468
27468
27471
27476
27477
27484
27486
27489
27490
27494
27497
27504
27508
27513
27518
27525
27533
27538
27539
27554
27558
27563
27564
27564
27567
27573
27577
27579
27580
27580
27588
27593
27594
27600
27600
27603
27603
27607
27607
27609
27610
27610
27611
27611
27613
27616
27618
27619
27623
27624
27624
27627
27629
27631
27633
27633
27634
27635
27637
27641
27642
27642
27644
27646
27648
27662
27663
27666
27676
27676
27681
27683
27685
27690
27693
27700
27707
27712
27717
27717
27721
27722
27722
27724
27725
27726
27728
27729
27735
27741
27743
27743
27746
27750
27753
27755
27757
27760
27761
27762
27768
27771
27771
27771
27774
27774
27775
27776
27777
27778
27778
27778
27781
27782
27782
27783
27786
27790
27792
27793
27799
27800
27801
27801
27806
27813
27820
27820
27823
27825
27832
27836
27840
27844
27849
27850
27852
27855
27862
27862
27870
27872
27875
27876
27876
27881
27893
27900
27905
27907
27910
27911
27912
27913
27914
27928
27929
27929
27931
27932
27936
27939
27942
27947
27949
27949
27955
27955
27964
27981
27982
27986
27991
27994
27998
28003
28005
28007
28009
28013
28015
28015
28021
28021
28027
28027
28028
28032
28035
28039
28043
28045
28051
28052
28054
28056
28059
28061
28062
28065
28070
28071
28071
28080
28093
28094
28095
28096
28098
28099
28108
28112
28118
28120
28121
28123
28125
28126
28129
28129
28130
28138
28139
28142
28146
28148
28149
28149
28153
28154
28155
28156
28164
28170
28173
28174
28176
28177
28177
28178
28180
28181
28185
28189
28189
28190
28191
28193
28194
28212
28213
28217
28221
28227
28229
28230
28231
28231
28234
28234
28236
28242
28242
28242
28253
28256
28258
28262
28269
28272
28274
28275
28276
28283
28292
28298
28298
28304
28309
28309
28313
28316
28320
28322
28325
28330
28330
28331
28336
28337
28340
28344
28348
28350
28351
28353
28356
28357
28360
28361
28362
28363
28365
28367
28378
28379
28380
28391
28391
28393
28400
28404
28404
28411
28415
28417
28418
28423
28425
28428
28437
28439
28440
28441
28445
28445
28447
28448
28451
28452
28454
28458
28459
28460
28461
28465
28469
28476
28479
28480
28485
28487
28496
28501
28502
28505
28507
28512
28516
28524
28528
28528
28530
28530
28535
28542
28547
28547
28551
28552
28552
28552
28557
28558
28560
28564
28565
28576
28577
28579
28580
28586
28586
28593
28597
28601
28601
28605
28605
28609
28613
28615
28626
28626
28626
28636
28655
28660
28660
28667
28671
28674
28678
28681
28682
28686
28690
28691
28694
28697
28700
28702
28705
28706
28710
28718
28718
28723
28731
28733
28734
28738
28740
28744
28749
28749
28749
28753
28753
28755
28755
28756
28757
28760
28762
28767
28778
28781
28790
28794
28800
28804
28804
28806
28807
28813
28823
28825
28827
28830
28830
28849
28855
28857
28858
28859
28862
28862
28871
28872
28873
28875
28877
28883
28886
28886
28888
28892
28894
28898
28898
28904
28913
28913
28914
28915
28918
28937
28939
28945
28947
28951
28952
28963
28970
28973
28974
28977
28980
28980
28984
28991
28993
28994
29001
29002
29002
29004
29005
29010
29016
29026
29028
29028
29029
29029
29030
29041
29041
29042
29047
29051
29054
29055
29056
29059
29067
29067
29069
29073
29075
29079
29079
29081
29084
29091
29091
29092
29099
29106
29108
29112
29115
29116
29123
29127
29139
29147
29148
29153
29155
29156
29159
29161
29163
29176
29183
29186
29193
29193
29197
29207
29208
29208
29212
29214
29219
29219
29220
29221
29221
29222
29222
29228
29242
29243
29244
29245
29248
29251
29255
29259
29259
29263
29265
29267
29269
29271
29272
29273
29274
29279
29279
29280
29282
29284
29284
29285
29286
29291
29292
29293
29295
29307
29309
29312
29316
29316
29317
29337
29337
29347
29348
29350
29354
29357
29359
29359
29360
29367
29375
29378
29387
29389
29392
29393
29401
29404
29407
29408
29414
29416
29421
29422
29423
29426
29429
29430
29442
29443
29445
29447
29448
29449
29449
29452
29457
29461
29469
29473
29475
29475
29478
29480
29480
29482
29484
29485
29495
29497
29498
29499
29504
29507
29513
29514
29524
29524
29529
29529
29537
29537
29541
29550
29564
29566
29578
29579
29581
29586
29589
29590
29590
29591
29593
29597
29597
29600
29601
29602
29606
29614
29619
29628
29632
29635
29640
29646
29649
29650
29660
29663
29665
29667
29667
29668
29668
29668
29669
29682
29685
29693
29696
29696
29698
29699
29703
29704
29707
29708
29712
29713
29714
29719
29721
29725
29728
29730
29732
29735
29739
29744
29750
29755
29755
29757
29761
29766
29767
29775
29776
29777
29777
29780
29781
29783
29784
29788
29789
29799
29799
29807
29810
29811
29813
29815
29818
29819
29820
29822
29832
29836
29837
29841
29842
29843
29849
29852
29853
29861
29862
29863
29867
29868
29869
29870
29872
29873
29881
29887
29892
29897
29910
29911
29914
29915
29916
29916
29925
29925
29928
29929
29929
29933
29939
29942
29943
29946
29947
29950
29951
29971
29980
29981
29981
29983
29985
29986
29989
29991
29997
29997
30007
30012
30015
30022
30032
30033
30036
30041
30041
30043
30044
30045
30046
30047
30050
30054
30055
30055
30055
30060
30067
30100
30103
30104
30107
30107
30109
30110
30111
30112
30118
30121
30127
30131
30131
30137
30138
30148
30150
30154
30157
30158
30162
30164
30170
30171
30173
30185
30186
30189
30189
30201
30201
30202
30205
30211
30215
30215
30222
30224
30232
30233
30239
30241
30243
30246
30248
30248
30254
30259
30264
30269
30271
30275
30278
30279
30287
30293
30296
30297
30301
30306
30307
30311
30311
30319
30323
30327
30340
30342
30344
30349
30368
30370
30376
30376
30380
30386
30394
30398
30399
30403
30417
30418
30424
30425
30425
30427
30432
30432
30434
30435
30435
30436
30437
30446
30448
30448
30455
30455
30459
30467
30473
30473
30473
30481
30481
30482
30482
30487
30487
30489
30489
30497
30497
30500
30502
30502
30510
30515
30520
30520
30523
30527
30528
30530
30537
30537
30539
30540
30547
30551
30561
30565
30567
30570
30572
30585
30587
30598
30599
30600
30601
30604
30609
30611
30614
30620
30621
30622
30635
30636
30638
30641
30646
30647
30648
30649
30650
30651
30651
30651
30653
30658
30659
30661
30665
30667
30669
30669
30681
30683
30688
30690
30693
30695
30702
30704
30704
30706
30710
30712
30714
30716
30722
30724
30726
30728
30734
30738
30740
30746
30768
30775
30775
30777
30784
30786
30787
30788
30794
30796
30804
30807
30807
30811
30812
30813
30818
30820
30823
30823
30832
30836
30838
30843
30843
30847
30848
30854
30855
30855
30856
30862
30871
30875
30884
30885
30893
30893
30898
30910
30919
30919
30922
30923
30930
30932
30933
30937
30939
30940
30960
30966
30966
30971
30972
30974
30974
30977
30978
30980
30987
30989
30990
30991
30993
30994
30995
30999
31000
31002
31006
31007
31008
31008
31010
31012
31014
31015
31016
31017
31017
31018
31019
31022
31024
31026
31027
31028
31031
31037
31039
31041
31042
31042
31047
31049
31050
31054
31056
31057
31068
31068
31069
31071
31073
31074
31130
31145
31148
31150
31155
31158
31163
31164
31168
31175
31178
31179
31188
31190
31192
31202
31202
31203
31203
31203
31211
31211
31213
31214
31217
31218
31221
31230
31230
31240
31240
31242
31244
31255
31258
31258
31265
31268
31273
31276
31281
31287
31290
31299
31303
31304
31305
31306
31306
31309
31312
31314
31317
31317
31317
31318
31323
31323
31332
31332
31332
31337
31340
31340
31340
31342
31346
31346
31356
31356
31358
31361
31362
31363
31367
31372
31376
31376
31380
31380
31382
31383
31385
31387
31389
31392
31397
31398
31398
31399
31401
31403
31411
31412
31422
31425
31432
31435
31442
31442
31444
31450
31456
31464
31466
31469
31470
31480
31481
31481
31492
31492
31501
31502
31502
31505
31508
31513
31519
31519
31522
31526
31551
31553
31558
31560
31561
31564
31569
31571
31574
31574
31576
31580
31589
31592
31593
31595
31601
31602
31608
31609
31611
31612
31617
31619
31623
31624
31625
31639
31644
31655
31662
31665
31666
31666
31667
31668
31668
31670
31671
31672
31675
31678
31679
31681
31682
31690
31694
31695
31698
31702
31703
31703
31704
31704
31705
31706
31710
31719
31722
31723
31727
31733
31733
31735
31737
31738
31738
31743
31743
31755
31756
31762
31764
31768
31769
31772
31772
31775
31779
31780
31784
31786
31790
31791
31797
31799
31808
31810
31815
31815
31828
31831
31831
31838
31838
31839
31840
31847
31859
31860
31862
31874
31874
31874
31878
31879
31882
31890
31890
31891
31891
31892
31896
31898
31899
31902
31906
31907
31908
31911
31916
31919
31926
31928
31929
31931
31939
31940
31945
31950
31962
31970
31974
31975
31977
31986
31987
31989
31990
31995
31995
31997
31999
31999
32005
32008
32011
32014
32014
32017
32024
32030
32032
32035
32037
32057
32061
32061
32066
32067
32070
32070
32073
32076
32086
32094
32095
32096
32099
32101
32103
32105
32115
32134
32134
32141
32147
32151
32155
32164
32167
32169
32169
32170
32175
32177
32182
32185
32186
32189
32190
32192
32193
32193
32194
32199
32212
32213
32219
32219
32222
32240
32244
32246
32249
32254
32266
32267
32273
32275
32277
32281
32284
32286
32287
32295
32299
32314
32320
32320
32321
32322
32322
32323
32328
32329
32329
32335
32336
32337
32340
32342
32343
32344
32344
32350
32351
32357
32360
32363
32370
32371
32382
32389
32397
32399
32401
32409
32410
32412
32416
32417
32419
32422
32422
32427
32431
32431
32432
32438
32446
32446
32454
32457
32458
32461
32462
32466
32468
32469
32471
32480
32489
32495
32496
32501
32512
32514
32514
32517
32519
32520
32523
32526
32533
32535
32542
32543
32550
32560
32564
32565
32568
32573
32573
32574
32582
32583
32585
32592
32593
32597
32602
32611
32619
32624
32625
32626
32626
32632
32635
32639
32645
32648
32649
32659
32661
32662
32666
32670
32671
32681
32684
32684
32692
32695
32697
32700
32703
32711
32712
32713
32714
32715
32716
32717
32726
32730
32734
32750
32755
32761
32765
32767
