3
6
7
8
11
12
14
14
18
18
21
24
27
28
29
29
30
31
37
38
45
51
53
54
60
66
67
67
68
76
80
82
85
87
89
89
93
100
100
102
102
102
103
103
116
122
138
139
143
143
144
149
149
150
155
160
161
161
164
167
168
169
172
178
181
184
187
189
191
196
198
203
209
214
217
220
220
221
224
227
233
236
238
238
240
245
250
255
260
261
262
268
271
274
276
285
292
294
295
295
297
299
300
301
303
303
303
303
304
310
312
313
313
316
316
322
323
324
324
332
337
347
353
361
375
378
379
381
383
383
385
394
403
403
408
411
413
417
418
420
423
430
435
444
445
450
450
455
459
466
468
470
471
478
482
482
486
490
490
491
493
497
499
500
501
515
519
521
522
523
527
528
529
531
533
533
536
537
539
540
542
545
554
558
558
560
562
563
565
565
569
573
576
586
587
588
589
595
596
603
603
604
604
608
610
612
615
618
620
621
632
641
643
643
644
646
648
649
655
656
659
660
660
664
666
672
676
682
686
690
699
700
704
705
713
715
720
724
727
728
729
729
730
732
733
734
735
741
742
743
746
751
752
754
759
760
762
762
764
765
766
767
767
772
775
776
777
781
794
795
798
798
801
803
805
808
808
809
815
818
819
822
823
829
829
833
838
843
843
851
856
858
858
859
862
865
866
867
875
881
884
884
888
889
892
896
896
913
920
924
926
927
932
934
934
942
946
949
949
951
956
959
960
960
961
962
964
966
977
981
983
983
988
989
992
1002
1005
1009
1011
1015
1015
1019
1019
1021
1025
1035
1038
1041
1048
1050
1051
1058
1061
1061
1063
1070
1071
1072
1073
1074
1081
1082
1086
1089
1111
1119
1119
1122
1126
1136
1136
1148
1154
1157
1157
1165
1167
1172
1172
1184
1198
1200
1202
1205
1212
1215
1218
1219
1220
1228
1229
1234
1235
1236
1241
1246
1248
1250
1250
1260
1260
1262
1265
1266
1271
1278
1280
1282
1288
1292
1293
1298
1299
1300
1308
1311
1313
1314
1317
1322
1334
1346
1348
1349
1349
1351
1355
1356
1365
1367
1367
1369
1369
1373
1375
1380
1383
1390
1394
1396
1398
1400
1408
1414
1419
1419
1423
1423
1425
1426
1431
1432
1434
1445
1446
1449
1455
1458
1461
1463
1472
1472
1480
1482
1484
1485
1486
1488
1488
1488
1492
1495
1497
1497
1504
1504
1506
1506
1507
1513
1515
1515
1520
1520
1521
1523
1525
1525
1527
1529
1533
1541
1543
1549
1549
1550
1552
1554
1557
1560
1561
1564
1564
1566
1570
1573
1580
1580
1583
1583
1586
1587
1587
1588
1591
1600
1614
1616
1624
1624
1624
1625
1633
1639
1644
1644
1648
1649
1649
1655
1658
1658
1659
1663
1666
1668
1669
1670
1671
1676
1680
1684
1693
1694
1697
1704
1709
1725
1725
1726
1730
1733
1746
1746
1762
1764
1766
1771
1771
1773
1775
1778
1779
1781
1786
1791
1792
1792
1794
1796
1797
1802
1804
1806
1806
1806
1816
1817
1823
1826
1826
1827
1835
1835
1837
1837
1838
1838
1842
1842
1848
1849
1850
1853
1853
1862
1868
1869
1873
1874
1881
1883
1883
1890
1893
1895
1899
1899
1904
1904
1908
1910
1913
1915
1919
1919
1920
1922
1923
1926
1928
1935
1936
1938
1940
1945
1945
1945
1948
1950
1951
1951
1968
1969
1971
1971
1973
1974
1974
1980
1980
1986
1988
1988
1992
2001
2001
2008
2009
2009
2016
2020
2025
2027
2029
2029
2030
2030
2035
2040
2044
2049
2051
2057
2060
2068
2069
2072
2074
2077
2078
2081
2082
2094
2101
2106
2111
2114
2118
2119
2120
2121
2123
2125
2127
2137
2140
2143
2143
2143
2150
2154
2155
2159
2161
2162
2165
2169
2169
2179
2179
2182
2189
2189
2199
2200
2203
2206
2206
2207
2215
2225
2227
2236
2241
2243
2243
2244
2247
2249
2253
2257
2259
2261
2263
2264
2273
2273
2278
2281
2281
2284
2284
2286
2288
2294
2298
2298
2300
2301
2302
2303
2305
2306
2318
2319
2320
2327
2332
2336
2338
2339
2346
2348
2368
2376
2379
2384
2390
2394
2400
2407
2412
2422
2423
2424
2431
2437
2439
2439
2450
2453
2453
2454
2456
2459
2462
2464
2464
2465
2469
2472
2473
2475
2475
2483
2487
2493
2499
2500
2505
2508
2511
2512
2513
2514
2521
2521
2521
2522
2522
2528
2530
2541
2542
2545
2550
2552
2560
2562
2565
2566
2567
2575
2590
2594
2596
2596
2598
2607
2608
2608
2610
2616
2630
2630
2631
2638
2638
2638
2639
2650
2659
2661
2665
2669
2674
2676
2676
2678
2689
2691
2698
2699
2701
2713
2719
2720
2722
2723
2729
2730
2736
2745
2751
2757
2760
2762
2764
2772
2772
2784
2786
2793
2794
2794
2797
2799
2801
2810
2815
2817
2818
2824
2827
2834
2837
2844
2844
2847
2849
2851
2857
2862
2862
2866
2869
2869
2870
2876
2884
2894
2898
2898
2901
2901
2906
2906
2912
2913
2915
2916
2916
2925
2925
2928
2929
2932
2932
2933
2941
2942
2945
2958
2962
2971
2973
2974
2982
2983
2984
2987
3018
3019
3019
3022
3022
3025
3028
3028
3028
3031
3032
3040
3040
3049
3049
3051
3052
3052
3055
3056
3056
3058
3058
3062
3064
3071
3074
3090
3090
3100
3100
3101
3102
3104
3110
3111
3113
3114
3120
3121
3123
3129
3141
3144
3145
3145
3146
3150
3161
3166
3171
3180
3181
3181
3184
3189
3191
3193
3195
3198
3200
3201
3205
3207
3209
3209
3211
3211
3221
3222
3224
3225
3235
3240
3242
3246
3248
3249
3251
3257
3259
3261
3264
3267
3269
3273
3276
3277
3278
3280
3282
3285
3292
3294
3294
3294
3303
3306
3311
3325
3327
3330
3335
3338
3338
3340
3347
3348
3353
3357
3362
3363
3367
3368
3370
3376
3380
3388
3389
3391
3393
3400
3401
3402
3412
3413
3415
3418
3421
3422
3423
3424
3425
3434
3437
3438
3439
3456
3457
3461
3463
3463
3469
3469
3472
3475
3476
3477
3477
3478
3478
3485
3486
3497
3511
3512
3515
3521
3524
3524
3527
3529
3531
3531
3537
3540
3542
3544
3544
3547
3553
3553
3555
3556
3557
3562
3563
3566
3575
3576
3583
3584
3594
3594
3596
3599
3600
3601
3605
3606
3607
3609
3611
3625
3626
3632
3634
3637
3644
3645
3645
3650
3651
3652
3653
3656
3663
3667
3668
3671
3672
3673
3673
3673
3673
3675
3675
3676
3682
3684
3685
3698
3699
3703
3703
3710
3711
3713
3714
3719
3721
3722
3725
3727
3727
3739
3742
3752
3753
3756
3758
3765
3766
3772
3772
3774
3781
3783
3792
3794
3797
3808
3813
3818
3826
3827
3827
3831
3841
3847
3853
3855
3861
3864
3865
3865
3869
3870
3874
3875
3883
3891
3892
3892
3893
3893
3900
3901
3902
3907
3908
3909
3910
3917
3919
3919
3925
3925
3931
3932
3935
3950
3951
3957
3966
3969
3970
3972
3974
3974
3980
3984
3986
3989
3993
3994
3994
3995
3995
4003
4006
4008
4008
4018
4019
4019
4023
4024
4032
4033
4035
4037
4049
4051
4053
4055
4055
4057
4065
4066
4066
4067
4077
4080
4085
4090
4091
4105
4107
4112
4113
4115
4115
4121
4123
4129
4131
4135
4137
4148
4150
4153
4167
4168
4178
4183
4183
4187
4196
4197
4200
4202
4203
4204
4213
4214
4219
4221
4221
4222
4222
4225
4228
4236
4237
4242
4247
4249
4249
4253
4254
4254
4255
4257
4259
4267
4267
4267
4267
4268
4278
4279
4286
4287
4292
4295
4299
4299
4300
4302
4302
4303
4304
4309
4314
4315
4317
4320
4332
4333
4341
4354
4354
4356
4362
4368
4371
4381
4382
4382
4390
4400
4404
4410
4411
4417
4421
4425
4428
4430
4434
4436
4442
4448
4461
4463
4467
4468
4469
4475
4480
4483
4486
4489
4489
4490
4495
4501
4502
4503
4506
4520
4525
4526
4531
4540
4542
4547
4549
4554
4560
4561
4561
4562
4563
4567
4567
4574
4575
4577
4580
4584
4586
4589
4590
4591
4592
4596
4597
4597
4603
4608
4612
4619
4620
4620
4625
4626
4631
4633
4640
4643
4645
4652
4653
4656
4659
4661
4662
4665
4667
4670
4676
4677
4678
4684
4687
4688
4698
4699
4699
4700
4700
4700
4710
4713
4715
4726
4728
4729
4729
4730
4731
4732
4732
4744
4745
4746
4752
4756
4761
4761
4762
4768
4769
4770
4770
4770
4772
4773
4774
4778
4779
4782
4783
4783
4794
4795
4799
4800
4802
4804
4808
4812
4812
4816
4824
4825
4827
4828
4829
4829
4832
4834
4843
4849
4851
4857
4857
4858
4858
4858
4873
4877
4887
4891
4894
4895
4897
4897
4906
4906
4908
4913
4916
4916
4919
4921
4924
4938
4938
4947
4951
4952
4954
4962
4964
4969
4970
4975
4976
4980
4996
5002
5005
5005
5006
5013
5013
5015
5017
5019
5019
5031
5034
5040
5047
5050
5053
5053
5059
5063
5064
5065
5071
5073
5075
5077
5078
5085
5085
5090
5090
5105
5125
5136
5138
5138
5141
5144
5147
5150
5151
5156
5160
5161
5163
5170
5176
5186
5199
5200
5201
5201
5202
5204
5205
5207
5208
5211
5211
5220
5221
5231
5231
5233
5239
5239
5245
5247
5249
5256
5259
5260
5262
5269
5277
5282
5287
5292
5292
5298
5300
5306
5316
5321
5328
5331
5332
5337
5345
5346
5347
5352
5356
5356
5359
5364
5366
5375
5385
5386
5388
5391
5392
5400
5412
5419
5421
5422
5424
5428
5428
5430
5432
5434
5435
5436
5437
5443
5445
5447
5448
5459
5460
5461
5462
5465
5467
5476
5478
5479
5483
5483
5485
5487
5496
5496
5511
5517
5526
5527
5527
5531
5531
5533
5539
5543
5545
5546
5556
5567
5571
5572
5576
5580
5581
5582
5586
5587
5596
5603
5611
5611
5612
5616
5617
5619
5625
5625
5631
5632
5633
5635
5635
5642
5647
5662
5663
5665
5665
5666
5674
5679
5680
5682
5683
5684
5686
5690
5691
5696
5705
5711
5718
5726
5731
5735
5740
5757
5763
5764
5767
5768
5768
5769
5769
5769
5771
5780
5781
5782
5783
5783
5784
5802
5803
5807
5813
5817
5821
5825
5832
5839
5841
5846
5847
5851
5856
5856
5860
5867
5867
5869
5875
5877
5878
5880
5880
5884
5885
5885
5886
5891
5894
5897
5898
5901
5902
5907
5907
5909
5912
5913
5921
5923
5929
5935
5936
5937
5938
5943
5949
5958
5959
5965
5973
5974
5975
5975
5977
5980
5983
5984
5993
5995
6003
6009
6014
6015
6018
6022
6027
6029
6029
6030
6037
6039
6044
6049
6051
6061
6067
6070
6070
6071
6071
6072
6074
6076
6077
6081
6085
6086
6087
6087
6094
6098
6099
6105
6105
6106
6123
6128
6129
6141
6144
6146
6148
6149
6150
6158
6158
6162
6167
6176
6178
6188
6194
6194
6194
6196
6198
6199
6208
6217
6223
6227
6227
6231
6232
6234
6236
6238
6238
6239
6240
6249
6252
6252
6257
6262
6263
6263
6274
6276
6276
6280
6280
6281
6282
6284
6285
6298
6298
6300
6300
6302
6302
6303
6306
6308
6311
6323
6332
6332
6340
6342
6351
6352
6357
6362
6365
6375
6377
6378
6386
6390
6396
6401
6402
6404
6405
6406
6408
6414
6414
6417
6417
6420
6421
6421
6426
6427
6427
6427
6428
6428
6431
6432
6434
6435
6436
6441
6441
6442
6442
6444
6447
6447
6450
6453
6453
6461
6462
6463
6464
6467
6472
6474
6475
6499
6506
6508
6509
6513
6514
6517
6518
6519
6523
6524
6528
6528
6529
6536
6536
6537
6543
6548
6551
6556
6562
6563
6565
6570
6570
6570
6574
6574
6576
6576
6577
6578
6580
6583
6585
6586
6587
6591
6595
6599
6613
6633
6637
6642
6656
6658
6660
6664
6665
6666
6667
6675
6676
6676
6679
6680
6688
6688
6691
6702
6713
6717
6723
6726
6727
6739
6740
6746
6749
6751
6755
6762
6762
6763
6770
6773
6775
6777
6781
6784
6786
6787
6788
6795
6795
6800
6801
6812
6813
6813
6813
6820
6821
6834
6838
6854
6858
6861
6867
6870
6875
6877
6880
6884
6894
6894
6894
6900
6903
6905
6923
6926
6936
6938
6939
6941
6948
6950
6950
6960
6964
6966
6966
6968
6975
6978
6978
6979
6980
6985
6988
6988
6991
6993
6995
7000
7002
7008
7011
7014
7017
7027
7029
7032
7039
7040
7041
7045
7046
7051
7056
7061
7063
7067
7073
7075
7076
7077
7080
7081
7086
7087
7088
7093
7097
7102
7110
7111
7111
7115
7121
7125
7128
7131
7137
7138
7138
7139
7143
7144
7144
7147
7150
7152
7156
7162
7172
7172
7172
7174
7176
7177
7177
7180
7181
7182
7185
7186
7194
7195
7198
7199
7199
7200
7206
7212
7214
7214
7215
7219
7223
7228
7230
7231
7235
7237
7241
7242
7244
7246
7247
7251
7255
7259
7272
7274
7277
7281
7283
7290
7291
7292
7308
7310
7311
7314
7315
7320
7321
7321
7323
7329
7329
7330
7332
7333
7337
7341
7341
7342
7346
7348
7349
7352
7353
7355
7361
7362
7364
7372
7373
7379
7387
7388
7389
7394
7396
7396
7408
7415
7431
7435
7442
7449
7449
7452
7454
7470
7472
7473
7475
7475
7475
7478
7482
7484
7492
7495
7495
7498
7515
7516
7518
7518
7518
7519
7520
7520
7523
7525
7525
7548
7550
7554
7555
7560
7560
7566
7571
7571
7572
7572
7572
7573
7576
7577
7577
7584
7584
7589
7595
7603
7607
7608
7610
7611
7616
7619
7620
7624
7631
7631
7632
7638
7642
7644
7644
7644
7644
7646
7652
7652
7654
7656
7657
7664
7670
7670
7676
7680
7680
7686
7686
7687
7687
7688
7691
7692
7694
7698
7699
7705
7707
7707
7707
7716
7722
7724
7731
7745
7746
7746
7748
7748
7749
7754
7756
7759
7765
7765
7769
7773
7774
7776
7779
7784
7787
7789
7791
7793
7794
7795
7796
7803
7804
7805
7806
7807
7808
7818
7823
7823
7826
7842
7846
7847
7850
7852
7867
7867
7868
7869
7870
7874
7875
7878
7879
7886
7887
7896
7896
7897
7897
7901
7904
7907
7909
7910
7911
7914
7920
7926
7930
7935
7938
7938
7943
7943
7944
7944
7951
7951
7952
7953
7956
7966
7970
7973
7975
7975
7981
7984
7984
7993
7999
8001
8002
8006
8016
8018
8020
8022
8022
8023
8025
8025
8026
8030
8030
8034
8054
8059
8061
8061
8073
8074
8079
8079
8079
8083
8083
8084
8084
8086
8098
8103
8104
8104
8105
8106
8112
8116
8117
8131
8132
8134
8137
8141
8142
8148
8164
8164
8165
8167
8169
8172
8179
8179
8181
8187
8187
8192
8197
8198
8199
8201
8207
8230
8234
8238
8238
8238
8240
8245
8247
8249
8250
8257
8258
8261
8267
8269
8270
8273
8278
8280
8282
8290
8304
8306
8318
8320
8323
8323
8325
8325
8328
8336
8344
8344
8345
8349
8350
8350
8353
8354
8358
8360
8369
8375
8383
8384
8386
8389
8391
8416
8439
8441
8443
8444
8449
8452
8457
8458
8459
8465
8472
8474
8475
8481
8482
8483
8484
8491
8492
8493
8499
8503
8503
8514
8515
8516
8517
8524
8525
8529
8538
8542
8551
8553
8554
8555
8557
8563
8571
8572
8575
8575
8582
8584
8585
8585
8586
8587
8587
8599
8600
8601
8602
8604
8613
8621
8627
8630
8632
8633
8644
8650
8651
8655
8662
8668
8669
8672
8673
8675
8676
8676
8686
8688
8691
8691
8697
8700
8702
8704
8705
8709
8710
8717
8720
8725
8728
8733
8735
8736
8737
8742
8743
8756
8756
8756
8759
8760
8761
8762
8764
8765
8767
8768
8769
8771
8773
8782
8785
8794
8797
8802
8812
8812
8815
8816
8818
8820
8826
8826
8827
8827
8828
8831
8834
8837
8838
8838
8841
8842
8850
8850
8852
8859
8860
8861
8864
8874
8880
8889
8889
8891
8895
8896
8898
8900
8900
8901
8902
8908
8911
8911
8921
8921
8930
8938
8949
8959
8960
8964
8966
8972
8973
8984
8995
9000
9003
9007
9011
9015
9020
9021
9024
9025
9027
9030
9034
9036
9037
9039
9042
9048
9056
9057
9062
9062
9064
9066
9066
9071
9080
9081
9081
9083
9087
9094
9096
9098
9098
9098
9109
9110
9113
9115
9119
9124
9130
9135
9135
9139
9143
9143
9147
9148
9148
9159
9164
9167
9168
9168
9180
9182
9186
9187
9189
9200
9201
9203
9203
9206
9207
9209
9210
9222
9227
9229
9233
9234
9235
9239
9242
9247
9252
9253
9255
9257
9261
9265
9268
9269
9273
9283
9284
9287
9289
9291
9295
9300
9300
9300
9301
9303
9306
9313
9315
9315
9317
9317
9318
9323
9332
9335
9337
9340
9342
9348
9352
9357
9363
9368
9368
9381
9382
9386
9388
9389
9391
9395
9397
9400
9400
9402
9402
9408
9408
9412
9414
9418
9422
9427
9428
9442
9443
9446
9455
9456
9466
9467
9467
9470
9483
9489
9492
9493
9493
9495
9496
9497
9499
9499
9501
9504
9505
9520
9534
9540
9548
9550
9557
9571
9574
9579
9596
9597
9598
9603
9603
9604
9605
9605
9614
9614
9615
9617
9626
9626
9628
9633
9635
9638
9640
9642
9648
9649
9650
9664
9665
9683
9685
9692
9697
9700
9701
9707
9708
9714
9717
9719
9721
9733
9734
9735
9735
9738
9739
9742
9744
9746
9747
9750
9751
9751
9753
9758
9761
9765
9765
9771
9773
9774
9777
9803
9804
9805
9807
9807
9811
9812
9815
9817
9819
9822
9822
9823
9823
9828
9835
9839
9843
9852
9855
9855
9857
9857
9858
9863
9866
9866
9872
9873
9880
9880
9895
9896
9897
9900
9912
9917
9918
9919
9921
9925
9930
9937
9943
9943
9944
9945
9948
9948
9951
9951
9952
9954
9964
9966
9966
9969
9971
9973
9975
9978
9984
9998
9998
10004
10006
10008
10012
10015
10015
10025
10027
10027
10030
10033
10047
10049
10057
10068
10069
10075
10077
10077
10077
10081
10086
10087
10088
10089
10096
10096
10099
10100
10107
10113
10115
10117
10117
10119
10123
10127
10134
10135
10142
10145
10150
10152
10156
10158
10159
10160
10161
10164
10165
10165
10165
10166
10169
10170
10174
10187
10190
10191
10199
10206
10207
10212
10217
10218
10227
10228
10232
10233
10246
10247
10255
10256
10256
10257
10266
10280
10281
10281
10287
10287
10294
10305
10309
10316
10319
10322
10323
10326
10328
10335
10336
10339
10343
10344
10345
10345
10349
10349
10358
10360
10360
10362
10371
10376
10381
10389
10392
10393
10394
10394
10401
10409
10411
10415
10415
10417
10417
10421
10421
10425
10427
10432
10433
10439
10447
10449
10455
10464
10466
10467
10473
10474
10477
10481
10485
10485
10489
10505
10505
10511
10516
10518
10519
10521
10524
10534
10538
10539
10543
10544
10544
10544
10552
10552
10559
10562
10563
10564
10569
10572
10573
10573
10581
10587
10589
10590
10591
10598
10605
10607
10608
10615
10618
10624
10628
10628
10650
10650
10655
10655
10656
10661
10662
10673
10675
10677
10685
10685
10686
10690
10691
10692
10694
10704
10705
10715
10722
10722
10724
10726
10727
10729
10733
10735
10737
10737
10738
10741
10747
10747
10750
10753
10754
10754
10758
10763
10771
10772
10775
10786
10788
10788
10791
10791
10791
10792
10793
10793
10794
10803
10810
10813
10817
10821
10821
10824
10825
10825
10827
10831
10833
10834
10838
10840
10843
10852
10855
10864
10868
10877
10880
10885
10888
10891
10893
10894
10895
10896
10896
10899
10899
10899
10901
10901
10906
10908
10909
10917
10919
10921
10922
10923
10923
10931
10935
10938
10941
10949
10951
10957
10963
10963
10971
10973
10983
10986
10986
10991
10998
11001
11004
11004
11006
11010
11014
11015
11024
11024
11025
11029
11030
11032
11037
11037
11040
11043
11045
11047
11047
11050
11052
11055
11059
11066
11067
11070
11071
11072
11081
11090
11093
11094
11095
11098
11106
11106
11114
11118
11121
11129
11129
11138
11143
11155
11159
11161
11164
11166
11166
11167
11169
11172
11172
11172
11173
11176
11178
11181
11182
11182
11193
11203
11207
11209
11214
11218
11219
11223
11223
11229
11231
11233
11233
11239
11244
11244
11248
11248
11249
11260
11261
11266
11271
11279
11279
11285
11286
11293
11297
11298
11298
11311
11311
11315
11318
11319
11320
11328
11330
11336
11338
11339
11340
11340
11345
11347
11355
11358
11359
11368
11382
11385
11385
11387
11390
11398
11399
11404
11405
11412
11413
11418
11419
11419
11428
11434
11436
11437
11441
11444
11444
11452
11462
11468
11468
11470
11473
11475
11477
11478
11484
11498
11500
11503
11510
11523
11525
11526
11533
11538
11540
11540
11540
11542
11542
11547
11547
11552
11555
11558
11564
11566
11575
11575
11584
11585
11592
11598
11605
11613
11613
11618
11622
11622
11622
11624
11626
11626
11627
11631
11634
11637
11642
11643
11654
11661
11665
11667
11667
11668
11682
11682
11683
11688
11703
11707
11712
11713
11715
11726
11730
11732
11735
11735
11740
11760
11763
11763
11765
11767
11768
11777
11778
11784
11792
11792
11793
11801
11803
11810
11812
11812
11815
11815
11815
11818
11822
11826
11831
11835
11835
11843
11849
11850
11853
11859
11867
11874
11878
11882
11886
11893
11893
11896
11897
11900
11901
11923
11924
11925
11927
11927
11928
11931
11931
11935
11940
11941
11942
11948
11949
11952
11953
11953
11957
11958
11964
11967
11969
11973
11978
11978
11980
11980
11981
11983
11984
11985
11988
11989
11990
11999
12003
12019
12027
12033
12036
12038
12039
12045
12046
12056
12066
12066
12071
12074
12075
12080
12080
12084
12085
12085
12087
12090
12091
12092
12093
12099
12099
12102
12113
12115
12123
12123
12126
12132
12133
12135
12159
12162
12164
12165
12167
12174
12174
12176
12178
12180
12183
12187
12187
12190
12191
12195
12205
12214
12215
12217
12220
12222
12223
12227
12227
12228
12233
12237
12243
12249
12250
12252
12255
12255
12259
12261
12262
12262
12268
12271
12274
12278
12278
12282
12282
12285
12286
12287
12300
12302
12303
12314
12324
12325
12325
12328
12330
12331
12333
12333
12335
12336
12336
12338
12341
12344
12348
12348
12353
12353
12360
12362
12362
12368
12369
12370
12374
12379
12380
12381
12385
12389
12391
12395
12399
12401
12403
12405
12407
12414
12415
12417
12421
12433
12436
12441
12441
12442
12447
12448
12452
12452
12455
12456
12456
12463
12464
12465
12467
12475
12475
12477
12478
12486
12488
12488
12493
12495
12497
12497
12498
12499
12501
12503
12509
12510
12521
12522
12525
12527
12529
12530
12534
12536
12536
12539
12540
12542
12543
12545
12545
12552
12552
12553
12555
12558
12558
12558
12561
12564
12566
12566
12573
12576
12579
12589
12595
12597
12604
12607
12608
12613
12616
12617
12617
12618
12621
12633
12649
12650
12655
12661
12661
12663
12668
12673
12678
12679
12679
12684
12699
12700
12706
12709
12712
12712
12716
12724
12724
12727
12728
12734
12734
12737
12738
12741
12743
12743
12748
12748
12755
12759
12766
12766
12769
12771
12774
12777
12784
12793
12795
12799
12808
12809
12814
12816
12818
12819
12832
12842
12843
12844
12845
12845
12847
12848
12848
12856
12859
12859
12862
12863
12866
12871
12872
12873
12874
12875
12876
12880
12882
12883
12884
12886
12891
12895
12895
12899
12906
12907
12909
12911
12915
12916
12920
12923
12925
12931
12931
12935
12937
12939
12943
12946
12953
12953
12956
12957
12958
12958
12959
12962
12963
12972
12976
12983
12983
12987
12989
12992
12993
13002
13003
13005
13007
13009
13009
13019
13022
13026
13026
13027
13030
13040
13044
13048
13051
13055
13057
13058
13060
13063
13063
13070
13076
13076
13077
13079
13079
13093
13094
13095
13099
13103
13103
13108
13114
13116
13122
13126
13128
13128
13129
13140
13143
13145
13145
13146
13149
13152
13156
13161
13164
13170
13171
13180
13185
13185
13186
13192
13193
13195
13197
13204
13209
13212
13214
13222
13222
13225
13228
13233
13234
13234
13236
13237
13252
13256
13270
13275
13275
13287
13289
13289
13290
13291
13295
13297
13302
13302
13308
13310
13315
13318
13325
13329
13329
13330
13335
13336
13336
13340
13345
13346
13349
13357
13359
13366
13372
13374
13380
13394
13397
13400
13402
13403
13404
13404
13409
13416
13419
13425
13426
13441
13442
13443
13453
13454
13456
13458
13463
13464
13465
13470
13474
13476
13481
13489
13490
13493
13494
13497
13498
13500
13501
13502
13502
13507
13512
13515
13517
13524
13538
13541
13541
13542
13544
13548
13549
13552
13554
13556
13557
13567
13574
13576
13576
13579
13588
13589
13592
13594
13595
13595
13597
13597
13598
13598
13600
13602
13605
13611
13614
13620
13620
13622
13626
13629
13634
13637
13639
13639
13639
13642
13644
13647
13658
13659
13661
13662
13664
13665
13669
13670
13672
13674
13681
13683
13686
13687
13691
13702
13705
13705
13710
13711
13719
13722
13724
13733
13733
13737
13741
13742
13750
13754
13756
13762
13773
13776
13776
13776
13785
13788
13797
13797
13798
13799
13799
13799
13803
13812
13816
13820
13832
13832
13839
13843
13844
13845
13849
13850
13852
13854
13857
13863
13868
13872
13875
13880
13885
13887
13888
13889
13890
13908
13912
13914
13915
13921
13922
13923
13928
13929
13929
13930
13930
13930
13930
13933
13933
13934
13934
13942
13943
13945
13947
13970
13970
13975
13979
13984
13985
13986
13988
13992
13993
13996
13999
13999
14003
14004
14008
14015
14019
14028
14029
14035
14039
14041
14041
14045
14046
14048
14048
14058
14060
14060
14063
14063
14063
14065
14070
14070
14071
14072
14072
14074
14074
14075
14079
14087
14089
14090
14103
14107
14107
14114
14115
14116
14116
14116
14119
14129
14130
14130
14142
14144
14145
14150
14151
14151
14152
14152
14155
14158
14160
14160
14163
14169
14173
14186
14196
14199
14201
14205
14207
14208
14210
14212
14215
14216
14219
14228
14230
14230
14235
14235
14244
14245
14248
14251
14253
14260
14262
14266
14267
14271
14275
14281
14281
14281
14286
14287
14303
14308
14315
14317
14322
14322
14324
14339
14350
14352
14353
14357
14365
14366
14367
14369
14370
14370
14372
14378
14383
14390
14391
14393
14394
14397
14399
14401
14402
14405
14407
14410
14418
14418
14418
14421
14423
14425
14425
14425
14428
14428
14429
14430
14439
14440
14442
14446
14448
14450
14450
14455
14455
14456
14461
14468
14470
14480
14483
14486
14486
14489
14492
14498
14501
14502
14504
14510
14512
14514
14515
14517
14518
14520
14521
14524
14528
14534
14534
14535
14538
14539
14545
14547
14552
14556
14557
14557
14560
14563
14564
14579
14582
14588
14592
14598
14599
14601
14604
14608
14609
14611
14613
14614
14614
14620
14624
14632
14637
14643
14645
14645
14645
14648
14652
14653
14655
14656
14656
14671
14671
14672
14677
14679
14686
14690
14691
14697
14702
14706
14706
14707
14710
14717
14721
14723
14725
14727
14736
14741
14749
14750
14751
14753
14754
14757
14765
14769
14773
14777
14780
14782
14787
14794
14798
14799
14808
14808
14811
14814
14822
14825
14825
14830
14832
14837
14841
14841
14844
14846
14846
14849
14852
14852
14862
14869
14873
14874
14877
14882
14884
14884
14884
14885
14888
14893
14894
14894
14895
14895
14896
14896
14897
14899
14901
14902
14907
14908
14912
14914
14920
14921
14924
14927
14927
14930
14932
14934
14945
14950
14950
14952
14955
14960
14960
14963
14969
14970
14973
14981
14983
14983
14987
14988
14990
14994
14996
14997
14998
14999
15003
15012
15012
15014
15018
15023
15023
15025
15029
15035
15041
15044
15048
15051
15058
15062
15065
15069
15073
15078
15081
15085
15086
15094
15095
15096
15100
15103
15107
15108
15110
15110
15111
15112
15113
15114
15122
15126
15130
15137
15143
15144
15145
15151
15154
15154
15154
15154
15156
15160
15163
15167
15170
15172
15178
15178
15181
15189
15193
15195
15195
15196
15199
15203
15206
15212
15214
15215
15217
15220
15228
15234
15237
15252
15258
15259
15262
15264
15268
15269
15270
15276
15277
15286
15291
15298
15299
15307
15312
15315
15319
15319
15320
15320
15324
15325
15327
15329
15330
15334
15335
15336
15341
15342
15344
15347
15351
15355
15364
15365
15368
15368
15371
15371
15372
15378
15380
15381
15384
15395
15403
15407
15418
15422
15425
15427
15429
15430
15432
15434
15437
15441
15445
15453
15455
15460
15463
15465
15466
15471
15476
15477
15481
15489
15497
15504
15505
15506
15508
15510
15512
15514
15514
15514
15516
15518
15526
15526
15528
15532
15536
15548
15551
15552
15554
15554
15556
15558
15558
15564
15566
15571
15572
15573
15576
15580
15580
15585
15586
15588
15593
15597
15598
15609
15617
15618
15621
15624
15631
15634
15636
15641
15641
15642
15642
15649
15650
15650
15657
15658
15659
15664
15675
15676
15678
15681
15684
15689
15690
15690
15696
15696
15701
15704
15705
15709
15710
15712
15712
15715
15717
15720
15722
15732
15737
15740
15741
15749
15759
15762
15764
15764
15767
15772
15773
15777
15780
15782
15782
15783
15785
15790
15792
15794
15800
15802
15811
15818
15821
15822
15822
15823
15826
15826
15827
15845
15846
15847
15854
15859
15859
15861
15862
15865
15865
15870
15871
15871
15872
15874
15884
15891
15896
15901
15904
15904
15907
15912
15913
15914
15916
15917
15918
15920
15922
15924
15927
15929
15932
15940
15941
15950
15952
15956
15958
15960
15961
15964
15966
15972
15976
15979
15981
15988
15990
15992
15995
15998
16007
16010
16013
16015
16016
16018
16018
16021
16024
16024
16028
16033
16035
16037
16038
16046
16046
16053
16064
16077
16079
16079
16079
16083
16088
16089
16094
16095
16100
16104
16105
16117
16118
16119
16120
16125
16125
16144
16147
16155
16155
16158
16160
16162
16162
16163
16168
16170
16171
16179
16183
16187
16199
16204
16207
16208
16210
16212
16212
16224
16225
16229
16235
16235
16236
16237
16238
16242
16246
16262
16268
16269
16272
16274
16275
16276
16278
16280
16281
16283
16288
16289
16291
16299
16307
16308
16309
16310
16311
16311
16312
16314
16315
16316
16321
16322
16323
16328
16330
16335
16337
16337
16340
16342
16348
16349
16352
16355
16356
16359
16369
16373
16379
16380
16381
16383
16385
16386
16389
16394
16402
16403
16417
16421
16424
16424
16425
16426
16428
16439
16443
16443
16444
16449
16450
16454
16457
16459
16463
16465
16468
16474
16475
16475
16482
16482
16483
16484
16486
16496
16496
16504
16506
16507
16510
16514
16519
16523
16526
16531
16534
16534
16537
16539
16543
16545
16549
16549
16553
16556
16560
16561
16561
16566
16567
16569
16571
16572
16577
16578
16585
16593
16594
16596
16597
16601
16601
16601
16605
16609
16619
16626
16627
16633
16633
16636
16636
16638
16639
16639
16641
16654
16654
16659
16665
16671
16673
16675
16677
16678
16680
16685
16686
16688
16690
16692
16692
16692
16699
16703
16706
16714
16715
16720
16724
16725
16727
16730
16731
16733
16734
16736
16737
16737
16746
16755
16756
16764
16774
16778
16787
16791
16791
16791
16799
16805
16806
16810
16813
16827
16832
16836
16845
16852
16856
16858
16859
16862
16863
16864
16867
16874
16876
16876
16878
16879
16886
16889
16889
16891
16894
16900
16904
16904
16905
16915
16915
16921
16927
16929
16937
16937
16938
16939
16944
16946
16947
16948
16952
16958
16959
16962
16963
16963
16965
16965
16968
16968
16969
16973
16978
16979
16981
16988
16993
16993
16995
16999
16999
17002
17005
17006
17007
17016
17016
17019
17022
17029
17031
17038
17039
17043
17044
17045
17052
17052
17053
17055
17056
17056
17057
17065
17066
17071
17072
17072
17075
17075
17079
17082
17085
17088
17093
17097
17107
17110
17114
17115
17122
17124
17130
17131
17132
17141
17147
17149
17149
17161
17161
17165
17167
17172
17172
17172
17172
17173
17173
17176
17178
17179
17180
17181
17188
17195
17196
17199
17204
17204
17207
17211
17212
17212
17213
17217
17218
17218
17221
17222
17224
17225
17225
17225
17226
17229
17230
17236
17237
17241
17244
17247
17248
17248
17251
17258
17260
17260
17261
17264
17266
17271
17271
17274
17274
17276
17279
17283
17288
17292
17292
17296
17296
17297
17298
17304
17304
17310
17319
17324
17329
17330
17331
17331
17335
17335
17336
17337
17339
17339
17344
17346
17347
17350
17354
17354
17360
17361
17364
17366
17368
17369
17373
17375
17383
17384
17387
17390
17391
17392
17393
17397
17399
17401
17404
17409
17410
17417
17419
17425
17429
17432
17432
17437
17438
17438
17443
17446
17446
17452
17454
17455
17455
17457
17458
17459
17464
17467
17470
17470
17477
17477
17480
17486
17494
17495
17498
17504
17505
17508
17512
17513
17515
17527
17528
17529
17530
17531
17536
17536
17539
17542
17550
17555
17561
17569
17571
17572
17575
17583
17587
17593
17594
17600
17600
17601
17605
17605
17611
17614
17617
17619
17622
17626
17630
17633
17639
17640
17642
17644
17646
17648
17648
17651
17656
17658
17662
17663
17663
17667
17672
17673
17673
17675
17676
17680
17686
17686
17688
17689
17690
17691
17699
17701
17702
17704
17705
17711
17712
17713
17717
17720
17726
17729
17732
17733
17738
17743
17746
17748
17752
17756
17766
17767
17768
17777
17780
17784
17788
17790
17796
17802
17802
17812
17816
17820
17820
17820
17826
17829
17830
17830
17832
17834
17838
17849
17849
17855
17856
17865
17868
17869
17871
17875
17878
17884
17887
17894
17895
17899
17914
17915
17917
17922
17931
17935
17941
17942
17943
17946
17949
17957
17960
17962
17964
17966
17968
17976
17978
17984
17989
17997
17999
18006
18009
18016
18019
18019
18021
18025
18030
18033
18033
18045
18045
18046
18051
18051
18054
18057
18058
18060
18063
18065
18067
18069
18071
18075
18076
18080
18083
18084
18085
18085
18087
18089
18090
18093
18094
18096
18102
18111
18114
18117
18120
18129
18132
18134
18136
18140
18150
18153
18155
18156
18158
18158
18161
18163
18168
18171
18177
18178
18182
18193
18196
18205
18210
18211
18211
18217
18218
18220
18229
18236
18238
18241
18244
18260
18262
18264
18278
18280
18281
18284
18291
18294
18298
18302
18322
18327
18332
18335
18336
18342
18353
18354
18359
18360
18361
18366
18374
18375
18378
18386
18388
18389
18391
18391
18394
18398
18399
18399
18406
18410
18418
18421
18425
18427
18434
18440
18443
18444
18444
18451
18452
18461
18463
18473
18473
18476
18481
18481
18483
18486
18491
18492
18493
18493
18496
18499
18501
18507
18508
18509
18515
18517
18519
18520
18542
18546
18550
18551
18556
18563
18573
18574
18576
18577
18578
18578
18579
18583
18586
18597
18607
18610
18613
18613
18619
18624
18627
18632
18633
18637
18639
18643
18645
18649
18655
18659
18660
18661
18662
18678
18678
18679
18680
18680
18683
18683
18684
18687
18688
18689
18690
18690
18696
18701
18702
18702
18704
18706
18706
18708
18712
18716
18718
18720
18725
18727
18729
18729
18737
18738
18739
18740
18746
18751
18752
18756
18758
18758
18760
18762
18762
18768
18769
18769
18774
18776
18777
18793
18795
18803
18804
18806
18806
18809
18814
18820
18823
18831
18831
18839
18840
18844
18847
18850
18853
18856
18857
18858
18859
18859
18860
18861
18863
18865
18866
18871
18877
18879
18879
18881
18884
18889
18889
18894
18897
18898
18900
18902
18906
18906
18910
18913
18915
18916
18918
18922
18925
18930
18931
18933
18936
18942
18949
18951
18961
18963
18968
18970
18972
18974
18976
18979
18981
18998
18998
19001
19005
19010
19011
19012
19013
19013
19021
19023
19027
19028
19029
19036
19039
19042
19048
19056
19061
19073
19074
19078
19078
19078
19086
19092
19098
19098
19108
19108
19111
19115
19117
19123
19125
19127
19132
19137
19142
19147
19156
19157
19162
19166
19171
19177
19178
19182
19184
19202
19204
19204
19209
19213
19229
19229
19238
19241
19242
19255
19256
19259
19260
19262
19264
19265
19266
19276
19280
19282
19289
19289
19290
19295
19295
19297
19301
19304
19310
19311
19321
19350
19359
19369
19372
19373
19377
19378
19379
19380
19389
19394
19399
19400
19402
19405
19411
19417
19419
19419
19420
19425
19429
19430
19430
19433
19440
19441
19444
19448
19448
19453
19453
19454
19456
19457
19461
19462
19465
19470
19470
19471
19472
19476
19480
19481
19483
19488
19489
19491
19495
19499
19508
19516
19516
19519
19521
19524
19528
19533
19534
19536
19537
19537
19538
19539
19543
19544
19550
19552
19554
19561
19567
19578
19583
19584
19585
19590
19593
19595
19595
19598
19602
19606
19607
19609
19614
19617
19617
19618
19622
19629
19633
19635
19637
19638
19638
19642
19644
19658
19659
19660
19661
19662
19664
19666
19667
19673
19677
19679
19679
19680
19683
19683
19698
19700
19704
19704
19704
19706
19707
19707
19712
19712
19713
19715
19715
19717
19718
19721
19724
19728
19732
19734
19734
19735
19735
19742
19742
19745
19751
19753
19755
19755
19756
19758
19765
19765
19769
19770
19771
19772
19777
19792
19793
19793
19794
19794
19799
19799
19800
19806
19810
19815
19819
19824
19828
19831
19838
19841
19842
19846
19847
19848
19851
19851
19853
19859
19861
19865
19867
19871
19887
19891
19896
19899
19902
19902
19910
19911
19911
19921
19922
19922
19925
19927
19933
19937
19944
19944
19950
19957
19960
19961
19963
19964
19968
19970
19970
19972
19983
19984
19985
19989
19996
19999
20002
20015
20025
20031
20034
20035
20041
20043
20048
20062
20065
20066
20068
20068
20069
20075
20077
20089
20092
20094
20102
20108
20111
20112
20114
20119
20123
20130
20131
20135
20139
20142
20150
20150
20151
20157
20158
20161
20163
20163
20167
20168
20168
20169
20169
20172
20181
20182
20183
20183
20194
20198
20198
20198
20199
20203
20204
20206
20218
20222
20227
20228
20231
20240
20242
20249
20249
20255
20256
20256
20257
20258
20259
20269
20270
20272
20291
20296
20303
20304
20309
20311
20318
20320
20323
20323
20326
20327
20329
20331
20333
20339
20341
20342
20343
20346
20346
20350
20350
20353
20356
20364
20371
20371
20372
20372
20373
20376
20381
20382
20383
20389
20390
20391
20391
20391
20393
20394
20395
20401
20402
20412
20414
20415
20419
20423
20435
20438
20439
20440
20444
20449
20450
20451
20456
20456
20459
20459
20459
20468
20470
20471
20475
20477
20477
20483
20489
20491
20494
20500
20501
20502
20506
20506
20515
20517
20521
20523
20528
20528
20533
20534
20534
20536
20541
20543
20544
20544
20549
20549
20554
20559
20560
20563
20570
20573
20575
20588
20588
20589
20596
20597
20604
20605
20607
20612
20622
20630
20634
20638
20653
20659
20661
20668
20672
20676
20680
20685
20697
20699
20700
20702
20706
20708
20715
20718
20719
20724
20725
20727
20728
20732
20733
20733
20734
20737
20738
20742
20742
20743
20754
20756
20760
20763
20765
20768
20769
20774
20776
20780
20782
20789
20793
20795
20799
20801
20805
20806
20807
20810
20810
20810
20814
20816
20825
20834
20837
20843
20845
20856
20857
20875
20876
20878
20879
20896
20897
20898
20900
20901
20902
20902
20903
20905
20915
20916
20918
20926
20928
20930
20931
20933
20933
20937
20939
20945
20948
20949
20949
20950
20961
20962
20962
20965
20966
20974
20976
20981
20987
20990
20998
20999
21000
21006
21007
21010
21013
21015
21019
21033
21039
21040
21047
21047
21048
21056
21056
21058
21061
21063
21065
21076
21082
21088
21093
21100
21101
21101
21104
21108
21113
21114
21116
21130
21138
21144
21145
21146
21146
21147
21148
21150
21155
21161
21162
21166
21169
21169
21170
21171
21172
21174
21175
21178
21179
21183
21185
21194
21195
21196
21198
21205
21207
21209
21210
21210
21212
21216
21223
21231
21231
21236
21239
21242
21246
21254
21255
21255
21257
21259
21261
21262
21264
21264
21269
21276
21280
21281
21283
21284
21285
21285
21287
21291
21291
21293
21294
21300
21301
21301
21307
21307
21308
21310
21312
21312
21316
21316
21322
21336
21349
21353
21353
21359
21366
21370
21375
21378
21379
21382
21385
21388
21389
21390
21396
21398
21402
21403
21407
21407
21414
21417
21419
21420
21426
21427
21432
21433
21434
21435
21436
21438
21439
21441
21450
21451
21455
21462
21465
21469
21470
21472
21477
21479
21482
21484
21493
21495
21496
21498
21499
21504
21504
21508
21510
21512
21513
21519
21519
21519
21520
21523
21523
21527
21528
21529
21529
21533
21535
21539
21542
21546
21547
21549
21550
21553
21558
21560
21560
21562
21567
21572
21581
21585
21589
21589
21590
21593
21594
21595
21599
21599
21604
21613
21617
21617
21622
21623
21629
21631
21633
21633
21644
21655
21656
21657
21657
21658
21661
21662
21662
21669
21673
21678
21690
21694
21696
21699
21702
21706
21711
21712
21719
21720
21721
21726
21728
21729
21730
21731
21732
21733
21736
21742
21747
21749
21750
21756
21757
21761
21763
21768
21769
21772
21774
21775
21778
21791
21793
21802
21809
21810
21812
21814
21816
21818
21820
21821
21823
21823
21824
21825
21827
21828
21831
21833
21834
21835
21839
21850
21858
21862
21863
21867
21868
21869
21870
21871
21872
21873
21876
21878
21880
21880
21881
21886
21888
21891
21895
21905
21907
21907
21916
21921
21924
21931
21932
21939
21942
21943
21947
21950
21954
21956
21964
21968
21968
21969
21970
21970
21974
21975
21981
21982
21987
21991
21993
22000
22002
22006
22008
22013
22014
22016
22017
22017
22023
22023
22025
22027
22036
22040
22044
22046
22048
22049
22049
22053
22056
22065
22067
22070
22072
22083
22083
22089
22094
22099
22100
22103
22106
22109
22116
22117
22123
22123
22125
22126
22127
22131
22134
22134
22139
22140
22141
22143
22146
22147
22149
22150
22151
22160
22165
22166
22169
22176
22179
22187
22193
22194
22198
22202
22204
22210
22212
22217
22218
22223
22224
22226
22227
22234
22244
22246
22248
22249
22262
22262
22264
22267
22267
22271
22274
22284
22286
22288
22289
22290
22291
22293
22293
22297
22298
22301
22305
22307
22307
22308
22308
22314
22315
22317
22317
22321
22323
22323
22331
22332
22340
22340
22341
22343
22346
22351
22352
22361
22367
22373
22373
22377
22383
22383
22383
22385
22388
22391
22392
22394
22395
22395
22396
22400
22400
22402
22413
22420
22423
22430
22432
22433
22463
22465
22469
22475
22476
22478
22478
22481
22482
22484
22485
22488
22497
22501
22504
22508
22515
22517
22519
22523
22527
22535
22539
22540
22547
22549
22552
22555
22558
22563
22565
22573
22574
22575
22580
22581
22590
22590
22594
22599
22600
22600
22602
22603
22605
22609
22609
22610
22616
22620
22621
22621
22622
22624
22626
22630
22637
22639
22640
22640
22641
22645
22646
22649
22651
22654
22655
22657
22660
22667
22670
22673
22677
22679
22682
22686
22689
22690
22691
22692
22697
22709
22710
22711
22716
22720
22733
22734
22738
22740
22743
22744
22750
22752
22753
22753
22754
22771
22771
22773
22773
22775
22779
22783
22789
22789
22791
22792
22795
22796
22797
22804
22806
22806
22806
22807
22813
22814
22818
22823
22824
22825
22826
22834
22834
22835
22836
22838
22841
22843
22845
22845
22848
22849
22854
22855
22860
22861
22870
22873
22877
22877
22883
22884
22884
22886
22887
22891
22891
22891
22893
22902
22916
22917
22917
22917
22920
22927
22929
22929
22932
22934
22934
22943
22948
22949
22960
22963
22964
22971
22974
22984
22997
22998
23002
23007
23008
23012
23031
23033
23044
23045
23047
23048
23049
23052
23053
23054
23054
23066
23067
23071
23073
23079
23081
23082
23083
23084
23088
23090
23093
23093
23094
23094
23096
23099
23101
23102
23102
23103
23104
23119
23120
23124
23125
23131
23134
23141
23143
23144
23145
23148
23153
23154
23155
23162
23163
23174
23177
23179
23181
23182
23192
23192
23192
23198
23200
23208
23212
23216
23222
23222
23226
23233
23235
23238
23239
23247
23248
23248
23255
23256
23257
23260
23263
23272
23273
23278
23281
23283
23288
23297
23304
23308
23310
23310
23321
23321
23324
23325
23326
23339
23340
23341
23341
23342
23345
23346
23353
23354
23375
23376
23377
23377
23378
23379
23380
23388
23394
23408
23409
23413
23418
23419
23422
23423
23425
23425
23427
23428
23435
23440
23444
23444
23448
23448
23451
23456
23461
23463
23464
23471
23478
23481
23482
23482
23483
23490
23494
23496
23512
23513
23519
23522
23525
23525
23531
23537
23538
23540
23541
23542
23544
23545
23548
23548
23548
23554
23564
23567
23571
23572
23577
23580
23583
23583
23589
23597
23602
23605
23613
23614
23618
23620
23621
23624
23624
23625
23626
23626
23628
23628
23628
23629
23636
23637
23637
23638
23640
23649
23656
23668
23676
23679
23680
23691
23692
23694
23704
23705
23709
23710
23712
23721
23732
23735
23739
23739
23739
23740
23745
23745
23753
23760
23760
23761
23767
23769
23776
23777
23782
23785
23789
23791
23796
23797
23801
23801
23803
23804
23807
23827
23828
23835
23838
23848
23848
23855
23856
23857
23862
23865
23866
23868
23871
23872
23876
23889
23894
23894
23899
23903
23916
23917
23918
23923
23924
23925
23927
23928
23928
23929
23929
23929
23932
23938
23942
23944
23952
23959
23959
23961
23961
23964
23966
23969
23971
23971
23972
23975
23975
23975
23976
23981
23987
23991
23994
23994
23994
23994
23999
23999
24001
24003
24011
24012
24017
24017
24022
24032
24033
24040
24042
24044
24046
24048
24049
24053
24055
24057
24059
24060
24063
24064
24068
24070
24072
24078
24085
24085
24089
24091
24092
24096
24106
24109
24114
24115
24119
24121
24123
24125
24131
24133
24141
24146
24146
24147
24147
24159
24164
24168
24174
24174
24175
24192
24194
24194
24194
24196
24200
24201
24203
24203
24208
24212
24214
24216
24216
24229
24232
24236
24242
24246
24251
24252
24259
24261
24264
24267
24271
24272
24273
24278
24279
24283
24285
24285
24286
24289
24290
24306
24307
24311
24312
24312
24320
24327
24327
24330
24330
24337
24337
24338
24346
24348
24348
24353
24354
24365
24367
24369
24377
24379
24380
24383
24383
24389
24391
24391
24391
24398
24399
24401
24402
24403
24405
24410
24410
24412
24412
24413
24413
24419
24421
24424
24425
24431
24432
24432
24433
24435
24442
24443
24444
24450
24456
24457
24468
24476
24486
24487
24488
24493
24495
24496
24500
24501
24505
24506
24507
24509
24515
24519
24522
24523
24524
24528
24528
24528
24536
24536
24536
24538
24539
24539
24540
24543
24546
24546
24547
24557
24559
24560
24561
24561
24562
24565
24566
24573
24579
24579
24581
24583
24584
24589
24593
24605
24616
24617
24619
24624
24625
24627
24628
24634
24635
24640
24641
24643
24648
24654
24658
24660
24661
24663
24666
24670
24672
24676
24679
24682
24683
24683
24687
24689
24691
24699
24699
24699
24703
24704
24708
24709
24712
24719
24721
24726
24726
24728
24729
24730
24731
24731
24732
24742
24743
24749
24749
24753
24757
24758
24761
24766
24770
24773
24776
24780
24792
24796
24802
24804
24806
24811
24816
24821
24822
24829
24832
24832
24838
24840
24848
24853
24856
24859
24861
24867
24871
24875
24875
24875
24880
24885
24900
24911
24912
24912
24913
24916
24917
24922
24928
24933
24937
24947
24953
24960
24961
24962
24965
24980
24981
24981
24982
24984
24987
24993
24994
25002
25005
25007
25007
25012
25013
25017
25018
25021
25026
25026
25030
25031
25034
25034
25036
25036
25036
25037
25040
25044
25050
25054
25055
25062
25063
25065
25065
25065
25067
25067
25071
25073
25074
25077
25078
25087
25088
25089
25090
25092
25099
25101
25103
25106
25109
25112
25113
25113
25118
25118
25119
25121
25127
25128
25129
25129
25130
25134
25134
25135
25138
25140
25149
25149
25152
25157
25167
25168
25168
25173
25177
25179
25184
25184
25184
25186
25188
25196
25200
25201
25206
25206
25210
25216
25219
25222
25235
25235
25235
25239
25240
25240
25243
25243
25247
25249
25251
25253
25256
25267
25277
25279
25281
25284
25288
25289
25289
25293
25293
25296
25301
25303
25303
25304
25304
25306
25307
25309
25309
25315
25317
25321
25328
25337
25339
25343
25351
25356
25359
25363
25363
25365
25370
25372
25373
25376
25378
25388
25389
25393
25393
25394
25395
25395
25397
25403
25407
25409
25411
25413
25414
25426
25427
25433
25436
25442
25446
25448
25454
25458
25473
25475
25476
25477
25484
25485
25490
25490
25500
25501
25503
25505
25507
25511
25515
25516
25517
25518
25527
25532
25534
25539
25541
25545
25556
25556
25556
25558
25564
25568
25569
25569
25569
25571
25572
25572
25582
25583
25585
25587
25589
25594
25600
25601
25615
25617
25619
25621
25631
25631
25637
25639
25640
25640
25645
25645
25646
25646
25646
25651
25654
25664
25666
25678
25683
25688
25691
25693
25697
25698
25700
25701
25702
25706
25710
25711
25713
25717
25724
25727
25729
25729
25730
25734
25736
25737
25741
25743
25743
25746
25765
25767
25768
25775
25781
25783
25791
25798
25799
25804
25806
25806
25812
25813
25813
25816
25817
25821
25824
25839
25849
25854
25868
25869
25870
25874
25878
25891
25892
25894
25895
25898
25908
25910
25918
25919
25920
25923
25924
25931
25938
25939
25940
25946
25946
25950
25952
25959
25960
25961
25963
25966
25967
25978
25981
25995
25996
25997
26009
26012
26017
26020
26022
26023
26027
26029
26032
26033
26034
26035
26036
26037
26049
26050
26050
26051
26053
26056
26072
26074
26083
26084
26086
26094
26097
26099
26100
26101
26110
26117
26118
26122
26122
26124
26126
26128
26128
26142
26147
26148
26148
26149
26152
26152
26153
26156
26159
26163
26165
26172
26174
26177
26178
26181
26183
26185
26186
26188
26193
26198
26201
26203
26209
26211
26213
26215
26216
26220
26221
26222
26225
26228
26231
26231
26232
26234
26234
26236
26240
26240
26241
26243
26246
26249
26250
26253
26254
26254
26256
26259
26260
26263
26266
26267
26267
26272
26283
26288
26292
26297
26300
26315
26317
26329
26330
26339
26340
26341
26344
26347
26348
26349
26350
26350
26355
26359
26366
26366
26369
26372
26374
26374
26375
26375
26375
26375
26377
26379
26387
26394
26396
26407
26410
26413
26413
26420
26426
26431
26431
26432
26432
26444
26449
26452
26452
26457
26473
26473
26477
26479
26484
26485
26489
26489
26498
26500
26500
26502
26503
26505
26510
26513
26513
26514
26519
26522
26523
26529
26532
26533
26537
26539
26541
26554
26560
26560
26562
26569
26575
26577
26582
26583
26586
26589
26593
26593
26599
26600
26601
26602
26604
26605
26606
26610
26611
26614
26622
26627
26627
26651
26656
26656
26661
26665
26666
26672
26674
26674
26674
26675
26679
26682
26683
26685
26686
26687
26690
26691
26692
26693
26694
26696
26700
26702
26703
26703
26704
26706
26708
26709
26718
26720
26723
26725
26726
26727
26733
26745
26750
26750
26754
26755
26755
26755
26757
26758
26762
26771
26772
26775
26779
26785
26790
26790
26792
26796
26800
26801
26805
26806
26808
26809
26811
26813
26816
26818
26819
26822
26829
26830
26832
26834
26836
26838
26843
26847
26847
26850
26860
26863
26865
26868
26879
26882
26885
26886
26887
26890
26895
26914
26915
26920
26923
26925
26930
26932
26933
26934
26937
26937
26938
26939
26942
26943
26945
26945
26947
26948
26952
26953
26955
26959
26960
26960
26966
26969
26970
26980
26985
26988
26989
26991
26991
26992
27002
27006
27009
27013
27015
27024
27024
27024
27028
27028
27033
27034
27037
27038
27039
27041
27044
27045
27057
27060
27065
27073
27074
27075
27075
27081
27084
27089
27092
27103
27109
27121
27121
27121
27123
27130
27135
27136
27137
27137
27140
27147
27149
27152
27154
27161
27164
27164
27167
27170
27176
27184
27186
27195
27195
27201
27207
27207
27213
27214
27220
27222
27222
27225
27229
27238
27239
27244
27251
27251
27253
27256
27257
27259
27262
27263
27271
27274
27275
27276
27278
27283
27284
27284
27291
27292
27298
27298
27298
27300
27309
27311
27313
27313
27314
27320
27323
27327
27328
27333
27336
27339
27348
27349
27352
27353
27355
27358
27359
27361
27363
27363
27365
27380
27384
27385
27385
27408
27410
27413
27415
27417
27423
27433
27433
27440
27441
27441
27443
27445
27446
27447
27456
27457
27462
27463
27465
27466
27470
27471
27476
27476
27481
27481
27482
27483
27485
27489
27489
27491
27492
27496
27497
27503
27503
27515
27515
27521
27522
27523
27524
27524
27529
27530
27542
27543
27543
27547
27548
27549
27550
27552
27558
27564
27567
27575
27579
27580
27598
27601
27603
27609
27614
27617
27622
27623
27624
27624
27630
27631
27634
27636
27642
27645
27647
27649
27652
27653
27653
27654
27654
27655
27666
27666
27669
27673
27682
27683
27696
27698
27709
27725
27729
27734
27736
27736
27737
27738
27742
27743
27745
27751
27751
27753
27754
27754
27758
27759
27762
27764
27765
27766
27772
27778
27778
27780
27786
27788
27790
27791
27794
27796
27798
27801
27807
27810
27815
27816
27820
27820
27829
27831
27834
27837
27838
27842
27843
27844
27845
27848
27849
27851
27855
27861
27867
27870
27878
27893
27897
27898
27899
27901
27904
27910
27912
27914
27917
27917
27931
27931
27932
27938
27938
27941
27941
27942
27953
27955
27959
27963
27973
27978
27978
27979
27983
27990
27992
27994
27995
27997
27998
27999
28002
28004
28004
28005
28007
28012
28013
28015
28018
28022
28033
28036
28051
28058
28064
28069
28070
28077
28081
28083
28089
28103
28106
28114
28116
28121
28124
28124
28125
28127
28131
28132
28135
28135
28148
28149
28149
28151
28151
28163
28170
28179
28192
28194
28194
28196
28197
28198
28198
28203
28209
28212
28213
28223
28227
28230
28231
28233
28236
28238
28241
28242
28243
28244
28245
28247
28251
28256
28259
28264
28270
28270
28273
28274
28288
28294
28294
28296
28297
28297
28301
28305
28313
28314
28314
28318
28320
28324
28324
28325
28327
28333
28337
28339
28340
28346
28357
28367
28369
28372
28374
28377
28380
28380
28381
28386
28390
28395
28401
28404
28405
28408
28411
28417
28419
28426
28434
28435
28438
28439
28440
28441
28442
28443
28443
28454
28457
28460
28463
28464
28471
28473
28474
28474
28475
28477
28478
28480
28484
28487
28490
28490
28493
28498
28499
28499
28502
28502
28515
28519
28521
28528
28529
28530
28533
28533
28534
28535
28536
28539
28543
28545
28553
28553
28554
28556
28564
28569
28578
28579
28587
28588
28590
28594
28597
28597
28599
28599
28600
28600
28603
28603
28610
28611
28621
28623
28626
28626
28629
28632
28636
28638
28638
28639
28639
28640
28647
28658
28662
28662
28663
28669
28672
28675
28677
28681
28683
28684
28691
28692
28695
28697
28698
28702
28703
28705
28705
28709
28709
28709
28710
28714
28714
28715
28718
28722
28725
28729
28731
28737
28738
28744
28759
28764
28765
28766
28771
28773
28773
28775
28776
28789
28804
28804
28809
28813
28814
28817
28818
28818
28820
28820
28820
28822
28825
28830
28831
28833
28835
28835
28840
28844
28845
28853
28855
28856
28857
28864
28869
28872
28877
28878
28880
28882
28884
28887
28890
28893
28895
28895
28896
28899
28899
28899
28901
28902
28909
28910
28913
28913
28915
28916
28919
28922
28931
28931
28934
28937
28943
28945
28945
28948
28949
28949
28954
28963
28963
28969
28979
28980
28982
28983
28983
28988
28997
28999
29000
29017
29019
29030
29035
29035
29043
29043
29043
29046
29046
29054
29063
29069
29071
29072
29072
29076
29077
29078
29080
29083
29096
29101
29105
29105
29114
29114
29115
29117
29117
29118
29127
29136
29141
29141
29142
29143
29146
29149
29154
29157
29163
29164
29165
29168
29174
29177
29179
29181
29181
29182
29186
29187
29193
29194
29195
29197
29198
29200
29210
29212
29213
29214
29219
29219
29231
29233
29237
29240
29248
29250
29251
29257
29267
29270
29272
29273
29289
29303
29307
29308
29309
29311
29313
29319
29319
29320
29320
29329
29334
29339
29340
29341
29342
29347
29350
29353
29355
29361
29361
29361
29365
29369
29370
29370
29372
29373
29376
29376
29377
29378
29380
29385
29386
29388
29389
29396
29404
29404
29410
29412
29412
29413
29414
29414
29416
29416
29430
29436
29443
29444
29449
29452
29452
29459
29462
29462
29463
29464
29466
29468
29472
29479
29481
29481
29484
29488
29496
29497
29497
29498
29501
29505
29515
29517
29521
29528
29529
29532
29533
29539
29542
29542
29543
29549
29551
29553
29564
29568
29575
29576
29577
29585
29585
29587
29590
29592
29597
29602
29603
29611
29631
29656
29656
29658
29659
29662
29663
29664
29664
29665
29667
29668
29671
29673
29674
29679
29680
29681
29687
29689
29690
29690
29698
29699
29715
29717
29728
29728
29730
29734
29736
29748
29749
29752
29752
29755
29758
29759
29764
29765
29766
29770
29770
29774
29776
29779
29780
29781
29788
29789
29796
29798
29804
29807
29807
29810
29812
29813
29814
29826
29827
29838
29838
29838
29840
29840
29842
29842
29844
29850
29850
29856
29862
29864
29864
29867
29869
29875
29883
29884
29885
29888
29889
29896
29903
29903
29905
29910
29910
29912
29917
29919
29921
29921
29929
29933
29934
29936
29937
29941
29941
29946
29952
29953
29960
29965
29966
29971
29974
29989
29990
29992
29993
29993
29997
30002
30002
30003
30007
30012
30014
30014
30016
30016
30025
30025
30025
30030
30035
30040
30041
30047
30047
30048
30048
30051
30052
30052
30054
30058
30058
30059
30060
30060
30061
30065
30073
30073
30077
30078
30083
30087
30096
30099
30099
30105
30108
30108
30115
30117
30121
30127
30128
30131
30135
30135
30137
30140
30141
30151
30152
30160
30164
30165
30166
30169
30173
30174
30186
30187
30187
30191
30193
30199
30199
30208
30211
30216
30224
30226
30229
30230
30230
30233
30234
30236
30238
30246
30246
30247
30248
30257
30258
30261
30271
30273
30273
30277
30277
30277
30285
30295
30298
30299
30302
30304
30306
30306
30308
30310
30314
30318
30328
30330
30330
30336
30340
30344
30345
30348
30348
30349
30349
30354
30357
30358
30359
30359
30360
30362
30363
30366
30370
30376
30377
30380
30384
30388
30397
30404
30404
30409
30410
30412
30433
30435
30436
30438
30440
30443
30445
30446
30448
30454
30454
30455
30456
30460
30461
30466
30466
30467
30469
30474
30475
30477
30481
30487
30493
30493
30496
30497
30501
30504
30506
30509
30511
30514
30516
30518
30519
30526
30529
30533
30534
30544
30546
30550
30550
30552
30552
30554
30557
30562
30565
30566
30574
30575
30580
30584
30584
30586
30588
30589
30592
30595
30600
30600
30603
30603
30607
30608
30610
30618
30622
30623
30624
30629
30630
30631
30632
30635
30639
30642
30644
30647
30649
30649
30651
30661
30667
30668
30671
30671
30672
30677
30683
30683
30683
30685
30687
30687
30688
30691
30692
30693
30693
30700
30703
30704
30707
30713
30714
30722
30722
30728
30729
30729
30732
30733
30735
30738
30747
30750
30751
30756
30758
30761
30762
30763
30778
30780
30781
30782
30784
30784
30786
30787
30794
30795
30797
30797
30799
30801
30803
30806
30808
30815
30818
30821
30826
30826
30828
30830
30833
30833
30837
30838
30839
30841
30841
30841
30845
30848
30855
30858
30859
30864
30864
30865
30869
30871
30879
30880
30882
30890
30901
30903
30906
30908
30912
30912
30915
30921
30921
30931
30932
30932
30936
30946
30947
30949
30952
30952
30953
30955
30958
30960
30962
30968
30969
30971
30978
30983
30987
30990
30993
30993
30995
30995
30998
31000
31001
31002
31003
31022
31023
31026
31030
31035
31038
31038
31041
31043
31046
31047
31049
31054
31056
31056
31059
31066
31069
31072
31074
31076
31076
31081
31082
31088
31088
31090
31096
31097
31098
31100
31106
31107
31108
31108
31111
31116
31116
31119
31121
31122
31125
31125
31129
31131
31132
31133
31140
31147
31148
31150
31150
31151
31153
31155
31157
31158
31161
31163
31164
31165
31170
31171
31174
31177
31181
31186
31189
31196
31197
31200
31203
31211
31214
31216
31216
31221
31223
31223
31224
31229
31240
31247
31252
31255
31261
31272
31273
31274
31279
31282
31286
31292
31297
31298
31307
31311
31319
31321
31327
31341
31351
31352
31352
31352
31356
31362
31366
31368
31369
31371
31371
31375
31376
31377
31382
31388
31388
31389
31392
31393
31395
31398
31408
31412
31413
31417
31420
31426
31429
31430
31431
31435
31436
31436
31438
31441
31446
31449
31460
31464
31464
31471
31473
31475
31477
31488
31491
31496
31496
31497
31498
31501
31505
31506
31510
31510
31513
31515
31517
31521
31522
31524
31528
31529
31530
31537
31539
31542
31543
31544
31544
31545
31549
31549
31552
31558
31561
31568
31576
31578
31579
31586
31589
31592
31596
31602
31610
31613
31614
31620
31623
31624
31628
31631
31634
31636
31640
31641
31650
31650
31654
31656
31657
31669
31670
31670
31672
31674
31685
31693
31700
31717
31718
31720
31721
31721
31722
31724
31726
31731
31735
31737
31740
31746
31746
31747
31758
31760
31768
31773
31773
31779
31783
31784
31787
31800
31801
31806
31814
31818
31820
31820
31832
31837
31840
31843
31848
31849
31853
31859
31862
31865
31881
31882
31886
31892
31892
31902
31903
31905
31930
31930
31932
31932
31941
31945
31945
31955
31955
31957
31966
31967
31968
31973
31973
31975
31979
31980
31980
31984
31986
31988
31988
31991
31994
31996
31998
32008
32009
32016
32021
32024
32027
32031
32037
32044
32045
32046
32047
32047
32050
32057
32059
32059
32061
32062
32065
32076
32092
32093
32098
32099
32101
32105
32106
32106
32110
32118
32119
32126
32131
32131
32138
32142
32142
32143
32143
32147
32149
32149
32149
32151
32156
32159
32172
32172
32177
32178
32178
32179
32180
32183
32184
32192
32196
32197
32201
32208
32209
32210
32213
32215
32223
32224
32231
32231
32234
32240
32242
32242
32245
32253
32258
32262
32265
32268
32277
32278
32280
32291
32294
32297
32300
32302
32305
32309
32313
32315
32319
32325
32327
32327
32328
32330
32335
32337
32337
32337
32348
32356
32361
32362
32364
32366
32370
32370
32375
32377
32384
32390
32397
32402
32402
32403
32409
32412
32412
32414
32415
32418
32419
32426
32428
32429
32430
32431
32432
32433
32434
32436
32442
32445
32446
32450
32450
32458
32460
32461
32462
32462
32464
32464
32465
32472
32475
32485
32487
32501
32502
32505
32507
32510
32513
32514
32518
32519
32520
32525
32527
32529
32529
32532
32533
32542
32543
32553
32554
32556
32560
32565
32573
32574
32574
32578
32581
32583
32584
32584
32589
32594
32597
32597
32598
32598
32601
32603
32606
32608
32611
32611
32618
32620
32620
32628
32628
32629
32633
32634
32634
32635
32635
32636
32636
32646
32648
32651
32651
32651
32654
32655
32657
32675
32677
32678
32684
32693
32703
32711
32712
32715
32716
32721
32722
32725
32726
32730
32730
32731
32733
32733
32733
32735
32741
32746
32749
32751
32755
32758
32761
32761
32763
32765
