0
0
4
7
8
8
18
21
23
23
27
44
45
46
49
56
57
72
74
74
78
78
79
82
82
83
83
84
87
98
110
110
116
122
125
126
126
127
129
137
138
146
148
151
152
155
160
160
160
161
161
162
163
173
175
176
178
182
183
188
190
191
196
197
202
204
205
207
208
211
211
213
219
220
220
221
226
228
236
237
247
248
249
254
257
257
257
258
261
262
265
272
277
278
286
287
288
293
297
298
299
314
315
319
319
320
322
325
325
335
336
339
340
341
344
347
348
350
351
353
353
354
360
368
369
372
375
376
378
378
380
382
383
394
395
401
401
402
402
405
410
414
421
421
425
431
432
433
438
441
441
444
446
448
453
453
456
458
459
467
474
474
475
477
478
483
491
492
502
503
505
505
506
508
511
513
519
522
522
533
541
543
563
564
568
569
571
571
580
587
595
597
601
602
610
611
613
615
617
617
618
619
622
623
629
639
641
642
656
657
664
664
665
665
665
666
668
669
669
671
672
674
678
680
681
681
682
684
685
686
687
688
688
706
709
709
711
718
719
719
722
723
726
728
734
735
737
744
746
762
766
767
768
770
770
770
791
796
797
799
805
810
811
828
829
829
831
831
833
834
835
843
850
856
856
858
859
862
864
865
877
878
881
892
892
896
897
898
899
907
911
915
918
919
921
922
923
924
930
930
932
939
941
944
946
947
954
956
959
967
967
968
968
968
970
970
974
978
980
980
983
984
990
995
995
996
996
998
999
999
1000
1000
1003
1015
1022
1028
1029
1031
1037
1037
1038
1047
1048
1048
1055
1057
1058
1059
1065
1068
1070
1071
1078
1079
1082
1087
1088
1090
1096
1097
1099
1107
1109
1110
1123
1124
1131
1133
1133
1133
1135
1139
1143
1150
1153
1154
1157
1157
1159
1164
1166
1169
1173
1175
1176
1176
1177
1189
1195
1196
1202
1204
1208
1213
1215
1216
1219
1219
1222
1225
1238
1240
1245
1249
1249
1251
1263
1269
1269
1275
1276
1277
1277
1277
1280
1287
1287
1290
1292
1294
1300
1301
1303
1306
1308
1311
1322
1324
1328
1328
1328
1330
1330
1331
1334
1334
1335
1337
1341
1342
1351
1353
1360
1360
1362
1364
1365
1366
1369
1372
1372
1372
1375
1378
1388
1391
1394
1394
1396
1402
1406
1408
1409
1416
1417
1419
1423
1425
1426
1427
1428
1432
1434
1437
1447
1454
1458
1462
1467
1469
1473
1475
1482
1504
1505
1506
1507
1507
1509
1510
1514
1514
1518
1521
1528
1538
1557
1557
1559
1568
1569
1570
1577
1578
1579
1583
1585
1588
1589
1592
1592
1593
1594
1598
1599
1606
1611
1612
1613
1616
1620
1621
1627
1628
1631
1632
1633
1634
1636
1639
1646
1647
1655
1655
1656
1656
1691
1693
1693
1694
1697
1706
1720
1721
1722
1728
1728
1729
1729
1732
1734
1740
1746
1753
1755
1756
1757
1760
1762
1763
1770
1771
1773
1776
1777
1785
1786
1788
1788
1789
1793
1799
1804
1810
1815
1816
1817
1819
1821
1824
1824
1826
1829
1834
1835
1837
1837
1839
1843
1845
1851
1857
1860
1861
1862
1864
1866
1867
1868
1872
1873
1873
1874
1882
1884
1887
1889
1893
1894
1896
1900
1903
1905
1905
1911
1911
1913
1913
1915
1916
1923
1925
1927
1928
1931
1932
1936
1938
1938
1943
1952
1952
1957
1962
1963
1968
1973
1978
1979
1984
1984
1988
1992
1997
1998
2002
2007
2009
2010
2015
2020
2029
2034
2034
2045
2045
2045
2052
2060
2060
2062
2067
2069
2070
2078
2083
2089
2090
2092
2094
2100
2113
2114
2115
2117
2121
2122
2125
2128
2128
2130
2135
2136
2138
2139
2139
2146
2147
2162
2163
2166
2167
2173
2174
2177
2178
2179
2180
2184
2185
2185
2186
2186
2187
2188
2190
2190
2194
2194
2200
2211
2213
2222
2223
2229
2234
2235
2235
2236
2238
2239
2240
2240
2247
2249
2255
2259
2262
2266
2270
2270
2272
2277
2279
2280
2280
2291
2291
2293
2297
2298
2304
2314
2320
2320
2324
2326
2329
2338
2340
2341
2343
2345
2350
2352
2354
2356
2361
2365
2375
2375
2375
2380
2380
2384
2385
2392
2394
2402
2403
2405
2406
2406
2411
2414
2416
2416
2416
2425
2430
2433
2435
2440
2443
2443
2448
2449
2452
2457
2467
2467
2477
2480
2483
2488
2493
2497
2502
2507
2513
2516
2517
2521
2524
2525
2526
2528
2534
2535
2542
2545
2545
2550
2551
2558
2559
2560
2563
2565
2566
2567
2568
2569
2575
2575
2582
2584
2586
2588
2588
2591
2597
2599
2601
2602
2603
2606
2618
2620
2622
2625
2630
2633
2635
2646
2647
2655
2661
2667
2668
2671
2674
2674
2675
2675
2678
2680
2690
2693
2701
2702
2714
2728
2736
2739
2741
2747
2748
2748
2750
2752
2752
2754
2754
2761
2768
2768
2770
2772
2777
2778
2779
2779
2786
2788
2791
2796
2797
2807
2808
2811
2818
2819
2821
2823
2823
2828
2831
2831
2841
2843
2844
2844
2847
2847
2848
2853
2856
2865
2874
2876
2878
2882
2888
2888
2889
2891
2894
2905
2910
2912
2913
2913
2920
2921
2934
2936
2943
2946
2947
2955
2955
2957
2959
2960
2961
2963
2965
2967
2972
2974
2980
2982
2984
2985
2991
2994
2997
3001
3001
3002
3002
3004
3006
3009
3009
3011
3013
3018
3020
3025
3029
3030
3031
3034
3035
3038
3039
3041
3043
3048
3050
3051
3052
3075
3077
3084
3085
3086
3086
3089
3089
3090
3090
3098
3098
3099
3099
3103
3110
3112
3117
3122
3125
3126
3126
3132
3135
3149
3149
3150
3169
3181
3192
3202
3204
3204
3213
3214
3217
3218
3218
3222
3223
3230
3234
3234
3235
3238
3243
3245
3247
3248
3255
3258
3258
3259
3260
3260
3260
3263
3263
3266
3268
3270
3278
3279
3285
3287
3289
3290
3291
3295
3296
3302
3309
3316
3316
3316
3321
3322
3324
3324
3326
3326
3327
3328
3333
3340
3341
3351
3352
3354
3359
3364
3364
3364
3368
3368
3368
3370
3370
3372
3378
3380
3389
3391
3393
3396
3398
3398
3399
3399
3405
3407
3408
3414
3415
3415
3418
3419
3420
3420
3428
3431
3432
3436
3444
3446
3447
3448
3450
3450
3453
3458
3461
3467
3471
3474
3477
3481
3484
3485
3486
3499
3500
3501
3502
3502
3503
3507
3507
3508
3510
3510
3511
3511
3513
3518
3522
3524
3525
3535
3537
3537
3543
3550
3550
3556
3563
3565
3566
3567
3573
3573
3579
3588
3589
3595
3599
3600
3603
3604
3609
3609
3610
3612
3615
3618
3619
3627
3629
3632
3642
3642
3648
3654
3654
3658
3658
3664
3666
3670
3674
3677
3677
3679
3686
3686
3689
3694
3697
3700
3710
3717
3720
3723
3730
3736
3748
3754
3756
3756
3760
3775
3777
3778
3779
3783
3783
3800
3802
3802
3803
3808
3815
3818
3823
3826
3828
3829
3830
3832
3837
3840
3843
3844
3848
3859
3862
3863
3867
3870
3877
3878
3880
3880
3881
3882
3885
3886
3887
3887
3890
3895
3899
3912
3914
3916
3921
3923
3927
3928
3943
3945
3946
3956
3957
3964
3969
3972
3978
3980
3990
3993
3994
3996
3996
3997
3998
3999
4000
4015
4015
4016
4017
4017
4018
4021
4023
4025
4026
4029
4036
4041
4042
4047
4054
4060
4063
4063
4065
4066
4070
4077
4079
4080
4087
4095
4102
4107
4110
4116
4117
4123
4126
4130
4134
4135
4142
4142
4145
4145
4146
4151
4154
4155
4156
4157
4160
4162
4163
4163
4172
4173
4174
4179
4183
4190
4191
4192
4194
4196
4202
4207
4207
4208
4209
4212
4214
4216
4217
4218
4227
4233
4240
4242
4244
4244
4245
4250
4252
4253
4259
4264
4265
4268
4276
4280
4281
4291
4295
4298
4299
4306
4306
4310
4310
4310
4311
4315
4319
4321
4323
4324
4336
4340
4344
4344
4346
4351
4352
4366
4367
4369
4370
4378
4381
4385
4386
4387
4388
4393
4393
4398
4399
4405
4409
4409
4411
4420
4423
4425
4430
4432
4436
4439
4441
4441
4443
4443
4444
4446
4447
4447
4453
4454
4454
4455
4456
4459
4464
4464
4470
4477
4480
4483
4486
4493
4496
4501
4508
4508
4509
4514
4531
4532
4541
4545
4547
4549
4551
4553
4559
4561
4564
4566
4570
4573
4575
4583
4586
4586
4592
4595
4597
4599
4600
4602
4605
4608
4608
4614
4617
4618
4628
4634
4637
4639
4641
4642
4643
4645
4646
4655
4656
4662
4665
4667
4669
4670
4674
4681
4686
4692
4694
4696
4720
4726
4728
4743
4747
4751
4752
4752
4753
4755
4763
4770
4771
4779
4784
4785
4790
4790
4793
4794
4794
4799
4801
4808
4809
4812
4813
4817
4818
4823
4835
4835
4836
4841
4842
4842
4844
4846
4849
4849
4852
4857
4859
4861
4865
4868
4870
4875
4877
4880
4885
4887
4893
4907
4914
4921
4928
4929
4931
4931
4932
4933
4934
4935
4943
4948
4956
4959
4962
4964
4966
4969
4975
4976
4984
4986
4988
4989
4992
4993
4999
5000
5006
5006
5008
5015
5021
5022
5028
5030
5032
5033
5048
5052
5055
5060
5066
5071
5080
5083
5087
5088
5089
5095
5099
5100
5118
5120
5129
5129
5132
5138
5140
5141
5142
5143
5150
5154
5156
5156
5157
5157
5169
5170
5170
5179
5194
5200
5205
5207
5207
5221
5225
5240
5245
5246
5251
5253
5256
5261
5263
5269
5274
5282
5284
5289
5294
5302
5309
5309
5311
5324
5324
5332
5333
5337
5339
5340
5351
5358
5362
5364
5371
5373
5374
5376
5376
5381
5381
5383
5397
5402
5404
5404
5405
5407
5409
5411
5414
5415
5417
5420
5420
5422
5427
5427
5432
5433
5434
5440
5441
5442
5449
5450
5462
5463
5467
5468
5473
5475
5481
5483
5492
5499
5499
5503
5505
5519
5521
5527
5528
5549
5560
5566
5568
5568
5575
5578
5578
5586
5587
5589
5590
5591
5592
5592
5593
5595
5597
5600
5602
5602
5612
5619
5620
5620
5621
5624
5631
5632
5640
5646
5646
5654
5656
5657
5659
5661
5665
5670
5670
5672
5675
5676
5676
5676
5683
5686
5687
5689
5697
5700
5703
5704
5712
5713
5714
5715
5716
5720
5721
5723
5726
5727
5730
5731
5731
5732
5740
5742
5742
5745
5745
5745
5748
5751
5752
5754
5757
5757
5762
5762
5769
5772
5775
5776
5781
5784
5785
5787
5801
5810
5811
5817
5818
5820
5820
5822
5823
5825
5833
5833
5835
5841
5842
5847
5847
5850
5852
5853
5859
5860
5861
5865
5876
5877
5881
5886
5887
5888
5893
5899
5902
5908
5908
5912
5922
5930
5931
5934
5935
5936
5937
5938
5939
5939
5940
5941
5943
5951
5953
5957
5959
5959
5961
5961
5968
5973
5975
5975
5976
5978
5981
5984
5985
5986
5993
5993
6005
6008
6009
6014
6019
6019
6021
6021
6021
6024
6025
6036
6039
6039
6041
6041
6042
6042
6054
6054
6056
6057
6062
6066
6067
6073
6079
6091
6092
6094
6094
6098
6103
6106
6109
6109
6109
6109
6117
6121
6126
6126
6128
6129
6130
6131
6132
6135
6142
6142
6145
6145
6148
6151
6151
6151
6154
6157
6159
6161
6165
6169
6171
6171
6172
6184
6188
6189
6191
6193
6194
6200
6202
6206
6213
6215
6215
6217
6224
6225
6225
6225
6227
6238
6253
6254
6256
6260
6267
6275
6277
6279
6284
6286
6294
6303
6311
6311
6316
6317
6317
6322
6323
6329
6341
6342
6344
6348
6350
6354
6356
6359
6368
6371
6375
6381
6387
6390
6393
6395
6395
6396
6400
6406
6410
6412
6419
6428
6432
6435
6438
6440
6442
6445
6450
6452
6456
6460
6462
6465
6468
6471
6473
6473
6475
6476
6477
6481
6485
6489
6490
6491
6497
6498
6499
6500
6502
6504
6504
6507
6511
6511
6517
6521
6523
6523
6528
6528
6529
6532
6538
6541
6550
6561
6563
6563
6565
6565
6566
6575
6576
6578
6580
6588
6591
6594
6599
6609
6610
6612
6612
6613
6616
6617
6629
6631
6636
6637
6644
6647
6650
6650
6654
6659
6661
6668
6669
6670
6671
6671
6677
6684
6686
6688
6689
6692
6693
6694
6695
6698
6699
6703
6709
6713
6713
6715
6718
6720
6722
6723
6731
6732
6733
6739
6748
6750
6751
6752
6754
6754
6757
6760
6761
6782
6786
6786
6786
6793
6801
6807
6808
6809
6810
6811
6817
6822
6827
6834
6837
6844
6844
6845
6846
6851
6857
6859
6860
6863
6867
6867
6868
6888
6892
6892
6892
6894
6899
6899
6900
6902
6903
6905
6907
6910
6910
6911
6914
6914
6922
6923
6925
6926
6928
6930
6935
6942
6943
6943
6944
6944
6950
6950
6955
6957
6958
6964
6977
6984
6986
6987
6988
6995
6995
6996
6997
7000
7010
7013
7020
7024
7024
7028
7031
7038
7042
7056
7059
7060
7063
7068
7069
7076
7077
7077
7082
7083
7085
7091
7091
7102
7105
7105
7111
7113
7113
7114
7115
7120
7124
7130
7132
7132
7134
7142
7142
7144
7148
7148
7149
7154
7154
7165
7174
7176
7180
7189
7189
7192
7193
7193
7195
7195
7200
7207
7207
7214
7216
7219
7221
7221
7227
7229
7231
7233
7234
7238
7246
7246
7248
7249
7255
7256
7257
7270
7274
7275
7279
7285
7288
7288
7289
7289
7290
7291
7296
7298
7299
7299
7305
7313
7319
7321
7321
7324
7329
7330
7331
7332
7332
7339
7340
7342
7342
7346
7358
7360
7364
7369
7369
7371
7373
7374
7387
7398
7410
7413
7413
7417
7420
7429
7431
7432
7433
7437
7438
7450
7451
7453
7455
7458
7461
7464
7465
7466
7468
7468
7469
7471
7471
7476
7477
7478
7479
7484
7485
7488
7490
7495
7498
7507
7508
7510
7511
7519
7525
7530
7533
7533
7539
7552
7552
7554
7563
7567
7568
7570
7571
7578
7585
7586
7588
7591
7594
7595
7596
7600
7605
7607
7612
7622
7627
7628
7630
7635
7641
7652
7657
7659
7659
7660
7660
7660
7662
7663
7667
7668
7669
7674
7676
7681
7682
7689
7690
7691
7691
7692
7696
7701
7705
7707
7708
7709
7713
7715
7716
7718
7719
7724
7725
7728
7729
7735
7735
7739
7742
7744
7746
7754
7755
7756
7757
7760
7761
7766
7775
7779
7783
7786
7789
7790
7803
7805
7809
7815
7817
7820
7820
7830
7836
7837
7840
7842
7847
7859
7859
7859
7861
7870
7871
7873
7874
7881
7882
7884
7886
7886
7888
7911
7912
7912
7914
7915
7919
7922
7923
7924
7924
7925
7925
7931
7939
7941
7957
7966
7967
7968
7969
7971
7971
7972
7981
7981
7986
7990
7997
8002
8004
8005
8006
8011
8012
8014
8017
8022
8028
8029
8032
8047
8051
8054
8060
8062
8063
8063
8068
8068
8074
8075
8080
8084
8085
8095
8095
8097
8098
8101
8102
8103
8111
8119
8128
8128
8130
8132
8132
8134
8137
8141
8148
8148
8150
8153
8155
8157
8160
8160
8161
8164
8164
8175
8186
8190
8195
8201
8221
8222
8240
8240
8245
8257
8257
8262
8263
8265
8272
8272
8277
8279
8280
8281
8281
8286
8287
8288
8290
8291
8292
8293
8294
8295
8295
8296
8299
8299
8305
8306
8307
8308
8313
8316
8317
8318
8319
8320
8323
8323
8326
8332
8334
8342
8343
8344
8346
8348
8348
8349
8350
8354
8354
8355
8355
8356
8357
8358
8361
8364
8375
8375
8377
8378
8382
8392
8394
8400
8401
8408
8411
8414
8414
8417
8422
8424
8430
8431
8433
8433
8437
8438
8438
8439
8442
8443
8452
8455
8457
8458
8458
8464
8465
8465
8470
8473
8479
8485
8487
8489
8497
8505
8506
8523
8537
8537
8538
8542
8544
8551
8553
8555
8560
8569
8571
8578
8579
8581
8585
8593
8599
8602
8609
8612
8613
8614
8616
8631
8636
8639
8644
8646
8649
8652
8653
8662
8663
8664
8684
8687
8687
8688
8688
8690
8692
8692
8694
8701
8702
8717
8717
8717
8718
8721
8728
8731
8732
8736
8739
8741
8745
8752
8757
8759
8764
8766
8767
8770
8771
8771
8774
8775
8775
8778
8779
8785
8795
8800
8801
8802
8804
8809
8814
8815
8817
8817
8818
8819
8835
8837
8838
8844
8846
8847
8856
8860
8861
8864
8865
8866
8867
8872
8875
8875
8877
8880
8880
8880
8884
8884
8885
8889
8890
8896
8897
8902
8905
8906
8906
8912
8914
8919
8926
8926
8930
8934
8934
8939
8941
8952
8954
8958
8960
8961
8962
8963
8965
8969
8973
8973
8977
8983
8984
8990
8995
8995
9006
9010
9015
9016
9017
9020
9022
9024
9025
9031
9032
9034
9036
9037
9041
9048
9050
9053
9056
9056
9059
9060
9060
9063
9066
9067
9072
9072
9074
9076
9079
9079
9086
9091
9096
9101
9103
9105
9108
9109
9109
9116
9116
9117
9118
9121
9121
9124
9125
9131
9131
9132
9133
9133
9133
9134
9136
9136
9145
9161
9168
9183
9185
9186
9186
9186
9187
9190
9216
9224
9228
9236
9237
9238
9240
9242
9243
9248
9256
9262
9264
9268
9271
9272
9277
9278
9285
9290
9290
9292
9299
9300
9301
9302
9308
9311
9313
9314
9314
9315
9321
9322
9327
9332
9335
9335
9341
9342
9343
9354
9354
9359
9361
9373
9376
9376
9378
9382
9383
9386
9387
9391
9392
9396
9396
9399
9403
9403
9407
9409
9411
9413
9415
9418
9426
9427
9430
9433
9439
9440
9445
9448
9450
9453
9453
9457
9464
9465
9468
9469
9473
9481
9481
9481
9482
9484
9485
9488
9489
9490
9494
9494
9494
9495
9499
9501
9512
9519
9520
9520
9523
9539
9540
9541
9542
9543
9544
9545
9548
9549
9554
9559
9560
9563
9563
9568
9568
9572
9575
9576
9583
9584
9589
9589
9591
9592
9593
9594
9597
9603
9610
9613
9613
9617
9627
9634
9640
9640
9643
9645
9645
9646
9653
9656
9659
9667
9668
9673
9676
9682
9691
9692
9692
9694
9694
9696
9698
9701
9706
9707
9711
9712
9716
9722
9731
9732
9732
9734
9739
9742
9743
9748
9748
9748
9749
9749
9753
9764
9764
9764
9768
9772
9773
9779
9786
9788
9790
9792
9798
9800
9807
9811
9814
9817
9817
9819
9822
9827
9830
9833
9836
9848
9849
9849
9857
9858
9860
9861
9862
9865
9870
9870
9875
9876
9876
9884
9886
9889
9891
9904
9905
9910
9915
9915
9920
9922
9922
9929
9930
9932
9933
9936
9939
9949
9951
9963
9963
9965
9965
9966
9967
9972
9976
9988
9989
9990
9995
9996
9996
9998
9998
10002
10004
10008
10014
10014
10021
10022
10023
10024
10028
10029
10030
10035
10037
10037
10040
10041
10043
10047
10048
10052
10054
10055
10056
10058
10063
10063
10066
10071
10072
10072
10075
10077
10079
10085
10086
10089
10098
10098
10103
10104
10105
10113
10116
10122
10124
10133
10133
10134
10134
10136
10137
10141
10150
10151
10155
10156
10160
10161
10162
10162
10171
10179
10186
10188
10189
10189
10193
10198
10200
10203
10204
10205
10208
10211
10212
10222
10223
10225
10228
10230
10233
10235
10241
10242
10243
10245
10245
10258
10261
10262
10262
10263
10263
10266
10266
10266
10267
10269
10270
10271
10272
10273
10276
10282
10288
10291
10293
10294
10301
10301
10302
10306
10309
10314
10314
10318
10323
10324
10326
10332
10336
10345
10349
10349
10352
10354
10355
10358
10360
10362
10365
10373
10376
10376
10380
10387
10388
10389
10391
10394
10398
10399
10402
10402
10404
10408
10420
10427
10433
10434
10434
10434
10435
10442
10443
10443
10445
10450
10455
10457
10468
10470
10474
10474
10480
10481
10488
10488
10492
10495
10495
10496
10497
10501
10504
10505
10509
10509
10515
10516
10521
10521
10522
10522
10523
10532
10535
10535
10541
10547
10548
10553
10553
10554
10556
10557
10558
10562
10566
10567
10570
10572
10580
10582
10584
10587
10601
10615
10617
10620
10622
10625
10625
10627
10628
10629
10630
10635
10638
10639
10647
10648
10652
10652
10662
10672
10676
10683
10687
10698
10699
10699
10699
10700
10706
10708
10711
10711
10712
10715
10728
10730
10735
10739
10740
10740
10743
10746
10747
10752
10760
10762
10763
10769
10769
10773
10773
10783
10787
10787
10791
10792
10793
10796
10801
10812
10830
10830
10834
10836
10836
10837
10838
10839
10840
10841
10842
10842
10847
10848
10848
10849
10852
10853
10854
10858
10859
10860
10865
10873
10875
10876
10878
10880
10880
10881
10886
10889
10891
10899
10899
10907
10909
10910
10914
10914
10916
10918
10921
10924
10925
10925
10933
10933
10944
10945
10948
10951
10952
10954
10956
10957
10963
10972
10973
10976
10982
10984
10989
10992
10999
11001
11004
11006
11008
11008
11009
11010
11015
11027
11029
11033
11035
11037
11041
11061
11066
11066
11067
11068
11071
11072
11076
11077
11077
11085
11085
11086
11094
11094
11100
11106
11112
11121
11131
11135
11136
11140
11141
11145
11152
11156
11158
11160
11161
11162
11163
11165
11165
11169
11172
11174
11178
11179
11179
11183
11184
11185
11191
11192
11196
11198
11200
11202
11205
11206
11206
11211
11211
11215
11216
11216
11219
11220
11221
11230
11230
11234
11235
11235
11244
11245
11255
11256
11262
11263
11263
11267
11269
11271
11273
11274
11275
11276
11277
11278
11279
11281
11286
11286
11296
11302
11302
11305
11312
11314
11316
11316
11319
11333
11333
11337
11338
11339
11340
11348
11350
11351
11355
11358
11359
11363
11364
11366
11373
11376
11377
11388
11393
11404
11412
11420
11422
11423
11423
11427
11434
11439
11440
11443
11444
11449
11450
11456
11462
11469
11470
11478
11481
11484
11485
11487
11489
11493
11498
11506
11516
11520
11530
11530
11539
11554
11554
11559
11562
11565
11572
11573
11581
11583
11586
11588
11591
11591
11601
11612
11613
11614
11616
11617
11617
11630
11634
11637
11641
11645
11648
11652
11653
11660
11660
11662
11663
11666
11673
11678
11680
11687
11687
11699
11703
11703
11705
11712
11713
11713
11716
11718
11721
11722
11726
11727
11728
11728
11729
11740
11743
11746
11755
11756
11759
11759
11766
11768
11773
11774
11778
11778
11781
11781
11784
11789
11791
11796
11802
11804
11807
11807
11817
11820
11827
11835
11836
11837
11842
11851
11852
11853
11853
11856
11857
11860
11861
11865
11872
11875
11879
11881
11881
11886
11894
11897
11903
11906
11909
11916
11922
11928
11928
11933
11943
11943
11951
11958
11960
11960
11966
11969
11971
11976
11977
11978
11983
11985
11991
12001
12002
12007
12012
12028
12037
12040
12041
12042
12044
12046
12046
12053
12054
12057
12058
12062
12064
12066
12066
12070
12073
12076
12081
12086
12087
12089
12090
12091
12094
12096
12101
12103
12103
12105
12105
12107
12112
12112
12113
12116
12118
12122
12124
12124
12126
12132
12133
12138
12139
12142
12144
12147
12156
12157
12163
12170
12173
12177
12179
12180
12184
12189
12189
12191
12191
12192
12198
12198
12199
12200
12204
12206
12207
12209
12211
12215
12218
12219
12221
12224
12227
12232
12235
12243
12244
12246
12248
12252
12254
12254
12256
12256
12261
12269
12270
12270
12275
12275
12275
12277
12285
12286
12287
12293
12295
12295
12302
12302
12306
12307
12309
12316
12319
12322
12329
12336
12346
12347
12348
12357
12358
12371
12373
12373
12375
12376
12381
12388
12391
12392
12401
12407
12408
12409
12409
12411
12415
12416
12416
12421
12421
12424
12424
12430
12432
12438
12444
12444
12445
12448
12449
12451
12453
12454
12457
12459
12460
12463
12467
12468
12473
12481
12482
12486
12491
12491
12497
12498
12499
12500
12502
12502
12509
12513
12513
12520
12520
12522
12524
12527
12529
12541
12542
12546
12546
12554
12557
12561
12563
12565
12566
12569
12589
12596
12596
12598
12599
12600
12605
12608
12609
12611
12611
12614
12618
12622
12625
12626
12632
12633
12636
12637
12641
12643
12644
12645
12648
12650
12656
12657
12657
12672
12675
12675
12676
12677
12678
12679
12682
12684
12688
12688
12689
12690
12691
12699
12707
12707
12708
12716
12717
12720
12723
12724
12725
12732
12735
12737
12737
12743
12745
12749
12750
12751
12752
12763
12783
12794
12795
12796
12796
12797
12803
12803
12807
12810
12811
12813
12813
12815
12816
12816
12818
12823
12823
12828
12831
12832
12837
12840
12842
12846
12848
12850
12850
12854
12854
12859
12860
12865
12871
12875
12878
12881
12884
12888
12888
12889
12891
12892
12898
12900
12900
12903
12906
12909
12917
12931
12932
12935
12938
12940
12947
12949
12954
12956
12956
12960
12963
12971
12975
12976
12978
12978
12988
12992
12992
12993
12993
12994
12996
13004
13005
13013
13013
13015
13016
13018
13020
13029
13035
13035
13037
13049
13052
13058
13067
13068
13074
13074
13075
13075
13078
13083
13084
13085
13096
13097
13099
13102
13103
13106
13108
13110
13110
13110
13111
13116
13118
13118
13118
13121
13123
13133
13136
13136
13136
13146
13150
13152
13159
13160
13161
13162
13164
13166
13167
13173
13174
13176
13180
13181
13185
13194
13194
13196
13198
13198
13204
13206
13213
13218
13236
13244
13249
13250
13253
13256
13257
13258
13258
13258
13261
13263
13266
13267
13267
13276
13278
13281
13283
13289
13290
13292
13296
13298
13308
13310
13311
13311
13312
13313
13314
13316
13317
13322
13324
13326
13327
13332
13332
13332
13335
13340
13343
13344
13345
13348
13362
13362
13370
13378
13384
13391
13393
13401
13404
13404
13407
13409
13417
13417
13417
13419
13421
13426
13428
13432
13432
13433
13439
13440
13442
13444
13445
13445
13451
13451
13452
13455
13463
13469
13469
13471
13477
13483
13487
13494
13495
13499
13500
13504
13506
13508
13513
13514
13517
13520
13520
13521
13523
13524
13525
13526
13532
13533
13538
13540
13550
13551
13555
13564
13566
13566
13568
13573
13575
13586
13586
13589
13593
13595
13596
13596
13596
13598
13598
13604
13605
13608
13611
13612
13612
13619
13620
13630
13634
13643
13643
13646
13646
13663
13665
13666
13666
13667
13669
13671
13672
13673
13675
13676
13677
13678
13678
13682
13691
13693
13704
13704
13705
13705
13706
13710
13711
13713
13714
13714
13720
13724
13725
13734
13738
13739
13742
13748
13750
13752
13753
13755
13759
13759
13760
13761
13763
13765
13770
13771
13792
13792
13793
13796
13797
13801
13812
13812
13829
13832
13833
13834
13835
13835
13836
13837
13839
13842
13844
13845
13847
13850
13854
13857
13862
13863
13864
13867
13876
13891
13893
13898
13898
13899
13903
13905
13914
13928
13928
13930
13931
13935
13940
13940
13940
13943
13953
13963
13977
13978
13980
13981
13982
13982
13984
13984
13985
13986
13986
13987
13988
13990
14004
14006
14017
14021
14022
14029
14032
14032
14035
14036
14046
14053
14054
14055
14060
14063
14064
14064
14066
14067
14067
14071
14073
14075
14079
14082
14083
14085
14088
14089
14090
14092
14092
14099
14111
14111
14120
14123
14124
14125
14128
14129
14130
14136
14146
14148
14149
14150
14153
14154
14157
14157
14158
14159
14164
14166
14168
14169
14174
14175
14186
14191
14191
14195
14208
14211
14224
14226
14226
14231
14234
14247
14247
14250
14250
14254
14258
14261
14271
14275
14279
14283
14284
14286
14287
14291
14291
14292
14299
14299
14302
14302
14303
14304
14304
14311
14315
14316
14324
14327
14329
14334
14335
14338
14341
14343
14351
14353
14353
14354
14356
14356
14359
14365
14370
14372
14374
14375
14382
14382
14385
14387
14393
14393
14394
14396
14399
14405
14405
14405
14406
14406
14417
14419
14423
14431
14433
14433
14433
14434
14434
14434
14447
14448
14449
14450
14451
14453
14457
14462
14463
14473
14474
14476
14481
14492
14496
14496
14497
14498
14499
14499
14505
14507
14514
14521
14521
14538
14543
14545
14547
14549
14549
14550
14552
14555
14567
14576
14576
14577
14581
14582
14586
14589
14589
14590
14599
14601
14601
14601
14613
14615
14617
14621
14622
14624
14627
14632
14636
14638
14664
14666
14675
14675
14676
14677
14683
14688
14695
14696
14696
14697
14699
14701
14702
14703
14707
14707
14708
14709
14710
14711
14712
14713
14716
14720
14726
14727
14731
14732
14733
14735
14737
14737
14739
14741
14741
14743
14745
14746
14747
14748
14749
14752
14753
14753
14754
14759
14760
14761
14769
14770
14772
14772
14777
14781
14782
14785
14793
14795
14796
14798
14800
14801
14803
14803
14804
14807
14810
14812
14814
14814
14815
14816
14828
14829
14834
14840
14850
14854
14855
14881
14883
14885
14907
14913
14914
14921
14922
14926
14927
14932
14940
14944
14946
14949
14950
14951
14955
14956
14958
14962
14962
14964
14965
14969
14976
14980
14980
14986
14986
14996
14997
14998
15002
15009
15012
15017
15021
15021
15022
15023
15033
15038
15042
15044
15061
15061
15063
15067
15068
15068
15072
15074
15081
15081
15083
15083
15086
15091
15091
15101
15106
15108
15109
15114
15118
15127
15129
15133
15134
15138
15143
15144
15145
15146
15147
15157
15159
15160
15164
15169
15190
15195
15198
15203
15205
15207
15211
15214
15216
15217
15217
15219
15220
15220
15222
15226
15231
15232
15237
15239
15242
15245
15256
15261
15265
15267
15268
15270
15271
15272
15280
15281
15283
15286
15287
15288
15290
15296
15297
15298
15300
15306
15308
15312
15313
15314
15316
15319
15332
15334
15335
15336
15336
15338
15338
15339
15340
15342
15345
15346
15352
15354
15354
15355
15357
15359
15360
15364
15366
15376
15377
15391
15392
15394
15394
15394
15395
15395
15398
15404
15407
15414
15414
15415
15417
15418
15423
15423
15424
15424
15427
15436
15436
15437
15446
15450
15452
15454
15457
15458
15460
15461
15468
15471
15474
15475
15482
15502
15504
15507
15508
15510
15512
15514
15520
15520
15521
15522
15522
15527
15529
15531
15533
15539
15557
15559
15564
15564
15568
15568
15574
15575
15579
15586
15587
15590
15593
15594
15610
15613
15619
15624
15625
15627
15628
15638
15638
15638
15640
15641
15643
15644
15647
15653
15655
15656
15659
15662
15663
15663
15664
15671
15674
15677
15678
15680
15688
15688
15689
15691
15699
15699
15706
15708
15709
15712
15716
15718
15724
15727
15734
15738
15751
15754
15759
15759
15764
15768
15771
15771
15776
15781
15785
15787
15788
15789
15790
15791
15791
15792
15798
15807
15811
15815
15816
15822
15823
15825
15832
15836
15839
15841
15842
15844
15851
15854
15857
15859
15861
15862
15863
15864
15865
15867
15868
15868
15879
15880
15890
15892
15892
15894
15896
15897
15900
15901
15906
15914
15916
15918
15919
15928
15932
15937
15939
15942
15942
15943
15945
15948
15949
15952
15954
15955
15958
15963
15966
15967
15973
15976
15986
15987
15999
16003
16005
16005
16012
16014
16018
16018
16022
16022
16028
16029
16029
16036
16036
16036
16043
16050
16056
16065
16067
16068
16068
16082
16083
16085
16085
16097
16099
16102
16105
16116
16117
16117
16125
16129
16132
16133
16141
16146
16151
16154
16156
16158
16162
16162
16164
16165
16167
16168
16173
16186
16187
16188
16193
16196
16203
16203
16210
16213
16215
16216
16217
16218
16218
16219
16219
16219
16221
16225
16236
16244
16248
16251
16253
16258
16262
16265
16266
16272
16274
16276
16281
16282
16285
16288
16303
16304
16310
16310
16311
16314
16315
16316
16321
16323
16325
16326
16329
16335
16349
16351
16354
16355
16356
16356
16356
16358
16364
16366
16367
16368
16372
16376
16377
16379
16380
16384
16385
16385
16386
16388
16392
16396
16397
16401
16404
16410
16418
16420
16420
16423
16431
16439
16442
16443
16443
16447
16448
16448
16461
16463
16463
16465
16466
16466
16478
16482
16483
16488
16490
16493
16493
16495
16495
16507
16508
16517
16518
16521
16522
16522
16526
16526
16530
16532
16543
16548
16558
16559
16562
16566
16570
16570
16570
16571
16571
16581
16581
16583
16583
16583
16584
16586
16592
16593
16598
16599
16600
16608
16608
16610
16614
16624
16625
16633
16634
16635
16636
16643
16648
16648
16650
16659
16664
16666
16673
16676
16682
16695
16696
16706
16708
16711
16713
16722
16722
16723
16730
16737
16737
16738
16738
16746
16748
16752
16759
16763
16766
16770
16772
16777
16786
16788
16789
16794
16796
16799
16802
16806
16808
16808
16809
16812
16820
16832
16834
16836
16840
16842
16846
16846
16846
16847
16847
16849
16854
16856
16861
16861
16862
16863
16865
16873
16875
16877
16879
16879
16881
16887
16892
16892
16896
16897
16898
16903
16907
16908
16914
16915
16918
16920
16922
16923
16925
16926
16926
16926
16933
16933
16934
16934
16940
16941
16942
16947
16949
16950
16950
16953
16958
16958
16960
16961
16961
16967
16969
16981
16982
16992
16997
16997
17003
17005
17006
17009
17016
17018
17019
17024
17026
17030
17030
17039
17047
17050
17051
17053
17059
17063
17067
17069
17075
17077
17082
17082
17089
17090
17091
17098
17101
17101
17102
17103
17108
17112
17113
17113
17115
17121
17123
17124
17127
17134
17134
17134
17139
17142
17148
17153
17154
17154
17155
17155
17162
17162
17168
17173
17176
17176
17181
17186
17190
17191
17194
17195
17198
17201
17203
17211
17212
17217
17219
17221
17223
17227
17229
17231
17237
17243
17243
17253
17253
17254
17255
17262
17262
17263
17265
17267
17272
17276
17276
17284
17293
17294
17295
17295
17295
17301
17301
17301
17306
17306
17307
17307
17309
17310
17311
17311
17311
17314
17322
17322
17322
17325
17334
17337
17342
17348
17353
17362
17370
17385
17392
17394
17396
17399
17407
17408
17408
17411
17413
17416
17416
17419
17430
17438
17438
17439
17441
17446
17449
17451
17454
17457
17461
17462
17463
17473
17474
17475
17475
17477
17495
17498
17503
17506
17506
17509
17511
17513
17519
17522
17525
17528
17531
17538
17543
17552
17556
17558
17559
17560
17563
17570
17572
17572
17572
17574
17574
17578
17582
17586
17595
17596
17596
17598
17602
17608
17610
17611
17614
17614
17621
17624
17637
17643
17646
17650
17652
17654
17654
17662
17664
17666
17671
17675
17676
17679
17680
17684
17685
17699
17701
17701
17701
17703
17716
17720
17732
17738
17738
17739
17740
17741
17753
17761
17767
17773
17777
17779
17780
17783
17785
17787
17791
17791
17792
17795
17796
17798
17809
17812
17812
17820
17836
17838
17841
17841
17842
17849
17855
17858
17860
17862
17865
17866
17872
17873
17876
17880
17882
17883
17884
17887
17888
17897
17903
17905
17909
17910
17917
17919
17924
17924
17924
17926
17931
17938
17941
17941
17943
17946
17946
17951
17952
17952
17953
17955
17957
17958
17959
17962
17974
17975
17975
17980
17983
17995
17996
17998
17999
17999
18002
18004
18006
18006
18008
18010
18013
18017
18019
18022
18023
18023
18025
18031
18043
18044
18044
18053
18055
18055
18064
18069
18070
18072
18081
18086
18092
18098
18101
18104
18108
18111
18112
18112
18113
18118
18119
18138
18142
18145
18152
18153
18170
18171
18173
18176
18176
18180
18181
18181
18182
18196
18197
18198
18201
18204
18205
18208
18210
18211
18213
18213
18215
18216
18221
18224
18231
18240
18241
18243
18243
18245
18248
18248
18252
18254
18260
18261
18268
18271
18272
18275
18279
18290
18294
18296
18297
18298
18308
18311
18315
18317
18322
18323
18325
18329
18334
18335
18344
18345
18351
18352
18356
18357
18358
18361
18363
18363
18365
18365
18368
18374
18376
18382
18387
18389
18391
18394
18396
18400
18407
18411
18423
18424
18426
18437
18439
18442
18443
18444
18444
18444
18445
18445
18448
18455
18467
18467
18467
18472
18474
18476
18478
18479
18490
18493
18493
18497
18497
18499
18500
18503
18503
18507
18508
18508
18511
18514
18520
18527
18528
18530
18534
18541
18541
18542
18551
18551
18551
18554
18560
18562
18564
18571
18571
18572
18575
18577
18578
18580
18583
18584
18584
18591
18592
18606
18612
18617
18618
18620
18622
18622
18628
18639
18641
18642
18643
18644
18651
18652
18652
18653
18658
18659
18662
18662
18671
18686
18691
18693
18697
18704
18710
18710
18712
18715
18729
18732
18735
18737
18739
18745
18745
18750
18756
18763
18766
18768
18768
18770
18782
18783
18787
18796
18796
18796
18803
18803
18806
18807
18808
18810
18811
18817
18817
18822
18824
18829
18830
18837
18840
18846
18846
18851
18858
18865
18866
18869
18869
18870
18870
18872
18901
18903
18903
18906
18906
18922
18926
18935
18939
18941
18943
18950
18950
18953
18954
18956
18960
18963
18966
18967
18976
18976
18983
18986
18991
18997
18998
19000
19000
19004
19007
19008
19009
19017
19027
19027
19028
19035
19041
19044
19045
19046
19047
19053
19061
19065
19067
19070
19074
19077
19079
19079
19081
19084
19088
19091
19092
19093
19093
19094
19097
19099
19099
19101
19102
19102
19103
19105
19105
19107
19107
19114
19115
19116
19116
19117
19118
19120
19121
19124
19129
19132
19133
19135
19141
19141
19146
19159
19159
19164
19165
19170
19172
19185
19189
19190
19191
19196
19197
19201
19202
19211
19219
19222
19223
19224
19231
19235
19235
19242
19243
19244
19245
19245
19245
19257
19259
19262
19264
19273
19274
19274
19275
19288
19291
19294
19297
19297
19299
19302
19303
19306
19310
19316
19318
19323
19325
19325
19325
19327
19330
19331
19334
19337
19341
19341
19346
19346
19349
19349
19350
19355
19364
19366
19372
19378
19383
19396
19397
19401
19401
19401
19403
19408
19409
19413
19414
19417
19422
19424
19425
19435
19435
19438
19439
19445
19445
19456
19465
19466
19468
19473
19484
19489
19494
19503
19509
19512
19513
19513
19530
19532
19542
19543
19544
19544
19546
19547
19547
19548
19550
19552
19554
19555
19559
19561
19563
19570
19571
19574
19576
19589
19591
19593
19593
19593
19597
19600
19608
19609
19609
19612
19613
19615
19619
19620
19620
19624
19626
19629
19629
19632
19638
19639
19653
19660
19668
19671
19673
19680
19683
19685
19686
19687
19690
19690
19691
19695
19695
19699
19706
19708
19711
19714
19722
19730
19730
19732
19735
19736
19737
19738
19740
19742
19743
19745
19746
19749
19750
19753
19759
19760
19773
19773
19773
19779
19792
19793
19801
19820
19822
19825
19825
19825
19831
19842
19844
19844
19845
19851
19855
19855
19857
19861
19861
19863
19864
19871
19877
19878
19880
19882
19882
19888
19897
19900
19901
19902
19904
19908
19909
19913
19915
19915
19915
19918
19921
19923
19925
19926
19926
19927
19937
19951
19952
19955
19957
19958
19966
19971
19974
19976
19980
19986
19990
20003
20004
20011
20015
20016
20021
20028
20030
20036
20045
20048
20054
20055
20057
20057
20058
20060
20062
20063
20078
20079
20082
20084
20084
20089
20091
20093
20099
20102
20104
20105
20108
20110
20112
20113
20116
20125
20130
20135
20140
20142
20144
20155
20168
20169
20170
20187
20200
20202
20205
20205
20208
20209
20212
20213
20216
20219
20224
20232
20234
20238
20252
20254
20267
20274
20279
20282
20285
20286
20287
20291
20293
20295
20299
20302
20305
20306
20307
20309
20309
20311
20317
20317
20325
20326
20328
20329
20334
20336
20341
20342
20345
20346
20347
20347
20351
20356
20357
20370
20371
20372
20377
20382
20383
20383
20383
20384
20391
20398
20401
20401
20406
20412
20414
20415
20416
20418
20418
20419
20422
20422
20428
20433
20435
20435
20438
20448
20456
20463
20463
20463
20470
20471
20478
20479
20480
20485
20486
20489
20489
20491
20494
20496
20497
20505
20513
20513
20516
20517
20518
20520
20528
20529
20530
20535
20538
20541
20544
20545
20549
20549
20551
20552
20555
20557
20565
20567
20567
20574
20576
20582
20582
20583
20584
20595
20601
20602
20604
20609
20612
20612
20613
20613
20614
20616
20617
20624
20635
20640
20641
20643
20645
20646
20647
20649
20650
20653
20653
20664
20665
20672
20675
20681
20689
20690
20692
20697
20707
20715
20724
20729
20729
20732
20734
20735
20737
20750
20755
20755
20757
20760
20761
20762
20767
20770
20771
20773
20774
20775
20777
20780
20783
20783
20788
20789
20790
20792
20803
20807
20808
20811
20816
20820
20820
20825
20835
20836
20837
20844
20844
20854
20858
20859
20865
20866
20869
20871
20874
20875
20878
20879
20880
20889
20890
20891
20900
20908
20914
20918
20920
20924
20927
20929
20930
20932
20936
20940
20943
20946
20948
20954
20955
20957
20961
20961
20961
20965
20971
20974
20981
20982
20990
20996
20997
20997
21003
21003
21004
21008
21026
21031
21035
21036
21036
21037
21037
21038
21042
21044
21054
21055
21056
21061
21064
21065
21070
21075
21081
21099
21103
21103
21111
21117
21125
21128
21128
21131
21135
21135
21138
21138
21139
21141
21145
21145
21146
21147
21150
21156
21160
21161
21166
21169
21170
21171
21171
21173
21177
21181
21187
21189
21191
21192
21193
21200
21200
21205
21205
21205
21208
21211
21211
21218
21219
21222
21226
21227
21231
21233
21233
21234
21253
21253
21262
21263
21277
21282
21283
21283
21287
21288
21296
21301
21306
21306
21307
21310
21320
21323
21324
21324
21327
21332
21336
21338
21340
21342
21343
21344
21345
21347
21350
21352
21353
21353
21360
21363
21363
21364
21369
21372
21372
21373
21374
21376
21377
21379
21380
21382
21388
21389
21391
21392
21392
21393
21394
21395
21397
21403
21404
21405
21408
21416
21422
21423
21428
21441
21443
21449
21451
21452
21454
21455
21459
21460
21461
21472
21477
21477
21483
21488
21494
21498
21507
21507
21508
21510
21514
21516
21516
21528
21532
21535
21536
21536
21542
21543
21545
21550
21554
21556
21556
21557
21559
21559
21565
21568
21568
21574
21575
21579
21582
21586
21587
21605
21607
21610
21613
21613
21617
21620
21621
21625
21628
21635
21637
21643
21643
21645
21654
21660
21661
21671
21672
21674
21674
21684
21689
21689
21694
21700
21700
21706
21706
21710
21714
21716
21720
21722
21729
21740
21741
21746
21749
21753
21756
21760
21762
21764
21766
21779
21790
21790
21791
21792
21793
21795
21795
21809
21810
21812
21814
21819
21824
21828
21834
21839
21842
21852
21863
21866
21868
21869
21870
21872
21874
21874
21877
21878
21880
21885
21885
21885
21885
21899
21899
21904
21915
21920
21921
21925
21926
21928
21929
21933
21933
21936
21938
21940
21940
21943
21945
21949
21950
21951
21952
21953
21961
21963
21970
21970
21971
21974
21980
21980
21981
21982
21995
22000
22002
22005
22007
22008
22013
22015
22021
22022
22026
22033
22036
22040
22041
22044
22045
22045
22050
22053
22053
22059
22061
22065
22069
22070
22074
22076
22078
22085
22085
22086
22089
22106
22113
22114
22115
22118
22124
22135
22138
22139
22139
22141
22146
22146
22147
22149
22150
22153
22162
22164
22165
22166
22167
22170
22171
22173
22184
22185
22185
22188
22192
22202
22202
22203
22203
22207
22208
22223
22223
22225
22225
22227
22229
22231
22231
22232
22238
22246
22247
22248
22250
22258
22260
22262
22266
22274
22284
22290
22293
22293
22295
22297
22302
22320
22321
22322
22325
22327
22329
22331
22333
22345
22352
22353
22357
22366
22368
22378
22380
22381
22382
22383
22388
22389
22395
22406
22408
22409
22410
22411
22416
22417
22417
22421
22423
22426
22427
22430
22436
22439
22441
22446
22447
22452
22455
22455
22457
22458
22458
22467
22467
22472
22475
22477
22477
22487
22487
22497
22503
22506
22507
22508
22508
22509
22510
22513
22517
22519
22523
22524
22532
22551
22556
22559
22559
22561
22568
22568
22570
22573
22574
22576
22580
22581
22591
22592
22599
22603
22603
22610
22612
22613
22615
22618
22624
22630
22632
22637
22639
22642
22644
22652
22653
22654
22656
22657
22659
22660
22661
22666
22668
22668
22669
22670
22672
22682
22682
22685
22691
22692
22703
22710
22713
22714
22721
22732
22739
22740
22741
22746
22746
22746
22747
22750
22755
22758
22759
22764
22768
22770
22779
22789
22791
22797
22800
22801
22805
22809
22810
22810
22813
22813
22819
22820
22822
22823
22826
22829
22830
22841
22841
22845
22853
22854
22859
22862
22866
22866
22867
22868
22877
22878
22881
22881
22883
22888
22899
22904
22905
22906
22910
22919
22920
22928
22929
22930
22931
22941
22943
22946
22947
22962
22965
22967
22968
22968
22973
22977
22978
22984
22985
22988
23002
23007
23012
23012
23014
23016
23026
23032
23034
23037
23039
23040
23045
23058
23060
23063
23068
23069
23072
23073
23079
23081
23082
23089
23093
23094
23098
23105
23106
23109
23118
23122
23125
23128
23130
23131
23135
23138
23139
23142
23145
23167
23167
23171
23174
23175
23183
23187
23190
23192
23202
23203
23204
23211
23226
23233
23233
23240
23241
23242
23253
23261
23261
23262
23262
23263
23269
23269
23276
23284
23285
23290
23293
23300
23301
23303
23308
23309
23320
23323
23325
23331
23333
23333
23335
23342
23343
23348
23354
23365
23368
23368
23373
23373
23375
23377
23377
23378
23383
23389
23396
23399
23401
23401
23406
23413
23415
23416
23418
23419
23428
23429
23430
23434
23435
23437
23438
23443
23447
23447
23451
23452
23455
23459
23461
23464
23465
23471
23474
23475
23480
23489
23492
23495
23502
23503
23505
23506
23520
23525
23526
23527
23530
23535
23536
23544
23545
23547
23549
23551
23554
23559
23560
23562
23565
23568
23570
23571
23575
23579
23586
23589
23591
23593
23595
23599
23603
23605
23610
23611
23612
23613
23614
23620
23623
23623
23625
23625
23634
23641
23644
23646
23650
23654
23655
23659
23659
23664
23665
23666
23670
23670
23671
23672
23676
23683
23685
23691
23694
23695
23696
23696
23701
23702
23709
23711
23717
23726
23728
23730
23730
23732
23738
23738
23758
23762
23764
23764
23765
23770
23773
23780
23781
23787
23788
23789
23791
23794
23795
23800
23801
23801
23802
23812
23822
23823
23828
23831
23834
23838
23838
23842
23847
23849
23851
23853
23853
23857
23858
23862
23865
23872
23886
23886
23886
23893
23901
23910
23915
23916
23926
23927
23928
23929
23930
23933
23935
23938
23939
23942
23951
23951
23954
23956
23958
23962
23969
23969
23970
23980
23982
23986
23999
24006
24009
24010
24010
24012
24014
24015
24016
24017
24020
24022
24025
24029
24035
24035
24037
24040
24051
24055
24058
24060
24065
24065
24076
24083
24090
24091
24092
24098
24099
24104
24105
24110
24115
24119
24120
24122
24129
24133
24135
24141
24142
24148
24156
24158
24177
24178
24182
24190
24202
24205
24207
24209
24213
24214
24215
24220
24221
24228
24234
24242
24243
24244
24248
24249
24255
24259
24260
24263
24269
24269
24274
24276
24281
24285
24287
24293
24299
24302
24307
24310
24312
24315
24315
24316
24320
24327
24334
24338
24342
24347
24352
24356
24359
24362
24369
24371
24373
24374
24376
24376
24377
24378
24379
24382
24388
24390
24390
24392
24395
24398
24401
24427
24433
24437
24448
24450
24451
24453
24455
24458
24460
24461
24466
24467
24469
24471
24487
24499
24503
24503
24506
24509
24514
24515
24520
24527
24528
24534
24535
24539
24542
24549
24549
24550
24552
24554
24556
24557
24558
24562
24564
24568
24569
24571
24575
24584
24584
24586
24601
24601
24603
24608
24612
24632
24645
24649
24651
24666
24667
24669
24672
24673
24676
24681
24683
24686
24686
24687
24689
24690
24694
24697
24697
24697
24699
24700
24702
24703
24705
24707
24711
24713
24714
24719
24724
24729
24730
24730
24732
24736
24738
24738
24742
24749
24749
24752
24753
24755
24756
24757
24757
24760
24764
24773
24779
24781
24786
24789
24790
24793
24795
24796
24797
24800
24804
24805
24810
24812
24813
24813
24816
24817
24821
24822
24823
24826
24828
24829
24831
24832
24836
24837
24837
24839
24843
24844
24845
24849
24853
24855
24860
24865
24872
24872
24874
24880
24896
24902
24906
24909
24912
24913
24914
24915
24917
24921
24923
24929
24930
24936
24936
24940
24947
24951
24953
24954
24954
24955
24955
24957
24960
24965
24968
24971
24972
24976
24979
24982
24984
24988
24989
24993
24997
25000
25001
25002
25008
25008
25014
25021
25022
25022
25027
25031
25036
25039
25040
25045
25047
25055
25058
25062
25064
25065
25070
25071
25072
25072
25078
25080
25082
25088
25091
25097
25099
25102
25102
25106
25122
25126
25129
25134
25137
25143
25143
25145
25161
25165
25166
25173
25176
25180
25181
25182
25183
25185
25187
25189
25202
25205
25206
25211
25211
25216
25218
25219
25219
25225
25226
25226
25232
25244
25245
25247
25250
25250
25252
25252
25254
25258
25260
25264
25265
25265
25269
25284
25286
25286
25291
25292
25298
25303
25306
25307
25312
25312
25312
25313
25313
25314
25315
25320
25321
25325
25325
25329
25340
25345
25353
25353
25356
25357
25365
25366
25367
25371
25381
25388
25388
25391
25392
25394
25397
25399
25400
25404
25409
25425
25425
25426
25426
25427
25429
25434
25435
25438
25438
25439
25443
25443
25445
25453
25454
25461
25464
25473
25474
25477
25478
25481
25481
25484
25485
25494
25496
25499
25510
25514
25514
25517
25519
25524
25525
25527
25535
25538
25539
25542
25542
25545
25545
25549
25562
25562
25566
25570
25572
25572
25572
25573
25574
25581
25582
25586
25587
25604
25609
25612
25616
25617
25633
25634
25639
25653
25665
25666
25678
25681
25683
25685
25688
25690
25692
25693
25696
25703
25703
25705
25710
25718
25719
25722
25733
25737
25739
25741
25748
25749
25751
25752
25752
25755
25755
25756
25758
25759
25761
25765
25766
25767
25768
25769
25773
25777
25785
25786
25792
25795
25795
25798
25801
25803
25806
25806
25807
25808
25809
25810
25811
25811
25821
25821
25823
25826
25828
25829
25830
25830
25835
25838
25840
25841
25844
25846
25850
25854
25857
25863
25866
25868
25871
25872
25875
25877
25883
25888
25890
25896
25897
25898
25899
25903
25904
25905
25908
25908
25917
25919
25923
25930
25938
25939
25942
25944
25955
25956
25958
25960
25960
25962
25965
25974
25984
25986
25988
25989
25991
25994
25996
25997
26001
26006
26007
26008
26009
26016
26028
26032
26035
26035
26038
26039
26042
26042
26043
26045
26046
26046
26051
26051
26064
26065
26067
26075
26076
26076
26081
26082
26085
26088
26089
26089
26090
26093
26099
26101
26105
26105
26108
26111
26115
26121
26123
26125
26132
26133
26134
26138
26140
26142
26142
26144
26146
26147
26152
26154
26156
26157
26159
26161
26165
26166
26170
26170
26171
26174
26179
26183
26183
26184
26191
26195
26201
26202
26205
26208
26209
26211
26217
26219
26222
26224
26227
26229
26234
26238
26239
26240
26248
26249
26252
26252
26254
26260
26262
26263
26265
26268
26268
26270
26274
26279
26301
26304
26311
26317
26319
26319
26325
26327
26333
26334
26336
26338
26341
26344
26345
26348
26348
26349
26354
26354
26357
26358
26367
26369
26371
26372
26375
26375
26376
26377
26377
26378
26380
26388
26389
26394
26396
26403
26404
26407
26409
26411
26420
26423
26427
26429
26429
26434
26440
26440
26446
26450
26453
26460
26461
26462
26464
26471
26474
26483
26486
26488
26490
26492
26492
26496
26496
26496
26500
26502
26503
26511
26513
26515
26518
26520
26524
26529
26531
26533
26538
26539
26540
26542
26545
26547
26553
26554
26555
26558
26561
26563
26564
26566
26567
26568
26569
26569
26571
26575
26576
26588
26590
26592
26596
26598
26604
26607
26610
26614
26615
26618
26621
26624
26624
26624
26628
26633
26634
26643
26649
26649
26662
26663
26663
26663
26663
26663
26666
26667
26669
26675
26683
26684
26687
26687
26688
26691
26705
26707
26710
26712
26716
26717
26720
26722
26722
26725
26732
26733
26742
26748
26752
26752
26752
26754
26757
26757
26764
26769
26780
26784
26788
26789
26789
26799
26799
26799
26804
26808
26816
26824
26837
26840
26843
26847
26848
26852
26864
26876
26879
26883
26886
26887
26893
26894
26895
26900
26908
26910
26921
26921
26922
26928
26930
26937
26947
26952
26955
26955
26960
26965
26966
26974
26976
26979
26987
26992
26992
26994
27002
27003
27003
27003
27007
27007
27010
27010
27011
27011
27011
27012
27015
27019
27024
27033
27034
27034
27035
27037
27042
27048
27055
27056
27058
27064
27067
27068
27069
27072
27073
27077
27079
27080
27089
27098
27100
27103
27106
27106
27106
27110
27113
27118
27122
27125
27126
27127
27132
27132
27134
27142
27144
27144
27146
27146
27147
27161
27163
27174
27175
27177
27184
27192
27194
27201
27205
27207
27210
27232
27237
27237
27246
27247
27256
27261
27262
27263
27278
27284
27289
27291
27298
27304
27313
27317
27322
27322
27323
27324
27328
27334
27340
27344
27346
27347
27347
27351
27356
27356
27356
27356
27361
27364
27364
27374
27376
27380
27381
27383
27385
27390
27395
27397
27399
27400
27401
27405
27406
27408
27409
27416
27420
27425
27425
27431
27433
27435
27436
27437
27438
27439
27442
27445
27447
27453
27455
27456
27462
27463
27464
27466
27469
27470
27474
27475
27475
27478
27478
27478
27483
27483
27483
27490
27497
27499
27507
27507
27508
27513
27516
27517
27521
27525
27525
27534
27535
27538
27542
27543
27554
27556
27557
27563
27565
27576
27576
27579
27582
27590
27591
27593
27598
27603
27605
27610
27613
27618
27620
27623
27623
27628
27629
27630
27630
27634
27635
27636
27639
27642
27642
27646
27658
27664
27667
27668
27671
27672
27679
27681
27696
27699
27707
27710
27711
27712
27717
27720
27730
27738
27743
27743
27748
27749
27749
27757
27758
27760
27763
27766
27775
27775
27780
27786
27786
27788
27790
27790
27792
27803
27812
27815
27815
27818
27819
27821
27821
27839
27840
27841
27855
27857
27858
27865
27869
27870
27870
27872
27873
27875
27878
27883
27884
27893
27896
27896
27898
27901
27904
27904
27904
27905
27914
27919
27919
27923
27928
27935
27936
27944
27945
27945
27946
27947
27948
27948
27953
27953
27960
27967
27980
27982
27987
27988
27988
27988
27997
27999
28001
28002
28009
28011
28011
28017
28026
28030
28032
28035
28035
28039
28039
28047
28047
28048
28052
28059
28069
28071
28079
28081
28083
28084
28086
28090
28092
28096
28097
28098
28099
28100
28101
28101
28103
28109
28109
28109
28114
28119
28128
28135
28138
28138
28142
28144
28157
28159
28181
28182
28186
28186
28191
28196
28199
28202
28205
28211
28213
28214
28215
28217
28219
28225
28233
28244
28248
28249
28251
28252
28252
28253
28257
28259
28274
28283
28283
28285
28289
28292
28293
28294
28297
28298
28302
28304
28308
28313
28315
28318
28322
28331
28332
28335
28338
28344
28346
28356
28359
28360
28360
28366
28368
28370
28370
28372
28372
28374
28375
28376
28383
28388
28391
28392
28393
28399
28400
28403
28408
28420
28423
28423
28427
28432
28437
28437
28440
28444
28450
28457
28459
28460
28460
28462
28463
28463
28475
28477
28484
28491
28491
28493
28498
28508
28508
28515
28516
28518
28521
28522
28530
28531
28532
28534
28542
28547
28547
28548
28555
28557
28558
28558
28563
28565
28567
28567
28569
28571
28577
28579
28581
28582
28584
28584
28590
28591
28593
28593
28594
28599
28607
28607
28611
28612
28613
28618
28621
28625
28629
28630
28634
28637
28639
28641
28646
28652
28652
28652
28657
28661
28662
28667
28669
28670
28673
28673
28674
28674
28679
28681
28685
28686
28687
28687
28691
28692
28693
28701
28708
28713
28715
28718
28721
28732
28734
28738
28739
28740
28742
28742
28745
28745
28749
28757
28758
28763
28764
28765
28769
28770
28773
28773
28774
28780
28781
28782
28785
28794
28795
28799
28803
28804
28808
28809
28815
28816
28818
28822
28823
28823
28829
28832
28835
28835
28838
28840
28845
28847
28848
28851
28852
28859
28860
28861
28867
28871
28871
28878
28888
28890
28892
28893
28896
28899
28900
28904
28906
28907
28909
28910
28913
28918
28918
28921
28921
28922
28925
28925
28931
28932
28938
28944
28946
28951
28955
28958
28959
28960
28973
28978
28979
28981
28982
28983
28984
28984
28984
28988
28990
28993
28994
28997
29000
29006
29008
29011
29014
29017
29022
29024
29032
29038
29040
29042
29048
29049
29054
29055
29058
29063
29064
29065
29069
29072
29073
29075
29075
29077
29084
29089
29090
29090
29091
29096
29103
29104
29113
29116
29121
29123
29134
29134
29141
29142
29144
29145
29154
29158
29160
29166
29166
29170
29178
29179
29180
29180
29186
29191
29192
29193
29197
29197
29199
29199
29200
29200
29204
29205
29206
29217
29218
29220
29227
29229
29231
29234
29238
29240
29245
29248
29248
29253
29264
29266
29268
29269
29269
29271
29276
29278
29278
29283
29289
29289
29296
29300
29300
29301
29302
29304
29307
29312
29323
29325
29329
29332
29333
29334
29336
29339
29340
29340
29342
29342
29352
29352
29357
29358
29374
29379
29385
29385
29386
29387
29388
29392
29393
29394
29399
29399
29400
29401
29402
29414
29414
29418
29418
29421
29425
29425
29428
29429
29431
29433
29438
29440
29440
29444
29446
29451
29453
29454
29456
29458
29458
29463
29464
29465
29467
29469
29472
29474
29477
29482
29487
29492
29496
29497
29498
29499
29507
29512
29520
29526
29528
29528
29529
29530
29530
29531
29532
29535
29536
29542
29545
29545
29548
29554
29555
29560
29575
29577
29578
29585
29589
29590
29591
29591
29593
29593
29600
29603
29605
29608
29608
29622
29635
29635
29640
29640
29644
29645
29645
29646
29650
29652
29661
29661
29662
29664
29666
29666
29671
29684
29684
29686
29704
29708
29708
29712
29722
29727
29728
29729
29729
29736
29739
29747
29747
29748
29754
29757
29758
29769
29772
29772
29773
29774
29776
29780
29782
29786
29787
29788
29794
29795
29802
29803
29804
29812
29813
29814
29818
29820
29820
29821
29825
29831
29839
29846
29846
29853
29853
29855
29858
29862
29878
29884
29884
29888
29892
29894
29898
29902
29915
29919
29922
29922
29923
29927
29929
29931
29935
29939
29944
29948
29955
29956
29957
29958
29973
29974
29977
29980
29983
29984
29984
29987
29990
29992
29997
30000
30000
30001
30007
30008
30010
30023
30028
30033
30034
30039
30040
30041
30043
30047
30050
30057
30059
30060
30066
30068
30068
30074
30075
30077
30077
30078
30079
30082
30084
30089
30090
30098
30098
30104
30114
30116
30117
30124
30126
30138
30144
30151
30155
30157
30157
30158
30164
30165
30172
30177
30181
30184
30185
30187
30193
30195
30207
30209
30210
30218
30220
30220
30225
30226
30227
30231
30231
30235
30237
30237
30239
30241
30244
30244
30247
30248
30248
30251
30253
30260
30261
30263
30267
30270
30271
30272
30283
30286
30289
30290
30291
30295
30300
30312
30315
30316
30316
30318
30321
30323
30330
30330
30331
30336
30341
30341
30344
30346
30349
30350
30350
30358
30363
30366
30370
30371
30378
30381
30391
30395
30401
30401
30405
30406
30409
30414
30416
30420
30420
30421
30423
30425
30426
30426
30429
30432
30433
30442
30445
30451
30455
30456
30462
30465
30466
30474
30476
30481
30482
30482
30484
30486
30490
30491
30496
30498
30500
30502
30512
30513
30521
30521
30524
30539
30542
30546
30547
30550
30553
30553
30555
30559
30561
30561
30563
30567
30570
30572
30576
30576
30590
30591
30592
30596
30596
30603
30605
30608
30615
30615
30617
30621
30622
30633
30640
30648
30650
30659
30665
30665
30672
30677
30685
30691
30691
30701
30701
30706
30707
30709
30709
30710
30711
30714
30715
30729
30731
30737
30738
30746
30747
30758
30760
30761
30762
30762
30766
30766
30770
30771
30773
30775
30776
30777
30777
30780
30782
30783
30784
30786
30790
30791
30795
30796
30799
30799
30800
30803
30810
30813
30813
30820
30821
30824
30833
30835
30837
30842
30844
30845
30850
30853
30855
30859
30859
30862
30865
30875
30876
30879
30880
30883
30885
30886
30896
30901
30902
30902
30911
30912
30916
30926
30930
30932
30933
30940
30943
30944
30947
30948
30948
30953
30961
30969
30975
30977
30979
30979
30987
30989
30991
30997
30998
31005
31009
31013
31015
31017
31024
31028
31030
31032
31032
31035
31039
31042
31044
31048
31049
31052
31053
31054
31056
31059
31072
31074
31075
31082
31086
31093
31094
31095
31097
31103
31107
31110
31114
31117
31120
31123
31126
31137
31147
31148
31148
31148
31149
31149
31156
31162
31162
31163
31171
31173
31174
31176
31186
31191
31191
31196
31200
31204
31208
31215
31216
31217
31217
31218
31219
31224
31228
31230
31233
31239
31245
31246
31250
31252
31257
31268
31270
31271
31271
31273
31277
31292
31293
31295
31298
31300
31300
31303
31303
31305
31306
31309
31310
31312
31313
31316
31321
31322
31325
31328
31339
31342
31348
31357
31367
31370
31371
31371
31373
31385
31391
31392
31393
31403
31410
31416
31417
31418
31419
31421
31429
31430
31435
31439
31451
31464
31472
31486
31488
31490
31492
31496
31501
31507
31524
31525
31532
31535
31536
31538
31539
31544
31545
31546
31547
31548
31549
31549
31550
31555
31555
31565
31567
31571
31574
31580
31583
31587
31588
31590
31594
31605
31611
31612
31616
31624
31625
31626
31627
31630
31634
31635
31636
31644
31649
31650
31656
31662
31663
31664
31667
31668
31673
31682
31693
31694
31700
31702
31703
31703
31710
31716
31719
31721
31722
31727
31730
31733
31734
31735
31735
31737
31740
31744
31744
31746
31751
31756
31757
31759
31760
31762
31765
31766
31767
31777
31778
31779
31780
31780
31786
31787
31788
31795
31800
31804
31804
31805
31809
31809
31815
31816
31821
31823
31824
31825
31828
31833
31835
31839
31843
31844
31845
31845
31850
31851
31852
31852
31854
31861
31887
31889
31890
31895
31900
31912
31912
31916
31925
31927
31937
31939
31939
31939
31941
31943
31945
31947
31950
31952
31961
31971
31972
31974
31981
31984
31988
31988
31994
31996
32008
32008
32013
32016
32021
32022
32026
32030
32032
32033
32036
32036
32040
32041
32045
32056
32060
32073
32079
32082
32089
32091
32097
32097
32097
32100
32108
32112
32117
32120
32125
32128
32134
32139
32146
32148
32148
32162
32167
32177
32178
32186
32189
32190
32192
32195
32200
32203
32204
32209
32213
32214
32216
32227
32228
32230
32240
32252
32253
32255
32258
32262
32264
32274
32275
32275
32286
32289
32297
32304
32305
32306
32308
32310
32313
32323
32323
32324
32326
32328
32349
32350
32357
32360
32363
32368
32373
32374
32377
32381
32390
32396
32397
32404
32404
32404
32409
32411
32411
32412
32415
32428
32429
32432
32432
32438
32438
32446
32446
32450
32452
32455
32455
32460
32462
32462
32472
32475
32476
32477
32479
32481
32486
32491
32495
32498
32499
32499
32503
32512
32513
32514
32518
32523
32528
32536
32537
32538
32543
32544
32554
32554
32556
32561
32561
32564
32567
32569
32569
32570
32572
32573
32581
32583
32588
32588
32592
32597
32599
32601
32603
32604
32606
32607
32610
32610
32614
32615
32626
32631
32632
32633
32634
32637
32649
32653
32661
32663
32664
32666
32678
32681
32686
32689
32691
32693
32693
32694
32694
32703
32705
32706
32709
32710
32715
32717
32719
32727
32737
32740
32741
32746
32747
32748
32754
32757
32758
32758
32760
