2
7
7
11
26
27
36
37
41
43
56
56
60
61
66
75
76
77
81
89
93
99
101
104
104
109
109
117
120
122
155
163
167
171
179
181
184
188
198
199
201
201
211
212
213
215
215
215
218
221
225
226
228
231
237
244
245
248
248
253
254
264
264
268
268
272
273
277
283
285
288
288
291
299
299
310
311
316
321
332
332
334
337
343
345
347
348
361
361
362
363
367
369
372
375
377
378
379
381
386
389
392
393
397
398
402
405
405
408
412
418
423
424
424
425
429
432
432
435
442
447
448
453
458
463
463
467
472
472
476
483
485
490
499
506
508
514
516
519
520
528
532
536
536
539
542
544
544
547
553
555
570
572
572
580
581
585
586
586
586
595
600
602
604
623
624
625
626
630
631
637
638
639
643
646
652
652
659
660
661
663
668
668
671
682
697
709
713
714
726
728
741
747
749
750
751
755
756
758
758
765
769
775
777
778
785
787
790
793
797
799
803
805
805
806
807
810
810
811
817
819
823
827
835
836
848
849
850
854
855
858
859
859
869
870
873
875
876
883
887
887
892
897
901
904
915
921
931
931
933
933
939
944
947
947
949
965
977
979
981
982
988
990
996
996
997
1002
1005
1006
1006
1012
1014
1018
1025
1031
1031
1036
1046
1047
1049
1051
1051
1059
1061
1066
1069
1070
1074
1074
1078
1082
1083
1087
1087
1096
1105
1106
1108
1121
1123
1129
1130
1133
1134
1136
1136
1141
1141
1144
1148
1152
1152
1163
1164
1165
1167
1175
1181
1185
1186
1190
1194
1195
1196
1197
1198
1201
1202
1205
1206
1209
1209
1210
1213
1213
1222
1223
1224
1230
1242
1243
1252
1254
1257
1261
1261
1264
1266
1266
1269
1272
1274
1275
1289
1289
1290
1290
1293
1296
1300
1304
1308
1308
1313
1314
1315
1318
1327
1333
1333
1334
1335
1335
1344
1348
1349
1354
1366
1383
1385
1385
1387
1391
1398
1399
1400
1417
1418
1420
1420
1422
1424
1431
1431
1437
1439
1442
1444
1450
1459
1465
1468
1476
1478
1486
1489
1490
1492
1500
1507
1508
1521
1522
1526
1526
1529
1533
1537
1537
1537
1537
1541
1547
1547
1552
1553
1553
1557
1559
1563
1565
1567
1569
1571
1572
1579
1579
1581
1581
1582
1586
1591
1595
1599
1603
1607
1609
1613
1628
1633
1636
1645
1646
1654
1655
1661
1661
1665
1666
1671
1682
1684
1690
1700
1702
1710
1718
1719
1721
1726
1730
1739
1746
1751
1753
1754
1758
1759
1759
1761
1764
1764
1768
1776
1777
1777
1781
1782
1784
1784
1788
1789
1789
1789
1791
1793
1802
1807
1809
1815
1819
1825
1829
1835
1848
1852
1857
1857
1861
1862
1863
1865
1865
1866
1868
1871
1872
1875
1883
1884
1902
1908
1908
1912
1917
1921
1923
1924
1928
1931
1942
1961
1965
1965
1966
1969
1971
1973
1973
1976
1977
1981
1987
1991
1991
1995
1996
1996
1999
2002
2006
2008
2010
2012
2013
2016
2024
2027
2027
2029
2030
2030
2032
2033
2033
2039
2040
2041
2045
2055
2062
2069
2071
2072
2074
2082
2084
2085
2092
2094
2094
2099
2099
2100
2100
2104
2106
2107
2115
2115
2116
2122
2125
2125
2126
2127
2128
2130
2131
2134
2134
2134
2135
2144
2150
2155
2160
2161
2164
2174
2175
2180
2181
2182
2183
2183
2191
2202
2204
2210
2213
2213
2214
2217
2222
2228
2233
2236
2239
2239
2241
2242
2243
2244
2245
2248
2250
2251
2258
2274
2276
2280
2286
2292
2293
2295
2298
2305
2314
2316
2322
2325
2330
2344
2349
2350
2352
2352
2360
2366
2367
2371
2371
2379
2381
2385
2389
2392
2393
2401
2402
2411
2415
2415
2418
2419
2423
2424
2424
2424
2425
2426
2426
2429
2431
2436
2442
2450
2452
2457
2458
2467
2468
2469
2470
2472
2476
2476
2481
2482
2488
2497
2498
2499
2500
2509
2515
2520
2521
2522
2524
2526
2529
2530
2532
2536
2541
2542
2560
2566
2568
2582
2582
2591
2595
2597
2598
2602
2611
2617
2625
2626
2626
2627
2628
2630
2631
2637
2639
2642
2650
2651
2654
2656
2658
2661
2666
2668
2677
2679
2681
2682
2691
2697
2698
2701
2701
2711
2711
2712
2713
2716
2720
2721
2732
2732
2733
2734
2736
2737
2744
2744
2750
2753
2760
2762
2764
2764
2765
2766
2771
2772
2774
2777
2779
2783
2784
2799
2807
2808
2808
2809
2810
2810
2812
2816
2822
2823
2833
2833
2840
2842
2849
2851
2851
2853
2853
2854
2854
2855
2857
2859
2863
2864
2865
2873
2874
2874
2877
2880
2885
2885
2888
2889
2892
2894
2895
2897
2898
2898
2902
2903
2910
2912
2912
2914
2916
2921
2947
2947
2948
2949
2950
2957
2967
2968
2969
2970
2971
2971
2973
2974
2975
2975
2976
2979
2980
2984
2984
2984
2990
2990
2997
3016
3017
3022
3026
3026
3028
3028
3032
3032
3046
3048
3049
3049
3050
3050
3053
3056
3058
3058
3060
3060
3063
3070
3073
3076
3082
3090
3094
3096
3097
3101
3106
3110
3114
3118
3119
3129
3133
3134
3134
3136
3136
3140
3143
3144
3145
3146
3147
3156
3161
3163
3165
3174
3176
3178
3179
3180
3186
3189
3190
3192
3195
3196
3199
3200
3203
3204
3205
3207
3208
3214
3220
3225
3228
3232
3234
3235
3235
3237
3239
3243
3243
3244
3247
3251
3253
3260
3261
3268
3269
3271
3276
3279
3283
3287
3295
3296
3303
3312
3313
3315
3318
3319
3319
3322
3322
3323
3325
3325
3326
3328
3338
3339
3340
3341
3346
3350
3353
3355
3357
3358
3362
3373
3378
3378
3383
3383
3385
3392
3395
3401
3403
3403
3404
3408
3409
3414
3420
3427
3429
3432
3434
3434
3437
3440
3442
3447
3454
3462
3467
3467
3468
3471
3476
3479
3481
3482
3488
3495
3499
3501
3502
3505
3508
3511
3514
3515
3517
3518
3523
3529
3533
3541
3553
3553
3554
3557
3560
3565
3570
3571
3576
3580
3582
3585
3587
3590
3590
3593
3594
3595
3596
3597
3598
3604
3610
3612
3614
3614
3615
3616
3618
3625
3629
3631
3636
3639
3641
3643
3647
3651
3652
3652
3654
3656
3659
3664
3671
3682
3686
3687
3695
3703
3705
3706
3706
3707
3712
3712
3717
3723
3724
3725
3733
3733
3736
3741
3747
3752
3758
3761
3767
3767
3771
3771
3771
3773
3775
3781
3783
3794
3795
3798
3805
3809
3815
3820
3825
3829
3835
3841
3841
3847
3848
3850
3870
3872
3873
3879
3883
3885
3885
3887
3890
3896
3897
3897
3899
3904
3908
3910
3911
3916
3923
3925
3928
3929
3934
3940
3943
3945
3950
3951
3954
3959
3962
3965
3971
3979
3982
3983
3993
3999
4001
4012
4013
4019
4023
4024
4027
4029
4034
4042
4047
4048
4051
4052
4054
4055
4073
4082
4083
4086
4086
4089
4089
4089
4090
4090
4093
4103
4104
4105
4108
4108
4109
4112
4114
4116
4119
4119
4121
4123
4126
4126
4131
4136
4143
4155
4159
4165
4166
4167
4168
4168
4171
4174
4182
4184
4185
4190
4196
4196
4197
4200
4205
4206
4210
4211
4211
4220
4223
4228
4230
4234
4234
4240
4240
4243
4244
4245
4245
4248
4248
4258
4262
4263
4265
4273
4277
4278
4278
4278
4281
4288
4291
4300
4303
4303
4310
4312
4316
4317
4320
4320
4326
4327
4329
4330
4335
4339
4343
4343
4343
4343
4344
4347
4352
4354
4356
4357
4367
4372
4374
4376
4379
4380
4382
4383
4389
4391
4400
4401
4409
4413
4415
4426
4426
4426
4428
4431
4433
4436
4436
4437
4437
4437
4439
4444
4452
4454
4459
4459
4461
4462
4464
4485
4486
4487
4490
4492
4495
4495
4495
4495
4496
4500
4502
4505
4506
4518
4519
4521
4522
4524
4526
4527
4527
4528
4533
4534
4535
4535
4546
4549
4559
4561
4564
4564
4570
4573
4575
4575
4577
4578
4582
4584
4587
4588
4595
4596
4602
4604
4604
4609
4617
4620
4622
4626
4627
4633
4634
4635
4638
4641
4642
4642
4648
4650
4655
4656
4666
4667
4669
4671
4671
4674
4677
4688
4692
4692
4692
4694
4694
4701
4706
4706
4715
4716
4716
4716
4718
4721
4725
4726
4727
4730
4749
4756
4772
4783
4789
4797
4797
4800
4803
4803
4803
4805
4814
4815
4818
4821
4837
4839
4843
4846
4849
4850
4856
4857
4862
4863
4870
4872
4884
4885
4889
4893
4897
4897
4897
4901
4901
4915
4919
4927
4931
4935
4935
4938
4938
4938
4941
4944
4946
4950
4952
4956
4957
4962
4972
4975
4983
4983
4984
4992
4994
4995
4997
4998
4999
5000
5001
5002
5006
5007
5012
5013
5015
5015
5016
5021
5024
5028
5030
5034
5034
5042
5043
5043
5044
5044
5046
5046
5046
5050
5052
5053
5055
5067
5069
5073
5075
5084
5086
5086
5088
5095
5096
5099
5100
5105
5105
5108
5108
5116
5119
5126
5126
5129
5132
5136
5138
5141
5142
5154
5156
5165
5165
5175
5185
5186
5189
5197
5199
5201
5206
5207
5207
5212
5215
5219
5225
5229
5232
5233
5235
5235
5236
5239
5242
5245
5247
5259
5262
5269
5269
5274
5275
5281
5287
5300
5301
5302
5304
5304
5309
5311
5317
5317
5323
5328
5333
5335
5339
5339
5339
5351
5354
5355
5358
5358
5365
5365
5370
5374
5374
5379
5380
5382
5384
5388
5389
5396
5405
5409
5413
5416
5417
5418
5422
5423
5424
5425
5436
5439
5443
5444
5447
5452
5452
5460
5467
5473
5473
5474
5476
5480
5483
5488
5493
5494
5509
5513
5521
5527
5527
5528
5529
5531
5531
5533
5535
5538
5540
5545
5546
5549
5551
5551
5556
5559
5561
5567
5569
5569
5571
5584
5584
5585
5591
5591
5592
5601
5606
5607
5608
5613
5613
5614
5620
5623
5624
5629
5632
5638
5639
5640
5644
5652
5654
5656
5668
5672
5678
5680
5682
5684
5689
5690
5690
5695
5697
5700
5704
5705
5706
5706
5709
5710
5711
5713
5720
5721
5722
5723
5727
5727
5729
5729
5734
5735
5737
5744
5745
5746
5750
5752
5754
5754
5755
5755
5757
5760
5762
5766
5767
5771
5773
5773
5777
5778
5781
5781
5784
5784
5785
5789
5792
5811
5818
5818
5821
5825
5834
5839
5840
5843
5843
5844
5844
5844
5847
5848
5854
5855
5865
5875
5888
5889
5891
5893
5898
5901
5906
5906
5907
5908
5914
5919
5921
5925
5927
5928
5930
5933
5935
5935
5945
5945
5945
5951
5951
5955
5961
5963
5967
5976
5981
5983
5983
5983
5983
5987
5993
5995
6000
6003
6007
6012
6015
6021
6023
6023
6025
6026
6035
6041
6043
6044
6049
6055
6067
6067
6077
6080
6081
6082
6088
6089
6090
6090
6091
6092
6095
6104
6108
6109
6109
6110
6110
6113
6117
6118
6119
6122
6122
6124
6135
6145
6146
6149
6150
6151
6162
6165
6167
6181
6195
6205
6209
6209
6210
6213
6219
6221
6226
6229
6231
6231
6235
6235
6239
6239
6242
6245
6251
6254
6255
6262
6270
6271
6275
6276
6277
6277
6277
6279
6282
6283
6289
6294
6307
6309
6318
6319
6321
6324
6335
6336
6339
6339
6341
6349
6352
6356
6361
6363
6367
6367
6377
6380
6383
6383
6389
6390
6390
6397
6398
6404
6415
6418
6421
6431
6436
6436
6440
6441
6445
6446
6450
6455
6461
6463
6471
6474
6476
6476
6487
6501
6504
6507
6508
6525
6528
6529
6529
6532
6535
6542
6544
6545
6547
6547
6549
6556
6562
6563
6564
6564
6565
6566
6569
6570
6573
6574
6575
6581
6584
6586
6587
6593
6597
6598
6604
6604
6605
6606
6608
6610
6616
6616
6618
6620
6625
6625
6629
6632
6634
6635
6638
6640
6645
6646
6648
6649
6659
6666
6668
6674
6676
6677
6679
6680
6682
6685
6688
6692
6693
6693
6694
6701
6702
6703
6704
6706
6707
6710
6718
6721
6722
6726
6726
6727
6728
6746
6748
6749
6761
6762
6763
6769
6770
6777
6778
6780
6782
6784
6785
6793
6795
6797
6798
6804
6805
6813
6823
6823
6823
6824
6825
6825
6837
6837
6852
6852
6854
6862
6870
6874
6878
6882
6884
6886
6888
6891
6907
6909
6909
6915
6916
6924
6925
6925
6926
6929
6932
6942
6945
6946
6948
6955
6960
6962
6962
6965
6965
6966
6969
6975
6975
6977
6983
6983
6985
6988
6994
6996
6997
7002
7011
7011
7015
7016
7017
7020
7021
7030
7032
7033
7039
7043
7043
7045
7045
7049
7054
7055
7058
7060
7064
7066
7069
7079
7082
7083
7084
7085
7101
7105
7108
7110
7110
7112
7115
7120
7122
7127
7129
7132
7135
7135
7135
7139
7139
7141
7149
7157
7159
7160
7164
7169
7176
7179
7182
7183
7184
7191
7191
7191
7194
7195
7197
7202
7205
7206
7207
7212
7212
7212
7223
7224
7224
7226
7227
7228
7231
7237
7241
7241
7243
7243
7245
7245
7253
7254
7263
7267
7268
7279
7283
7291
7294
7296
7297
7297
7307
7309
7313
7314
7315
7316
7317
7317
7322
7322
7330
7332
7336
7339
7340
7341
7346
7353
7359
7361
7362
7363
7366
7367
7369
7376
7377
7380
7383
7384
7387
7392
7395
7400
7401
7402
7403
7403
7406
7407
7416
7425
7425
7428
7428
7431
7434
7435
7439
7447
7452
7452
7453
7455
7456
7463
7466
7468
7471
7473
7476
7486
7488
7491
7493
7493
7495
7495
7501
7504
7504
7510
7514
7523
7525
7526
7528
7536
7538
7541
7547
7548
7554
7555
7556
7558
7560
7560
7567
7570
7570
7571
7575
7581
7581
7588
7589
7602
7607
7609
7614
7615
7616
7630
7630
7633
7635
7635
7635
7635
7641
7644
7646
7647
7650
7651
7654
7664
7665
7669
7671
7673
7676
7678
7680
7686
7688
7690
7690
7695
7696
7700
7702
7708
7713
7713
7719
7724
7729
7732
7732
7737
7738
7743
7745
7745
7746
7747
7749
7752
7755
7757
7758
7760
7763
7764
7766
7768
7769
7770
7771
7773
7774
7774
7778
7778
7779
7802
7803
7806
7806
7811
7817
7829
7839
7840
7842
7843
7845
7845
7845
7850
7855
7856
7862
7862
7865
7866
7868
7870
7870
7873
7878
7881
7888
7892
7899
7901
7904
7906
7906
7908
7913
7921
7922
7923
7927
7929
7934
7934
7937
7937
7938
7938
7938
7939
7946
7947
7948
7951
7951
7963
7963
7968
7971
7973
7975
7976
7981
7982
7986
7988
7991
7997
7997
8003
8005
8007
8008
8013
8014
8015
8016
8016
8017
8019
8023
8025
8025
8026
8028
8032
8033
8033
8035
8041
8049
8052
8057
8058
8059
8059
8060
8063
8069
8076
8076
8084
8087
8088
8091
8093
8099
8099
8100
8101
8101
8103
8103
8103
8111
8121
8128
8128
8129
8142
8149
8155
8157
8158
8162
8165
8172
8175
8180
8180
8183
8190
8192
8194
8195
8197
8199
8204
8217
8218
8219
8219
8224
8228
8232
8235
8237
8237
8237
8238
8238
8239
8240
8241
8245
8250
8251
8254
8255
8256
8264
8265
8271
8272
8275
8277
8289
8290
8293
8309
8313
8317
8318
8319
8321
8322
8329
8329
8334
8337
8338
8343
8343
8346
8351
8352
8353
8353
8358
8361
8361
8371
8376
8377
8382
8399
8404
8405
8407
8411
8411
8418
8420
8424
8426
8431
8431
8445
8448
8449
8453
8457
8461
8468
8472
8473
8473
8477
8478
8482
8490
8495
8500
8504
8516
8527
8530
8533
8535
8536
8541
8545
8548
8548
8549
8550
8553
8558
8558
8561
8570
8573
8574
8575
8576
8576
8578
8581
8582
8591
8595
8595
8602
8603
8605
8610
8614
8614
8616
8616
8616
8617
8633
8634
8637
8648
8649
8651
8654
8655
8656
8659
8664
8671
8671
8677
8682
8683
8686
8686
8693
8698
8702
8712
8714
8718
8718
8722
8722
8728
8732
8735
8741
8746
8747
8750
8756
8757
8758
8758
8759
8760
8761
8763
8767
8769
8773
8783
8784
8785
8788
8793
8794
8796
8797
8799
8813
8814
8817
8821
8832
8835
8842
8844
8844
8845
8848
8849
8857
8860
8862
8868
8870
8875
8880
8882
8887
8890
8895
8899
8900
8904
8907
8912
8913
8913
8924
8927
8929
8933
8933
8933
8945
8946
8946
8950
8952
8952
8954
8957
8959
8960
8962
8968
8976
8977
8978
8983
8988
8991
8994
9002
9003
9004
9004
9005
9006
9009
9011
9011
9013
9016
9017
9019
9021
9022
9024
9027
9033
9035
9036
9043
9046
9054
9056
9058
9059
9063
9066
9074
9082
9086
9087
9088
9089
9090
9091
9093
9093
9094
9095
9098
9102
9107
9112
9113
9117
9119
9121
9122
9122
9123
9124
9129
9133
9133
9142
9147
9147
9153
9158
9158
9165
9167
9171
9174
9174
9181
9184
9185
9189
9194
9197
9204
9210
9211
9213
9216
9222
9225
9227
9230
9230
9231
9234
9238
9243
9245
9246
9248
9251
9253
9258
9259
9261
9265
9270
9270
9273
9273
9274
9280
9282
9286
9288
9288
9291
9291
9300
9303
9306
9306
9308
9308
9309
9310
9310
9311
9312
9312
9312
9313
9315
9315
9318
9318
9324
9325
9327
9329
9332
9335
9336
9336
9338
9340
9342
9342
9343
9348
9353
9356
9366
9366
9371
9372
9372
9372
9373
9376
9380
9388
9394
9407
9411
9412
9419
9425
9428
9439
9440
9447
9448
9448
9449
9449
9452
9454
9462
9488
9490
9491
9491
9493
9493
9501
9503
9509
9512
9513
9514
9517
9524
9524
9526
9531
9534
9540
9541
9542
9545
9545
9547
9551
9552
9554
9558
9561
9566
9569
9569
9570
9570
9573
9573
9574
9578
9581
9582
9583
9583
9593
9594
9596
9597
9598
9600
9604
9608
9618
9619
9628
9632
9635
9639
9646
9647
9650
9655
9656
9656
9661
9664
9665
9665
9665
9671
9672
9674
9677
9677
9678
9680
9682
9685
9686
9689
9705
9707
9715
9720
9730
9734
9735
9743
9745
9748
9750
9751
9752
9753
9755
9756
9761
9776
9781
9782
9783
9793
9794
9798
9799
9807
9817
9821
9824
9827
9827
9830
9835
9836
9836
9838
9840
9844
9847
9851
9853
9853
9855
9855
9862
9866
9871
9871
9874
9880
9881
9881
9886
9889
9893
9900
9916
9926
9927
9927
9929
9935
9941
9941
9942
9947
9949
9950
9959
9965
9966
9966
9969
9970
9974
9978
9981
9984
9984
9985
9985
9986
9989
9992
9993
9994
10004
10008
10008
10013
10026
10028
10028
10036
10039
10040
10042
10044
10045
10051
10054
10055
10055
10061
10063
10073
10079
10082
10084
10085
10087
10088
10092
10092
10093
10096
10101
10102
10105
10108
10112
10115
10115
10117
10119
10120
10120
10123
10133
10136
10136
10137
10140
10141
10147
10147
10151
10152
10152
10153
10153
10157
10161
10164
10168
10172
10183
10183
10184
10197
10205
10205
10205
10210
10212
10220
10221
10221
10228
10230
10234
10236
10243
10247
10248
10253
10261
10270
10272
10273
10275
10276
10280
10291
10292
10294
10295
10296
10310
10312
10312
10314
10332
10337
10339
10340
10343
10352
10354
10355
10358
10359
10362
10362
10373
10382
10382
10384
10396
10408
10416
10429
10431
10439
10441
10441
10451
10451
10452
10455
10460
10460
10465
10474
10476
10477
10479
10490
10492
10492
10493
10494
10497
10504
10508
10512
10515
10516
10520
10520
10522
10523
10536
10542
10544
10546
10548
10555
10557
10559
10563
10564
10566
10582
10592
10593
10594
10596
10601
10613
10616
10617
10623
10633
10634
10635
10648
10654
10655
10655
10670
10671
10672
10677
10677
10677
10681
10685
10687
10688
10689
10689
10693
10693
10695
10695
10700
10703
10711
10713
10715
10726
10728
10733
10734
10736
10736
10742
10743
10744
10744
10746
10748
10751
10754
10755
10755
10761
10775
10778
10779
10781
10789
10790
10792
10793
10797
10798
10801
10801
10812
10812
10817
10817
10824
10825
10833
10837
10846
10846
10848
10849
10852
10852
10856
10860
10861
10861
10863
10869
10871
10874
10880
10886
10886
10887
10890
10892
10895
10895
10895
10901
10901
10902
10905
10906
10910
10919
10921
10923
10926
10927
10927
10929
10930
10933
10937
10941
10942
10956
10958
10958
10961
10964
10967
10970
10976
10978
10979
10989
10994
10995
10998
10998
11011
11021
11023
11025
11029
11032
11042
11044
11053
11054
11055
11058
11060
11060
11061
11065
11067
11067
11068
11071
11071
11071
11077
11077
11083
11085
11088
11089
11093
11097
11105
11108
11110
11112
11115
11128
11128
11129
11132
11133
11135
11136
11138
11141
11143
11145
11158
11158
11161
11163
11164
11166
11170
11172
11173
11181
11182
11184
11185
11191
11194
11205
11208
11208
11214
11216
11217
11217
11219
11220
11222
11223
11226
11231
11232
11235
11237
11237
11238
11238
11241
11250
11261
11263
11270
11273
11286
11287
11287
11292
11293
11293
11294
11294
11299
11302
11305
11312
11315
11316
11321
11324
11327
11333
11333
11333
11334
11336
11338
11342
11351
11351
11352
11352
11357
11358
11359
11361
11365
11365
11370
11380
11385
11390
11415
11416
11424
11428
11432
11434
11437
11439
11446
11448
11452
11453
11454
11454
11455
11459
11461
11471
11471
11475
11476
11477
11484
11489
11499
11504
11507
11508
11510
11512
11513
11516
11527
11528
11528
11531
11531
11551
11553
11554
11556
11559
11563
11565
11568
11571
11571
11578
11578
11578
11582
11583
11583
11587
11592
11594
11596
11598
11602
11603
11603
11607
11609
11620
11622
11631
11633
11635
11647
11652
11652
11652
11660
11676
11676
11687
11693
11696
11700
11700
11702
11704
11707
11709
11713
11714
11722
11724
11733
11737
11739
11740
11747
11747
11747
11749
11752
11760
11761
11762
11763
11764
11767
11770
11770
11777
11778
11778
11779
11779
11780
11784
11786
11788
11789
11792
11793
11795
11798
11800
11803
11807
11809
11819
11823
11827
11828
11836
11839
11842
11846
11846
11846
11854
11857
11862
11865
11879
11880
11888
11888
11889
11898
11901
11904
11911
11912
11914
11917
11920
11922
11932
11934
11937
11938
11938
11940
11941
11943
11945
11946
11947
11948
11948
11953
11954
11955
11957
11965
11970
11971
11974
11979
11984
11986
11987
11988
11988
11989
11989
11992
12010
12021
12024
12024
12026
12031
12033
12035
12035
12040
12048
12049
12050
12054
12055
12061
12061
12063
12071
12073
12074
12074
12076
12081
12089
12092
12093
12096
12097
12098
12098
12099
12105
12105
12109
12121
12122
12131
12131
12132
12135
12139
12141
12148
12151
12151
12161
12161
12163
12168
12172
12174
12188
12195
12201
12202
12210
12210
12211
12216
12217
12220
12221
12222
12230
12236
12239
12241
12243
12246
12247
12253
12253
12254
12256
12256
12264
12268
12271
12275
12278
12278
12281
12283
12287
12290
12294
12295
12296
12297
12301
12311
12313
12318
12320
12320
12326
12327
12328
12330
12333
12341
12345
12348
12357
12360
12362
12368
12368
12369
12373
12373
12375
12376
12377
12381
12381
12385
12386
12388
12391
12394
12394
12396
12401
12401
12402
12408
12409
12415
12416
12418
12420
12423
12430
12432
12435
12435
12438
12442
12443
12444
12448
12449
12449
12460
12469
12471
12475
12480
12484
12487
12492
12495
12495
12495
12496
12499
12501
12508
12508
12510
12511
12515
12517
12518
12519
12519
12527
12528
12534
12538
12543
12546
12556
12557
12561
12563
12563
12572
12575
12577
12577
12589
12590
12592
12594
12595
12601
12618
12626
12629
12639
12642
12643
12654
12655
12658
12659
12660
12670
12673
12673
12676
12679
12685
12688
12694
12697
12700
12700
12701
12703
12705
12709
12709
12709
12711
12712
12717
12718
12730
12731
12734
12736
12738
12742
12743
12750
12751
12754
12754
12756
12758
12763
12766
12767
12769
12769
12770
12771
12773
12781
12784
12789
12790
12790
12795
12796
12798
12800
12800
12802
12805
12806
12810
12811
12812
12816
12819
12820
12825
12825
12825
12848
12855
12860
12862
12862
12863
12867
12870
12871
12874
12881
12886
12888
12892
12894
12896
12901
12904
12912
12914
12917
12921
12922
12924
12924
12929
12931
12932
12942
12947
12948
12949
12950
12954
12960
12962
12962
12966
12972
12974
12974
12975
12975
12975
12976
12980
12981
12987
12987
12988
12991
12996
13002
13003
13004
13005
13013
13018
13019
13025
13026
13032
13034
13036
13037
13048
13056
13066
13068
13068
13072
13075
13076
13076
13089
13090
13092
13096
13098
13102
13114
13118
13119
13121
13122
13123
13126
13143
13144
13148
13152
13154
13155
13161
13168
13175
13178
13190
13194
13197
13198
13199
13201
13202
13204
13204
13217
13220
13225
13229
13235
13236
13242
13249
13254
13257
13257
13270
13274
13276
13276
13279
13281
13281
13289
13290
13293
13295
13296
13301
13303
13305
13306
13309
13322
13330
13331
13337
13338
13340
13345
13351
13352
13356
13358
13362
13369
13377
13382
13382
13383
13385
13390
13395
13395
13398
13409
13416
13419
13420
13423
13434
13437
13440
13441
13442
13444
13447
13448
13449
13453
13457
13457
13467
13473
13481
13485
13488
13488
13493
13500
13505
13513
13519
13519
13520
13522
13526
13530
13533
13540
13541
13542
13550
13552
13556
13564
13564
13566
13567
13570
13576
13576
13578
13579
13580
13583
13585
13587
13600
13600
13602
13602
13604
13607
13613
13613
13619
13628
13628
13629
13629
13630
13631
13633
13633
13638
13639
13647
13651
13657
13660
13660
13661
13662
13662
13662
13663
13670
13672
13674
13678
13683
13693
13695
13699
13708
13709
13713
13714
13718
13720
13721
13729
13736
13738
13740
13741
13743
13748
13752
13763
13770
13772
13776
13780
13785
13789
13791
13793
13807
13819
13822
13823
13826
13827
13828
13830
13834
13837
13842
13842
13842
13843
13844
13854
13859
13860
13872
13874
13875
13876
13878
13878
13884
13886
13889
13890
13892
13894
13896
13896
13898
13901
13901
13901
13910
13914
13923
13923
13935
13935
13942
13942
13948
13951
13957
13958
13958
13959
13961
13968
13968
13971
13977
13977
13978
13981
13983
13988
13994
14003
14003
14010
14015
14018
14020
14021
14021
14023
14024
14026
14030
14036
14039
14043
14046
14052
14061
14065
14066
14072
14072
14073
14076
14076
14077
14079
14083
14097
14097
14101
14104
14109
14118
14121
14124
14126
14126
14127
14131
14133
14133
14141
14149
14150
14153
14154
14154
14156
14156
14157
14158
14158
14158
14160
14160
14168
14169
14170
14171
14177
14182
14185
14187
14188
14190
14191
14192
14196
14206
14211
14211
14214
14218
14221
14224
14225
14226
14227
14240
14241
14242
14244
14245
14246
14247
14251
14252
14253
14255
14257
14261
14267
14272
14275
14277
14280
14282
14283
14283
14287
14288
14300
14302
14304
14310
14314
14320
14322
14326
14328
14330
14332
14335
14340
14342
14345
14346
14350
14362
14367
14367
14372
14373
14376
14379
14380
14381
14389
14390
14407
14408
14409
14411
14415
14416
14418
14422
14422
14426
14436
14436
14442
14442
14442
14444
14445
14447
14449
14451
14454
14456
14457
14458
14464
14464
14470
14470
14474
14475
14481
14485
14486
14487
14493
14494
14496
14498
14502
14503
14515
14519
14521
14523
14525
14525
14526
14530
14533
14545
14546
14548
14552
14555
14556
14560
14564
14567
14569
14580
14590
14594
14599
14600
14600
14600
14602
14603
14606
14609
14616
14627
14630
14632
14644
14649
14652
14658
14659
14663
14664
14665
14666
14672
14673
14676
14679
14690
14691
14697
14706
14706
14711
14713
14716
14717
14720
14723
14726
14727
14728
14728
14728
14732
14739
14740
14742
14767
14770
14772
14777
14778
14780
14785
14786
14789
14789
14790
14790
14792
14794
14802
14809
14810
14810
14816
14819
14820
14821
14822
14830
14840
14849
14852
14852
14855
14857
14858
14863
14864
14868
14868
14870
14873
14876
14880
14881
14888
14894
14896
14897
14902
14906
14907
14908
14910
14917
14924
14926
14930
14931
14932
14933
14933
14937
14940
14951
14953
14957
14958
14959
14960
14960
14961
14968
14978
14981
14982
14983
14985
14986
14990
14990
14992
14999
15001
15005
15007
15009
15013
15021
15030
15043
15044
15044
15047
15057
15057
15059
15064
15067
15067
15069
15071
15080
15089
15089
15096
15098
15099
15101
15104
15106
15107
15109
15113
15116
15118
15123
15123
15124
15130
15130
15132
15134
15135
15136
15139
15142
15145
15146
15148
15149
15150
15154
15154
15155
15155
15159
15162
15171
15173
15175
15175
15179
15181
15182
15188
15194
15202
15206
15216
15218
15221
15224
15227
15228
15228
15230
15244
15246
15247
15250
15250
15251
15252
15252
15254
15254
15256
15261
15263
15270
15273
15273
15277
15280
15283
15284
15290
15296
15299
15300
15302
15303
15307
15308
15308
15308
15310
15313
15326
15327
15342
15349
15352
15362
15362
15363
15365
15367
15371
15371
15373
15373
15375
15391
15397
15400
15402
15403
15404
15409
15410
15412
15413
15415
15415
15416
15419
15429
15435
15447
15454
15457
15459
15459
15461
15468
15469
15473
15478
15482
15483
15484
15486
15489
15491
15493
15498
15503
15504
15506
15508
15513
15516
15524
15529
15531
15534
15536
15536
15537
15539
15542
15552
15554
15555
15555
15555
15561
15564
15566
15566
15567
15567
15569
15579
15581
15591
15591
15594
15595
15595
15597
15601
15602
15602
15603
15609
15610
15614
15623
15625
15626
15633
15636
15637
15640
15645
15652
15659
15661
15663
15665
15667
15670
15671
15672
15676
15677
15688
15689
15701
15707
15708
15708
15710
15716
15717
15721
15721
15724
15727
15732
15732
15733
15734
15736
15739
15740
15750
15761
15761
15762
15769
15772
15776
15777
15779
15785
15787
15796
15797
15799
15802
15808
15810
15813
15814
15818
15820
15821
15821
15828
15831
15833
15834
15836
15836
15838
15842
15848
15852
15855
15856
15859
15869
15873
15880
15885
15894
15897
15904
15915
15920
15922
15923
15927
15935
15946
15946
15948
15951
15952
15960
15962
15962
15963
15977
15978
15982
15983
15987
15996
15997
16004
16005
16020
16021
16023
16025
16026
16026
16028
16030
16036
16038
16042
16044
16049
16050
16054
16057
16062
16070
16073
16073
16080
16085
16085
16087
16089
16089
16098
16102
16103
16104
16105
16109
16111
16112
16112
16116
16121
16124
16127
16130
16135
16136
16144
16155
16159
16160
16162
16167
16170
16171
16173
16175
16180
16184
16191
16193
16196
16196
16197
16198
16199
16202
16202
16203
16205
16206
16207
16212
16215
16222
16223
16226
16231
16232
16233
16233
16235
16237
16239
16240
16249
16250
16250
16255
16264
16269
16291
16292
16293
16298
16301
16313
16319
16323
16326
16341
16345
16348
16350
16353
16354
16356
16357
16361
16365
16369
16370
16372
16372
16373
16375
16379
16380
16381
16381
16388
16388
16389
16392
16397
16399
16400
16402
16405
16408
16409
16409
16411
16412
16418
16424
16430
16434
16439
16441
16442
16447
16450
16459
16460
16463
16464
16465
16466
16469
16470
16470
16474
16477
16481
16482
16485
16487
16488
16489
16489
16492
16493
16495
16497
16498
16501
16503
16505
16509
16510
16511
16522
16525
16532
16537
16537
16540
16542
16552
16557
16571
16572
16575
16581
16583
16588
16592
16592
16602
16602
16608
16609
16611
16615
16616
16620
16622
16631
16636
16639
16644
16647
16648
16648
16657
16661
16667
16669
16672
16673
16683
16688
16689
16689
16692
16695
16700
16702
16706
16711
16711
16714
16716
16721
16726
16728
16730
16730
16734
16735
16738
16741
16749
16753
16754
16760
16761
16762
16765
16766
16769
16770
16771
16775
16779
16781
16787
16787
16788
16799
16801
16803
16806
16812
16815
16819
16819
16820
16820
16832
16834
16835
16836
16845
16848
16852
16854
16856
16860
16867
16868
16869
16870
16876
16877
16877
16887
16895
16896
16897
16900
16901
16903
16911
16923
16928
16929
16930
16932
16934
16936
16936
16942
16943
16945
16952
16954
16955
16959
16969
16971
16973
16974
16974
16978
16978
16980
16982
16986
16988
16991
16992
16993
16994
16996
16996
17000
17000
17000
17007
17012
17016
17020
17025
17032
17039
17045
17048
17058
17058
17058
17065
17067
17081
17085
17086
17086
17089
17095
17096
17100
17100
17106
17110
17111
17111
17115
17128
17128
17134
17136
17137
17149
17155
17157
17165
17177
17181
17184
17185
17186
17190
17190
17191
17191
17192
17202
17203
17206
17210
17210
17211
17211
17211
17213
17215
17218
17224
17225
17234
17236
17238
17249
17251
17252
17253
17254
17259
17263
17275
17280
17280
17282
17283
17288
17290
17293
17297
17298
17304
17306
17308
17310
17314
17317
17328
17332
17335
17335
17336
17337
17339
17344
17348
17350
17354
17358
17365
17368
17369
17374
17377
17378
17381
17386
17387
17387
17387
17390
17391
17391
17392
17394
17397
17400
17403
17410
17416
17418
17441
17443
17449
17458
17463
17466
17466
17471
17471
17475
17476
17481
17481
17485
17485
17488
17488
17491
17493
17493
17497
17506
17510
17511
17512
17513
17515
17515
17516
17516
17520
17521
17524
17528
17536
17539
17540
17545
17553
17565
17567
17572
17573
17574
17580
17584
17586
17594
17607
17612
17625
17630
17632
17634
17636
17638
17647
17651
17652
17656
17660
17674
17675
17680
17680
17685
17691
17691
17693
17694
17698
17703
17704
17705
17709
17713
17731
17741
17743
17746
17749
17750
17751
17757
17757
17760
17762
17765
17768
17771
17773
17780
17785
17785
17786
17792
17795
17795
17811
17814
17816
17816
17817
17819
17820
17827
17831
17831
17838
17844
17845
17846
17846
17847
17850
17860
17860
17868
17868
17868
17879
17891
17891
17893
17893
17893
17896
17897
17901
17902
17903
17904
17906
17909
17910
17911
17911
17913
17919
17921
17921
17921
17930
17931
17931
17939
17945
17947
17950
17955
17955
17956
17957
17962
17967
17968
17973
17975
17977
17989
17990
17990
17992
17993
17995
18004
18006
18007
18007
18009
18009
18011
18017
18021
18022
18029
18033
18034
18042
18051
18056
18056
18057
18058
18058
18061
18069
18071
18073
18078
18080
18080
18083
18084
18087
18093
18095
18098
18102
18106
18116
18117
18117
18119
18125
18136
18137
18138
18139
18142
18146
18155
18161
18163
18166
18167
18168
18170
18175
18177
18177
18177
18177
18179
18183
18189
18190
18191
18196
18199
18211
18213
18216
18216
18216
18225
18236
18237
18237
18238
18238
18239
18244
18245
18249
18251
18259
18263
18264
18269
18270
18276
18289
18289
18308
18309
18310
18311
18322
18327
18328
18332
18333
18336
18337
18338
18342
18347
18347
18347
18350
18354
18356
18358
18358
18360
18364
18365
18367
18368
18368
18369
18373
18375
18378
18382
18384
18384
18389
18394
18406
18415
18415
18420
18421
18428
18434
18435
18435
18435
18436
18436
18437
18443
18448
18448
18450
18451
18451
18453
18457
18476
18480
18483
18484
18488
18489
18489
18494
18505
18505
18510
18512
18518
18518
18521
18527
18533
18537
18539
18547
18551
18551
18560
18563
18564
18566
18567
18571
18584
18586
18587
18597
18597
18608
18609
18610
18629
18631
18632
18633
18634
18636
18637
18642
18643
18645
18646
18646
18652
18654
18658
18664
18667
18668
18669
18673
18677
18680
18680
18680
18691
18698
18701
18703
18707
18710
18718
18724
18724
18729
18731
18742
18744
18745
18747
18748
18754
18755
18759
18767
18770
18775
18776
18781
18787
18789
18790
18792
18794
18795
18798
18802
18803
18809
18814
18814
18834
18836
18837
18846
18847
18849
18851
18854
18857
18858
18859
18865
18866
18874
18876
18884
18890
18892
18896
18897
18909
18916
18916
18916
18923
18924
18924
18925
18927
18929
18934
18937
18940
18943
18943
18946
18950
18951
18952
18961
18961
18974
18987
18989
18991
18995
18995
19005
19021
19022
19029
19033
19034
19035
19035
19043
19053
19056
19064
19065
19068
19072
19072
19074
19075
19076
19086
19087
19091
19091
19094
19098
19098
19106
19109
19110
19113
19114
19116
19119
19119
19120
19125
19125
19130
19131
19134
19137
19138
19141
19143
19147
19152
19165
19165
19169
19173
19174
19175
19176
19181
19184
19186
19188
19191
19191
19191
19195
19195
19195
19199
19200
19202
19207
19207
19207
19208
19210
19210
19212
19213
19214
19217
19220
19225
19225
19226
19226
19227
19230
19235
19235
19245
19252
19253
19255
19260
19261
19265
19272
19283
19284
19292
19292
19300
19312
19312
19313
19315
19315
19317
19320
19320
19321
19322
19323
19323
19328
19328
19333
19335
19338
19339
19340
19340
19342
19346
19350
19357
19357
19359
19376
19381
19386
19392
19401
19402
19403
19404
19408
19409
19414
19415
19419
19421
19426
19443
19445
19448
19460
19463
19466
19468
19470
19478
19483
19483
19487
19488
19489
19497
19503
19506
19511
19520
19525
19529
19532
19532
19534
19535
19538
19538
19540
19545
19547
19548
19549
19550
19558
19559
19559
19561
19563
19565
19573
19573
19573
19577
19579
19579
19580
19582
19583
19585
19586
19595
19598
19599
19600
19608
19618
19619
19623
19632
19634
19635
19640
19640
19644
19648
19652
19653
19657
19660
19669
19670
19674
19683
19684
19687
19688
19688
19692
19694
19696
19703
19711
19713
19718
19719
19720
19724
19725
19730
19745
19745
19746
19747
19750
19753
19762
19767
19768
19768
19770
19771
19774
19777
19780
19780
19781
19794
19796
19800
19801
19801
19802
19803
19805
19812
19813
19814
19818
19821
19821
19824
19825
19830
19830
19833
19834
19841
19842
19849
19852
19852
19855
19860
19862
19864
19872
19873
19878
19883
19889
19893
19894
19896
19899
19899
19901
19902
19902
19918
19918
19922
19923
19927
19928
19929
19933
19933
19935
19941
19942
19958
19960
19962
19963
19967
19971
19972
19973
19977
19977
19980
19985
19989
19989
19994
19997
19998
20005
20012
20015
20016
20025
20026
20030
20030
20036
20037
20038
20039
20040
20046
20049
20052
20052
20052
20057
20062
20066
20066
20070
20074
20075
20075
20078
20079
20081
20084
20085
20086
20088
20090
20092
20098
20102
20103
20106
20108
20109
20110
20116
20133
20137
20139
20143
20148
20153
20154
20156
20156
20159
20161
20164
20171
20174
20185
20185
20187
20189
20191
20192
20194
20194
20196
20197
20201
20208
20209
20210
20211
20212
20220
20220
20223
20223
20223
20226
20228
20228
20228
20230
20231
20233
20234
20236
20241
20251
20256
20261
20261
20262
20264
20266
20273
20275
20282
20293
20295
20297
20300
20303
20304
20306
20307
20310
20317
20319
20320
20324
20331
20332
20335
20337
20339
20346
20347
20349
20349
20355
20357
20367
20369
20378
20382
20389
20395
20398
20400
20402
20405
20409
20414
20415
20418
20418
20420
20422
20423
20424
20426
20428
20428
20432
20433
20436
20441
20452
20457
20461
20475
20475
20481
20481
20481
20485
20487
20489
20499
20500
20504
20509
20511
20512
20516
20517
20518
20520
20533
20537
20545
20546
20547
20549
20549
20559
20561
20562
20566
20569
20572
20573
20574
20579
20583
20591
20593
20598
20600
20607
20611
20617
20617
20617
20618
20627
20631
20634
20636
20637
20641
20641
20642
20642
20646
20648
20649
20650
20655
20656
20657
20657
20658
20660
20660
20667
20669
20676
20679
20679
20685
20685
20689
20702
20706
20708
20710
20716
20717
20718
20718
20721
20725
20727
20736
20738
20739
20749
20754
20754
20756
20758
20759
20768
20769
20775
20776
20776
20778
20780
20783
20786
20790
20796
20799
20799
20800
20800
20804
20807
20808
20813
20820
20824
20832
20834
20837
20850
20865
20867
20874
20876
20877
20882
20889
20890
20898
20900
20908
20920
20926
20929
20931
20932
20941
20948
20952
20957
20958
20960
20973
20974
20977
20979
20981
20981
20987
20988
20993
20993
20996
21000
21001
21002
21014
21022
21026
21026
21035
21037
21037
21039
21040
21042
21045
21047
21048
21049
21050
21058
21064
21064
21065
21066
21067
21071
21075
21080
21084
21086
21086
21091
21095
21096
21097
21098
21098
21098
21100
21109
21110
21112
21113
21123
21135
21137
21137
21138
21142
21143
21146
21148
21149
21149
21150
21153
21156
21165
21175
21183
21186
21186
21187
21188
21189
21190
21193
21196
21196
21197
21199
21203
21204
21207
21208
21212
21212
21221
21222
21233
21238
21241
21242
21250
21252
21267
21267
21282
21282
21282
21283
21288
21291
21293
21293
21294
21300
21303
21308
21309
21313
21314
21315
21317
21319
21325
21325
21327
21329
21330
21331
21332
21333
21335
21336
21337
21340
21348
21353
21356
21357
21359
21365
21365
21366
21370
21371
21372
21377
21386
21390
21392
21397
21404
21409
21409
21410
21412
21422
21424
21426
21428
21429
21432
21437
21440
21449
21453
21457
21465
21465
21468
21470
21473
21476
21486
21487
21498
21501
21503
21509
21510
21515
21519
21519
21519
21520
21524
21524
21525
21530
21530
21531
21531
21532
21532
21537
21538
21542
21543
21544
21545
21548
21549
21549
21549
21558
21564
21569
21572
21572
21572
21575
21576
21577
21581
21583
21585
21587
21589
21592
21592
21595
21601
21602
21602
21603
21609
21623
21627
21632
21633
21638
21641
21642
21643
21643
21646
21648
21649
21654
21654
21659
21669
21670
21674
21675
21680
21680
21702
21705
21724
21725
21731
21731
21735
21735
21737
21744
21748
21750
21751
21754
21758
21760
21766
21767
21767
21770
21773
21773
21774
21777
21784
21786
21790
21790
21799
21807
21808
21811
21811
21813
21818
21819
21823
21823
21830
21831
21836
21838
21842
21844
21848
21848
21856
21869
21874
21875
21875
21875
21887
21888
21890
21893
21903
21908
21908
21911
21912
21913
21914
21920
21930
21937
21940
21943
21943
21944
21945
21947
21949
21949
21952
21952
21953
21956
21958
21961
21965
21977
21988
21989
21990
21992
21993
22000
22000
22006
22008
22009
22011
22017
22019
22023
22024
22024
22027
22035
22047
22050
22050
22054
22054
22059
22066
22069
22072
22073
22076
22077
22077
22080
22081
22083
22083
22085
22086
22090
22092
22094
22097
22098
22098
22099
22104
22126
22146
22148
22152
22152
22153
22153
22158
22168
22175
22177
22179
22183
22192
22193
22194
22197
22199
22201
22202
22205
22212
22220
22220
22222
22225
22226
22229
22233
22234
22243
22245
22249
22249
22254
22256
22257
22262
22266
22268
22269
22272
22273
22276
22282
22285
22286
22300
22303
22305
22305
22307
22315
22317
22332
22334
22334
22340
22340
22344
22348
22356
22358
22361
22363
22367
22371
22371
22372
22379
22382
22385
22386
22388
22398
22401
22403
22409
22409
22414
22421
22421
22430
22432
22433
22433
22434
22436
22438
22438
22442
22448
22448
22451
22453
22456
22461
22463
22464
22464
22478
22481
22482
22483
22485
22486
22487
22496
22496
22498
22499
22501
22503
22507
22509
22512
22520
22520
22526
22527
22528
22531
22534
22536
22541
22544
22549
22552
22562
22566
22568
22568
22570
22586
22591
22593
22594
22609
22612
22613
22615
22618
22620
22621
22622
22623
22627
22630
22641
22644
22653
22656
22657
22660
22663
22678
22678
22681
22682
22685
22694
22694
22707
22713
22722
22730
22732
22733
22741
22744
22745
22749
22760
22761
22765
22767
22770
22775
22784
22784
22800
22801
22810
22823
22824
22827
22856
22867
22871
22873
22875
22876
22878
22878
22881
22886
22889
22890
22891
22892
22906
22908
22911
22916
22920
22923
22926
22936
22952
22953
22955
22956
22962
22966
22972
22980
22987
22991
22992
22994
23000
23000
23003
23003
23010
23012
23014
23018
23022
23022
23025
23041
23045
23052
23053
23054
23057
23060
23063
23072
23076
23089
23090
23090
23095
23098
23099
23100
23101
23102
23105
23116
23124
23126
23127
23127
23128
23128
23129
23132
23132
23143
23144
23144
23144
23145
23146
23152
23152
23153
23160
23163
23164
23165
23166
23169
23170
23180
23184
23187
23193
23196
23200
23203
23208
23209
23210
23211
23217
23217
23218
23221
23222
23225
23226
23227
23229
23234
23237
23240
23243
23246
23249
23250
23258
23261
23272
23274
23276
23278
23280
23283
23283
23291
23295
23299
23301
23312
23312
23315
23316
23318
23320
23320
23320
23321
23322
23322
23324
23325
23327
23328
23328
23329
23338
23340
23341
23346
23347
23349
23355
23355
23361
23365
23366
23366
23371
23375
23382
23382
23383
23383
23385
23390
23395
23397
23399
23399
23400
23405
23411
23412
23421
23427
23431
23433
23439
23444
23445
23450
23456
23457
23461
23462
23463
23463
23466
23468
23468
23470
23474
23484
23486
23493
23493
23502
23507
23509
23509
23510
23510
23510
23511
23515
23520
23522
23523
23526
23535
23537
23542
23550
23551
23557
23558
23563
23571
23571
23578
23579
23584
23587
23587
23590
23590
23592
23595
23596
23596
23597
23598
23604
23608
23610
23614
23618
23624
23626
23627
23628
23629
23631
23635
23647
23653
23656
23657
23658
23660
23661
23662
23665
23667
23672
23674
23677
23680
23684
23686
23689
23693
23694
23696
23701
23702
23706
23706
23710
23710
23716
23717
23722
23722
23724
23727
23727
23733
23733
23735
23737
23737
23751
23756
23757
23771
23774
23775
23791
23792
23796
23796
23800
23801
23801
23803
23803
23804
23806
23808
23808
23811
23813
23821
23825
23826
23827
23828
23831
23832
23835
23840
23847
23850
23861
23871
23871
23871
23878
23879
23880
23882
23882
23888
23892
23894
23905
23911
23913
23916
23916
23918
23919
23920
23922
23926
23927
23929
23932
23938
23944
23948
23953
23953
23955
23964
23965
23966
23966
23968
23968
23972
23979
23982
23986
23988
23991
23992
23996
24002
24004
24005
24011
24013
24017
24023
24026
24027
24027
24028
24028
24032
24034
24039
24042
24043
24047
24050
24053
24055
24055
24061
24062
24069
24073
24077
24078
24079
24083
24085
24091
24096
24100
24103
24107
24110
24113
24115
24117
24122
24124
24125
24130
24133
24142
24144
24147
24152
24153
24158
24161
24161
24161
24168
24170
24171
24173
24174
24174
24180
24182
24183
24187
24189
24194
24196
24204
24208
24214
24218
24223
24224
24224
24225
24226
24226
24229
24234
24234
24238
24241
24249
24250
24252
24252
24260
24262
24263
24273
24275
24276
24277
24277
24280
24283
24285
24285
24287
24292
24294
24296
24296
24308
24313
24315
24318
24318
24320
24323
24325
24326
24337
24338
24340
24341
24343
24344
24345
24345
24348
24350
24352
24354
24355
24359
24368
24372
24372
24378
24378
24382
24382
24382
24387
24388
24392
24398
24404
24407
24409
24410
24413
24418
24428
24439
24451
24451
24452
24459
24461
24464
24469
24481
24482
24490
24491
24492
24496
24496
24501
24505
24511
24520
24522
24527
24528
24528
24529
24533
24536
24537
24539
24540
24547
24550
24551
24552
24557
24562
24563
24565
24570
24572
24573
24573
24576
24579
24581
24583
24584
24587
24587
24588
24592
24593
24596
24600
24601
24604
24604
24605
24610
24619
24624
24625
24626
24628
24629
24632
24633
24636
24637
24638
24638
24639
24645
24646
24649
24649
24651
24655
24656
24658
24659
24667
24668
24670
24673
24676
24677
24690
24692
24708
24709
24711
24719
24721
24726
24727
24728
24731
24731
24739
24739
24742
24742
24751
24753
24757
24758
24765
24767
24768
24768
24774
24775
24777
24777
24780
24780
24782
24784
24793
24797
24798
24803
24807
24807
24816
24817
24823
24825
24827
24828
24829
24831
24831
24833
24834
24845
24847
24853
24854
24856
24857
24858
24865
24868
24870
24870
24873
24874
24875
24877
24881
24881
24886
24890
24896
24900
24902
24909
24911
24913
24915
24915
24916
24921
24924
24925
24928
24929
24931
24932
24934
24934
24935
24939
24942
24945
24958
24963
24964
24965
24968
24978
24983
24992
24993
24993
24994
24994
24998
24999
25006
25008
25008
25010
25016
25020
25028
25028
25033
25039
25046
25049
25049
25049
25051
25051
25053
25061
25063
25071
25073
25082
25095
25110
25111
25112
25113
25114
25122
25140
25141
25149
25154
25154
25156
25160
25161
25162
25163
25167
25167
25167
25168
25175
25177
25181
25186
25188
25193
25194
25195
25196
25203
25204
25206
25207
25210
25214
25215
25220
25223
25229
25230
25235
25240
25255
25267
25272
25273
25275
25275
25277
25283
25288
25289
25290
25291
25293
25298
25300
25303
25306
25311
25313
25314
25315
25315
25321
25324
25327
25337
25338
25344
25353
25358
25360
25362
25365
25374
25380
25382
25386
25389
25389
25389
25395
25399
25400
25403
25403
25406
25406
25409
25411
25412
25414
25433
25436
25440
25446
25447
25456
25462
25465
25472
25480
25495
25504
25505
25510
25510
25516
25518
25519
25521
25523
25523
25536
25537
25538
25538
25541
25544
25548
25549
25551
25557
25566
25568
25569
25569
25569
25573
25576
25576
25576
25577
25578
25579
25583
25586
25587
25595
25596
25600
25600
25602
25607
25607
25611
25611
25619
25619
25619
25622
25630
25632
25633
25636
25639
25649
25649
25650
25657
25662
25664
25666
25669
25670
25672
25672
25676
25678
25680
25687
25692
25692
25693
25700
25707
25708
25711
25715
25716
25716
25716
25720
25721
25722
25727
25727
25729
25733
25735
25739
25740
25751
25752
25753
25759
25764
25766
25766
25768
25772
25774
25777
25778
25780
25784
25788
25792
25793
25793
25795
25797
25798
25803
25807
25814
25816
25817
25824
25828
25830
25835
25839
25843
25860
25863
25863
25870
25872
25872
25873
25874
25879
25880
25881
25882
25885
25885
25888
25892
25894
25895
25897
25904
25906
25907
25907
25917
25922
25927
25937
25939
25942
25944
25947
25953
25953
25953
25961
25964
25965
25965
25967
25968
25968
25976
25981
25983
25983
25983
25984
25984
25985
25991
25994
26000
26001
26003
26004
26007
26010
26010
26011
26015
26017
26022
26025
26030
26036
26042
26044
26051
26071
26072
26073
26077
26079
26091
26092
26097
26102
26105
26118
26120
26121
26127
26128
26132
26134
26137
26139
26140
26145
26146
26151
26153
26153
26155
26163
26163
26166
26167
26168
26174
26175
26180
26180
26186
26190
26191
26197
26198
26199
26206
26208
26209
26210
26215
26222
26225
26226
26229
26230
26232
26232
26232
26235
26237
26238
26239
26240
26242
26252
26258
26259
26266
26269
26270
26272
26272
26273
26274
26275
26276
26277
26277
26278
26283
26284
26285
26286
26295
26299
26301
26301
26304
26305
26305
26308
26314
26315
26315
26316
26318
26327
26335
26340
26341
26343
26348
26350
26350
26356
26357
26358
26364
26364
26365
26365
26370
26370
26372
26375
26376
26380
26380
26380
26381
26383
26385
26387
26396
26402
26402
26403
26403
26406
26407
26407
26420
26422
26423
26424
26425
26431
26434
26434
26434
26436
26439
26443
26445
26452
26454
26459
26460
26461
26461
26461
26464
26468
26470
26470
26472
26474
26478
26490
26494
26501
26504
26511
26516
26523
26525
26526
26529
26534
26537
26539
26540
26545
26546
26553
26558
26563
26567
26574
26577
26579
26582
26583
26595
26596
26597
26597
26598
26599
26600
26604
26609
26619
26628
26633
26634
26634
26637
26639
26641
26641
26643
26644
26645
26646
26647
26648
26655
26658
26659
26660
26662
26667
26672
26675
26677
26677
26678
26682
26682
26682
26693
26699
26699
26705
26706
26707
26709
26712
26713
26718
26719
26719
26719
26720
26730
26733
26734
26735
26736
26740
26741
26743
26743
26745
26759
26760
26764
26765
26770
26771
26785
26785
26790
26790
26797
26797
26804
26804
26810
26811
26817
26820
26824
26829
26836
26844
26844
26850
26851
26853
26859
26863
26865
26867
26871
26874
26875
26879
26885
26885
26888
26896
26896
26899
26899
26900
26903
26904
26905
26907
26909
26910
26914
26914
26916
26916
26917
26920
26927
26928
26929
26931
26935
26941
26945
26946
26948
26951
26954
26965
26967
26968
26969
26969
26971
26971
26977
26984
26985
26985
26985
26986
26990
26991
26992
26997
26998
27009
27012
27014
27016
27017
27019
27021
27026
27027
27028
27037
27039
27047
27065
27066
27066
27073
27075
27077
27078
27085
27086
27086
27086
27099
27100
27105
27106
27117
27119
27123
27126
27132
27134
27137
27137
27143
27151
27153
27153
27154
27155
27157
27160
27161
27161
27163
27166
27168
27179
27180
27185
27189
27189
27192
27193
27194
27200
27201
27202
27210
27212
27212
27213
27220
27230
27235
27237
27238
27239
27240
27241
27243
27244
27247
27253
27254
27259
27261
27267
27274
27275
27278
27279
27281
27285
27287
27287
27288
27288
27289
27289
27291
27298
27299
27301
27304
27305
27306
27309
27315
27317
27323
27337
27338
27340
27342
27342
27344
27348
27350
27351
27356
27363
27363
27366
27370
27370
27374
27377
27379
27383
27388
27391
27398
27410
27412
27413
27416
27419
27425
27428
27435
27439
27439
27441
27443
27449
27455
27458
27463
27463
27471
27474
27475
27480
27487
27492
27494
27499
27500
27502
27505
27507
27509
27509
27512
27516
27523
27523
27545
27547
27551
27551
27553
27559
27559
27564
27566
27570
27571
27572
27579
27582
27585
27589
27589
27591
27598
27600
27601
27603
27608
27608
27609
27612
27621
27621
27623
27627
27636
27642
27646
27650
27651
27655
27657
27659
27661
27677
27680
27681
27690
27690
27693
27703
27708
27710
27712
27713
27713
27720
27725
27726
27726
27729
27733
27733
27737
27740
27740
27741
27745
27750
27754
27756
27762
27768
27768
27770
27776
27784
27785
27786
27790
27791
27792
27793
27795
27795
27796
27810
27810
27811
27813
27817
27819
27819
27825
27834
27834
27842
27843
27845
27849
27856
27857
27861
27869
27870
27871
27874
27876
27878
27878
27879
27884
27885
27886
27886
27888
27891
27894
27897
27898
27898
27900
27905
27907
27913
27915
27916
27916
27918
27920
27921
27921
27923
27924
27926
27929
27929
27935
27935
27938
27942
27944
27945
27952
27954
27956
27958
27961
27967
27968
27969
27973
27977
27978
27978
27979
27979
27980
27980
27984
27987
27991
27993
27993
27994
27995
28000
28001
28002
28003
28004
28005
28008
28008
28013
28013
28021
28023
28023
28029
28033
28034
28036
28038
28039
28041
28044
28050
28051
28052
28053
28056
28056
28056
28061
28062
28062
28067
28073
28081
28082
28083
28089
28090
28090
28091
28092
28097
28099
28101
28103
28111
28111
28116
28119
28120
28120
28124
28127
28128
28129
28131
28135
28136
28138
28142
28148
28149
28151
28154
28157
28157
28164
28166
28177
28177
28178
28181
28181
28184
28186
28187
28187
28187
28192
28197
28198
28201
28202
28205
28206
28210
28210
28221
28229
28230
28231
28234
28238
28238
28240
28240
28243
28244
28246
28253
28263
28268
28275
28282
28285
28291
28297
28298
28308
28314
28318
28322
28324
28324
28328
28334
28346
28347
28348
28357
28367
28370
28373
28374
28375
28378
28379
28381
28384
28391
28392
28395
28406
28408
28409
28409
28412
28414
28414
28415
28425
28425
28425
28428
28428
28430
28430
28435
28435
28435
28446
28451
28456
28458
28464
28464
28464
28465
28466
28468
28472
28476
28477
28484
28491
28499
28500
28504
28511
28514
28520
28524
28526
28529
28538
28540
28541
28542
28544
28546
28549
28550
28561
28568
28570
28574
28574
28574
28577
28580
28587
28588
28590
28596
28597
28597
28600
28604
28610
28614
28615
28616
28621
28628
28630
28630
28632
28634
28635
28635
28636
28637
28638
28638
28641
28642
28646
28647
28658
28659
28665
28666
28667
28668
28670
28670
28674
28674
28678
28679
28679
28682
28683
28683
28688
28693
28698
28699
28700
28701
28703
28703
28703
28704
28707
28714
28717
28724
28724
28730
28734
28748
28749
28750
28753
28757
28757
28759
28761
28764
28765
28768
28772
28773
28774
28778
28779
28780
28789
28793
28794
28798
28800
28802
28807
28817
28829
28834
28838
28842
28843
28844
28847
28848
28852
28854
28861
28866
28867
28872
28881
28882
28883
28889
28891
28891
28892
28896
28896
28897
28898
28899
28900
28902
28906
28907
28907
28911
28913
28918
28930
28930
28931
28931
28931
28932
28932
28935
28938
28943
28948
28955
28955
28956
28957
28958
28962
28965
28969
28972
28974
28979
28984
28985
28988
28993
28994
28994
28996
28998
29000
29001
29001
29002
29006
29008
29009
29009
29011
29017
29047
29047
29048
29059
29060
29069
29070
29073
29075
29076
29084
29087
29089
29103
29109
29109
29112
29119
29120
29122
29123
29123
29124
29126
29128
29131
29131
29133
29138
29140
29144
29147
29147
29159
29160
29164
29165
29166
29170
29172
29176
29189
29190
29193
29195
29195
29199
29200
29206
29207
29213
29217
29217
29219
29226
29228
29229
29239
29243
29247
29259
29259
29261
29264
29264
29277
29278
29280
29281
29284
29285
29288
29292
29297
29315
29318
29319
29319
29326
29328
29330
29339
29346
29347
29353
29359
29367
29369
29375
29379
29381
29382
29385
29385
29389
29391
29402
29403
29404
29404
29405
29407
29415
29421
29423
29423
29427
29432
29434
29436
29442
29448
29459
29460
29468
29468
29469
29477
29478
29481
29482
29489
29490
29491
29493
29494
29496
29497
29499
29499
29500
29504
29517
29523
29527
29527
29532
29535
29543
29543
29545
29548
29556
29562
29567
29571
29575
29577
29581
29586
29589
29592
29597
29598
29602
29605
29607
29609
29610
29614
29616
29616
29624
29628
29635
29646
29656
29672
29672
29672
29673
29675
29682
29683
29687
29698
29698
29699
29706
29708
29713
29715
29716
29723
29724
29725
29728
29731
29731
29734
29736
29742
29746
29747
29748
29752
29752
29752
29754
29756
29761
29767
29769
29772
29772
29775
29776
29776
29777
29777
29778
29781
29784
29784
29790
29791
29805
29805
29808
29812
29813
29815
29818
29818
29820
29821
29825
29833
29835
29835
29838
29839
29839
29840
29842
29842
29843
29846
29846
29852
29854
29864
29865
29870
29874
29876
29888
29896
29901
29902
29903
29903
29905
29905
29911
29924
29924
29929
29931
29933
29933
29934
29936
29939
29946
29947
29950
29957
29965
29968
29990
30004
30005
30006
30006
30010
30011
30014
30017
30017
30020
30021
30022
30029
30030
30030
30039
30047
30049
30050
30053
30058
30064
30064
30073
30074
30074
30074
30083
30084
30088
30089
30091
30094
30100
30106
30113
30114
30114
30117
30118
30118
30128
30129
30132
30136
30136
30137
30137
30138
30139
30141
30148
30152
30153
30154
30154
30155
30155
30169
30183
30183
30191
30192
30202
30204
30204
30205
30205
30208
30209
30211
30215
30219
30220
30222
30228
30230
30232
30237
30238
30246
30246
30250
30251
30253
30264
30266
30274
30276
30276
30278
30281
30295
30296
30300
30303
30306
30308
30308
30314
30319
30330
30339
30341
30342
30346
30348
30348
30350
30351
30353
30354
30357
30358
30361
30361
30362
30374
30379
30380
30383
30384
30387
30402
30405
30411
30413
30413
30415
30416
30420
30421
30422
30425
30425
30432
30434
30439
30442
30443
30449
30457
30457
30460
30464
30466
30467
30468
30486
30488
30490
30493
30493
30495
30496
30497
30498
30500
30500
30501
30503
30510
30511
30516
30517
30518
30524
30530
30533
30543
30544
30548
30551
30552
30558
30564
30568
30570
30573
30577
30590
30591
30597
30597
30601
30603
30606
30609
30614
30617
30618
30625
30628
30629
30629
30638
30642
30646
30649
30654
30656
30656
30663
30664
30665
30670
30672
30673
30676
30685
30688
30691
30698
30702
30706
30709
30719
30721
30722
30726
30730
30735
30739
30743
30745
30747
30748
30748
30757
30758
30758
30760
30761
30762
30764
30768
30772
30776
30778
30786
30791
30797
30797
30799
30810
30815
30818
30824
30831
30834
30835
30836
30836
30837
30837
30841
30842
30843
30854
30866
30866
30867
30867
30869
30870
30875
30892
30900
30906
30910
30919
30924
30927
30928
30928
30934
30940
30941
30944
30945
30948
30948
30953
30958
30961
30964
30969
30977
30979
30981
30992
30993
30994
31001
31002
31002
31005
31011
31012
31015
31015
31021
31023
31034
31034
31035
31035
31036
31040
31046
31049
31051
31053
31055
31057
31059
31060
31065
31065
31068
31070
31073
31074
31078
31081
31082
31094
31096
31107
31110
31111
31116
31118
31120
31120
31121
31122
31122
31123
31123
31126
31126
31134
31137
31140
31141
31142
31143
31146
31148
31150
31157
31159
31163
31163
31164
31167
31176
31177
31190
31191
31194
31194
31202
31209
31215
31218
31218
31219
31225
31233
31244
31244
31246
31247
31248
31248
31249
31253
31254
31256
31262
31265
31270
31272
31273
31275
31276
31283
31283
31292
31293
31303
31311
31313
31315
31317
31317
31324
31325
31325
31325
31332
31332
31337
31342
31349
31349
31350
31352
31354
31354
31356
31365
31366
31368
31370
31375
31378
31381
31381
31390
31393
31393
31394
31399
31407
31410
31413
31416
31425
31442
31444
31444
31445
31450
31451
31451
31458
31463
31463
31464
31466
31468
31473
31476
31478
31481
31484
31488
31500
31502
31502
31503
31510
31513
31513
31514
31519
31520
31521
31522
31524
31526
31526
31527
31534
31535
31536
31538
31539
31541
31544
31545
31567
31567
31571
31577
31579
31587
31592
31609
31609
31615
31617
31618
31620
31622
31625
31629
31630
31635
31636
31637
31645
31645
31646
31650
31653
31653
31659
31659
31672
31672
31676
31684
31684
31685
31688
31688
31689
31693
31695
31696
31699
31708
31720
31722
31723
31729
31730
31734
31735
31737
31743
31749
31750
31766
31773
31788
31789
31791
31806
31808
31810
31810
31811
31817
31824
31833
31836
31839
31842
31842
31843
31846
31846
31848
31850
31853
31856
31859
31860
31869
31870
31881
31888
31891
31892
31895
31897
31898
31900
31901
31904
31906
31906
31907
31909
31915
31919
31919
31920
31922
31924
31928
31936
31937
31941
31941
31948
31953
31956
31961
31962
31962
31963
31963
31964
31965
31965
31984
31987
31990
31991
31993
31994
31995
31995
31998
32005
32007
32010
32011
32012
32017
32021
32023
32032
32033
32033
32035
32035
32043
32043
32044
32054
32055
32072
32078
32081
32082
32084
32092
32096
32096
32111
32122
32125
32126
32134
32138
32138
32138
32139
32140
32140
32144
32145
32154
32159
32159
32160
32160
32165
32171
32172
32174
32175
32179
32182
32184
32188
32196
32199
32199
32207
32207
32211
32216
32231
32233
32234
32235
32236
32236
32238
32245
32245
32248
32249
32273
32274
32275
32277
32282
32285
32288
32291
32295
32295
32297
32300
32303
32305
32305
32309
32311
32314
32318
32323
32325
32327
32329
32330
32331
32332
32339
32343
32343
32350
32355
32356
32358
32363
32365
32369
32376
32376
32377
32388
32388
32393
32394
32397
32399
32399
32400
32400
32401
32402
32403
32405
32405
32407
32410
32411
32411
32421
32422
32430
32431
32432
32435
32437
32439
32446
32448
32449
32450
32460
32462
32463
32472
32472
32474
32480
32480
32486
32490
32493
32500
32518
32522
32526
32527
32538
32543
32548
32552
32558
32571
32572
32573
32575
32578
32578
32582
32587
32588
32596
32597
32598
32599
32605
32606
32611
32616
32621
32623
32632
32634
32638
32646
32648
32650
32650
32657
32662
32670
32672
32673
32675
32678
32686
32693
32694
32698
32699
32707
32708
32708
32710
32714
32714
32726
32728
32732
32735
32735
32743
32745
32746
32748
32750
32751
32757
32767
