1
8
13
15
16
19
21
24
25
29
32
39
41
42
43
51
51
54
60
61
64
64
73
73
74
75
77
82
83
84
85
86
87
87
88
89
100
102
103
104
114
123
124
125
125
125
131
140
141
143
143
147
149
150
152
155
162
163
166
166
167
172
174
180
186
186
193
193
193
195
206
208
210
213
229
231
232
236
239
240
242
243
247
254
255
263
264
266
268
271
272
275
280
283
285
290
291
292
300
302
304
306
313
314
315
317
318
319
320
320
327
331
343
347
350
352
352
358
362
364
366
370
373
375
379
380
382
383
384
387
392
393
395
398
399
399
405
407
407
408
408
415
415
417
417
418
419
422
424
433
435
437
439
441
444
451
455
457
462
464
469
473
474
475
477
481
482
488
490
495
497
501
504
505
511
512
513
524
524
525
529
530
533
538
553
555
561
562
565
566
567
567
571
571
573
577
583
587
593
595
597
597
602
603
604
615
625
631
631
632
634
644
644
647
647
648
657
657
660
661
661
661
663
665
667
675
677
679
680
682
690
691
700
701
707
708
709
715
716
717
719
724
729
730
739
747
748
750
758
760
762
766
768
771
778
782
782
783
784
786
790
791
793
797
807
809
811
813
817
818
820
825
827
827
831
833
834
840
842
846
848
849
850
858
860
866
866
866
866
874
879
883
884
890
905
905
909
919
926
932
932
935
956
958
960
961
963
964
967
967
971
974
975
978
985
987
991
992
998
1003
1007
1014
1019
1019
1020
1022
1026
1033
1037
1038
1043
1043
1047
1050
1053
1057
1057
1062
1069
1070
1074
1075
1076
1077
1077
1081
1083
1089
1091
1091
1094
1094
1099
1104
1112
1125
1129
1134
1136
1138
1139
1145
1147
1149
1159
1160
1161
1161
1164
1168
1174
1175
1178
1184
1187
1192
1193
1193
1194
1194
1196
1211
1215
1217
1220
1220
1223
1225
1229
1237
1251
1257
1262
1263
1267
1269
1269
1269
1277
1278
1285
1285
1302
1304
1304
1309
1314
1314
1316
1317
1320
1327
1333
1334
1337
1343
1344
1352
1354
1358
1359
1361
1364
1369
1369
1372
1375
1375
1380
1381
1382
1385
1390
1402
1402
1403
1405
1409
1411
1411
1413
1414
1421
1421
1428
1429
1431
1431
1433
1436
1451
1452
1452
1459
1471
1472
1473
1474
1476
1477
1482
1486
1489
1492
1493
1502
1503
1506
1520
1520
1523
1526
1527
1528
1532
1537
1542
1544
1547
1549
1550
1552
1553
1554
1560
1560
1561
1563
1567
1568
1571
1572
1572
1581
1585
1593
1594
1598
1604
1606
1607
1608
1610
1611
1617
1617
1629
1636
1638
1639
1640
1643
1647
1648
1649
1650
1652
1654
1681
1684
1685
1685
1686
1687
1689
1693
1694
1695
1702
1704
1706
1711
1711
1715
1715
1719
1721
1727
1732
1735
1741
1742
1743
1748
1752
1756
1757
1760
1762
1763
1764
1765
1766
1770
1770
1771
1774
1790
1793
1793
1794
1795
1797
1805
1806
1806
1806
1808
1810
1813
1813
1814
1819
1829
1832
1834
1837
1838
1843
1844
1851
1851
1851
1852
1854
1857
1858
1859
1859
1873
1883
1884
1888
1889
1889
1893
1894
1895
1897
1904
1911
1921
1925
1928
1932
1932
1941
1950
1950
1952
1953
1954
1954
1965
1968
1970
1976
1977
1978
1978
1982
1986
1988
1989
1992
1994
1997
2003
2004
2006
2008
2009
2013
2016
2016
2024
2025
2025
2027
2040
2045
2046
2048
2049
2050
2051
2051
2053
2058
2060
2067
2071
2078
2080
2083
2085
2085
2087
2088
2096
2097
2100
2101
2103
2104
2108
2119
2123
2128
2131
2135
2137
2140
2145
2148
2148
2150
2150
2151
2154
2156
2159
2162
2170
2172
2172
2175
2178
2179
2181
2185
2187
2189
2197
2202
2205
2206
2214
2215
2229
2234
2238
2241
2244
2248
2260
2262
2264
2268
2270
2270
2273
2276
2278
2280
2281
2283
2286
2286
2287
2297
2299
2302
2303
2310
2310
2317
2319
2322
2323
2331
2334
2337
2341
2341
2351
2353
2353
2353
2362
2364
2366
2370
2380
2381
2382
2382
2385
2386
2386
2389
2391
2401
2411
2411
2414
2427
2429
2431
2440
2442
2444
2445
2452
2453
2467
2470
2471
2472
2474
2476
2478
2480
2483
2488
2504
2505
2506
2507
2512
2516
2519
2520
2523
2540
2543
2544
2544
2551
2564
2566
2568
2571
2571
2572
2575
2579
2583
2588
2600
2601
2601
2605
2606
2610
2610
2612
2613
2614
2618
2619
2626
2628
2628
2630
2632
2632
2632
2632
2634
2634
2636
2637
2639
2639
2653
2656
2659
2663
2669
2671
2675
2680
2685
2687
2687
2702
2710
2712
2717
2721
2724
2726
2727
2730
2732
2742
2745
2754
2756
2762
2765
2767
2769
2775
2776
2777
2785
2786
2791
2796
2804
2805
2806
2806
2807
2813
2817
2818
2823
2826
2830
2833
2844
2846
2848
2851
2862
2862
2865
2867
2868
2874
2876
2882
2887
2889
2898
2908
2910
2912
2920
2923
2925
2926
2931
2937
2938
2944
2945
2949
2956
2956
2957
2957
2958
2959
2960
2966
2969
2974
2984
2987
2989
2995
2997
3003
3004
3006
3007
3008
3009
3009
3014
3015
3020
3025
3030
3041
3047
3049
3049
3049
3054
3061
3068
3075
3080
3081
3086
3091
3097
3097
3099
3104
3115
3118
3119
3122
3125
3137
3139
3143
3144
3145
3157
3159
3159
3160
3164
3164
3166
3174
3176
3176
3178
3181
3185
3186
3187
3192
3194
3196
3196
3196
3197
3198
3203
3210
3210
3213
3215
3216
3216
3221
3221
3228
3235
3236
3242
3245
3255
3257
3271
3274
3275
3276
3276
3276
3278
3280
3285
3286
3293
3297
3300
3304
3308
3310
3313
3313
3314
3316
3320
3322
3323
3331
3333
3339
3341
3343
3346
3351
3354
3362
3363
3364
3367
3369
3370
3373
3376
3376
3378
3379
3384
3392
3395
3395
3399
3402
3414
3417
3427
3428
3431
3444
3445
3449
3453
3454
3454
3456
3466
3475
3481
3486
3487
3489
3490
3492
3495
3497
3500
3502
3519
3520
3522
3523
3527
3528
3531
3533
3533
3533
3536
3537
3543
3550
3552
3553
3555
3557
3558
3561
3569
3574
3585
3600
3600
3601
3603
3604
3604
3609
3610
3612
3612
3614
3616
3617
3619
3623
3628
3629
3632
3632
3633
3639
3641
3641
3646
3651
3656
3660
3660
3663
3664
3666
3667
3673
3675
3677
3696
3697
3698
3714
3717
3717
3717
3717
3720
3721
3730
3730
3732
3732
3738
3749
3751
3751
3751
3752
3753
3761
3761
3762
3765
3766
3766
3770
3776
3778
3780
3782
3782
3787
3788
3788
3795
3795
3796
3804
3813
3813
3821
3827
3831
3835
3837
3837
3841
3846
3849
3851
3853
3853
3857
3857
3860
3863
3865
3867
3869
3872
3878
3895
3896
3898
3899
3900
3900
3901
3904
3912
3912
3918
3923
3925
3926
3929
3942
3950
3961
3964
3968
3968
3978
3980
3983
3985
3992
3992
3993
3996
3997
4001
4006
4006
4008
4012
4012
4014
4017
4018
4023
4031
4032
4034
4034
4035
4037
4037
4040
4042
4048
4053
4053
4056
4059
4060
4060
4060
4064
4066
4072
4075
4083
4091
4092
4102
4104
4107
4109
4109
4112
4112
4116
4118
4120
4121
4126
4136
4140
4140
4148
4150
4154
4156
4165
4165
4173
4177
4179
4179
4180
4187
4194
4197
4202
4204
4208
4213
4213
4216
4216
4217
4218
4222
4224
4224
4226
4238
4241
4246
4247
4249
4255
4255
4259
4267
4270
4276
4277
4278
4280
4291
4295
4297
4297
4304
4309
4309
4309
4317
4320
4321
4323
4326
4329
4337
4337
4338
4346
4346
4348
4349
4352
4354
4363
4364
4365
4368
4371
4373
4373
4373
4377
4382
4387
4390
4393
4393
4406
4409
4422
4425
4428
4430
4432
4434
4437
4441
4443
4443
4448
4450
4451
4452
4459
4459
4466
4466
4469
4470
4471
4475
4477
4482
4483
4483
4485
4487
4491
4491
4498
4505
4507
4508
4509
4520
4522
4523
4524
4526
4529
4530
4531
4538
4540
4541
4549
4558
4561
4562
4568
4570
4585
4586
4590
4591
4592
4594
4601
4608
4611
4614
4614
4615
4616
4618
4618
4621
4624
4635
4642
4644
4647
4650
4651
4654
4657
4661
4667
4677
4679
4679
4686
4690
4691
4695
4699
4701
4717
4720
4722
4725
4726
4726
4729
4729
4730
4734
4735
4737
4740
4746
4747
4748
4749
4749
4750
4751
4756
4759
4764
4766
4772
4776
4777
4778
4779
4780
4782
4782
4784
4784
4787
4793
4796
4799
4803
4810
4810
4811
4813
4818
4818
4821
4821
4822
4823
4825
4825
4827
4831
4832
4834
4836
4841
4846
4849
4849
4851
4854
4855
4858
4863
4868
4869
4870
4871
4872
4874
4875
4880
4885
4889
4893
4895
4897
4905
4912
4914
4915
4916
4916
4929
4938
4942
4944
4949
4953
4955
4955
4956
4963
4964
4965
4970
4971
4977
4978
4987
4990
4996
4998
5011
5013
5016
5016
5018
5021
5021
5022
5029
5030
5030
5030
5031
5032
5035
5038
5038
5049
5051
5053
5053
5055
5056
5059
5063
5066
5067
5068
5068
5071
5073
5076
5076
5077
5080
5096
5097
5097
5098
5098
5100
5106
5110
5112
5114
5121
5125
5127
5129
5129
5131
5145
5147
5151
5153
5156
5156
5157
5157
5159
5161
5163
5163
5170
5173
5173
5175
5178
5181
5185
5185
5189
5194
5194
5200
5201
5202
5205
5206
5213
5218
5221
5224
5225
5229
5234
5249
5250
5250
5251
5254
5255
5268
5269
5276
5278
5282
5285
5287
5288
5291
5293
5295
5296
5296
5298
5301
5306
5307
5310
5321
5329
5330
5334
5340
5343
5346
5347
5347
5347
5349
5353
5354
5354
5356
5358
5364
5367
5375
5377
5384
5386
5387
5390
5390
5391
5394
5413
5415
5419
5419
5421
5429
5430
5433
5433
5435
5435
5442
5443
5443
5447
5448
5456
5457
5459
5461
5461
5463
5479
5484
5487
5488
5491
5491
5495
5495
5506
5508
5509
5513
5513
5514
5523
5524
5535
5535
5542
5545
5547
5552
5554
5561
5562
5563
5566
5572
5577
5582
5586
5601
5602
5606
5608
5617
5619
5622
5632
5634
5639
5646
5647
5652
5653
5655
5672
5675
5676
5686
5687
5692
5693
5696
5698
5700
5702
5702
5703
5705
5711
5713
5716
5717
5718
5719
5724
5727
5729
5729
5734
5746
5747
5756
5759
5761
5764
5778
5781
5782
5785
5793
5800
5803
5804
5806
5809
5809
5810
5810
5811
5818
5823
5824
5826
5840
5841
5841
5842
5844
5847
5860
5865
5866
5868
5868
5875
5875
5879
5883
5884
5889
5900
5904
5909
5909
5912
5913
5914
5919
5921
5925
5938
5942
5943
5946
5947
5948
5950
5958
5961
5963
5974
5978
5978
5983
5984
5985
5987
5989
5990
5995
5995
5996
5996
5998
6000
6001
6006
6007
6009
6010
6011
6022
6023
6024
6024
6028
6030
6033
6036
6036
6037
6050
6052
6057
6058
6067
6075
6075
6077
6079
6080
6087
6096
6097
6099
6105
6105
6107
6109
6110
6111
6111
6123
6123
6123
6126
6131
6140
6148
6149
6157
6158
6158
6166
6169
6169
6171
6171
6175
6179
6184
6184
6185
6186
6195
6198
6204
6220
6222
6224
6226
6238
6244
6244
6244
6246
6246
6249
6254
6265
6265
6267
6275
6278
6279
6279
6279
6282
6282
6287
6287
6294
6296
6300
6306
6307
6312
6313
6315
6316
6323
6326
6328
6331
6333
6333
6334
6334
6335
6339
6346
6348
6349
6350
6351
6354
6355
6360
6363
6372
6374
6375
6375
6376
6377
6380
6383
6387
6392
6395
6400
6413
6415
6425
6427
6431
6439
6444
6446
6447
6448
6448
6451
6452
6453
6453
6458
6458
6463
6469
6469
6475
6478
6479
6484
6486
6499
6502
6511
6514
6527
6529
6534
6534
6536
6542
6542
6549
6549
6550
6553
6558
6569
6576
6579
6580
6581
6586
6589
6590
6599
6599
6601
6605
6608
6609
6610
6610
6616
6616
6619
6624
6626
6629
6630
6637
6637
6638
6639
6644
6645
6646
6649
6657
6659
6663
6664
6665
6674
6675
6678
6684
6685
6690
6691
6697
6698
6698
6700
6701
6701
6702
6706
6706
6713
6713
6720
6721
6727
6731
6734
6739
6750
6760
6764
6766
6768
6776
6776
6782
6795
6800
6802
6804
6811
6811
6813
6816
6817
6819
6819
6829
6833
6838
6847
6848
6850
6851
6855
6867
6870
6871
6878
6883
6884
6889
6890
6891
6894
6896
6896
6897
6902
6902
6906
6907
6918
6923
6923
6927
6928
6928
6931
6935
6937
6943
6946
6950
6956
6960
6960
6961
6963
6966
6966
6972
6976
6978
6984
6995
6997
6999
7001
7001
7005
7016
7016
7016
7017
7021
7024
7028
7032
7038
7040
7043
7043
7048
7049
7050
7051
7053
7058
7061
7061
7063
7064
7065
7073
7075
7075
7077
7081
7082
7087
7092
7107
7116
7120
7126
7129
7131
7132
7138
7144
7151
7152
7158
7165
7168
7175
7176
7176
7185
7194
7199
7201
7215
7220
7227
7239
7242
7243
7244
7245
7247
7247
7249
7250
7264
7267
7272
7286
7287
7291
7293
7296
7298
7306
7309
7316
7317
7317
7319
7325
7338
7339
7343
7347
7348
7349
7355
7356
7358
7360
7368
7371
7372
7376
7381
7384
7386
7390
7394
7395
7404
7410
7411
7412
7412
7413
7417
7422
7422
7423
7426
7431
7431
7433
7434
7435
7445
7445
7445
7448
7449
7453
7456
7466
7469
7470
7472
7475
7476
7476
7477
7480
7480
7483
7487
7491
7491
7492
7496
7497
7500
7507
7508
7512
7516
7516
7521
7522
7522
7524
7529
7529
7530
7542
7543
7544
7546
7565
7574
7578
7583
7587
7590
7591
7592
7596
7598
7600
7604
7604
7606
7606
7607
7609
7612
7612
7614
7617
7618
7622
7623
7625
7625
7628
7628
7633
7635
7635
7639
7643
7645
7646
7648
7653
7653
7661
7662
7669
7672
7673
7673
7678
7680
7687
7687
7688
7698
7705
7705
7705
7707
7711
7715
7717
7722
7730
7746
7747
7757
7758
7763
7764
7765
7766
7767
7779
7785
7787
7790
7805
7807
7810
7812
7816
7816
7821
7823
7830
7835
7836
7838
7843
7845
7846
7847
7862
7863
7882
7886
7889
7889
7890
7894
7896
7896
7901
7907
7908
7920
7920
7920
7922
7925
7926
7927
7932
7939
7940
7946
7949
7949
7949
7950
7952
7953
7953
7954
7960
7972
7974
7978
7985
7987
7995
7996
7998
8003
8007
8009
8012
8015
8015
8015
8017
8018
8026
8030
8034
8040
8041
8042
8044
8045
8059
8059
8059
8062
8074
8080
8081
8085
8086
8088
8099
8100
8101
8105
8126
8130
8133
8134
8134
8136
8141
8143
8149
8156
8157
8161
8163
8163
8164
8168
8169
8170
8173
8175
8179
8185
8188
8196
8200
8209
8210
8211
8219
8225
8232
8233
8234
8236
8245
8245
8249
8252
8254
8257
8262
8264
8265
8272
8274
8277
8282
8285
8289
8291
8292
8292
8294
8296
8301
8302
8303
8303
8303
8306
8307
8317
8320
8334
8336
8338
8339
8340
8352
8352
8353
8357
8367
8367
8368
8373
8376
8376
8377
8381
8384
8389
8398
8401
8408
8409
8411
8411
8418
8418
8425
8426
8431
8436
8442
8445
8448
8448
8450
8454
8461
8463
8469
8470
8475
8477
8483
8490
8495
8505
8508
8510
8512
8517
8519
8522
8523
8524
8524
8524
8527
8543
8544
8545
8547
8548
8549
8552
8553
8555
8563
8571
8572
8573
8574
8577
8578
8589
8591
8593
8595
8604
8605
8610
8612
8613
8618
8618
8618
8619
8623
8639
8639
8644
8645
8648
8648
8650
8651
8651
8653
8655
8657
8658
8659
8663
8669
8671
8673
8674
8678
8682
8683
8686
8690
8703
8718
8722
8729
8731
8737
8755
8761
8762
8774
8777
8786
8787
8791
8797
8800
8804
8805
8805
8806
8810
8812
8818
8824
8828
8845
8845
8849
8861
8864
8865
8867
8868
8869
8869
8870
8875
8892
8896
8901
8903
8904
8915
8922
8924
8932
8933
8937
8938
8943
8945
8948
8949
8954
8957
8968
8972
8973
8975
8975
8982
8982
8982
8983
8988
8990
8993
8994
8995
8996
9000
9000
9003
9005
9006
9008
9008
9011
9012
9013
9018
9022
9023
9033
9046
9047
9050
9052
9053
9054
9059
9060
9062
9062
9067
9070
9073
9076
9078
9081
9082
9083
9084
9085
9087
9087
9090
9093
9094
9097
9102
9105
9110
9111
9116
9118
9119
9130
9132
9139
9142
9143
9145
9147
9153
9154
9155
9159
9160
9164
9170
9170
9171
9173
9176
9182
9183
9190
9196
9199
9208
9213
9215
9216
9217
9219
9224
9237
9238
9239
9248
9248
9255
9256
9259
9260
9260
9261
9262
9273
9273
9281
9284
9289
9290
9290
9296
9297
9306
9315
9329
9331
9342
9344
9346
9350
9350
9354
9356
9363
9364
9366
9369
9370
9370
9374
9377
9383
9384
9384
9385
9387
9390
9391
9399
9404
9406
9410
9413
9414
9415
9418
9419
9420
9422
9426
9427
9430
9431
9433
9433
9434
9434
9435
9441
9443
9444
9444
9449
9449
9456
9456
9457
9458
9461
9464
9476
9479
9482
9483
9483
9489
9504
9509
9514
9520
9522
9522
9524
9526
9527
9528
9528
9538
9540
9541
9541
9545
9549
9550
9559
9561
9562
9565
9569
9571
9575
9576
9580
9582
9585
9589
9591
9595
9596
9597
9598
9599
9601
9602
9604
9604
9606
9613
9613
9616
9618
9619
9627
9628
9632
9637
9638
9641
9645
9662
9666
9668
9673
9678
9678
9685
9687
9690
9691
9691
9691
9697
9705
9708
9709
9716
9717
9719
9720
9722
9727
9730
9733
9733
9736
9736
9738
9739
9739
9740
9755
9762
9764
9768
9770
9772
9777
9779
9779
9785
9786
9788
9791
9792
9794
9802
9814
9814
9816
9817
9817
9821
9823
9826
9828
9838
9838
9838
9839
9839
9843
9846
9847
9853
9853
9856
9857
9857
9861
9863
9866
9868
9868
9869
9872
9875
9877
9882
9884
9885
9889
9891
9906
9911
9912
9914
9916
9920
9923
9924
9924
9925
9925
9934
9935
9935
9940
9945
9959
9960
9960
9963
9965
9969
9973
9974
9976
9981
9984
9986
9986
9986
9995
10000
10000
10002
10006
10008
10008
10015
10015
10016
10019
10020
10027
10029
10029
10031
10036
10040
10042
10042
10046
10047
10060
10060
10062
10063
10068
10069
10071
10072
10074
10074
10075
10077
10078
10078
10104
10105
10107
10127
10128
10129
10130
10131
10134
10135
10137
10147
10151
10152
10153
10162
10164
10167
10168
10175
10179
10180
10186
10188
10190
10190
10193
10194
10198
10200
10202
10203
10208
10209
10211
10213
10216
10218
10222
10224
10225
10228
10231
10234
10235
10236
10238
10248
10253
10255
10256
10263
10264
10269
10282
10291
10291
10295
10299
10302
10305
10309
10312
10320
10321
10322
10322
10324
10325
10325
10328
10335
10340
10343
10346
10349
10349
10352
10354
10355
10356
10359
10360
10363
10365
10365
10365
10367
10368
10371
10372
10373
10376
10377
10378
10379
10392
10394
10394
10400
10406
10407
10407
10409
10409
10413
10425
10425
10430
10438
10442
10447
10452
10456
10457
10458
10464
10468
10483
10493
10494
10496
10503
10508
10508
10510
10512
10518
10523
10525
10528
10531
10535
10536
10537
10540
10541
10546
10552
10559
10565
10567
10568
10568
10568
10570
10575
10577
10583
10584
10588
10588
10600
10601
10606
10608
10614
10614
10619
10623
10629
10633
10638
10645
10647
10649
10649
10650
10651
10653
10656
10661
10664
10669
10673
10674
10678
10679
10682
10682
10686
10687
10689
10693
10693
10694
10696
10700
10705
10708
10709
10716
10718
10726
10728
10729
10732
10735
10735
10741
10741
10742
10748
10754
10754
10757
10760
10761
10770
10772
10773
10774
10774
10776
10776
10779
10781
10788
10792
10798
10798
10807
10807
10808
10810
10810
10813
10820
10822
10822
10825
10826
10831
10834
10841
10842
10846
10848
10848
10851
10854
10859
10862
10865
10867
10868
10871
10872
10879
10888
10888
10889
10889
10890
10899
10906
10906
10908
10909
10912
10912
10917
10926
10926
10927
10935
10937
10945
10950
10952
10957
10959
10962
10962
10964
10968
10969
10971
10974
10976
10976
10977
10979
10987
10993
11002
11005
11013
11016
11017
11018
11019
11025
11029
11029
11034
11040
11044
11048
11054
11054
11057
11060
11071
11081
11083
11086
11087
11092
11094
11095
11097
11098
11099
11105
11105
11110
11110
11110
11114
11117
11120
11127
11130
11132
11133
11135
11135
11136
11139
11140
11142
11152
11152
11152
11152
11153
11155
11155
11156
11157
11162
11164
11164
11166
11167
11177
11178
11180
11183
11190
11191
11192
11192
11193
11194
11194
11200
11202
11202
11203
11203
11203
11211
11211
11212
11218
11222
11222
11222
11224
11224
11231
11233
11237
11241
11244
11244
11260
11265
11267
11268
11270
11274
11275
11276
11277
11278
11279
11295
11298
11302
11305
11306
11307
11308
11309
11311
11316
11316
11317
11321
11326
11330
11331
11334
11335
11337
11338
11340
11340
11344
11345
11346
11353
11354
11358
11359
11360
11361
11366
11366
11371
11372
11377
11386
11393
11393
11394
11396
11398
11402
11405
11408
11410
11411
11411
11415
11421
11437
11442
11442
11449
11450
11452
11455
11467
11467
11470
11472
11473
11476
11483
11484
11484
11494
11505
11507
11510
11518
11519
11523
11526
11531
11531
11532
11544
11548
11550
11552
11556
11558
11562
11566
11567
11567
11573
11574
11575
11587
11589
11592
11600
11601
11602
11611
11614
11616
11620
11620
11623
11624
11628
11630
11631
11631
11632
11632
11637
11638
11638
11639
11645
11649
11651
11651
11656
11657
11663
11664
11671
11672
11679
11679
11679
11682
11684
11685
11687
11687
11690
11691
11694
11695
11695
11696
11701
11704
11705
11708
11708
11713
11720
11726
11727
11733
11738
11746
11753
11761
11764
11771
11773
11778
11779
11780
11787
11788
11789
11795
11798
11802
11805
11808
11811
11814
11815
11823
11836
11841
11842
11843
11846
11846
11847
11850
11850
11860
11861
11871
11879
11881
11882
11884
11884
11885
11885
11889
11891
11893
11894
11901
11911
11919
11935
11948
11960
11962
11965
11971
11972
11973
11974
11975
11977
11981
11982
11983
11984
11987
11991
11994
11994
11995
11997
12000
12007
12009
12011
12019
12019
12028
12030
12032
12035
12036
12039
12041
12042
12046
12047
12047
12052
12052
12055
12060
12062
12063
12064
12068
12070
12075
12079
12080
12081
12084
12091
12099
12100
12104
12106
12109
12109
12110
12110
12111
12112
12113
12117
12117
12120
12125
12127
12131
12131
12134
12136
12137
12139
12141
12148
12149
12151
12151
12155
12158
12160
12160
12167
12168
12168
12174
12175
12184
12184
12185
12187
12189
12198
12218
12231
12232
12234
12241
12242
12243
12244
12244
12245
12247
12247
12251
12265
12266
12266
12267
12271
12276
12279
12281
12286
12291
12291
12292
12293
12293
12298
12299
12313
12318
12322
12327
12331
12332
12335
12335
12338
12345
12350
12357
12359
12362
12363
12363
12369
12370
12371
12373
12384
12385
12388
12396
12398
12410
12412
12417
12418
12419
12422
12427
12428
12428
12430
12434
12435
12437
12438
12446
12450
12450
12453
12456
12457
12458
12459
12465
12466
12468
12478
12483
12486
12492
12493
12499
12502
12502
12504
12507
12510
12510
12510
12511
12511
12511
12513
12520
12531
12535
12537
12545
12545
12548
12554
12556
12559
12573
12575
12581
12585
12585
12594
12597
12611
12614
12617
12617
12623
12625
12630
12632
12633
12639
12642
12655
12658
12661
12668
12678
12684
12689
12691
12691
12693
12700
12701
12704
12708
12710
12714
12715
12720
12721
12722
12722
12724
12735
12738
12742
12743
12743
12748
12753
12758
12763
12764
12778
12778
12784
12785
12788
12793
12793
12795
12795
12797
12799
12800
12809
12815
12820
12823
12835
12843
12846
12846
12851
12853
12855
12856
12863
12863
12867
12871
12872
12875
12880
12883
12889
12890
12900
12902
12908
12916
12916
12918
12921
12921
12922
12923
12925
12931
12947
12957
12959
12964
12965
12967
12970
12974
12982
12987
12988
12988
12988
12990
12992
12992
12999
12999
13000
13005
13007
13008
13011
13017
13017
13019
13027
13030
13031
13038
13039
13040
13044
13049
13049
13052
13059
13060
13061
13061
13065
13065
13070
13078
13082
13086
13089
13097
13097
13098
13102
13103
13109
13113
13114
13116
13118
13122
13123
13130
13131
13131
13132
13136
13136
13137
13137
13138
13139
13141
13144
13145
13147
13149
13151
13151
13157
13157
13160
13162
13168
13170
13171
13171
13180
13181
13195
13197
13200
13204
13209
13209
13215
13217
13218
13225
13229
13233
13233
13234
13239
13241
13241
13242
13246
13246
13256
13261
13261
13262
13263
13264
13268
13271
13272
13276
13277
13283
13291
13295
13297
13303
13303
13308
13311
13312
13313
13317
13318
13319
13321
13322
13324
13324
13326
13326
13328
13341
13345
13346
13347
13348
13349
13350
13354
13356
13356
13360
13369
13370
13371
13373
13373
13374
13375
13379
13385
13385
13388
13393
13395
13397
13401
13407
13413
13415
13423
13424
13426
13433
13437
13441
13441
13442
13448
13448
13452
13454
13464
13473
13473
13481
13483
13485
13485
13486
13488
13491
13491
13493
13494
13494
13497
13498
13506
13507
13515
13515
13521
13524
13524
13527
13528
13530
13536
13537
13537
13540
13542
13546
13547
13548
13550
13551
13552
13557
13561
13564
13566
13571
13572
13574
13577
13581
13582
13585
13585
13591
13591
13607
13612
13612
13617
13620
13625
13625
13626
13627
13628
13630
13631
13634
13637
13640
13641
13651
13656
13664
13673
13673
13674
13677
13688
13690
13693
13695
13698
13701
13705
13706
13707
13708
13722
13725
13737
13738
13742
13745
13745
13747
13749
13749
13750
13761
13767
13778
13780
13781
13782
13784
13794
13800
13800
13800
13800
13803
13813
13814
13814
13821
13830
13831
13835
13837
13840
13873
13874
13874
13876
13878
13879
13882
13891
13894
13895
13897
13899
13902
13906
13908
13908
13911
13915
13915
13924
13929
13929
13933
13935
13939
13940
13942
13943
13946
13956
13960
13965
13974
13984
13987
13990
13994
13998
14002
14010
14011
14013
14020
14022
14026
14026
14027
14029
14033
14035
14036
14038
14045
14045
14045
14047
14050
14051
14052
14054
14057
14062
14064
14067
14068
14079
14082
14084
14085
14086
14086
14094
14127
14127
14128
14133
14134
14137
14147
14148
14150
14154
14154
14156
14158
14158
14158
14161
14163
14172
14189
14189
14191
14193
14195
14200
14206
14207
14210
14217
14218
14218
14219
14221
14239
14245
14250
14251
14257
14257
14259
14260
14260
14262
14262
14263
14264
14265
14267
14279
14281
14283
14283
14284
14289
14289
14290
14292
14295
14302
14304
14306
14306
14316
14318
14323
14329
14334
14344
14350
14351
14351
14357
14373
14384
14385
14391
14394
14401
14403
14405
14410
14414
14416
14418
14419
14431
14434
14435
14438
14439
14440
14441
14445
14449
14450
14456
14457
14461
14466
14468
14471
14475
14476
14477
14478
14480
14480
14482
14485
14492
14493
14496
14499
14501
14504
14507
14509
14511
14512
14514
14515
14517
14518
14519
14522
14532
14544
14546
14546
14551
14551
14551
14552
14564
14569
14570
14571
14571
14580
14582
14583
14585
14585
14585
14590
14593
14596
14597
14602
14603
14605
14606
14607
14608
14609
14612
14612
14615
14625
14629
14633
14637
14637
14645
14649
14650
14654
14654
14661
14662
14663
14669
14675
14681
14686
14686
14695
14696
14698
14710
14712
14712
14722
14725
14726
14726
14732
14736
14739
14742
14744
14745
14750
14751
14752
14756
14768
14768
14770
14773
14774
14782
14782
14783
14784
14800
14803
14803
14804
14809
14812
14814
14817
14818
14818
14820
14820
14820
14820
14826
14830
14832
14832
14834
14835
14837
14838
14838
14842
14850
14852
14853
14853
14856
14861
14861
14862
14866
14874
14876
14876
14878
14879
14879
14882
14887
14889
14891
14893
14893
14895
14897
14897
14899
14902
14902
14903
14903
14909
14911
14912
14912
14913
14914
14914
14920
14922
14922
14926
14927
14936
14937
14944
14949
14952
14952
14960
14961
14962
14969
14970
14974
14977
14982
14982
14984
14987
14993
14995
15002
15005
15007
15008
15008
15008
15011
15011
15013
15018
15018
15022
15022
15027
15028
15037
15041
15042
15042
15043
15045
15047
15049
15049
15056
15057
15067
15068
15069
15073
15083
15084
15085
15090
15090
15091
15092
15100
15100
15112
15116
15121
15122
15123
15127
15130
15133
15143
15147
15148
15149
15149
15153
15157
15159
15160
15160
15161
15163
15169
15173
15176
15178
15179
15185
15186
15187
15187
15191
15192
15195
15198
15205
15209
15212
15213
15214
15215
15215
15220
15220
15220
15223
15227
15228
15230
15233
15234
15242
15245
15245
15246
15248
15249
15252
15256
15265
15266
15267
15268
15273
15274
15278
15279
15280
15280
15281
15292
15299
15306
15310
15315
15319
15320
15330
15330
15331
15333
15333
15335
15338
15347
15348
15351
15352
15354
15367
15370
15374
15375
15384
15385
15390
15391
15401
15404
15406
15424
15426
15426
15427
15435
15437
15438
15444
15449
15450
15451
15451
15451
15452
15453
15455
15465
15466
15466
15468
15475
15477
15479
15479
15480
15481
15484
15492
15496
15496
15501
15501
15503
15519
15521
15521
15521
15523
15526
15527
15530
15532
15551
15556
15559
15560
15560
15562
15567
15571
15571
15582
15583
15586
15589
15608
15608
15608
15609
15609
15611
15615
15616
15620
15622
15623
15629
15629
15637
15641
15642
15643
15644
15644
15645
15646
15649
15649
15650
15650
15651
15654
15655
15660
15664
15664
15665
15665
15667
15676
15679
15681
15681
15681
15684
15684
15685
15689
15691
15696
15709
15711
15712
15713
15713
15718
15719
15722
15727
15730
15731
15732
15734
15737
15740
15741
15743
15745
15746
15747
15751
15751
15760
15768
15777
15783
15803
15803
15822
15823
15825
15831
15841
15844
15846
15846
15849
15849
15854
15867
15868
15870
15870
15871
15872
15874
15880
15883
15883
15885
15888
15894
15895
15898
15904
15905
15909
15912
15913
15913
15913
15916
15919
15923
15925
15933
15948
15949
15949
15956
15958
15960
15960
15964
15971
15971
15975
15978
15995
15997
15997
15998
16003
16009
16011
16012
16013
16019
16020
16025
16027
16028
16029
16039
16041
16043
16046
16053
16055
16059
16061
16064
16071
16074
16077
16080
16084
16090
16092
16092
16092
16093
16097
16102
16110
16112
16115
16117
16118
16130
16133
16134
16146
16146
16151
16155
16157
16158
16159
16160
16162
16171
16173
16174
16178
16178
16184
16189
16192
16192
16204
16205
16211
16213
16219
16224
16227
16228
16228
16230
16232
16232
16237
16239
16241
16241
16241
16250
16259
16260
16262
16262
16265
16269
16271
16272
16277
16280
16282
16284
16285
16285
16286
16287
16288
16294
16294
16298
16302
16305
16306
16308
16311
16321
16329
16331
16341
16342
16343
16344
16346
16348
16350
16353
16362
16363
16370
16373
16374
16377
16388
16402
16404
16406
16412
16412
16418
16418
16419
16421
16421
16422
16423
16431
16434
16435
16437
16439
16439
16443
16446
16447
16448
16451
16452
16461
16463
16468
16474
16476
16481
16482
16483
16490
16495
16496
16499
16505
16505
16507
16512
16515
16515
16516
16517
16521
16526
16528
16529
16536
16538
16548
16556
16558
16563
16571
16572
16573
16575
16580
16582
16582
16593
16597
16602
16606
16607
16609
16616
16621
16623
16625
16625
16629
16633
16635
16636
16636
16637
16639
16645
16650
16650
16652
16653
16657
16657
16659
16662
16663
16663
16663
16665
16677
16680
16680
16684
16690
16693
16702
16703
16708
16714
16718
16722
16723
16723
16724
16731
16734
16741
16746
16748
16751
16755
16764
16767
16767
16768
16769
16769
16770
16776
16779
16781
16784
16787
16788
16789
16790
16793
16793
16794
16803
16806
16809
16812
16815
16819
16837
16838
16838
16839
16842
16844
16844
16850
16851
16862
16864
16865
16867
16868
16879
16884
16892
16899
16900
16903
16903
16909
16911
16914
16914
16917
16920
16926
16927
16935
16936
16940
16943
16946
16948
16950
16970
16970
16970
16971
16976
16978
16979
16985
16986
16988
16990
16990
16994
16994
16996
16997
17002
17002
17004
17010
17011
17012
17017
17021
17022
17023
17024
17025
17029
17036
17036
17040
17050
17051
17051
17059
17059
17061
17063
17064
17066
17069
17074
17077
17082
17085
17085
17095
17097
17098
17103
17103
17107
17112
17113
17117
17119
17120
17121
17123
17124
17125
17125
17127
17128
17129
17134
17136
17143
17143
17146
17146
17150
17152
17158
17160
17162
17167
17178
17180
17182
17190
17193
17195
17197
17202
17204
17213
17215
17215
17216
17219
17221
17226
17229
17241
17242
17244
17244
17250
17253
17256
17258
17268
17268
17269
17274
17278
17279
17280
17280
17281
17288
17289
17292
17297
17298
17301
17302
17304
17305
17306
17306
17308
17309
17309
17312
17314
17321
17325
17329
17329
17330
17333
17335
17337
17339
17339
17344
17345
17347
17347
17347
17350
17353
17354
17357
17359
17359
17368
17370
17372
17372
17375
17376
17382
17386
17386
17388
17388
17398
17405
17413
17415
17417
17420
17421
17423
17431
17432
17433
17436
17451
17451
17452
17452
17453
17455
17458
17460
17466
17467
17469
17470
17478
17485
17487
17490
17491
17498
17501
17501
17505
17505
17506
17508
17510
17512
17516
17517
17520
17522
17523
17523
17525
17527
17528
17530
17530
17532
17534
17547
17552
17556
17557
17566
17571
17574
17580
17587
17588
17593
17596
17609
17613
17614
17622
17622
17622
17624
17628
17629
17631
17638
17643
17646
17646
17646
17647
17650
17653
17656
17658
17660
17661
17661
17667
17672
17674
17677
17682
17683
17686
17689
17692
17692
17695
17696
17698
17704
17709
17711
17712
17713
17714
17718
17722
17725
17725
17727
17728
17731
17737
17737
17739
17742
17744
17750
17753
17761
17769
17769
17771
17779
17784
17787
17788
17789
17791
17795
17801
17803
17807
17813
17815
17822
17827
17828
17831
17834
17837
17839
17843
17845
17849
17852
17854
17858
17864
17867
17870
17871
17877
17877
17879
17880
17883
17883
17891
17900
17902
17908
17911
17918
17920
17920
17922
17925
17928
17929
17935
17936
17942
17948
17950
17959
17960
17962
17963
17968
17969
17969
17974
17977
17980
17984
17984
17989
17993
17993
17994
17996
17996
17996
17997
17999
18000
18001
18004
18006
18008
18015
18016
18019
18020
18020
18022
18027
18028
18029
18029
18031
18034
18038
18041
18041
18042
18043
18046
18051
18052
18052
18053
18054
18058
18058
18062
18062
18064
18067
18068
18071
18071
18079
18080
18080
18083
18084
18088
18090
18094
18100
18102
18107
18117
18117
18117
18119
18122
18123
18126
18133
18134
18138
18140
18141
18147
18149
18152
18153
18155
18155
18158
18162
18164
18167
18168
18171
18172
18180
18183
18189
18192
18192
18199
18204
18208
18209
18209
18210
18214
18215
18215
18215
18221
18222
18225
18226
18227
18228
18241
18242
18243
18246
18247
18248
18248
18248
18250
18252
18256
18256
18267
18268
18270
18275
18280
18294
18297
18306
18309
18309
18311
18311
18312
18312
18313
18324
18330
18333
18339
18341
18342
18349
18353
18364
18369
18377
18380
18388
18389
18394
18399
18403
18410
18411
18417
18418
18422
18425
18425
18432
18438
18442
18444
18445
18445
18445
18449
18450
18450
18456
18458
18460
18460
18461
18465
18472
18473
18479
18484
18485
18490
18491
18499
18501
18502
18512
18512
18512
18513
18519
18520
18521
18524
18527
18531
18536
18541
18545
18548
18549
18552
18554
18561
18562
18562
18564
18572
18574
18576
18577
18580
18580
18581
18581
18586
18586
18586
18589
18590
18592
18593
18594
18597
18600
18605
18606
18610
18612
18613
18616
18625
18627
18632
18633
18633
18634
18644
18644
18644
18644
18645
18646
18648
18655
18656
18660
18666
18676
18681
18683
18689
18689
18694
18696
18699
18704
18709
18710
18712
18727
18730
18731
18731
18742
18745
18751
18752
18756
18756
18758
18759
18761
18764
18770
18772
18774
18774
18778
18781
18782
18784
18787
18787
18792
18794
18798
18798
18803
18803
18805
18805
18806
18806
18807
18808
18812
18813
18814
18817
18819
18820
18820
18821
18825
18831
18834
18836
18836
18838
18841
18852
18860
18866
18872
18873
18880
18880
18880
18883
18891
18896
18897
18901
18901
18903
18905
18908
18927
18931
18932
18933
18934
18939
18942
18944
18949
18955
18960
18963
18966
18967
18968
18974
18975
18975
18975
18976
18991
18992
18999
19006
19013
19015
19018
19020
19021
19023
19023
19030
19031
19031
19032
19034
19040
19041
19042
19042
19051
19052
19054
19059
19059
19059
19061
19063
19064
19068
19073
19074
19074
19079
19085
19088
19089
19094
19094
19100
19101
19102
19102
19106
19110
19112
19113
19113
19113
19116
19120
19127
19127
19129
19130
19134
19137
19140
19141
19141
19146
19146
19147
19151
19157
19159
19159
19164
19166
19170
19170
19175
19176
19176
19177
19183
19184
19189
19189
19190
19197
19200
19203
19208
19222
19227
19238
19240
19240
19245
19245
19249
19252
19254
19255
19256
19257
19270
19271
19271
19273
19275
19282
19285
19287
19288
19289
19304
19306
19308
19308
19310
19310
19312
19323
19324
19324
19325
19326
19326
19337
19344
19344
19345
19346
19348
19354
19355
19356
19364
19368
19373
19376
19380
19380
19392
19393
19397
19400
19401
19406
19406
19410
19417
19418
19418
19419
19419
19421
19425
19426
19428
19438
19439
19446
19446
19450
19456
19458
19459
19461
19461
19462
19464
19467
19476
19476
19477
19478
19481
19483
19486
19486
19494
19496
19504
19514
19516
19522
19525
19533
19537
19538
19540
19544
19545
19548
19549
19560
19567
19570
19570
19571
19573
19573
19577
19587
19588
19589
19590
19592
19592
19610
19611
19612
19625
19627
19629
19630
19633
19634
19636
19638
19642
19645
19648
19652
19659
19668
19681
19689
19690
19693
19694
19696
19701
19703
19705
19708
19709
19715
19726
19729
19732
19745
19749
19750
19752
19752
19752
19763
19765
19768
19776
19778
19779
19783
19786
19788
19790
19794
19795
19800
19802
19809
19810
19815
19817
19819
19819
19819
19827
19827
19828
19829
19832
19837
19840
19842
19844
19848
19848
19851
19853
19855
19857
19858
19859
19864
19864
19867
19871
19874
19875
19876
19876
19879
19891
19893
19896
19900
19902
19903
19904
19913
19921
19921
19925
19943
19943
19944
19944
19951
19957
19962
19964
19967
19968
19968
19984
19984
19990
20004
20006
20007
20025
20031
20033
20034
20034
20034
20036
20036
20039
20039
20039
20040
20052
20054
20055
20057
20058
20075
20085
20087
20091
20091
20095
20098
20100
20100
20103
20105
20107
20112
20113
20113
20113
20114
20118
20119
20125
20130
20131
20134
20137
20141
20141
20142
20143
20145
20149
20152
20157
20160
20161
20164
20184
20187
20189
20191
20191
20192
20195
20197
20200
20201
20202
20204
20207
20211
20213
20214
20222
20223
20223
20235
20241
20246
20250
20253
20253
20261
20262
20270
20271
20278
20279
20283
20288
20289
20294
20297
20299
20302
20308
20310
20311
20312
20320
20324
20325
20329
20343
20344
20346
20347
20347
20351
20351
20354
20354
20363
20368
20368
20373
20380
20383
20384
20384
20385
20386
20388
20388
20395
20403
20404
20406
20408
20410
20410
20412
20412
20415
20421
20423
20423
20425
20426
20426
20431
20437
20439
20440
20452
20453
20456
20465
20467
20467
20468
20472
20474
20474
20481
20481
20485
20489
20490
20493
20511
20511
20512
20513
20521
20521
20525
20529
20530
20533
20534
20538
20539
20542
20543
20550
20550
20552
20553
20556
20558
20573
20580
20588
20592
20593
20599
20602
20603
20604
20605
20607
20607
20613
20613
20621
20626
20626
20630
20633
20634
20641
20648
20653
20655
20656
20658
20666
20668
20673
20677
20679
20681
20685
20690
20692
20696
20699
20703
20705
20706
20707
20708
20709
20710
20711
20711
20711
20712
20716
20718
20721
20733
20735
20735
20742
20754
20754
20761
20761
20762
20767
20768
20769
20773
20778
20778
20790
20794
20795
20798
20804
20806
20807
20809
20812
20813
20818
20824
20828
20829
20830
20832
20835
20835
20838
20841
20841
20842
20844
20844
20845
20849
20851
20855
20860
20866
20875
20876
20879
20889
20889
20894
20895
20895
20900
20906
20907
20916
20917
20917
20918
20921
20923
20929
20942
20945
20946
20947
20964
20965
20967
20967
20967
20971
20975
20977
20978
20981
20981
20988
20990
20991
20991
20997
21002
21003
21006
21008
21010
21011
21013
21016
21032
21035
21039
21040
21043
21045
21045
21046
21050
21051
21056
21058
21059
21059
21062
21067
21074
21078
21087
21088
21088
21089
21090
21091
21091
21095
21097
21102
21102
21103
21103
21104
21115
21118
21120
21121
21127
21128
21130
21134
21150
21151
21158
21165
21165
21170
21173
21173
21184
21187
21193
21196
21198
21198
21201
21207
21207
21208
21211
21215
21224
21227
21230
21230
21230
21231
21234
21238
21240
21241
21241
21243
21248
21250
21251
21253
21264
21264
21268
21281
21284
21285
21287
21287
21292
21301
21307
21311
21312
21316
21318
21325
21325
21325
21328
21332
21333
21335
21336
21342
21343
21344
21345
21347
21349
21365
21367
21369
21371
21375
21375
21378
21379
21380
21381
21394
21394
21395
21396
21399
21405
21423
21424
21427
21431
21436
21436
21444
21448
21452
21457
21462
21465
21465
21487
21487
21497
21498
21498
21500
21508
21510
21514
21516
21523
21526
21527
21530
21530
21531
21541
21541
21541
21543
21547
21552
21553
21553
21554
21559
21563
21563
21563
21566
21584
21585
21585
21589
21590
21601
21603
21605
21611
21615
21617
21618
21618
21627
21633
21634
21634
21636
21638
21641
21642
21645
21651
21652
21658
21660
21663
21663
21665
21667
21667
21669
21669
21672
21675
21679
21680
21680
21680
21684
21686
21694
21698
21700
21701
21703
21704
21716
21719
21723
21723
21727
21729
21729
21743
21751
21751
21752
21754
21755
21758
21761
21762
21762
21763
21764
21769
21774
21776
21776
21783
21785
21791
21794
21799
21800
21809
21814
21814
21816
21820
21827
21829
21836
21837
21839
21850
21855
21871
21874
21881
21882
21882
21883
21884
21890
21890
21897
21897
21897
21898
21910
21912
21919
21923
21926
21928
21939
21940
21943
21944
21950
21955
21955
21958
21958
21958
21958
21964
21965
21966
21967
21968
21978
21980
21981
21985
21991
21993
22002
22007
22008
22008
22015
22019
22020
22022
22024
22029
22033
22034
22035
22036
22040
22040
22048
22050
22050
22051
22055
22059
22065
22099
22100
22103
22109
22115
22120
22122
22126
22132
22132
22135
22136
22136
22145
22146
22147
22155
22159
22166
22170
22173
22177
22181
22184
22186
22188
22189
22190
22196
22196
22200
22203
22206
22207
22211
22215
22217
22221
22222
22222
22223
22228
22229
22230
22232
22233
22233
22233
22234
22237
22237
22239
22241
22242
22243
22245
22251
22253
22253
22255
22255
22258
22260
22263
22267
22272
22272
22274
22275
22275
22278
22279
22280
22282
22286
22288
22289
22291
22297
22301
22306
22308
22319
22320
22321
22324
22343
22345
22348
22349
22353
22356
22358
22363
22364
22368
22371
22372
22374
22379
22383
22384
22385
22392
22394
22398
22402
22410
22410
22410
22413
22416
22422
22424
22459
22462
22463
22472
22478
22483
22491
22491
22494
22499
22503
22505
22511
22522
22530
22532
22533
22536
22540
22541
22544
22546
22548
22551
22551
22556
22557
22561
22561
22571
22571
22571
22575
22575
22575
22580
22581
22582
22584
22585
22589
22596
22596
22598
22609
22613
22614
22627
22634
22638
22638
22640
22661
22672
22673
22680
22681
22682
22682
22683
22689
22693
22697
22701
22701
22704
22709
22722
22730
22736
22739
22740
22743
22743
22743
22745
22756
22756
22760
22761
22776
22781
22783
22783
22784
22788
22790
22795
22795
22798
22798
22800
22802
22802
22804
22809
22811
22818
22824
22827
22830
22831
22832
22833
22833
22833
22835
22837
22840
22841
22844
22849
22850
22851
22858
22859
22860
22863
22864
22868
22870
22872
22873
22876
22882
22884
22885
22895
22896
22896
22903
22903
22909
22909
22914
22915
22917
22924
22936
22941
22942
22944
22945
22946
22950
22950
22951
22952
22953
22957
22959
22959
22968
22969
22969
22971
22974
22975
22988
22990
22996
22999
23004
23005
23006
23010
23010
23013
23013
23014
23015
23018
23019
23023
23024
23031
23032
23037
23042
23043
23047
23049
23051
23055
23059
23067
23067
23071
23077
23078
23082
23082
23087
23089
23092
23094
23109
23115
23118
23126
23126
23127
23128
23129
23136
23137
23140
23149
23152
23152
23153
23157
23157
23157
23161
23162
23163
23167
23175
23181
23189
23190
23191
23191
23201
23204
23209
23210
23220
23223
23225
23228
23232
23233
23234
23237
23256
23263
23273
23275
23279
23281
23290
23290
23291
23297
23297
23303
23306
23311
23312
23314
23317
23326
23336
23338
23340
23343
23345
23349
23350
23354
23359
23359
23362
23365
23365
23371
23381
23387
23390
23391
23397
23399
23400
23401
23403
23407
23409
23410
23416
23416
23418
23418
23419
23419
23419
23424
23425
23430
23434
23437
23437
23439
23442
23445
23447
23459
23459
23460
23465
23466
23466
23467
23469
23476
23485
23485
23488
23490
23490
23490
23497
23500
23503
23508
23513
23518
23523
23524
23525
23526
23535
23539
23540
23543
23550
23551
23560
23562
23562
23564
23564
23567
23569
23571
23572
23576
23577
23578
23578
23580
23580
23583
23602
23612
23617
23624
23633
23633
23635
23635
23643
23647
23662
23669
23672
23678
23678
23684
23686
23688
23690
23691
23694
23701
23702
23703
23705
23716
23720
23721
23724
23728
23730
23737
23738
23745
23745
23748
23749
23760
23762
23770
23771
23782
23796
23797
23797
23797
23804
23806
23810
23811
23815
23819
23821
23824
23834
23834
23835
23837
23839
23840
23844
23845
23845
23847
23850
23856
23860
23862
23864
23866
23867
23867
23888
23893
23897
23898
23902
23902
23903
23908
23913
23922
23923
23925
23932
23941
23942
23943
23946
23947
23948
23952
23953
23956
23956
23958
23961
23962
23969
23970
23973
23974
23978
23987
23995
24002
24002
24003
24006
24012
24017
24019
24020
24021
24028
24036
24038
24038
24040
24042
24043
24044
24045
24045
24046
24059
24061
24063
24065
24066
24070
24070
24073
24079
24079
24081
24086
24087
24097
24103
24105
24107
24109
24109
24110
24114
24115
24117
24117
24118
24123
24126
24127
24135
24139
24144
24151
24156
24157
24157
24159
24161
24162
24171
24180
24188
24193
24199
24203
24207
24207
24207
24209
24217
24220
24221
24229
24232
24233
24234
24235
24236
24240
24243
24253
24260
24261
24266
24267
24268
24269
24276
24277
24277
24282
24283
24284
24303
24304
24305
24309
24312
24314
24314
24315
24317
24318
24319
24321
24322
24324
24325
24329
24329
24330
24332
24334
24336
24339
24340
24342
24345
24345
24349
24350
24352
24353
24354
24355
24365
24377
24384
24386
24387
24388
24390
24396
24398
24401
24405
24407
24409
24410
24421
24426
24429
24430
24446
24448
24450
24450
24451
24454
24457
24460
24471
24475
24479
24483
24483
24487
24495
24502
24502
24506
24519
24521
24522
24526
24526
24530
24530
24531
24534
24536
24538
24538
24540
24544
24553
24553
24564
24564
24567
24569
24576
24576
24577
24578
24582
24582
24585
24586
24589
24590
24595
24595
24605
24611
24617
24618
24619
24619
24623
24626
24631
24633
24636
24638
24650
24657
24660
24664
24667
24674
24677
24685
24689
24689
24695
24696
24697
24713
24713
24717
24724
24726
24727
24733
24734
24736
24738
24744
24749
24749
24756
24760
24763
24765
24766
24768
24778
24789
24789
24794
24795
24801
24805
24807
24817
24822
24822
24822
24823
24824
24830
24835
24839
24839
24839
24840
24850
24850
24854
24856
24861
24865
24866
24867
24869
24878
24883
24887
24893
24895
24896
24900
24904
24912
24926
24928
24930
24930
24934
24934
24941
24943
24946
24951
24959
24960
24960
24964
24965
24965
24968
24968
24971
24971
24987
24991
24992
24994
24997
25002
25003
25003
25007
25013
25014
25016
25017
25021
25022
25022
25028
25032
25038
25038
25039
25044
25045
25049
25052
25055
25060
25064
25069
25073
25074
25075
25084
25086
25086
25091
25098
25101
25111
25115
25118
25124
25125
25132
25135
25136
25141
25142
25145
25146
25149
25151
25153
25153
25154
25156
25160
25168
25172
25173
25176
25186
25189
25189
25193
25200
25202
25204
25207
25208
25220
25229
25233
25234
25236
25238
25240
25242
25243
25245
25256
25257
25259
25264
25272
25276
25279
25280
25283
25284
25288
25292
25294
25298
25301
25302
25316
25322
25323
25324
25329
25332
25336
25338
25342
25344
25346
25346
25348
25353
25354
25358
25359
25359
25361
25376
25380
25390
25391
25394
25400
25402
25405
25406
25417
25418
25421
25424
25428
25432
25437
25440
25442
25446
25454
25454
25454
25461
25465
25467
25467
25469
25469
25474
25476
25481
25493
25494
25496
25496
25497
25502
25504
25504
25504
25512
25515
25522
25523
25525
25527
25527
25529
25535
25535
25536
25546
25547
25548
25550
25558
25569
25571
25577
25579
25585
25586
25587
25589
25597
25597
25601
25602
25608
25611
25611
25611
25612
25619
25623
25624
25629
25632
25635
25636
25637
25638
25640
25643
25646
25647
25650
25653
25655
25659
25661
25663
25672
25682
25682
25686
25691
25693
25694
25696
25703
25708
25710
25710
25712
25713
25714
25715
25715
25724
25726
25728
25729
25736
25738
25738
25748
25754
25757
25757
25762
25764
25769
25779
25785
25786
25790
25792
25795
25797
25804
25806
25812
25819
25827
25827
25828
25828
25828
25831
25831
25836
25843
25845
25849
25849
25851
25853
25858
25860
25875
25876
25884
25892
25894
25895
25901
25905
25906
25906
25913
25917
25917
25921
25921
25931
25933
25933
25934
25943
25950
25958
25974
25978
25981
25982
25988
25989
26002
26006
26006
26007
26014
26016
26019
26021
26024
26025
26029
26036
26039
26039
26047
26055
26063
26065
26067
26068
26069
26071
26085
26085
26087
26088
26089
26095
26113
26123
26125
26125
26128
26128
26135
26142
26142
26154
26157
26158
26160
26174
26183
26185
26197
26198
26198
26201
26201
26207
26216
26217
26222
26223
26227
26228
26229
26230
26230
26230
26232
26233
26243
26247
26254
26254
26260
26264
26268
26269
26273
26278
26281
26283
26294
26296
26298
26305
26311
26316
26316
26317
26323
26327
26327
26328
26335
26340
26343
26346
26348
26353
26355
26359
26361
26366
26369
26372
26382
26383
26386
26386
26393
26393
26393
26396
26400
26400
26404
26405
26411
26411
26413
26414
26414
26416
26419
26422
26423
26423
26425
26425
26426
26428
26439
26442
26452
26455
26455
26457
26461
26463
26463
26466
26475
26475
26475
26477
26478
26479
26482
26483
26487
26507
26508
26513
26515
26515
26523
26524
26526
26527
26528
26534
26536
26538
26539
26540
26544
26550
26551
26557
26568
26574
26576
26579
26583
26586
26587
26603
26606
26606
26614
26616
26619
26632
26634
26638
26643
26645
26649
26651
26655
26657
26665
26666
26672
26678
26678
26682
26686
26686
26687
26687
26689
26696
26703
26705
26709
26718
26718
26721
26721
26723
26725
26727
26730
26730
26734
26734
26745
26745
26751
26754
26755
26756
26760
26761
26761
26762
26767
26768
26768
26770
26772
26778
26778
26779
26784
26784
26791
26792
26793
26793
26795
26803
26808
26819
26820
26822
26825
26838
26839
26843
26844
26844
26848
26849
26853
26859
26861
26867
26875
26876
26882
26882
26883
26888
26889
26891
26906
26908
26909
26912
26914
26917
26917
26920
26924
26924
26926
26931
26932
26944
26947
26955
26957
26960
26960
26964
26977
26978
26978
26982
26985
26990
26991
26994
27007
27009
27009
27010
27010
27010
27022
27022
27024
27028
27033
27035
27040
27040
27042
27050
27056
27057
27057
27061
27065
27077
27077
27079
27083
27084
27090
27095
27099
27100
27102
27104
27107
27109
27113
27114
27119
27126
27135
27136
27138
27138
27145
27148
27148
27151
27155
27157
27158
27170
27175
27178
27182
27191
27192
27194
27195
27195
27202
27206
27209
27209
27214
27221
27222
27236
27241
27245
27246
27247
27250
27251
27265
27276
27276
27279
27279
27286
27286
27292
27295
27307
27309
27319
27330
27331
27343
27352
27352
27358
27361
27361
27364
27364
27368
27376
27378
27379
27379
27381
27383
27397
27400
27403
27407
27414
27415
27417
27419
27420
27430
27431
27431
27434
27445
27451
27456
27456
27459
27461
27463
27465
27469
27474
27474
27475
27477
27483
27485
27488
27499
27501
27502
27504
27508
27509
27511
27513
27514
27515
27515
27516
27516
27517
27520
27524
27524
27524
27525
27528
27529
27531
27531
27534
27534
27534
27536
27536
27538
27542
27545
27550
27550
27551
27551
27555
27557
27558
27572
27579
27584
27586
27588
27593
27595
27609
27613
27614
27619
27620
27628
27630
27631
27633
27634
27635
27636
27639
27640
27641
27645
27645
27646
27656
27658
27663
27674
27687
27688
27692
27695
27701
27702
27705
27712
27713
27714
27717
27718
27720
27722
27725
27729
27730
27731
27731
27733
27734
27737
27740
27741
27753
27753
27755
27756
27765
27765
27768
27769
27770
27771
27771
27774
27774
27785
27789
27791
27792
27793
27796
27799
27800
27805
27808
27812
27816
27819
27824
27834
27838
27841
27843
27848
27848
27850
27859
27865
27867
27872
27874
27890
27890
27896
27901
27902
27902
27905
27917
27921
27923
27925
27940
27940
27943
27946
27949
27951
27953
27956
27956
27959
27964
27969
27984
27988
27995
27997
28000
28004
28007
28015
28017
28018
28018
28023
28024
28026
28028
28030
28040
28041
28042
28044
28044
28045
28046
28048
28048
28054
28062
28071
28075
28079
28081
28083
28090
28094
28095
28096
28099
28101
28106
28106
28107
28115
28118
28118
28124
28125
28125
28127
28131
28134
28141
28148
28151
28153
28163
28164
28164
28168
28169
28177
28184
28185
28189
28193
28195
28197
28201
28205
28207
28208
28210
28217
28225
28225
28226
28233
28235
28241
28241
28246
28247
28247
28251
28255
28255
28259
28270
28274
28274
28276
28283
28283
28285
28290
28298
28301
28311
28316
28317
28320
28321
28321
28325
28335
28338
28340
28343
28348
28354
28356
28360
28362
28375
28376
28376
28380
28383
28390
28392
28392
28393
28396
28399
28400
28402
28402
28406
28408
28410
28410
28411
28412
28413
28413
28435
28437
28442
28450
28454
28458
28461
28462
28463
28468
28469
28470
28472
28478
28479
28484
28487
28489
28497
28504
28508
28510
28512
28518
28521
28523
28528
28537
28545
28549
28555
28556
28561
28562
28572
28580
28583
28584
28587
28592
28594
28598
28600
28602
28610
28612
28615
28624
28628
28631
28639
28640
28641
28643
28646
28646
28648
28650
28661
28664
28675
28676
28678
28686
28687
28696
28701
28702
28709
28721
28722
28722
28723
28727
28727
28732
28735
28736
28738
28738
28741
28744
28754
28760
28763
28765
28765
28768
28769
28770
28773
28776
28778
28782
28782
28785
28787
28787
28787
28788
28791
28793
28794
28795
28802
28809
28809
28810
28815
28818
28819
28822
28825
28834
28836
28836
28842
28842
28842
28844
28844
28845
28855
28856
28859
28859
28859
28861
28864
28866
28871
28872
28873
28875
28875
28876
28876
28878
28882
28887
28888
28895
28909
28912
28913
28914
28916
28917
28918
28921
28925
28928
28937
28940
28944
28949
28950
28951
28954
28955
28958
28959
28961
28961
28962
28964
28967
28971
28981
28982
28982
28990
28995
28995
28995
28995
29000
29004
29005
29029
29034
29034
29036
29038
29039
29041
29044
29046
29053
29056
29060
29060
29064
29065
29072
29073
29076
29078
29079
29091
29097
29098
29101
29102
29104
29112
29118
29118
29119
29126
29127
29133
29134
29134
29134
29137
29139
29145
29145
29148
29157
29158
29159
29161
29166
29173
29182
29184
29196
29197
29199
29202
29204
29210
29210
29212
29214
29217
29220
29226
29226
29227
29239
29241
29242
29243
29248
29252
29252
29252
29257
29257
29260
29260
29263
29265
29266
29269
29272
29276
29282
29283
29290
29298
29308
29312
29312
29317
29322
29323
29324
29330
29333
29335
29335
29338
29341
29341
29346
29352
29354
29370
29377
29385
29393
29396
29399
29419
29425
29430
29431
29434
29437
29442
29443
29448
29451
29452
29453
29454
29457
29457
29460
29460
29461
29463
29473
29481
29485
29485
29492
29496
29499
29502
29509
29511
29513
29516
29519
29522
29525
29526
29536
29536
29537
29539
29551
29552
29557
29560
29565
29566
29568
29572
29579
29580
29583
29585
29596
29598
29599
29603
29604
29606
29609
29613
29619
29622
29629
29629
29631
29631
29638
29640
29645
29647
29648
29648
29650
29650
29653
29656
29656
29658
29660
29662
29664
29666
29667
29668
29671
29672
29674
29675
29676
29679
29681
29683
29683
29685
29687
29690
29691
29697
29699
29707
29707
29708
29709
29711
29715
29715
29718
29724
29724
29726
29726
29727
29736
29737
29739
29741
29741
29743
29745
29750
29751
29752
29753
29756
29756
29759
29760
29761
29761
29762
29762
29764
29766
29767
29770
29777
29784
29785
29785
29792
29799
29800
29812
29812
29814
29817
29821
29829
29833
29835
29836
29837
29853
29853
29855
29857
29863
29866
29867
29875
29875
29877
29878
29879
29887
29893
29895
29906
29911
29914
29928
29931
29937
29939
29941
29949
29956
29957
29958
29959
29959
29960
29964
29968
29968
29969
29970
29975
29993
29994
30004
30007
30008
30009
30010
30011
30014
30016
30021
30021
30025
30027
30037
30039
30044
30045
30046
30048
30050
30050
30054
30061
30065
30068
30071
30078
30079
30087
30093
30093
30093
30096
30099
30100
30104
30104
30108
30109
30114
30115
30118
30118
30124
30126
30126
30128
30131
30137
30155
30166
30169
30170
30173
30177
30181
30184
30186
30187
30189
30190
30194
30195
30198
30199
30199
30202
30206
30207
30208
30217
30218
30240
30242
30245
30245
30250
30252
30255
30261
30262
30268
30275
30281
30283
30284
30285
30291
30301
30303
30322
30324
30328
30330
30343
30354
30354
30358
30363
30366
30367
30371
30374
30380
30384
30389
30395
30399
30400
30405
30406
30416
30417
30418
30421
30424
30424
30424
30429
30431
30434
30439
30439
30441
30441
30441
30449
30450
30452
30453
30462
30464
30466
30477
30480
30480
30485
30485
30489
30495
30496
30500
30504
30504
30506
30514
30514
30515
30517
30519
30520
30525
30526
30527
30534
30536
30537
30540
30546
30548
30553
30558
30562
30566
30567
30567
30568
30579
30584
30586
30586
30589
30591
30597
30605
30605
30605
30607
30609
30610
30618
30620
30625
30626
30630
30630
30631
30631
30631
30639
30639
30640
30642
30650
30652
30652
30654
30658
30663
30665
30668
30672
30675
30675
30683
30686
30686
30691
30698
30699
30702
30707
30713
30714
30714
30721
30723
30723
30732
30742
30745
30752
30757
30765
30771
30772
30780
30782
30787
30789
30791
30792
30793
30795
30796
30796
30800
30806
30811
30820
30828
30834
30840
30843
30843
30846
30850
30856
30857
30862
30865
30865
30865
30867
30867
30871
30877
30878
30885
30886
30890
30894
30902
30903
30904
30905
30905
30910
30912
30914
30918
30922
30929
30931
30931
30933
30934
30934
30942
30944
30948
30958
30959
30959
30960
30965
30970
30973
30975
30976
30978
30978
30979
30983
30985
30985
30992
30992
30997
30997
31003
31004
31007
31011
31011
31014
31015
31016
31016
31018
31021
31024
31027
31027
31032
31035
31042
31048
31049
31052
31058
31070
31073
31077
31082
31084
31090
31094
31096
31099
31100
31106
31108
31112
31112
31118
31121
31122
31128
31131
31131
31136
31137
31138
31141
31146
31146
31147
31148
31154
31156
31165
31168
31181
31183
31186
31194
31196
31204
31210
31213
31214
31215
31218
31219
31223
31231
31233
31238
31243
31244
31244
31248
31248
31251
31251
31252
31255
31261
31263
31263
31263
31270
31273
31274
31277
31284
31293
31300
31300
31300
31302
31304
31305
31306
31313
31314
31316
31318
31321
31330
31334
31335
31338
31342
31346
31349
31353
31355
31356
31358
31365
31372
31373
31377
31380
31380
31385
31390
31397
31400
31405
31406
31407
31410
31416
31420
31431
31431
31435
31435
31436
31441
31448
31449
31478
31479
31479
31481
31483
31483
31484
31487
31488
31490
31494
31495
31500
31501
31501
31506
31506
31507
31513
31515
31519
31520
31524
31527
31529
31532
31532
31536
31543
31548
31559
31560
31562
31564
31568
31568
31571
31571
31583
31589
31599
31605
31605
31610
31611
31611
31616
31617
31622
31624
31624
31629
31634
31639
31640
31641
31643
31646
31655
31656
31657
31657
31665
31665
31671
31672
31672
31672
31674
31674
31679
31681
31681
31685
31694
31698
31699
31702
31702
31705
31705
31706
31715
31719
31719
31723
31733
31735
31736
31737
31740
31740
31745
31746
31746
31766
31766
31777
31783
31786
31788
31795
31802
31806
31809
31809
31809
31819
31821
31825
31832
31832
31837
31848
31850
31850
31857
31857
31860
31862
31864
31864
31864
31873
31874
31877
31886
31893
31893
31897
31897
31900
31904
31906
31907
31908
31910
31918
31920
31921
31927
31930
31933
31933
31935
31938
31940
31944
31947
31957
31968
31980
31988
31989
31993
31996
32001
32007
32014
32014
32028
32029
32033
32038
32044
32047
32049
32051
32059
32060
32061
32067
32068
32068
32072
32074
32074
32078
32082
32083
32088
32091
32095
32096
32098
32110
32113
32118
32118
32124
32133
32134
32137
32142
32143
32144
32147
32149
32150
32150
32154
32157
32162
32164
32164
32164
32165
32169
32175
32175
32176
32176
32182
32187
32195
32195
32197
32198
32204
32208
32208
32212
32213
32217
32217
32218
32223
32224
32224
32225
32233
32237
32241
32242
32243
32252
32253
32255
32260
32261
32264
32267
32272
32275
32286
32290
32291
32291
32292
32294
32299
32304
32305
32307
32309
32309
32309
32313
32316
32319
32327
32327
32329
32334
32339
32340
32345
32349
32350
32356
32359
32359
32360
32364
32365
32369
32373
32388
32393
32396
32397
32399
32402
32403
32405
32412
32417
32419
32423
32429
32431
32435
32442
32444
32451
32451
32451
32454
32455
32457
32460
32470
32471
32480
32482
32483
32484
32486
32489
32512
32519
32526
32526
32539
32542
32543
32544
32546
32548
32549
32552
32554
32559
32562
32565
32569
32571
32575
32575
32577
32579
32580
32587
32592
32603
32609
32609
32610
32618
32627
32633
32639
32644
32644
32647
32650
32654
32655
32658
32658
32662
32664
32664
32665
32669
32669
32672
32683
32686
32688
32690
32697
32698
32707
32711
32712
32713
32716
32716
32718
32721
32723
32727
32729
32734
32735
32740
32742
32743
32756
