3
4
6
8
8
12
22
23
24
33
39
39
40
41
42
47
51
53
62
68
71
71
72
75
76
79
88
97
98
107
108
109
114
117
124
124
133
138
143
145
145
147
152
156
160
163
168
169
173
175
176
177
183
191
194
196
198
198
199
199
201
203
205
207
209
213
221
223
226
227
227
230
232
232
245
246
246
248
249
256
256
258
263
263
267
270
270
275
280
283
285
286
288
289
290
293
295
298
299
300
303
304
307
316
327
330
330
336
339
341
343
349
350
351
354
355
356
364
365
370
376
382
388
391
394
399
402
406
410
411
418
420
421
423
427
437
439
451
452
454
459
461
462
462
467
475
478
493
495
497
506
511
516
518
519
522
524
526
529
532
532
532
533
537
540
541
542
543
543
546
546
547
549
552
552
555
559
561
566
568
568
576
580
581
585
592
598
605
614
614
622
626
627
632
636
637
638
644
659
660
661
662
663
667
670
671
672
674
676
682
696
698
706
709
711
714
714
725
732
732
734
739
745
749
755
759
764
766
767
767
767
769
776
780
780
781
784
798
799
802
809
813
814
814
820
824
825
829
833
836
842
846
846
846
856
858
862
867
874
887
887
889
893
893
906
909
914
918
926
928
930
933
934
936
937
937
939
939
940
942
947
947
961
962
966
975
976
978
984
984
989
989
989
993
993
994
998
1000
1010
1020
1020
1031
1035
1035
1039
1042
1044
1045
1050
1052
1055
1056
1057
1059
1059
1059
1063
1071
1076
1076
1084
1085
1087
1094
1097
1100
1101
1104
1107
1112
1114
1116
1120
1120
1120
1123
1124
1125
1127
1128
1130
1133
1140
1145
1146
1149
1150
1153
1153
1160
1160
1161
1168
1176
1177
1184
1184
1184
1184
1186
1187
1188
1188
1189
1193
1195
1199
1203
1205
1206
1211
1214
1216
1220
1221
1228
1235
1236
1238
1239
1242
1244
1248
1261
1262
1267
1273
1273
1275
1276
1278
1280
1280
1287
1295
1297
1298
1299
1302
1303
1305
1310
1310
1311
1312
1313
1318
1318
1328
1333
1336
1347
1347
1356
1357
1367
1370
1374
1376
1377
1379
1400
1406
1407
1410
1412
1413
1414
1416
1418
1422
1433
1433
1434
1436
1437
1437
1447
1457
1460
1462
1463
1467
1468
1476
1480
1493
1495
1505
1505
1507
1510
1513
1513
1518
1519
1520
1526
1528
1535
1537
1539
1543
1544
1552
1553
1553
1558
1573
1574
1577
1581
1582
1585
1586
1587
1587
1590
1597
1598
1599
1611
1612
1612
1615
1618
1619
1622
1623
1625
1628
1642
1643
1645
1646
1648
1650
1654
1657
1669
1670
1675
1679
1685
1687
1694
1696
1697
1699
1699
1703
1705
1711
1711
1718
1719
1730
1734
1741
1743
1759
1759
1761
1763
1766
1771
1774
1780
1781
1796
1798
1800
1802
1818
1819
1822
1825
1827
1836
1839
1851
1861
1868
1869
1872
1876
1877
1879
1881
1884
1885
1892
1896
1896
1897
1902
1902
1911
1912
1914
1915
1917
1918
1921
1931
1935
1935
1936
1938
1940
1947
1970
1970
1980
1986
1987
1991
1999
2001
2006
2017
2017
2021
2021
2022
2023
2026
2028
2035
2038
2040
2044
2049
2052
2053
2063
2064
2072
2076
2078
2091
2095
2095
2102
2105
2109
2111
2115
2116
2121
2123
2125
2126
2127
2128
2130
2131
2132
2135
2137
2145
2146
2147
2147
2148
2149
2150
2151
2152
2161
2161
2166
2166
2168
2172
2174
2186
2186
2186
2189
2192
2194
2195
2197
2201
2204
2211
2214
2218
2218
2219
2220
2220
2224
2240
2241
2241
2243
2247
2255
2255
2257
2262
2262
2269
2272
2280
2284
2285
2298
2303
2304
2305
2308
2315
2319
2322
2323
2340
2340
2341
2350
2355
2357
2358
2371
2379
2380
2380
2387
2388
2388
2389
2391
2393
2397
2398
2401
2404
2416
2426
2427
2430
2431
2433
2434
2439
2441
2441
2444
2445
2451
2453
2461
2462
2465
2466
2466
2467
2467
2469
2471
2472
2476
2483
2485
2486
2489
2491
2491
2501
2505
2506
2511
2512
2512
2515
2516
2516
2521
2522
2523
2528
2528
2536
2536
2538
2539
2541
2557
2563
2565
2565
2568
2568
2569
2570
2574
2575
2576
2581
2584
2586
2588
2590
2590
2595
2596
2598
2599
2599
2599
2600
2603
2605
2608
2614
2615
2615
2625
2627
2630
2634
2636
2640
2641
2643
2647
2651
2653
2661
2662
2663
2669
2669
2672
2679
2681
2682
2682
2694
2697
2699
2703
2706
2707
2708
2719
2727
2729
2732
2734
2747
2755
2762
2776
2788
2788
2794
2797
2798
2814
2820
2824
2826
2827
2827
2830
2833
2835
2835
2836
2837
2839
2839
2843
2851
2858
2862
2870
2873
2875
2878
2878
2881
2883
2884
2884
2893
2901
2905
2907
2909
2911
2916
2916
2918
2920
2921
2924
2928
2931
2933
2934
2935
2937
2940
2941
2943
2945
2945
2947
2948
2950
2950
2952
2955
2955
2961
2966
2967
2967
2974
2974
2977
2978
2982
2984
2985
2989
2990
2994
2996
3001
3009
3012
3013
3019
3020
3022
3025
3028
3033
3038
3039
3040
3043
3048
3068
3068
3070
3072
3074
3078
3081
3083
3083
3084
3085
3086
3086
3089
3090
3094
3098
3099
3100
3108
3110
3112
3113
3113
3119
3122
3126
3126
3128
3130
3130
3142
3146
3148
3153
3156
3161
3163
3164
3166
3175
3181
3183
3188
3192
3194
3198
3199
3201
3202
3206
3209
3213
3215
3215
3218
3218
3219
3220
3221
3221
3222
3231
3232
3232
3235
3247
3249
3261
3261
3261
3262
3265
3270
3271
3275
3278
3279
3281
3288
3291
3291
3292
3297
3299
3302
3310
3314
3314
3314
3317
3325
3333
3333
3335
3345
3345
3348
3348
3348
3350
3352
3356
3361
3362
3369
3372
3375
3376
3379
3382
3383
3384
3386
3387
3388
3392
3414
3419
3423
3426
3427
3428
3435
3437
3440
3441
3444
3444
3445
3447
3447
3456
3460
3476
3479
3484
3485
3488
3493
3497
3500
3500
3503
3506
3506
3509
3511
3512
3512
3512
3514
3516
3518
3522
3525
3528
3531
3532
3556
3558
3560
3564
3565
3569
3572
3573
3579
3579
3580
3580
3581
3581
3582
3584
3586
3589
3592
3593
3593
3607
3608
3609
3612
3616
3626
3628
3630
3630
3640
3644
3644
3658
3658
3659
3659
3666
3669
3670
3673
3676
3678
3680
3680
3682
3687
3699
3702
3708
3708
3709
3711
3711
3714
3714
3717
3723
3723
3724
3730
3730
3734
3735
3741
3741
3744
3751
3756
3761
3768
3774
3779
3782
3785
3785
3792
3794
3794
3800
3802
3803
3812
3813
3815
3819
3819
3830
3830
3835
3835
3844
3846
3846
3847
3851
3853
3857
3857
3860
3862
3864
3865
3878
3883
3888
3891
3894
3898
3911
3913
3914
3922
3922
3922
3924
3928
3932
3934
3934
3939
3940
3942
3945
3946
3955
3961
3963
3967
3975
3980
3981
3989
3992
4002
4005
4005
4012
4017
4021
4025
4026
4031
4033
4034
4041
4054
4056
4065
4071
4073
4074
4081
4082
4085
4085
4087
4089
4090
4099
4100
4101
4103
4107
4108
4111
4111
4112
4113
4119
4121
4122
4122
4129
4153
4164
4164
4164
4171
4173
4179
4179
4181
4188
4190
4197
4197
4201
4203
4206
4208
4209
4213
4215
4215
4216
4217
4217
4219
4219
4223
4227
4227
4228
4231
4239
4242
4244
4249
4252
4254
4256
4256
4267
4282
4287
4297
4300
4320
4323
4328
4329
4331
4338
4338
4339
4339
4342
4344
4344
4350
4352
4360
4362
4364
4367
4371
4373
4376
4379
4382
4388
4390
4392
4394
4395
4397
4397
4419
4422
4422
4422
4431
4437
4437
4440
4441
4446
4448
4449
4458
4463
4465
4468
4470
4473
4473
4473
4475
4478
4479
4482
4488
4497
4497
4505
4506
4507
4507
4509
4515
4517
4522
4524
4531
4532
4532
4537
4549
4550
4551
4552
4555
4555
4561
4562
4563
4564
4569
4580
4580
4582
4585
4594
4595
4597
4599
4602
4608
4612
4616
4618
4619
4621
4621
4624
4625
4626
4628
4631
4631
4632
4632
4636
4637
4640
4640
4641
4643
4644
4647
4647
4652
4657
4662
4669
4671
4674
4677
4678
4678
4680
4688
4690
4692
4694
4694
4694
4696
4698
4698
4699
4702
4702
4705
4706
4711
4712
4717
4719
4726
4727
4729
4738
4740
4749
4757
4759
4763
4764
4770
4772
4776
4779
4780
4782
4784
4792
4800
4801
4805
4810
4810
4813
4816
4816
4818
4823
4825
4836
4838
4840
4842
4844
4845
4846
4853
4854
4854
4857
4865
4870
4874
4880
4880
4880
4888
4889
4892
4896
4899
4901
4908
4911
4912
4913
4927
4929
4931
4934
4934
4936
4936
4942
4949
4952
4955
4959
4959
4964
4967
4967
4971
4975
4975
4977
4981
4983
4989
5003
5003
5011
5012
5017
5017
5020
5021
5022
5029
5030
5031
5032
5036
5038
5041
5066
5067
5071
5072
5074
5078
5081
5081
5082
5084
5086
5086
5087
5089
5096
5101
5102
5111
5111
5113
5115
5118
5123
5125
5126
5129
5129
5134
5134
5135
5149
5149
5149
5152
5152
5153
5158
5160
5161
5161
5163
5167
5167
5169
5170
5174
5181
5186
5191
5195
5196
5204
5208
5212
5213
5219
5222
5223
5231
5233
5234
5241
5243
5246
5248
5251
5255
5258
5264
5273
5274
5275
5282
5291
5291
5293
5295
5296
5301
5302
5304
5308
5311
5311
5312
5331
5332
5333
5333
5336
5342
5342
5343
5344
5345
5347
5354
5355
5356
5365
5375
5386
5388
5389
5393
5394
5394
5395
5397
5397
5401
5407
5408
5410
5419
5421
5429
5431
5432
5433
5435
5438
5439
5439
5440
5447
5457
5459
5459
5463
5466
5467
5470
5472
5473
5482
5485
5487
5488
5492
5503
5503
5506
5506
5523
5525
5525
5529
5532
5537
5539
5546
5550
5557
5558
5569
5574
5575
5575
5576
5576
5587
5590
5595
5600
5605
5612
5614
5618
5621
5623
5627
5630
5632
5633
5637
5638
5640
5649
5653
5654
5660
5661
5662
5662
5666
5667
5670
5670
5672
5677
5678
5679
5680
5681
5683
5686
5687
5688
5688
5696
5697
5706
5707
5709
5713
5719
5719
5724
5727
5728
5729
5730
5730
5733
5738
5740
5746
5756
5758
5758
5759
5759
5759
5766
5767
5777
5781
5781
5785
5786
5791
5793
5794
5796
5796
5797
5800
5801
5804
5809
5810
5821
5821
5823
5828
5829
5834
5839
5840
5841
5841
5849
5852
5855
5856
5856
5865
5869
5869
5871
5873
5875
5875
5878
5880
5884
5903
5904
5906
5907
5908
5908
5909
5912
5912
5913
5915
5917
5920
5923
5930
5935
5938
5939
5942
5944
5944
5946
5947
5949
5952
5955
5956
5958
5961
5967
5967
5977
5980
5984
5985
5988
5993
6000
6000
6005
6009
6009
6016
6020
6024
6031
6036
6037
6038
6039
6042
6046
6056
6056
6057
6057
6063
6063
6069
6071
6080
6081
6085
6092
6093
6105
6106
6107
6116
6117
6119
6136
6136
6139
6143
6143
6145
6149
6151
6154
6158
6169
6170
6172
6175
6175
6180
6198
6199
6201
6202
6204
6205
6208
6209
6212
6214
6216
6219
6221
6222
6228
6228
6232
6247
6252
6252
6253
6258
6261
6263
6270
6273
6274
6274
6276
6283
6284
6285
6286
6287
6287
6295
6298
6298
6299
6305
6309
6311
6315
6315
6316
6323
6327
6331
6332
6334
6339
6340
6340
6340
6348
6352
6353
6357
6357
6359
6361
6364
6365
6365
6367
6367
6369
6369
6371
6373
6375
6376
6376
6376
6387
6388
6396
6400
6401
6405
6410
6411
6412
6418
6419
6420
6421
6429
6432
6432
6433
6435
6436
6439
6441
6445
6447
6454
6456
6459
6460
6461
6462
6463
6467
6472
6473
6476
6478
6483
6485
6485
6490
6491
6492
6496
6496
6504
6505
6509
6510
6511
6512
6514
6515
6520
6521
6525
6527
6527
6531
6536
6537
6539
6548
6549
6553
6555
6557
6558
6558
6559
6559
6570
6570
6573
6575
6575
6576
6576
6576
6580
6581
6585
6589
6592
6593
6593
6596
6596
6598
6600
6601
6606
6615
6623
6627
6627
6630
6632
6633
6643
6645
6659
6663
6664
6668
6668
6672
6673
6676
6680
6681
6689
6696
6698
6700
6701
6709
6715
6715
6717
6718
6719
6721
6724
6736
6739
6743
6745
6752
6754
6757
6766
6766
6766
6767
6768
6772
6775
6775
6776
6778
6779
6780
6782
6782
6788
6789
6791
6797
6802
6809
6810
6811
6817
6817
6819
6821
6824
6832
6833
6834
6835
6835
6838
6839
6842
6842
6847
6851
6857
6857
6859
6860
6868
6880
6881
6884
6887
6916
6917
6924
6931
6932
6936
6938
6941
6943
6946
6949
6949
6953
6958
6970
6970
6977
6979
6989
6993
6993
6996
6996
6999
6999
7004
7007
7011
7012
7014
7016
7019
7031
7034
7035
7038
7038
7040
7043
7047
7048
7048
7049
7059
7063
7064
7071
7072
7072
7073
7080
7087
7091
7108
7110
7111
7111
7114
7116
7126
7128
7132
7133
7133
7139
7140
7142
7143
7146
7149
7152
7153
7166
7180
7180
7181
7181
7184
7189
7190
7193
7196
7197
7201
7201
7207
7209
7210
7212
7212
7217
7224
7230
7233
7233
7242
7247
7249
7251
7255
7259
7264
7265
7266
7267
7268
7275
7280
7281
7283
7290
7295
7296
7301
7311
7313
7320
7322
7325
7326
7328
7334
7345
7345
7348
7350
7351
7352
7355
7357
7360
7361
7362
7368
7369
7372
7374
7377
7384
7396
7404
7409
7409
7410
7412
7414
7416
7418
7422
7422
7423
7427
7427
7431
7431
7432
7432
7433
7439
7461
7469
7481
7487
7487
7487
7488
7488
7489
7490
7490
7498
7503
7509
7510
7511
7514
7515
7516
7517
7525
7526
7537
7538
7538
7539
7543
7543
7544
7550
7550
7555
7556
7560
7576
7579
7583
7592
7598
7605
7610
7614
7614
7617
7627
7628
7635
7636
7638
7643
7647
7647
7653
7654
7659
7660
7664
7670
7671
7671
7677
7690
7695
7697
7699
7699
7706
7707
7710
7713
7720
7721
7723
7724
7727
7733
7733
7733
7736
7738
7738
7753
7755
7761
7761
7767
7772
7777
7787
7790
7794
7795
7801
7802
7803
7807
7811
7812
7816
7824
7826
7829
7830
7845
7862
7862
7866
7868
7871
7875
7876
7879
7880
7886
7890
7890
7890
7897
7901
7905
7918
7919
7924
7924
7929
7930
7932
7943
7947
7952
7954
7960
7962
7966
7967
7969
7972
7974
7975
7977
7983
7984
7985
7988
7994
8001
8002
8005
8005
8010
8010
8010
8011
8018
8019
8019
8026
8027
8034
8035
8036
8045
8048
8050
8050
8050
8053
8053
8054
8063
8065
8065
8071
8075
8075
8081
8085
8097
8097
8097
8097
8117
8130
8133
8135
8137
8138
8140
8141
8143
8143
8152
8152
8154
8155
8158
8158
8158
8162
8162
8168
8169
8175
8176
8177
8178
8179
8179
8180
8183
8185
8190
8194
8202
8206
8213
8221
8225
8226
8227
8229
8245
8245
8252
8254
8257
8259
8260
8262
8263
8269
8269
8270
8271
8271
8276
8282
8286
8290
8291
8294
8301
8302
8305
8310
8311
8313
8316
8316
8327
8327
8328
8329
8335
8335
8335
8336
8340
8340
8346
8353
8357
8361
8364
8366
8368
8368
8371
8371
8374
8378
8378
8379
8381
8389
8392
8394
8395
8397
8398
8398
8407
8407
8407
8418
8419
8420
8422
8424
8430
8430
8431
8444
8448
8450
8451
8454
8455
8455
8467
8468
8486
8486
8487
8492
8492
8492
8494
8501
8508
8508
8511
8511
8513
8531
8532
8532
8538
8543
8544
8546
8547
8548
8549
8551
8553
8554
8559
8561
8563
8572
8575
8587
8589
8600
8602
8604
8607
8609
8614
8615
8619
8620
8626
8627
8627
8627
8629
8631
8633
8633
8636
8638
8643
8643
8645
8646
8648
8649
8651
8652
8662
8663
8673
8692
8693
8695
8696
8701
8712
8713
8716
8716
8728
8734
8735
8741
8741
8744
8746
8747
8749
8749
8749
8750
8750
8752
8758
8771
8774
8776
8778
8780
8784
8785
8788
8789
8793
8796
8798
8802
8806
8809
8811
8817
8817
8820
8822
8826
8829
8830
8836
8836
8840
8842
8859
8861
8864
8864
8865
8865
8866
8866
8867
8868
8871
8877
8882
8884
8887
8888
8897
8899
8900
8900
8902
8909
8913
8917
8919
8923
8926
8934
8937
8938
8941
8942
8944
8959
8961
8964
8965
8970
8970
8973
8974
8976
8978
8980
8981
8981
8985
8990
8992
8999
9005
9005
9008
9010
9021
9024
9025
9037
9037
9037
9047
9048
9052
9058
9058
9058
9059
9061
9063
9066
9068
9073
9078
9079
9082
9083
9086
9086
9087
9090
9098
9107
9109
9119
9123
9126
9128
9128
9131
9151
9151
9151
9152
9155
9156
9158
9158
9159
9160
9167
9177
9177
9180
9183
9183
9186
9195
9203
9209
9211
9214
9216
9216
9219
9219
9219
9226
9230
9245
9252
9253
9259
9261
9263
9263
9263
9264
9270
9272
9286
9288
9298
9298
9301
9308
9308
9310
9312
9318
9326
9327
9330
9336
9337
9342
9342
9348
9350
9351
9353
9353
9363
9368
9371
9376
9377
9378
9380
9382
9383
9389
9396
9402
9402
9403
9404
9409
9411
9412
9412
9413
9428
9431
9431
9433
9435
9442
9443
9451
9454
9454
9460
9461
9467
9468
9468
9469
9473
9475
9477
9478
9478
9481
9482
9483
9484
9496
9498
9499
9508
9521
9523
9523
9525
9527
9528
9530
9542
9550
9552
9556
9557
9559
9560
9561
9562
9564
9565
9566
9566
9567
9567
9577
9580
9583
9588
9588
9589
9599
9601
9602
9607
9608
9613
9616
9616
9618
9619
9620
9628
9634
9634
9635
9635
9640
9643
9649
9651
9653
9661
9663
9670
9671
9672
9674
9674
9678
9679
9679
9682
9682
9684
9687
9689
9690
9691
9695
9697
9698
9699
9704
9708
9709
9714
9718
9720
9720
9729
9730
9731
9731
9732
9737
9737
9740
9742
9750
9755
9756
9756
9757
9760
9763
9763
9767
9770
9773
9782
9785
9788
9788
9792
9800
9801
9808
9808
9810
9813
9816
9819
9821
9823
9832
9839
9844
9849
9849
9851
9854
9855
9864
9866
9875
9881
9888
9890
9891
9891
9894
9895
9895
9899
9900
9905
9909
9911
9917
9918
9922
9923
9933
9934
9936
9937
9940
9948
9949
9951
9953
9954
9963
9963
9966
9968
9972
9975
9976
9979
9986
9987
9989
9990
9990
9995
10006
10008
10011
10012
10015
10016
10022
10025
10025
10029
10032
10043
10043
10046
10053
10055
10057
10061
10072
10075
10075
10076
10076
10076
10082
10085
10085
10086
10098
10100
10103
10103
10105
10105
10107
10107
10112
10127
10130
10134
10135
10137
10141
10150
10151
10158
10164
10166
10168
10174
10174
10178
10180
10181
10181
10185
10186
10188
10188
10191
10195
10199
10202
10203
10207
10209
10215
10218
10220
10220
10221
10227
10236
10246
10247
10247
10248
10252
10252
10256
10261
10262
10275
10275
10277
10278
10286
10303
10304
10311
10315
10319
10333
10334
10336
10337
10340
10340
10347
10348
10351
10353
10355
10356
10371
10371
10374
10375
10376
10379
10385
10387
10387
10391
10393
10403
10405
10412
10421
10428
10429
10430
10433
10434
10438
10441
10449
10450
10451
10453
10457
10458
10459
10460
10462
10465
10465
10465
10470
10473
10474
10477
10478
10479
10480
10486
10490
10491
10494
10494
10496
10503
10505
10508
10512
10521
10523
10523
10531
10533
10536
10537
10537
10547
10548
10550
10550
10551
10552
10553
10554
10555
10566
10575
10579
10582
10590
10591
10592
10599
10600
10603
10603
10607
10610
10613
10616
10639
10640
10640
10644
10645
10647
10650
10651
10654
10664
10667
10669
10669
10675
10678
10681
10684
10688
10691
10693
10694
10698
10704
10705
10709
10718
10720
10722
10722
10724
10724
10725
10728
10728
10731
10731
10737
10738
10743
10744
10745
10745
10753
10753
10762
10763
10778
10779
10779
10780
10784
10784
10787
10789
10792
10794
10797
10800
10803
10804
10805
10806
10807
10809
10815
10818
10825
10836
10838
10839
10848
10850
10850
10851
10852
10855
10856
10858
10864
10869
10874
10876
10878
10878
10878
10879
10882
10888
10891
10896
10901
10901
10904
10904
10904
10907
10914
10915
10916
10917
10923
10924
10925
10925
10936
10941
10946
10954
10963
10964
10975
10976
10978
10979
10985
10985
10986
10993
11003
11014
11014
11018
11019
11025
11027
11033
11033
11035
11036
11042
11045
11056
11057
11057
11058
11063
11070
11075
11075
11084
11089
11091
11093
11102
11104
11107
11114
11115
11118
11120
11121
11122
11124
11124
11129
11133
11136
11136
11137
11142
11146
11147
11149
11149
11153
11154
11155
11166
11166
11172
11173
11174
11175
11177
11181
11189
11193
11197
11209
11214
11214
11216
11218
11218
11220
11221
11224
11224
11225
11234
11236
11241
11247
11249
11249
11250
11257
11260
11262
11272
11276
11283
11288
11289
11293
11294
11296
11300
11303
11304
11306
11310
11311
11318
11322
11323
11329
11338
11341
11342
11342
11349
11355
11356
11356
11358
11365
11366
11366
11367
11367
11368
11370
11370
11374
11375
11378
11384
11385
11386
11391
11394
11399
11401
11401
11402
11404
11405
11405
11406
11411
11411
11412
11419
11420
11429
11432
11432
11432
11432
11433
11436
11445
11450
11450
11457
11464
11465
11467
11470
11471
11475
11476
11478
11485
11490
11497
11500
11501
11504
11505
11506
11506
11507
11518
11519
11521
11527
11527
11530
11532
11535
11540
11546
11550
11550
11551
11551
11551
11561
11570
11572
11573
11579
11580
11581
11582
11585
11586
11587
11587
11598
11600
11601
11603
11605
11620
11626
11626
11626
11630
11632
11633
11636
11648
11660
11662
11666
11670
11674
11676
11684
11688
11694
11694
11695
11700
11702
11703
11707
11713
11715
11716
11717
11717
11718
11734
11736
11737
11742
11742
11747
11748
11749
11751
11753
11754
11754
11763
11766
11776
11776
11778
11783
11786
11794
11804
11804
11806
11807
11810
11811
11814
11815
11826
11827
11834
11835
11836
11842
11857
11861
11862
11863
11870
11878
11880
11882
11893
11893
11896
11900
11915
11918
11918
11928
11929
11943
11948
11950
11953
11954
11958
11958
11961
11964
11967
11967
11967
11970
11980
11982
11988
11992
11992
11997
11999
12003
12008
12009
12010
12012
12018
12020
12025
12026
12030
12037
12043
12043
12048
12049
12049
12053
12053
12054
12058
12061
12063
12064
12067
12067
12068
12071
12073
12095
12096
12096
12099
12100
12100
12100
12101
12104
12106
12106
12107
12109
12109
12110
12115
12118
12120
12125
12133
12133
12135
12140
12141
12147
12147
12154
12155
12155
12159
12160
12162
12162
12163
12168
12172
12177
12184
12193
12201
12204
12207
12208
12210
12214
12217
12221
12221
12224
12227
12228
12229
12238
12239
12240
12241
12243
12245
12246
12251
12253
12255
12268
12270
12271
12272
12292
12294
12303
12303
12316
12317
12319
12320
12329
12329
12333
12334
12335
12337
12341
12356
12357
12359
12361
12365
12366
12371
12381
12391
12398
12401
12407
12411
12415
12428
12434
12441
12448
12453
12454
12456
12457
12458
12458
12460
12463
12464
12464
12470
12470
12471
12473
12474
12478
12479
12480
12490
12491
12494
12497
12501
12504
12519
12520
12526
12530
12539
12544
12552
12553
12560
12561
12562
12563
12569
12571
12584
12586
12588
12588
12589
12590
12593
12596
12603
12603
12606
12611
12612
12612
12615
12618
12623
12625
12626
12634
12635
12641
12646
12648
12650
12653
12662
12671
12671
12673
12675
12680
12682
12683
12687
12689
12691
12693
12700
12702
12706
12706
12712
12716
12719
12722
12723
12727
12728
12730
12732
12737
12745
12747
12750
12751
12752
12755
12757
12760
12761
12789
12792
12800
12801
12804
12806
12807
12812
12812
12812
12814
12814
12816
12820
12823
12824
12824
12829
12833
12837
12839
12842
12852
12855
12855
12859
12864
12864
12883
12885
12889
12890
12908
12909
12914
12916
12919
12927
12930
12931
12931
12932
12937
12947
12951
12958
12958
12963
12966
12969
12970
12973
12973
12974
12974
12977
12983
12984
12987
12990
12992
12992
12993
13003
13003
13004
13006
13012
13015
13015
13016
13018
13024
13032
13032
13033
13035
13036
13036
13037
13040
13045
13056
13056
13058
13064
13066
13068
13069
13078
13083
13085
13087
13090
13095
13095
13096
13115
13124
13124
13125
13129
13129
13130
13137
13139
13141
13142
13142
13150
13158
13170
13173
13176
13180
13180
13184
13186
13186
13187
13191
13197
13207
13209
13216
13219
13224
13236
13239
13243
13243
13245
13249
13250
13252
13255
13262
13264
13266
13271
13273
13273
13278
13280
13282
13289
13291
13291
13297
13298
13298
13302
13303
13308
13308
13310
13312
13314
13316
13320
13321
13321
13326
13327
13332
13335
13335
13345
13346
13359
13366
13375
13376
13381
13383
13385
13386
13390
13391
13398
13399
13406
13407
13407
13407
13417
13421
13423
13427
13432
13435
13439
13445
13447
13450
13451
13456
13458
13461
13468
13473
13474
13481
13487
13488
13491
13492
13496
13502
13502
13507
13512
13515
13520
13522
13523
13523
13538
13546
13547
13559
13564
13564
13570
13571
13572
13573
13573
13574
13576
13578
13588
13589
13589
13592
13601
13605
13605
13605
13611
13622
13623
13624
13625
13627
13630
13632
13633
13634
13636
13640
13640
13643
13646
13646
13649
13655
13656
13658
13660
13663
13663
13666
13667
13667
13668
13674
13674
13676
13681
13690
13691
13691
13693
13707
13707
13720
13721
13727
13731
13732
13733
13735
13737
13742
13742
13742
13744
13746
13751
13754
13756
13757
13757
13760
13763
13767
13770
13772
13773
13779
13782
13783
13784
13787
13790
13795
13805
13811
13820
13822
13824
13824
13825
13826
13827
13827
13827
13828
13834
13839
13839
13841
13842
13843
13844
13848
13848
13850
13851
13854
13855
13856
13857
13862
13862
13876
13879
13886
13887
13892
13892
13898
13899
13904
13908
13909
13914
13914
13915
13915
13917
13923
13924
13934
13936
13937
13939
13940
13941
13942
13942
13943
13950
13951
13952
13953
13955
13965
13966
13966
13966
13966
13970
13972
13972
13975
13975
13976
13977
13978
13979
13980
13984
13987
13989
13992
13993
13997
14002
14003
14019
14027
14028
14034
14037
14038
14039
14040
14040
14044
14044
14045
14047
14053
14054
14056
14058
14059
14060
14061
14066
14066
14070
14070
14084
14086
14087
14095
14098
14100
14102
14102
14104
14107
14115
14120
14124
14126
14129
14131
14132
14132
14139
14143
14144
14144
14149
14155
14158
14160
14167
14167
14171
14174
14176
14177
14178
14183
14196
14198
14198
14201
14201
14204
14210
14211
14212
14216
14217
14218
14221
14223
14227
14234
14238
14239
14242
14245
14245
14248
14253
14254
14255
14255
14260
14261
14269
14270
14276
14277
14280
14286
14288
14292
14305
14317
14320
14322
14331
14333
14333
14336
14337
14339
14340
14349
14353
14354
14368
14370
14370
14371
14378
14379
14387
14389
14389
14397
14399
14412
14413
14416
14417
14419
14427
14430
14433
14439
14442
14443
14444
14445
14445
14450
14450
14452
14455
14455
14458
14460
14472
14485
14490
14492
14501
14504
14505
14506
14507
14518
14521
14528
14529
14530
14530
14530
14533
14536
14541
14541
14546
14548
14559
14571
14574
14578
14579
14582
14587
14589
14593
14595
14598
14600
14600
14607
14611
14611
14613
14616
14623
14627
14628
14633
14634
14634
14638
14640
14643
14646
14648
14650
14659
14661
14667
14677
14677
14679
14681
14682
14683
14686
14689
14692
14696
14696
14697
14703
14707
14714
14714
14717
14718
14722
14725
14727
14729
14731
14731
14733
14735
14736
14744
14747
14750
14753
14753
14758
14758
14760
14763
14766
14766
14770
14773
14774
14777
14783
14785
14786
14788
14794
14795
14798
14798
14804
14811
14816
14818
14821
14823
14827
14827
14830
14832
14832
14834
14845
14848
14853
14854
14855
14855
14859
14860
14860
14862
14865
14869
14874
14878
14880
14880
14881
14884
14888
14888
14890
14901
14903
14904
14906
14908
14912
14917
14925
14931
14935
14937
14945
14945
14953
14954
14962
14964
14968
14969
14983
14985
14987
14989
14989
14998
15002
15003
15004
15007
15009
15010
15010
15014
15018
15019
15021
15026
15027
15028
15029
15033
15041
15046
15047
15050
15056
15057
15057
15061
15066
15070
15071
15071
15081
15084
15093
15097
15099
15101
15108
15112
15113
15118
15118
15122
15123
15124
15127
15127
15137
15138
15141
15142
15146
15153
15159
15162
15164
15164
15166
15168
15171
15172
15172
15174
15174
15179
15193
15193
15198
15199
15200
15202
15204
15215
15216
15219
15222
15228
15230
15233
15238
15239
15246
15255
15255
15257
15263
15265
15277
15281
15286
15287
15304
15305
15306
15306
15308
15312
15312
15318
15323
15326
15331
15334
15339
15346
15349
15350
15351
15352
15362
15363
15364
15372
15373
15373
15374
15376
15378
15378
15384
15386
15390
15391
15393
15394
15394
15401
15402
15403
15406
15406
15411
15416
15419
15421
15426
15432
15440
15441
15442
15443
15453
15472
15472
15486
15491
15496
15497
15499
15501
15504
15508
15512
15515
15521
15524
15524
15529
15536
15537
15548
15551
15553
15556
15557
15559
15562
15567
15570
15575
15586
15589
15591
15592
15595
15595
15596
15603
15604
15609
15612
15617
15620
15623
15624
15625
15629
15637
15639
15639
15640
15641
15641
15649
15650
15661
15661
15665
15665
15666
15667
15669
15672
15673
15679
15681
15690
15690
15694
15696
15700
15706
15708
15709
15715
15715
15718
15724
15727
15728
15732
15732
15734
15737
15749
15749
15754
15759
15761
15762
15764
15766
15769
15781
15782
15784
15789
15793
15794
15797
15798
15801
15803
15803
15814
15821
15822
15823
15825
15832
15841
15843
15844
15846
15850
15851
15858
15866
15868
15869
15869
15870
15870
15873
15874
15877
15877
15879
15883
15884
15888
15888
15893
15899
15904
15906
15909
15910
15912
15921
15925
15925
15930
15931
15932
15932
15933
15936
15936
15940
15942
15946
15947
15953
15960
15961
15962
15964
15974
15977
15982
15984
15990
15991
15994
15997
15999
16001
16005
16009
16012
16012
16014
16017
16025
16026
16034
16038
16042
16046
16047
16050
16054
16054
16059
16067
16071
16072
16076
16078
16080
16082
16084
16084
16085
16087
16088
16099
16100
16104
16114
16116
16117
16125
16145
16145
16149
16151
16155
16160
16161
16167
16172
16173
16179
16184
16186
16193
16198
16200
16202
16213
16217
16219
16229
16238
16243
16247
16253
16256
16267
16270
16270
16273
16275
16277
16279
16286
16286
16288
16296
16297
16301
16302
16310
16312
16315
16325
16333
16334
16334
16336
16352
16360
16360
16370
16370
16375
16383
16384
16385
16388
16389
16392
16399
16403
16406
16411
16414
16415
16416
16416
16417
16417
16418
16419
16421
16422
16423
16425
16427
16431
16431
16435
16436
16442
16444
16445
16453
16456
16458
16461
16463
16465
16466
16472
16475
16482
16483
16493
16495
16495
16495
16497
16501
16505
16510
16511
16513
16513
16515
16519
16522
16531
16541
16542
16542
16546
16547
16550
16553
16553
16556
16572
16575
16580
16589
16590
16596
16598
16598
16609
16613
16618
16623
16632
16636
16638
16639
16640
16644
16644
16648
16652
16656
16659
16662
16662
16663
16666
16667
16669
16674
16675
16677
16678
16679
16679
16684
16686
16686
16688
16693
16698
16701
16711
16715
16717
16725
16726
16732
16735
16743
16745
16748
16749
16755
16756
16758
16762
16763
16767
16767
16768
16769
16769
16780
16780
16782
16788
16789
16797
16798
16802
16806
16806
16808
16809
16820
16822
16824
16830
16840
16841
16843
16847
16849
16851
16852
16852
16863
16868
16869
16874
16877
16877
16877
16885
16885
16889
16891
16895
16896
16897
16898
16899
16899
16900
16902
16903
16904
16908
16908
16913
16915
16920
16923
16927
16930
16933
16936
16936
16939
16943
16944
16955
16956
16958
16960
16972
16976
16979
16983
16984
16986
16988
16988
16990
16990
16994
16994
16995
17008
17013
17017
17019
17022
17033
17036
17041
17042
17046
17048
17050
17051
17063
17064
17069
17073
17074
17080
17081
17086
17088
17090
17095
17099
17101
17104
17106
17112
17117
17119
17120
17125
17128
17129
17133
17134
17136
17143
17151
17159
17164
17178
17181
17188
17189
17193
17195
17199
17201
17202
17206
17209
17209
17210
17214
17214
17215
17224
17224
17227
17228
17233
17235
17239
17241
17256
17265
17267
17269
17277
17282
17284
17286
17287
17297
17304
17304
17305
17309
17315
17317
17318
17318
17340
17340
17345
17348
17356
17367
17368
17372
17383
17383
17386
17388
17389
17389
17390
17394
17396
17397
17398
17403
17411
17412
17414
17414
17420
17422
17427
17430
17432
17434
17437
17439
17443
17449
17455
17457
17460
17462
17463
17470
17471
17474
17475
17475
17479
17482
17482
17484
17484
17487
17496
17496
17500
17503
17504
17512
17513
17513
17519
17521
17527
17531
17532
17533
17535
17535
17536
17538
17539
17539
17540
17541
17546
17563
17565
17567
17571
17572
17573
17573
17573
17573
17576
17577
17578
17578
17578
17580
17587
17591
17592
17595
17595
17598
17598
17600
17603
17607
17607
17610
17613
17614
17616
17619
17624
17631
17634
17646
17647
17649
17651
17658
17660
17663
17663
17667
17668
17669
17675
17675
17676
17676
17679
17680
17680
17689
17691
17691
17693
17696
17697
17698
17707
17709
17710
17714
17717
17723
17725
17738
17747
17753
17762
17765
17768
17774
17774
17774
17777
17778
17784
17786
17786
17789
17798
17800
17800
17807
17810
17812
17817
17823
17825
17827
17830
17845
17846
17847
17849
17853
17861
17862
17864
17865
17865
17868
17869
17870
17874
17880
17881
17885
17885
17889
17893
17894
17897
17898
17906
17910
17910
17916
17921
17925
17926
17928
17932
17934
17938
17940
17942
17943
17944
17946
17951
17959
17965
17965
17968
17970
17974
17975
17984
17985
17987
17994
17997
17997
17998
18010
18011
18011
18011
18013
18015
18022
18031
18032
18033
18035
18038
18038
18039
18041
18043
18043
18045
18047
18047
18049
18050
18056
18056
18060
18060
18066
18076
18077
18081
18085
18097
18107
18107
18108
18121
18122
18125
18130
18130
18135
18142
18143
18144
18146
18149
18151
18152
18153
18154
18156
18157
18158
18159
18160
18161
18164
18165
18167
18169
18170
18170
18171
18181
18182
18187
18189
18193
18194
18198
18205
18207
18208
18210
18212
18214
18219
18220
18226
18228
18230
18231
18232
18233
18238
18242
18244
18251
18253
18255
18257
18264
18266
18275
18282
18282
18283
18283
18286
18291
18296
18296
18300
18302
18307
18309
18313
18318
18318
18325
18332
18334
18334
18336
18341
18342
18349
18356
18356
18358
18360
18361
18361
18362
18368
18374
18375
18375
18388
18393
18393
18405
18408
18409
18409
18413
18416
18417
18420
18422
18426
18431
18436
18438
18440
18455
18459
18459
18467
18469
18485
18489
18496
18497
18501
18504
18510
18514
18517
18518
18519
18527
18530
18533
18535
18538
18539
18544
18545
18545
18546
18547
18548
18550
18550
18550
18554
18555
18557
18558
18559
18559
18561
18563
18564
18580
18584
18588
18591
18595
18598
18602
18603
18611
18612
18627
18627
18633
18635
18635
18644
18646
18649
18653
18654
18659
18660
18662
18665
18673
18674
18674
18676
18677
18679
18681
18681
18682
18682
18683
18690
18693
18696
18696
18697
18703
18706
18707
18707
18709
18714
18717
18718
18720
18721
18724
18727
18728
18735
18737
18745
18745
18747
18751
18753
18755
18759
18760
18766
18769
18776
18777
18784
18786
18787
18788
18790
18793
18796
18800
18807
18808
18809
18810
18812
18818
18827
18832
18835
18839
18840
18842
18846
18850
18851
18851
18852
18854
18859
18862
18863
18865
18865
18878
18891
18892
18895
18896
18901
18902
18916
18918
18922
18922
18922
18923
18930
18939
18940
18942
18943
18945
18948
18950
18952
18954
18954
18958
18959
18966
18976
18977
18977
18985
18988
18996
18996
18996
19001
19002
19006
19010
19029
19030
19034
19037
19037
19039
19041
19043
19047
19050
19051
19055
19060
19065
19073
19073
19080
19082
19082
19083
19085
19094
19100
19105
19110
19112
19112
19114
19116
19119
19120
19122
19123
19130
19133
19135
19136
19137
19138
19140
19141
19153
19156
19161
19161
19163
19164
19164
19172
19178
19178
19179
19179
19180
19183
19192
19196
19197
19198
19203
19207
19207
19209
19212
19212
19216
19216
19217
19222
19223
19225
19228
19232
19237
19239
19247
19254
19256
19265
19266
19267
19269
19269
19269
19269
19269
19271
19274
19278
19279
19286
19290
19291
19291
19294
19294
19300
19313
19317
19318
19335
19348
19350
19353
19354
19354
19357
19359
19371
19373
19374
19374
19375
19391
19393
19397
19397
19401
19407
19410
19412
19415
19416
19416
19422
19423
19426
19433
19434
19438
19439
19451
19456
19456
19456
19460
19461
19463
19463
19472
19477
19480
19480
19480
19486
19488
19488
19489
19491
19491
19499
19504
19516
19520
19523
19527
19527
19529
19534
19535
19535
19536
19542
19543
19547
19547
19557
19557
19558
19563
19567
19568
19573
19575
19582
19594
19597
19601
19605
19613
19615
19615
19616
19617
19621
19622
19626
19629
19632
19636
19638
19641
19646
19646
19657
19659
19660
19661
19664
19671
19671
19675
19683
19683
19687
19691
19691
19691
19693
19694
19701
19711
19713
19715
19715
19717
19719
19721
19721
19730
19735
19737
19741
19745
19750
19751
19756
19758
19762
19765
19770
19772
19776
19776
19777
19779
19780
19784
19785
19798
19807
19809
19815
19816
19816
19820
19823
19827
19828
19828
19831
19833
19835
19838
19841
19843
19845
19849
19851
19854
19859
19861
19861
19864
19865
19870
19871
19876
19885
19891
19892
19897
19901
19903
19906
19907
19909
19912
19912
19912
19915
19919
19919
19920
19928
19933
19938
19938
19938
19946
19949
19955
19955
19957
19957
19958
19970
19972
19979
19983
19984
19984
19987
19988
19989
19994
19997
20000
20005
20015
20015
20023
20023
20024
20027
20029
20030
20031
20033
20034
20040
20055
20060
20070
20071
20072
20073
20083
20105
20106
20110
20120
20120
20127
20133
20133
20139
20139
20141
20142
20154
20164
20165
20169
20172
20173
20174
20180
20189
20190
20191
20192
20195
20195
20201
20205
20213
20214
20217
20218
20219
20223
20227
20230
20231
20233
20233
20234
20239
20239
20241
20244
20249
20260
20267
20280
20281
20285
20286
20288
20292
20296
20298
20303
20304
20310
20312
20314
20326
20331
20332
20334
20343
20344
20352
20353
20354
20355
20360
20373
20373
20376
20378
20380
20380
20381
20382
20382
20383
20385
20389
20392
20394
20394
20405
20406
20411
20413
20414
20417
20419
20420
20425
20429
20437
20441
20449
20452
20454
20455
20458
20458
20460
20461
20464
20468
20473
20474
20477
20480
20486
20489
20490
20492
20499
20503
20504
20509
20509
20511
20515
20524
20524
20525
20526
20529
20531
20536
20541
20542
20544
20546
20549
20549
20553
20561
20562
20566
20568
20579
20580
20587
20587
20589
20590
20593
20595
20596
20603
20605
20608
20611
20613
20615
20615
20617
20617
20617
20618
20619
20619
20622
20622
20625
20626
20628
20628
20631
20633
20637
20639
20642
20642
20643
20651
20651
20652
20656
20657
20658
20659
20663
20664
20674
20676
20678
20679
20684
20686
20687
20687
20688
20691
20693
20697
20697
20698
20702
20703
20704
20705
20707
20708
20719
20721
20723
20724
20724
20727
20730
20731
20739
20743
20748
20749
20750
20750
20752
20752
20759
20759
20760
20760
20760
20763
20764
20765
20775
20776
20781
20781
20782
20787
20788
20789
20789
20794
20798
20800
20801
20801
20804
20808
20809
20822
20822
20825
20827
20828
20830
20831
20834
20840
20843
20855
20855
20856
20858
20859
20863
20863
20866
20868
20874
20874
20877
20882
20883
20884
20886
20888
20888
20890
20891
20891
20903
20904
20911
20912
20919
20923
20930
20931
20933
20933
20934
20938
20958
20964
20966
20968
20972
20974
20984
20990
20997
21001
21001
21004
21007
21011
21012
21012
21018
21020
21022
21023
21026
21030
21032
21040
21052
21054
21055
21057
21061
21064
21066
21070
21070
21073
21075
21075
21081
21081
21081
21082
21084
21085
21086
21086
21100
21103
21106
21111
21112
21118
21128
21129
21130
21133
21152
21155
21155
21156
21158
21160
21162
21162
21164
21173
21175
21177
21185
21186
21198
21199
21200
21201
21206
21207
21209
21210
21214
21214
21216
21219
21223
21234
21236
21237
21238
21239
21242
21249
21251
21251
21254
21262
21263
21269
21271
21280
21281
21281
21294
21296
21297
21297
21305
21308
21308
21310
21311
21313
21317
21328
21331
21335
21336
21338
21340
21347
21348
21350
21358
21358
21359
21360
21360
21360
21366
21371
21383
21384
21387
21387
21388
21388
21389
21393
21400
21401
21402
21407
21416
21428
21432
21435
21444
21445
21445
21446
21446
21449
21450
21450
21451
21453
21454
21459
21460
21460
21463
21463
21469
21475
21477
21478
21480
21483
21486
21487
21487
21491
21503
21503
21505
21508
21508
21509
21509
21510
21519
21522
21525
21545
21547
21551
21559
21565
21567
21568
21569
21571
21572
21573
21579
21584
21592
21594
21594
21596
21602
21616
21617
21619
21620
21625
21627
21629
21629
21633
21642
21643
21647
21652
21654
21654
21657
21663
21665
21669
21672
21677
21679
21681
21685
21688
21697
21699
21703
21704
21704
21706
21707
21709
21717
21720
21732
21735
21738
21739
21742
21746
21752
21754
21754
21756
21760
21769
21773
21774
21776
21780
21783
21787
21793
21795
21795
21797
21801
21801
21801
21804
21807
21821
21822
21827
21830
21834
21840
21841
21844
21845
21845
21848
21852
21854
21854
21865
21867
21873
21874
21883
21889
21895
21899
21908
21912
21913
21930
21930
21931
21931
21932
21934
21935
21938
21943
21945
21951
21952
21953
21954
21958
21962
21962
21966
21966
21968
21969
21980
21987
21999
22001
22005
22006
22007
22008
22012
22014
22016
22018
22018
22019
22023
22023
22024
22026
22029
22036
22039
22040
22040
22041
22042
22047
22049
22051
22054
22054
22058
22060
22068
22071
22076
22076
22077
22077
22080
22082
22085
22088
22088
22092
22093
22094
22105
22109
22111
22111
22112
22116
22117
22120
22123
22124
22133
22135
22135
22144
22147
22150
22150
22153
22159
22163
22163
22173
22175
22181
22188
22191
22194
22197
22198
22199
22200
22200
22201
22203
22204
22211
22214
22217
22227
22227
22229
22229
22232
22233
22235
22239
22255
22259
22261
22261
22279
22279
22290
22295
22300
22300
22301
22303
22305
22311
22317
22319
22337
22338
22343
22347
22349
22353
22355
22358
22360
22363
22363
22365
22367
22367
22370
22371
22371
22373
22374
22376
22379
22387
22398
22408
22416
22416
22424
22425
22435
22435
22436
22436
22436
22439
22439
22440
22442
22451
22453
22467
22472
22473
22474
22488
22489
22490
22492
22498
22500
22503
22509
22515
22516
22519
22519
22522
22523
22527
22528
22528
22529
22543
22543
22548
22549
22550
22551
22556
22560
22561
22563
22566
22566
22567
22568
22568
22574
22574
22577
22578
22579
22580
22580
22583
22584
22584
22585
22589
22590
22594
22598
22599
22602
22603
22610
22611
22614
22616
22621
22623
22628
22632
22641
22650
22651
22651
22657
22657
22658
22664
22665
22668
22672
22672
22675
22685
22690
22692
22706
22710
22710
22711
22712
22717
22723
22729
22732
22736
22743
22747
22749
22750
22750
22774
22783
22789
22791
22805
22818
22820
22820
22823
22826
22831
22842
22845
22845
22847
22848
22850
22862
22864
22869
22870
22876
22879
22879
22883
22887
22887
22889
22893
22894
22906
22906
22908
22912
22912
22916
22919
22921
22922
22923
22927
22928
22929
22939
22942
22943
22943
22950
22952
22957
22957
22962
22976
22992
22992
22995
22995
22998
23004
23012
23015
23016
23017
23019
23022
23022
23029
23031
23032
23032
23034
23046
23049
23051
23057
23060
23062
23066
23068
23068
23068
23069
23069
23070
23071
23074
23076
23077
23078
23081
23083
23085
23085
23089
23090
23091
23093
23099
23099
23100
23103
23103
23103
23106
23107
23109
23111
23122
23125
23128
23133
23138
23138
23140
23146
23147
23155
23160
23161
23166
23168
23172
23176
23198
23201
23209
23211
23212
23214
23219
23223
23228
23238
23243
23247
23254
23260
23263
23264
23267
23270
23271
23273
23274
23279
23292
23293
23305
23315
23329
23333
23335
23337
23340
23341
23347
23350
23356
23357
23366
23372
23376
23382
23388
23391
23392
23394
23395
23398
23398
23404
23408
23410
23418
23424
23427
23427
23432
23433
23448
23459
23459
23460
23464
23465
23465
23475
23481
23481
23495
23498
23506
23507
23513
23515
23516
23522
23526
23531
23531
23534
23538
23539
23543
23552
23557
23564
23564
23570
23574
23585
23586
23596
23598
23599
23600
23601
23603
23603
23606
23609
23612
23621
23625
23629
23636
23638
23640
23647
23647
23668
23668
23670
23682
23691
23692
23692
23693
23696
23703
23705
23708
23710
23713
23715
23721
23724
23727
23730
23732
23732
23735
23735
23736
23736
23739
23747
23756
23757
23758
23760
23764
23771
23778
23781
23782
23782
23784
23784
23788
23790
23792
23805
23806
23806
23811
23816
23817
23817
23819
23827
23829
23843
23844
23845
23847
23847
23847
23847
23863
23871
23873
23874
23885
23887
23890
23891
23894
23898
23904
23908
23908
23910
23917
23924
23926
23937
23937
23938
23938
23949
23951
23957
23962
23965
23966
23966
23967
23970
23972
23976
23977
23982
23984
23993
23995
24004
24005
24009
24009
24010
24014
24017
24021
24029
24030
24039
24040
24045
24045
24048
24049
24049
24054
24054
24069
24075
24075
24078
24078
24081
24083
24089
24098
24098
24106
24107
24111
24112
24113
24114
24116
24117
24117
24119
24125
24126
24129
24129
24130
24131
24140
24145
24146
24150
24153
24157
24157
24165
24169
24171
24182
24183
24186
24189
24190
24193
24198
24200
24203
24210
24219
24221
24223
24231
24233
24242
24243
24252
24259
24263
24266
24271
24272
24275
24278
24279
24281
24281
24284
24287
24287
24296
24303
24303
24314
24316
24317
24318
24325
24328
24337
24339
24343
24343
24343
24343
24346
24346
24348
24348
24351
24352
24357
24365
24367
24368
24371
24374
24377
24377
24383
24392
24397
24398
24399
24401
24402
24414
24420
24420
24424
24428
24428
24430
24433
24435
24436
24437
24441
24442
24446
24449
24450
24456
24458
24464
24464
24464
24471
24472
24475
24490
24494
24497
24498
24499
24500
24503
24510
24512
24514
24515
24516
24519
24523
24530
24531
24533
24535
24537
24539
24558
24573
24573
24578
24587
24595
24597
24597
24604
24610
24610
24611
24612
24612
24613
24614
24617
24631
24637
24641
24650
24653
24654
24659
24668
24669
24674
24679
24680
24682
24684
24687
24687
24690
24691
24701
24703
24705
24707
24709
24716
24722
24726
24730
24733
24734
24735
24738
24739
24740
24742
24748
24750
24751
24760
24777
24778
24784
24792
24793
24796
24797
24801
24803
24803
24808
24809
24811
24811
24814
24818
24824
24826
24828
24835
24836
24836
24837
24838
24838
24839
24848
24851
24855
24858
24859
24866
24871
24872
24872
24873
24881
24885
24893
24897
24899
24905
24905
24905
24909
24913
24914
24915
24915
24918
24922
24926
24926
24926
24927
24929
24935
24935
24937
24945
24946
24953
24963
24963
24965
24975
24975
24978
24986
24989
24990
24996
24999
25005
25005
25006
25008
25009
25010
25011
25011
25015
25016
25020
25026
25026
25032
25032
25034
25035
25036
25038
25042
25043
25043
25045
25046
25047
25051
25059
25064
25065
25070
25074
25077
25079
25081
25085
25086
25087
25089
25093
25095
25104
25104
25106
25114
25118
25119
25123
25126
25129
25130
25136
25137
25137
25139
25142
25144
25145
25149
25156
25157
25159
25162
25166
25171
25171
25173
25178
25193
25203
25205
25205
25207
25208
25219
25219
25222
25228
25232
25238
25239
25254
25258
25263
25263
25267
25270
25274
25275
25277
25280
25281
25284
25288
25291
25295
25296
25297
25303
25304
25306
25311
25313
25321
25324
25330
25339
25340
25341
25341
25342
25343
25349
25349
25365
25367
25368
25370
25371
25371
25371
25374
25374
25379
25380
25382
25383
25386
25391
25394
25394
25395
25395
25411
25416
25445
25457
25462
25464
25465
25467
25474
25476
25489
25497
25497
25500
25500
25505
25505
25506
25506
25506
25509
25510
25514
25520
25524
25525
25533
25533
25533
25534
25536
25540
25544
25544
25547
25548
25549
25550
25553
25557
25560
25560
25562
25566
25571
25572
25576
25579
25583
25593
25595
25595
25597
25602
25604
25606
25610
25612
25617
25617
25620
25622
25629
25634
25640
25641
25642
25644
25649
25649
25650
25657
25657
25659
25664
25665
25668
25670
25675
25676
25678
25683
25683
25691
25694
25697
25698
25704
25707
25723
25724
25724
25733
25741
25747
25749
25751
25753
25754
25755
25757
25759
25760
25763
25764
25768
25768
25769
25775
25776
25782
25783
25783
25788
25788
25790
25797
25799
25801
25805
25810
25813
25818
25825
25830
25830
25839
25847
25854
25865
25865
25865
25869
25870
25871
25879
25881
25882
25885
25889
25892
25898
25898
25900
25902
25907
25910
25910
25921
25921
25922
25922
25924
25925
25932
25936
25937
25940
25940
25940
25947
25952
25954
25956
25959
25961
25965
25971
25973
25978
25980
25980
25991
25996
26002
26003
26005
26009
26010
26012
26016
26020
26022
26022
26025
26042
26047
26054
26057
26061
26065
26066
26066
26070
26074
26086
26086
26092
26095
26096
26100
26100
26100
26102
26105
26108
26108
26109
26113
26118
26119
26121
26126
26134
26138
26143
26143
26146
26147
26151
26152
26156
26157
26160
26163
26166
26167
26170
26170
26173
26175
26175
26178
26180
26182
26184
26185
26189
26189
26190
26192
26195
26198
26201
26202
26206
26207
26215
26215
26217
26219
26221
26229
26233
26241
26250
26254
26254
26255
26263
26266
26267
26269
26269
26280
26284
26284
26288
26290
26292
26293
26295
26296
26297
26299
26310
26310
26310
26315
26316
26320
26320
26321
26324
26328
26329
26330
26333
26335
26336
26337
26343
26353
26354
26355
26357
26362
26371
26371
26372
26372
26377
26378
26385
26387
26392
26394
26396
26400
26403
26403
26410
26410
26412
26415
26421
26422
26424
26424
26424
26425
26425
26426
26427
26428
26431
26442
26443
26446
26448
26450
26453
26454
26454
26461
26464
26465
26467
26468
26470
26472
26478
26484
26497
26498
26505
26509
26513
26514
26517
26517
26521
26521
26523
26524
26526
26526
26526
26527
26534
26543
26548
26550
26553
26554
26557
26563
26566
26574
26575
26577
26580
26583
26586
26587
26587
26593
26597
26602
26603
26604
26607
26610
26616
26625
26628
26631
26633
26634
26635
26638
26642
26644
26656
26657
26664
26667
26671
26676
26677
26678
26678
26681
26684
26687
26689
26690
26693
26698
26698
26703
26708
26708
26710
26713
26714
26715
26716
26720
26725
26728
26737
26739
26742
26750
26755
26755
26756
26758
26759
26763
26767
26767
26769
26773
26773
26777
26783
26783
26784
26784
26788
26788
26800
26802
26804
26804
26806
26808
26811
26811
26813
26822
26831
26834
26838
26838
26845
26845
26848
26851
26852
26853
26854
26857
26859
26863
26864
26865
26867
26872
26873
26879
26886
26887
26888
26889
26896
26897
26898
26899
26903
26908
26909
26910
26912
26913
26916
26919
26921
26927
26929
26931
26933
26938
26939
26940
26941
26946
26950
26954
26954
26955
26960
26960
26966
26970
26976
26981
26986
26988
26992
26994
26996
26996
27014
27016
27018
27024
27029
27034
27038
27039
27040
27042
27050
27051
27057
27059
27060
27061
27062
27065
27066
27073
27076
27079
27087
27089
27092
27092
27095
27105
27113
27115
27120
27124
27124
27124
27126
27127
27128
27129
27131
27131
27133
27136
27142
27147
27150
27155
27158
27159
27160
27160
27164
27164
27168
27173
27178
27180
27184
27191
27194
27195
27196
27204
27205
27205
27209
27213
27214
27220
27228
27231
27238
27240
27242
27244
27250
27251
27252
27258
27260
27265
27269
27270
27272
27276
27277
27281
27291
27295
27297
27300
27305
27316
27318
27321
27321
27323
27328
27328
27333
27335
27336
27342
27348
27348
27350
27353
27354
27356
27356
27358
27371
27371
27374
27376
27378
27379
27384
27387
27387
27388
27395
27397
27402
27407
27410
27416
27421
27422
27429
27443
27444
27451
27458
27460
27460
27462
27467
27472
27474
27485
27490
27494
27494
27495
27496
27498
27499
27499
27502
27502
27505
27514
27532
27532
27536
27538
27539
27549
27563
27571
27577
27579
27581
27582
27582
27592
27593
27597
27604
27604
27619
27623
27623
27624
27628
27630
27634
27641
27643
27643
27644
27644
27646
27646
27647
27648
27651
27654
27654
27657
27658
27659
27662
27664
27666
27669
27676
27679
27679
27682
27682
27682
27691
27692
27693
27697
27703
27707
27713
27713
27714
27714
27726
27730
27730
27750
27751
27755
27755
27756
27757
27759
27762
27764
27766
27768
27770
27774
27775
27776
27777
27780
27781
27784
27790
27794
27813
27818
27822
27825
27827
27827
27828
27829
27844
27847
27855
27856
27856
27856
27858
27868
27870
27872
27874
27882
27882
27886
27894
27897
27897
27898
27904
27905
27909
27913
27914
27919
27922
27925
27927
27930
27932
27939
27939
27946
27947
27950
27955
27955
27960
27963
27964
27967
27971
27971
27971
27973
27977
27980
27981
27981
27981
27982
27983
27986
27988
27988
27989
27994
28000
28002
28004
28005
28008
28012
28013
28017
28017
28020
28021
28022
28022
28026
28028
28029
28029
28030
28036
28042
28043
28050
28051
28054
28055
28056
28059
28066
28070
28073
28074
28076
28079
28082
28096
28098
28099
28102
28107
28111
28112
28113
28114
28116
28117
28119
28122
28126
28130
28132
28133
28133
28139
28139
28139
28141
28144
28145
28147
28152
28155
28155
28161
28165
28166
28169
28170
28175
28176
28180
28181
28185
28187
28188
28192
28197
28198
28202
28206
28206
28206
28206
28209
28210
28213
28220
28229
28230
28237
28237
28245
28259
28265
28270
28273
28274
28274
28284
28285
28285
28299
28299
28301
28304
28305
28305
28305
28305
28306
28308
28311
28315
28318
28322
28327
28329
28331
28331
28332
28334
28338
28339
28340
28341
28341
28355
28356
28357
28359
28367
28368
28368
28369
28381
28384
28386
28389
28392
28392
28392
28396
28398
28402
28408
28422
28426
28427
28430
28434
28435
28436
28438
28439
28441
28442
28461
28468
28471
28472
28486
28488
28501
28510
28517
28519
28524
28528
28533
28536
28539
28542
28544
28545
28554
28560
28560
28561
28565
28566
28575
28575
28576
28580
28581
28582
28583
28584
28585
28587
28590
28592
28598
28601
28607
28610
28611
28616
28626
28626
28627
28627
28628
28629
28630
28634
28634
28637
28637
28640
28642
28650
28650
28654
28657
28661
28662
28663
28664
28665
28666
28666
28669
28671
28676
28682
28683
28687
28688
28691
28691
28698
28699
28700
28705
28705
28708
28709
28719
28719
28720
28723
28730
28734
28734
28736
28747
28749
28752
28754
28755
28758
28758
28762
28771
28772
28772
28779
28780
28789
28794
28801
28805
28807
28807
28808
28810
28819
28824
28827
28829
28833
28836
28837
28837
28843
28846
28851
28853
28865
28869
28876
28880
28881
28882
28882
28882
28885
28888
28889
28891
28893
28894
28897
28898
28906
28907
28907
28914
28918
28922
28922
28922
28925
28927
28928
28935
28938
28939
28941
28942
28946
28950
28958
28966
28969
28973
28982
28984
28989
28991
28994
28998
28999
29000
29003
29004
29006
29007
29008
29008
29013
29013
29021
29023
29028
29029
29036
29037
29038
29041
29044
29046
29050
29050
29055
29056
29058
29059
29063
29068
29069
29071
29072
29073
29073
29078
29080
29082
29085
29089
29090
29096
29101
29103
29105
29106
29107
29120
29124
29127
29128
29130
29131
29132
29133
29139
29140
29142
29142
29143
29143
29145
29146
29152
29156
29157
29157
29158
29159
29164
29166
29167
29168
29170
29178
29178
29185
29185
29187
29188
29189
29190
29195
29203
29212
29218
29219
29224
29228
29230
29232
29232
29233
29237
29250
29255
29259
29266
29266
29269
29272
29275
29280
29285
29285
29286
29288
29291
29292
29295
29303
29304
29305
29306
29313
29315
29319
29321
29322
29322
29326
29335
29339
29340
29341
29341
29357
29357
29358
29366
29368
29369
29370
29371
29374
29375
29377
29379
29379
29391
29391
29393
29399
29401
29402
29407
29417
29417
29418
29437
29450
29450
29450
29457
29462
29464
29476
29482
29483
29488
29490
29490
29503
29503
29506
29508
29508
29508
29511
29513
29519
29522
29529
29531
29533
29542
29543
29547
29547
29547
29548
29551
29551
29555
29555
29560
29561
29564
29565
29569
29577
29580
29594
29595
29597
29600
29600
29602
29606
29610
29613
29624
29626
29629
29634
29635
29639
29641
29645
29645
29653
29658
29664
29664
29666
29669
29675
29681
29687
29696
29696
29698
29710
29711
29723
29723
29727
29728
29732
29733
29733
29733
29742
29749
29751
29752
29752
29754
29757
29759
29759
29768
29769
29773
29774
29775
29775
29776
29779
29789
29799
29800
29805
29805
29807
29814
29818
29824
29824
29828
29834
29835
29846
29848
29848
29851
29853
29853
29855
29857
29858
29860
29863
29863
29863
29867
29868
29870
29870
29874
29875
29877
29878
29878
29880
29882
29885
29888
29892
29893
29896
29898
29902
29910
29923
29937
29938
29939
29940
29944
29944
29945
29950
29953
29954
29955
29956
29956
29958
29958
29965
29965
29967
29979
29979
29985
29985
29985
29987
29990
29992
29992
29996
29997
29999
30002
30004
30008
30008
30010
30012
30016
30018
30019
30022
30024
30027
30042
30043
30044
30045
30047
30047
30050
30051
30051
30054
30059
30059
30065
30067
30069
30075
30083
30088
30088
30090
30092
30092
30094
30095
30103
30110
30110
30115
30116
30122
30134
30139
30141
30142
30144
30145
30149
30153
30160
30163
30164
30168
30170
30176
30178
30183
30184
30195
30200
30201
30209
30210
30212
30213
30216
30216
30216
30217
30223
30226
30226
30232
30234
30238
30240
30246
30257
30259
30266
30268
30274
30274
30277
30282
30283
30284
30284
30285
30287
30288
30291
30298
30299
30306
30307
30312
30320
30321
30324
30333
30335
30339
30343
30344
30344
30351
30353
30361
30368
30373
30373
30376
30377
30380
30393
30395
30409
30414
30420
30423
30423
30424
30426
30427
30428
30429
30439
30444
30444
30448
30464
30469
30471
30472
30474
30474
30476
30478
30479
30479
30484
30485
30486
30486
30489
30495
30497
30497
30499
30499
30502
30504
30506
30517
30518
30525
30530
30533
30537
30544
30544
30547
30547
30549
30553
30554
30557
30558
30559
30566
30571
30571
30574
30579
30580
30581
30581
30582
30594
30600
30615
30616
30616
30619
30624
30631
30631
30639
30644
30645
30647
30648
30651
30651
30658
30658
30659
30676
30676
30678
30685
30688
30689
30692
30693
30694
30696
30697
30701
30703
30705
30705
30705
30706
30706
30708
30709
30711
30715
30715
30718
30724
30724
30728
30731
30739
30741
30741
30742
30743
30744
30748
30758
30758
30758
30760
30762
30771
30776
30780
30792
30792
30794
30795
30796
30797
30804
30810
30815
30819
30822
30827
30829
30842
30844
30845
30859
30860
30861
30867
30873
30873
30875
30881
30883
30883
30886
30886
30888
30889
30890
30898
30900
30905
30911
30922
30922
30923
30924
30932
30938
30943
30945
30945
30947
30951
30963
30965
30966
30978
30979
30982
30982
30984
30989
30990
30991
30992
30994
30996
30997
30998
30999
31000
31001
31010
31012
31014
31015
31017
31017
31019
31029
31032
31033
31038
31040
31056
31057
31058
31068
31069
31071
31076
31079
31087
31091
31092
31097
31097
31098
31100
31103
31106
31107
31107
31109
31115
31125
31130
31131
31133
31136
31138
31141
31141
31143
31160
31166
31167
31173
31175
31175
31176
31176
31180
31181
31182
31192
31193
31194
31200
31205
31207
31211
31212
31214
31215
31215
31217
31218
31220
31222
31223
31223
31224
31226
31228
31229
31230
31232
31232
31236
31240
31240
31243
31243
31255
31255
31255
31256
31262
31262
31263
31268
31268
31269
31271
31274
31279
31279
31281
31281
31283
31283
31287
31289
31296
31303
31304
31314
31314
31322
31324
31325
31330
31331
31333
31333
31337
31345
31347
31349
31355
31357
31359
31360
31362
31365
31369
31373
31375
31377
31385
31389
31396
31397
31400
31402
31405
31406
31411
31413
31416
31418
31423
31425
31427
31436
31444
31447
31449
31451
31452
31454
31455
31457
31459
31470
31470
31477
31478
31482
31485
31490
31494
31497
31500
31505
31506
31509
31517
31520
31532
31536
31545
31550
31552
31552
31553
31555
31561
31563
31566
31570
31571
31571
31574
31579
31584
31603
31605
31608
31611
31614
31624
31632
31635
31637
31638
31643
31644
31646
31653
31659
31659
31662
31668
31669
31671
31679
31679
31679
31705
31706
31707
31707
31711
31714
31718
31720
31724
31730
31731
31734
31740
31740
31741
31742
31745
31747
31747
31760
31763
31765
31771
31776
31776
31777
31782
31784
31786
31790
31812
31817
31817
31817
31818
31819
31833
31833
31841
31841
31842
31865
31866
31875
31876
31878
31879
31885
31887
31891
31891
31902
31902
31907
31909
31912
31914
31925
31926
31931
31943
31951
31956
31958
31958
31959
31964
31968
31970
31971
31972
31972
31973
31973
31978
31986
31989
31997
31998
31999
32001
32008
32009
32010
32017
32025
32026
32026
32027
32028
32030
32034
32041
32048
32049
32052
32053
32059
32067
32069
32070
32072
32077
32080
32080
32081
32083
32087
32088
32089
32102
32105
32110
32121
32123
32124
32128
32129
32133
32133
32134
32139
32141
32145
32147
32148
32151
32153
32154
32162
32162
32163
32168
32170
32170
32171
32173
32177
32182
32190
32190
32193
32193
32199
32202
32204
32213
32215
32215
32216
32229
32232
32234
32241
32246
32252
32253
32254
32276
32279
32287
32287
32288
32290
32292
32296
32301
32305
32310
32317
32319
32319
32321
32328
32328
32330
32331
32331
32331
32336
32336
32343
32351
32353
32356
32360
32368
32371
32375
32377
32381
32383
32394
32398
32404
32406
32410
32414
32418
32420
32421
32422
32424
32433
32449
32451
32453
32464
32469
32474
32474
32475
32483
32486
32486
32488
32491
32498
32500
32504
32504
32506
32518
32524
32526
32530
32531
32533
32534
32535
32536
32538
32538
32545
32546
32546
32550
32557
32559
32560
32563
32566
32567
32568
32570
32574
32581
32591
32600
32601
32602
32603
32604
32608
32608
32611
32615
32618
32619
32629
32630
32633
32636
32638
32644
32645
32648
32650
32651
32656
32662
32665
32668
32670
32671
32678
32680
32683
32684
32684
32686
32692
32703
32718
32719
32723
32726
32733
32733
32737
32738
32748
32749
32751
32754
32762
32762
32766
