1
5
13
13
17
27
28
29
29
30
32
32
38
41
43
43
48
49
51
51
56
60
68
69
70
73
74
77
78
79
80
81
83
89
90
92
103
105
106
107
110
117
119
119
122
127
130
132
137
142
151
151
153
155
155
155
157
158
158
159
161
163
163
167
167
170
172
174
184
184
197
210
217
218
219
222
223
229
229
235
236
241
241
243
246
255
257
259
262
269
272
275
278
278
282
284
286
293
293
296
298
301
301
302
306
310
313
314
320
322
322
323
327
338
342
344
354
358
358
359
360
363
366
366
372
373
385
386
387
395
402
405
409
411
425
432
438
440
443
446
448
451
455
458
463
464
467
474
475
475
476
476
478
480
480
482
482
483
483
485
486
487
491
492
507
507
509
512
522
525
526
527
527
529
534
543
543
547
558
568
572
580
582
584
588
592
592
594
596
601
602
606
612
613
619
619
626
627
628
628
629
630
632
636
636
637
638
641
642
644
649
650
653
661
667
669
671
672
672
672
674
675
677
680
682
682
684
685
688
689
693
702
702
705
706
710
710
718
719
725
726
737
742
742
744
747
756
758
764
765
769
773
776
781
781
782
792
794
795
797
799
800
800
802
804
805
808
814
816
818
819
826
837
840
843
849
861
862
866
873
874
874
876
880
886
887
889
894
904
910
914
915
922
924
926
927
928
931
931
931
931
935
938
940
943
946
950
950
950
954
958
960
961
966
968
970
974
977
979
981
995
1012
1027
1034
1036
1041
1047
1048
1053
1055
1057
1058
1058
1068
1068
1070
1071
1072
1077
1080
1088
1088
1089
1101
1103
1104
1104
1110
1112
1112
1114
1124
1129
1131
1133
1135
1137
1139
1140
1140
1144
1145
1145
1150
1164
1166
1166
1166
1170
1172
1180
1180
1182
1188
1189
1201
1202
1207
1211
1212
1214
1219
1219
1223
1227
1228
1230
1236
1245
1247
1257
1264
1268
1274
1275
1276
1280
1298
1299
1317
1325
1326
1328
1332
1337
1342
1357
1359
1359
1360
1361
1362
1362
1363
1366
1366
1367
1368
1373
1376
1384
1387
1391
1395
1396
1399
1401
1402
1402
1403
1409
1409
1409
1417
1421
1421
1421
1422
1426
1431
1432
1436
1440
1440
1440
1443
1445
1447
1452
1453
1458
1469
1470
1472
1479
1480
1480
1485
1486
1488
1495
1510
1511
1513
1515
1516
1520
1524
1529
1530
1531
1551
1557
1557
1559
1563
1569
1579
1585
1588
1590
1596
1599
1603
1606
1610
1610
1611
1615
1617
1617
1619
1628
1634
1634
1636
1638
1638
1641
1643
1644
1648
1652
1660
1663
1664
1666
1667
1671
1671
1673
1674
1682
1683
1684
1684
1685
1689
1691
1696
1700
1703
1708
1709
1710
1712
1715
1719
1729
1730
1735
1735
1739
1743
1754
1754
1755
1766
1770
1771
1773
1774
1775
1777
1778
1779
1782
1784
1785
1786
1787
1789
1790
1796
1796
1797
1798
1800
1803
1807
1807
1811
1814
1814
1815
1817
1820
1822
1826
1828
1833
1834
1836
1836
1841
1842
1845
1850
1850
1851
1851
1852
1853
1857
1858
1862
1863
1868
1870
1870
1874
1879
1880
1883
1885
1888
1896
1897
1898
1899
1901
1904
1914
1914
1914
1921
1922
1923
1925
1928
1930
1936
1945
1948
1956
1959
1961
1964
1965
1967
1968
1972
1972
1972
1975
1978
1979
1987
1989
1993
1999
2003
2007
2010
2010
2017
2019
2019
2020
2023
2026
2029
2043
2049
2049
2054
2058
2058
2060
2065
2067
2069
2072
2072
2077
2080
2090
2092
2093
2094
2096
2096
2106
2109
2111
2114
2124
2124
2127
2153
2154
2160
2168
2173
2174
2179
2191
2194
2199
2200
2203
2205
2208
2212
2213
2214
2215
2217
2224
2225
2225
2226
2227
2234
2240
2240
2241
2242
2244
2245
2265
2267
2268
2270
2275
2277
2280
2294
2294
2298
2299
2300
2305
2306
2309
2311
2314
2315
2318
2318
2321
2321
2328
2331
2332
2335
2338
2338
2341
2342
2343
2344
2347
2353
2354
2363
2363
2365
2367
2370
2372
2374
2375
2379
2390
2391
2396
2399
2401
2406
2408
2410
2421
2422
2426
2432
2435
2438
2440
2448
2453
2456
2457
2474
2475
2478
2478
2484
2485
2487
2493
2495
2501
2504
2505
2510
2510
2511
2513
2516
2517
2518
2519
2521
2526
2527
2527
2527
2531
2533
2533
2537
2540
2543
2544
2545
2554
2555
2556
2556
2557
2559
2559
2560
2560
2562
2565
2580
2584
2591
2593
2595
2597
2598
2598
2599
2621
2623
2626
2627
2635
2637
2651
2651
2659
2665
2667
2676
2679
2680
2690
2691
2692
2693
2695
2698
2699
2700
2701
2702
2703
2704
2704
2704
2709
2723
2725
2729
2736
2736
2737
2742
2744
2745
2747
2750
2753
2755
2755
2755
2760
2764
2765
2766
2768
2771
2771
2777
2785
2788
2793
2796
2797
2797
2799
2802
2802
2803
2806
2807
2810
2810
2817
2822
2823
2824
2828
2832
2837
2838
2841
2843
2844
2844
2849
2852
2854
2856
2857
2858
2859
2860
2862
2865
2868
2880
2881
2883
2883
2899
2904
2906
2908
2910
2910
2912
2914
2923
2935
2935
2937
2938
2939
2939
2947
2947
2948
2954
2956
2957
2958
2966
2971
2971
2977
2978
2991
2993
2994
3000
3000
3000
3002
3006
3006
3007
3008
3010
3013
3014
3016
3016
3018
3023
3031
3033
3034
3037
3037
3039
3045
3047
3049
3050
3051
3052
3054
3057
3060
3063
3068
3070
3076
3077
3077
3077
3082
3082
3086
3095
3097
3098
3101
3101
3107
3118
3123
3135
3138
3139
3140
3145
3147
3148
3154
3156
3159
3160
3161
3166
3167
3167
3169
3169
3171
3172
3172
3174
3176
3178
3181
3182
3192
3194
3200
3205
3209
3210
3211
3211
3216
3219
3220
3221
3223
3224
3225
3228
3229
3232
3236
3241
3241
3242
3248
3253
3253
3254
3258
3258
3274
3274
3277
3280
3281
3286
3288
3290
3294
3301
3303
3305
3306
3307
3311
3315
3316
3318
3320
3323
3328
3328
3338
3338
3343
3343
3353
3353
3354
3355
3358
3361
3363
3366
3370
3376
3380
3386
3389
3393
3393
3393
3393
3397
3398
3400
3400
3400
3402
3403
3410
3411
3412
3421
3424
3426
3438
3450
3453
3463
3465
3468
3469
3472
3474
3477
3478
3480
3485
3489
3499
3501
3506
3512
3518
3529
3532
3532
3535
3538
3539
3539
3542
3545
3546
3548
3550
3552
3553
3558
3559
3560
3561
3562
3563
3565
3573
3576
3577
3580
3581
3584
3585
3588
3589
3589
3595
3595
3597
3599
3601
3604
3606
3609
3620
3624
3627
3628
3632
3635
3637
3643
3647
3648
3651
3653
3653
3654
3663
3666
3670
3671
3673
3673
3675
3679
3679
3680
3686
3687
3687
3691
3693
3699
3699
3702
3705
3705
3707
3709
3716
3723
3724
3724
3726
3726
3728
3729
3736
3738
3739
3740
3756
3760
3764
3772
3773
3773
3780
3782
3782
3787
3789
3792
3797
3799
3802
3806
3808
3809
3809
3811
3813
3817
3822
3824
3824
3827
3831
3836
3837
3838
3839
3841
3848
3848
3848
3849
3850
3854
3855
3865
3866
3867
3868
3872
3875
3877
3878
3883
3883
3884
3889
3892
3894
3897
3913
3914
3916
3920
3921
3924
3928
3933
3939
3943
3949
3949
3950
3952
3953
3962
3966
3966
3969
3969
3970
3971
3975
3976
3977
3977
3979
3981
3991
3991
3994
3995
4007
4007
4008
4009
4011
4011
4014
4015
4015
4020
4022
4025
4025
4036
4049
4050
4052
4052
4054
4057
4057
4059
4059
4064
4064
4064
4068
4070
4071
4071
4071
4074
4089
4090
4097
4103
4108
4114
4114
4123
4127
4128
4129
4136
4140
4140
4141
4141
4143
4152
4155
4164
4176
4178
4185
4186
4186
4189
4195
4195
4198
4198
4198
4201
4201
4201
4201
4203
4204
4207
4209
4211
4212
4215
4217
4218
4220
4223
4225
4226
4228
4228
4229
4231
4233
4236
4237
4239
4240
4240
4249
4249
4251
4257
4262
4263
4264
4271
4284
4285
4289
4289
4294
4304
4308
4308
4320
4320
4320
4325
4331
4336
4337
4341
4343
4346
4349
4350
4351
4353
4362
4367
4372
4373
4374
4376
4379
4379
4381
4385
4386
4391
4393
4393
4396
4407
4411
4420
4420
4424
4425
4432
4435
4439
4440
4442
4445
4452
4454
4455
4458
4463
4463
4466
4481
4484
4488
4489
4496
4498
4500
4501
4503
4504
4509
4514
4518
4528
4533
4533
4536
4537
4541
4547
4549
4556
4558
4562
4568
4575
4581
4583
4584
4590
4591
4592
4592
4596
4598
4601
4601
4603
4604
4614
4620
4623
4623
4624
4631
4633
4633
4637
4639
4642
4642
4645
4649
4653
4656
4656
4660
4662
4662
4663
4664
4666
4669
4675
4677
4695
4697
4697
4702
4704
4704
4706
4716
4718
4720
4721
4722
4724
4729
4730
4734
4747
4749
4752
4755
4755
4756
4758
4759
4763
4764
4768
4772
4774
4776
4787
4791
4791
4794
4804
4810
4813
4817
4820
4824
4828
4832
4834
4837
4837
4838
4841
4842
4844
4844
4847
4849
4850
4852
4853
4855
4855
4857
4857
4859
4860
4863
4864
4874
4875
4878
4880
4882
4886
4892
4893
4897
4903
4903
4903
4908
4912
4919
4920
4924
4924
4928
4930
4939
4941
4947
4949
4951
4955
4957
4963
4966
4976
4978
4979
4980
4981
4985
4986
4989
4991
4998
5003
5005
5007
5008
5011
5013
5016
5018
5021
5021
5022
5025
5026
5027
5029
5030
5033
5040
5042
5044
5046
5049
5052
5052
5057
5059
5070
5073
5075
5076
5076
5077
5080
5080
5086
5089
5092
5095
5095
5096
5108
5111
5112
5127
5131
5134
5135
5135
5137
5137
5139
5142
5144
5147
5147
5151
5157
5161
5164
5169
5171
5172
5177
5179
5180
5185
5190
5191
5191
5196
5200
5211
5220
5221
5224
5230
5231
5231
5233
5238
5240
5241
5242
5246
5250
5252
5253
5254
5257
5260
5266
5266
5267
5268
5268
5277
5281
5285
5289
5291
5295
5296
5306
5307
5308
5308
5311
5313
5315
5318
5321
5322
5331
5333
5335
5335
5337
5338
5340
5341
5341
5341
5342
5347
5347
5348
5349
5350
5351
5359
5361
5369
5371
5375
5377
5380
5381
5385
5388
5390
5395
5397
5399
5404
5417
5418
5423
5432
5449
5449
5450
5457
5459
5460
5465
5465
5466
5467
5469
5473
5474
5474
5491
5511
5511
5511
5515
5519
5522
5524
5529
5537
5539
5546
5548
5552
5555
5557
5559
5560
5560
5564
5567
5569
5570
5574
5579
5580
5581
5583
5584
5584
5586
5588
5591
5596
5609
5610
5618
5619
5627
5643
5653
5661
5664
5670
5674
5676
5684
5688
5691
5694
5696
5699
5701
5702
5703
5707
5710
5710
5715
5718
5719
5719
5726
5731
5732
5732
5738
5740
5746
5750
5751
5751
5760
5762
5763
5764
5768
5773
5776
5777
5777
5780
5787
5794
5797
5798
5803
5805
5806
5806
5807
5815
5817
5819
5825
5832
5835
5836
5843
5845
5845
5846
5850
5854
5855
5856
5869
5872
5873
5877
5898
5898
5900
5900
5903
5905
5909
5914
5928
5951
5952
5956
5956
5959
5962
5966
5967
5968
5969
5978
5978
5984
5989
5990
5995
5995
5997
6006
6013
6014
6015
6016
6023
6028
6037
6038
6039
6051
6065
6067
6067
6068
6068
6068
6069
6072
6083
6083
6083
6092
6093
6093
6098
6103
6104
6104
6116
6117
6119
6123
6126
6134
6137
6138
6140
6140
6140
6143
6149
6152
6153
6154
6155
6164
6168
6172
6174
6175
6176
6176
6177
6177
6184
6185
6190
6191
6192
6194
6200
6201
6204
6207
6217
6221
6222
6227
6236
6238
6238
6240
6240
6242
6245
6247
6254
6256
6263
6266
6272
6274
6275
6276
6280
6290
6299
6300
6300
6303
6305
6307
6308
6318
6322
6323
6329
6332
6334
6344
6345
6352
6360
6361
6361
6366
6370
6373
6374
6377
6378
6380
6380
6382
6382
6383
6387
6394
6397
6398
6400
6401
6403
6409
6412
6413
6414
6422
6426
6427
6428
6429
6431
6432
6433
6436
6440
6448
6450
6451
6454
6461
6477
6478
6480
6481
6484
6486
6487
6489
6494
6498
6498
6499
6508
6515
6522
6532
6533
6536
6536
6539
6540
6543
6544
6544
6554
6555
6555
6565
6567
6570
6570
6572
6578
6582
6586
6589
6590
6591
6596
6599
6599
6601
6605
6605
6606
6608
6609
6611
6613
6614
6615
6618
6618
6625
6630
6640
6642
6645
6645
6646
6649
6653
6656
6656
6657
6661
6663
6665
6669
6669
6677
6681
6682
6690
6690
6698
6704
6713
6722
6726
6729
6745
6745
6748
6751
6756
6769
6770
6770
6772
6775
6784
6787
6787
6794
6796
6797
6799
6802
6814
6816
6822
6823
6828
6833
6834
6839
6842
6843
6843
6845
6847
6859
6863
6864
6875
6878
6878
6879
6880
6881
6882
6886
6887
6892
6894
6897
6906
6913
6914
6914
6915
6916
6918
6918
6920
6921
6924
6925
6926
6926
6927
6927
6930
6930
6934
6936
6942
6943
6947
6947
6953
6963
6964
6965
6970
6974
6975
6975
6977
6979
6981
6995
7000
7006
7007
7011
7015
7016
7020
7027
7029
7037
7037
7038
7039
7044
7050
7056
7060
7076
7076
7077
7092
7098
7100
7102
7105
7106
7119
7123
7124
7131
7136
7136
7141
7142
7144
7147
7148
7149
7151
7153
7161
7168
7173
7175
7183
7186
7194
7198
7200
7204
7207
7209
7209
7210
7212
7212
7213
7213
7214
7214
7216
7221
7221
7224
7236
7237
7238
7241
7247
7254
7254
7255
7256
7263
7265
7265
7268
7271
7280
7283
7284
7285
7288
7293
7296
7297
7300
7301
7302
7304
7312
7315
7316
7322
7332
7332
7334
7336
7340
7342
7347
7348
7351
7366
7367
7369
7377
7380
7382
7390
7395
7398
7400
7404
7404
7406
7414
7414
7423
7428
7435
7442
7443
7444
7448
7454
7455
7456
7457
7457
7462
7473
7474
7478
7478
7481
7481
7485
7486
7491
7492
7496
7499
7507
7531
7531
7533
7534
7535
7542
7544
7554
7557
7558
7559
7559
7564
7565
7567
7567
7572
7572
7594
7596
7604
7606
7613
7614
7615
7616
7621
7623
7623
7626
7626
7627
7627
7629
7630
7630
7633
7636
7639
7642
7643
7645
7649
7651
7653
7658
7660
7665
7665
7676
7685
7690
7696
7698
7699
7704
7704
7705
7706
7706
7706
7707
7712
7714
7716
7718
7721
7723
7727
7734
7737
7742
7748
7749
7750
7752
7758
7759
7765
7772
7778
7782
7785
7788
7789
7790
7790
7791
7794
7796
7802
7807
7811
7811
7818
7819
7826
7829
7833
7835
7837
7838
7840
7842
7843
7844
7852
7852
7853
7854
7854
7856
7857
7858
7866
7874
7881
7893
7897
7898
7899
7901
7903
7915
7922
7927
7927
7929
7930
7937
7938
7938
7939
7942
7943
7944
7948
7950
7953
7957
7960
7962
7972
7979
7987
7992
7993
7998
8003
8003
8004
8006
8011
8012
8012
8014
8017
8017
8018
8025
8025
8029
8030
8032
8036
8038
8042
8043
8043
8043
8046
8055
8060
8064
8068
8069
8072
8074
8075
8075
8075
8083
8087
8092
8093
8094
8094
8096
8100
8107
8108
8108
8109
8110
8113
8114
8118
8119
8119
8122
8124
8131
8133
8137
8138
8142
8147
8149
8150
8152
8153
8156
8158
8159
8169
8171
8171
8179
8179
8180
8186
8186
8189
8193
8194
8195
8195
8201
8224
8235
8237
8238
8239
8248
8253
8253
8263
8268
8269
8270
8272
8274
8282
8283
8287
8288
8291
8297
8298
8301
8306
8307
8311
8320
8328
8331
8336
8344
8345
8345
8346
8347
8347
8350
8351
8361
8361
8361
8361
8365
8367
8368
8370
8374
8374
8379
8379
8380
8381
8382
8384
8386
8391
8394
8394
8396
8402
8409
8411
8411
8414
8415
8415
8417
8425
8429
8430
8431
8432
8433
8445
8446
8448
8449
8455
8457
8465
8466
8471
8471
8472
8477
8479
8483
8488
8491
8495
8501
8501
8502
8508
8512
8513
8514
8517
8518
8518
8520
8520
8521
8525
8528
8530
8532
8534
8536
8537
8539
8543
8546
8548
8550
8555
8555
8558
8558
8564
8567
8567
8568
8570
8576
8580
8583
8591
8593
8594
8595
8605
8606
8606
8608
8617
8619
8621
8621
8622
8623
8624
8626
8630
8632
8634
8635
8636
8637
8646
8648
8649
8668
8679
8683
8683
8688
8689
8691
8701
8702
8706
8710
8721
8727
8730
8732
8732
8733
8739
8743
8744
8745
8748
8758
8761
8762
8763
8773
8774
8778
8781
8784
8788
8798
8798
8800
8811
8815
8822
8831
8832
8835
8835
8840
8847
8847
8848
8854
8855
8856
8859
8859
8863
8863
8865
8868
8874
8876
8883
8884
8886
8894
8896
8901
8907
8911
8915
8917
8923
8925
8928
8928
8928
8932
8937
8941
8942
8945
8945
8952
8952
8956
8961
8969
8970
8971
8974
8975
8976
8978
8982
8982
8991
8993
8998
8998
8999
9012
9018
9021
9021
9024
9029
9032
9036
9036
9039
9040
9041
9047
9049
9049
9055
9056
9056
9059
9068
9068
9070
9072
9072
9073
9077
9088
9089
9090
9103
9105
9108
9109
9112
9115
9116
9121
9125
9127
9129
9130
9130
9132
9135
9137
9145
9145
9146
9146
9150
9152
9153
9156
9159
9160
9162
9163
9171
9171
9185
9198
9200
9201
9209
9212
9217
9221
9224
9227
9228
9230
9230
9232
9237
9244
9245
9253
9253
9254
9254
9256
9269
9272
9273
9273
9280
9281
9282
9286
9286
9288
9297
9299
9300
9301
9306
9309
9311
9317
9319
9324
9325
9337
9338
9345
9345
9354
9362
9365
9366
9366
9367
9369
9371
9372
9373
9376
9377
9380
9381
9383
9386
9388
9390
9393
9396
9397
9399
9403
9418
9426
9427
9436
9437
9443
9445
9447
9449
9454
9460
9464
9467
9469
9471
9476
9478
9482
9487
9489
9490
9493
9496
9502
9507
9510
9513
9514
9514
9517
9517
9520
9522
9524
9527
9527
9530
9533
9539
9540
9547
9547
9551
9554
9556
9570
9574
9576
9577
9582
9582
9582
9585
9586
9598
9602
9603
9604
9604
9612
9612
9615
9622
9631
9637
9638
9639
9641
9650
9651
9653
9653
9654
9655
9655
9655
9656
9664
9667
9667
9673
9678
9678
9679
9683
9684
9688
9704
9706
9707
9710
9711
9712
9713
9713
9715
9715
9715
9717
9719
9719
9735
9741
9745
9747
9753
9756
9756
9757
9757
9757
9760
9762
9764
9765
9766
9767
9769
9769
9770
9772
9773
9775
9780
9783
9787
9791
9794
9795
9810
9819
9821
9823
9834
9835
9836
9837
9838
9838
9843
9853
9856
9856
9858
9860
9861
9868
9873
9874
9877
9881
9882
9891
9892
9899
9900
9900
9900
9902
9907
9918
9923
9924
9925
9926
9928
9930
9939
9948
9950
9959
9960
9960
9967
9970
9970
9973
9975
9978
9995
9996
9996
9998
9999
10003
10003
10003
10008
10016
10017
10032
10039
10041
10043
10044
10044
10050
10052
10057
10059
10060
10061
10066
10072
10073
10081
10081
10089
10090
10090
10091
10092
10092
10093
10094
10096
10102
10103
10103
10107
10107
10109
10116
10117
10130
10142
10157
10160
10161
10162
10167
10167
10168
10171
10190
10193
10194
10198
10200
10201
10208
10210
10210
10211
10212
10215
10217
10219
10220
10225
10230
10231
10233
10238
10242
10246
10250
10253
10254
10261
10264
10266
10273
10273
10282
10293
10299
10303
10308
10324
10324
10324
10334
10340
10341
10342
10347
10351
10356
10360
10361
10361
10363
10365
10369
10370
10374
10376
10377
10378
10381
10388
10392
10393
10395
10395
10403
10406
10415
10418
10418
10425
10427
10429
10431
10431
10432
10433
10436
10436
10446
10450
10466
10468
10477
10480
10480
10482
10484
10487
10488
10492
10497
10500
10502
10507
10509
10525
10529
10538
10541
10543
10546
10550
10551
10553
10555
10556
10559
10572
10576
10581
10582
10587
10593
10597
10604
10605
10612
10614
10616
10618
10618
10623
10623
10626
10631
10634
10636
10636
10637
10643
10646
10647
10649
10649
10650
10652
10654
10654
10654
10657
10657
10659
10659
10667
10668
10669
10674
10676
10677
10680
10682
10683
10685
10686
10695
10698
10700
10702
10702
10704
10705
10710
10714
10719
10719
10719
10721
10722
10728
10729
10732
10732
10735
10735
10739
10743
10747
10750
10750
10751
10752
10755
10755
10756
10760
10765
10767
10774
10776
10781
10791
10793
10794
10796
10799
10802
10803
10804
10808
10809
10811
10823
10830
10839
10840
10841
10841
10842
10851
10856
10859
10861
10867
10869
10869
10879
10881
10883
10886
10886
10887
10893
10893
10895
10901
10913
10918
10919
10920
10924
10926
10941
10942
10946
10950
10955
10959
10967
10972
10975
10978
10979
10982
10986
10990
10992
10996
11000
11002
11002
11007
11008
11012
11013
11015
11018
11021
11023
11023
11029
11037
11038
11040
11042
11046
11047
11048
11051
11058
11059
11062
11063
11068
11074
11075
11077
11080
11081
11087
11087
11090
11098
11103
11104
11105
11107
11110
11114
11116
11117
11125
11126
11130
11141
11142
11145
11151
11153
11154
11155
11164
11171
11175
11178
11187
11188
11191
11193
11199
11205
11206
11220
11230
11232
11233
11235
11236
11237
11239
11240
11244
11248
11251
11254
11255
11258
11260
11261
11271
11273
11276
11282
11282
11289
11290
11294
11309
11312
11322
11334
11340
11349
11350
11359
11360
11366
11367
11367
11377
11380
11388
11392
11393
11396
11400
11412
11414
11419
11419
11420
11423
11423
11424
11425
11426
11428
11432
11444
11455
11460
11461
11478
11480
11481
11481
11491
11498
11500
11506
11508
11511
11513
11516
11517
11520
11521
11522
11522
11526
11527
11533
11534
11534
11536
11537
11543
11546
11547
11553
11558
11560
11565
11567
11568
11570
11570
11578
11581
11582
11585
11587
11598
11598
11600
11602
11602
11603
11604
11605
11606
11613
11630
11633
11637
11638
11640
11654
11656
11657
11657
11658
11665
11670
11673
11675
11676
11677
11692
11696
11696
11697
11706
11706
11708
11709
11715
11717
11719
11724
11726
11727
11728
11730
11740
11750
11751
11755
11756
11759
11766
11767
11769
11770
11775
11780
11791
11794
11795
11795
11800
11802
11806
11808
11810
11816
11823
11825
11827
11831
11837
11837
11843
11845
11847
11851
11854
11856
11862
11867
11879
11880
11884
11886
11893
11894
11895
11900
11901
11903
11912
11921
11933
11933
11936
11937
11938
11944
11949
11953
11954
11955
11958
11960
11967
11967
11975
11976
11981
11992
11995
11996
11998
12005
12018
12031
12035
12036
12036
12037
12040
12043
12043
12044
12046
12060
12064
12071
12075
12087
12092
12095
12096
12097
12099
12103
12105
12105
12107
12115
12119
12121
12122
12128
12134
12135
12135
12141
12143
12158
12159
12176
12177
12181
12181
12182
12183
12184
12187
12191
12201
12202
12202
12212
12213
12222
12224
12225
12226
12228
12232
12244
12245
12254
12261
12262
12269
12271
12274
12279
12280
12281
12283
12290
12290
12292
12294
12300
12303
12305
12306
12308
12309
12312
12313
12315
12319
12320
12320
12320
12321
12321
12325
12326
12330
12332
12335
12336
12337
12342
12343
12345
12346
12348
12350
12353
12356
12359
12363
12364
12369
12369
12370
12375
12380
12381
12384
12390
12394
12400
12409
12413
12413
12414
12414
12422
12426
12427
12437
12439
12450
12450
12456
12461
12466
12471
12472
12472
12491
12491
12494
12502
12502
12503
12503
12504
12504
12505
12506
12515
12517
12522
12522
12524
12525
12526
12535
12537
12539
12544
12545
12548
12551
12553
12556
12565
12568
12574
12575
12585
12587
12587
12589
12593
12599
12599
12600
12602
12608
12627
12631
12638
12640
12642
12650
12650
12651
12656
12661
12662
12665
12667
12668
12668
12668
12670
12672
12673
12674
12674
12676
12679
12682
12690
12695
12701
12701
12702
12712
12713
12716
12718
12722
12723
12724
12733
12734
12742
12749
12753
12754
12756
12758
12758
12763
12765
12766
12772
12772
12773
12776
12789
12789
12790
12793
12796
12802
12812
12815
12818
12820
12820
12826
12831
12841
12844
12847
12849
12851
12852
12855
12865
12871
12880
12881
12887
12888
12894
12898
12901
12905
12908
12915
12915
12927
12930
12933
12944
12949
12960
12960
12963
12973
12975
12977
12982
12982
12987
12989
12990
12999
12999
13000
13002
13002
13004
13006
13010
13014
13015
13021
13024
13028
13029
13038
13038
13038
13038
13054
13055
13056
13060
13061
13061
13070
13073
13075
13076
13079
13081
13084
13093
13095
13095
13097
13097
13098
13098
13107
13110
13111
13115
13116
13117
13119
13127
13129
13133
13137
13138
13142
13143
13154
13156
13161
13163
13169
13170
13172
13174
13177
13181
13183
13186
13194
13194
13195
13196
13198
13198
13202
13203
13204
13205
13208
13211
13216
13218
13222
13223
13225
13225
13228
13228
13232
13233
13235
13240
13244
13249
13253
13256
13256
13259
13264
13269
13269
13273
13274
13276
13278
13280
13286
13290
13291
13292
13294
13300
13300
13307
13311
13320
13324
13325
13326
13335
13340
13340
13345
13348
13348
13351
13352
13354
13356
13357
13358
13366
13371
13374
13374
13378
13379
13382
13385
13388
13389
13390
13391
13395
13396
13397
13397
13400
13403
13404
13411
13411
13418
13418
13419
13422
13431
13435
13438
13438
13443
13444
13449
13451
13464
13465
13466
13466
13466
13468
13470
13471
13472
13477
13482
13484
13486
13489
13494
13501
13501
13503
13505
13506
13521
13522
13526
13528
13529
13531
13538
13539
13544
13546
13547
13550
13555
13558
13561
13561
13563
13567
13568
13569
13571
13575
13578
13583
13584
13605
13610
13612
13620
13623
13632
13633
13638
13640
13643
13644
13645
13646
13651
13656
13660
13667
13670
13672
13673
13677
13683
13685
13688
13693
13700
13717
13719
13725
13726
13727
13734
13736
13747
13747
13753
13757
13761
13763
13771
13771
13772
13780
13781
13782
13787
13791
13792
13793
13797
13798
13799
13806
13808
13811
13815
13816
13816
13818
13820
13824
13825
13825
13827
13828
13830
13830
13830
13831
13835
13837
13841
13842
13843
13851
13859
13861
13865
13868
13876
13886
13886
13892
13902
13906
13906
13909
13909
13912
13914
13917
13923
13924
13926
13933
13940
13940
13945
13946
13951
13952
13953
13953
13955
13961
13962
13968
13972
13975
13977
13977
13978
13980
13991
14000
14000
14001
14001
14011
14012
14012
14013
14013
14013
14017
14022
14024
14025
14027
14029
14031
14031
14034
14034
14050
14050
14052
14053
14064
14066
14067
14067
14067
14070
14075
14078
14079
14085
14094
14097
14097
14097
14100
14102
14103
14107
14113
14122
14122
14124
14124
14124
14127
14128
14133
14134
14134
14135
14135
14138
14142
14142
14142
14148
14149
14149
14152
14160
14167
14169
14174
14181
14181
14185
14185
14191
14194
14200
14200
14207
14210
14210
14211
14211
14213
14218
14222
14222
14223
14240
14254
14256
14261
14263
14266
14269
14271
14273
14283
14287
14288
14291
14294
14296
14304
14306
14307
14309
14311
14315
14316
14318
14320
14325
14328
14335
14340
14346
14348
14348
14348
14349
14350
14351
14366
14371
14371
14373
14383
14384
14393
14393
14399
14404
14410
14412
14413
14415
14415
14423
14425
14429
14433
14434
14437
14437
14444
14457
14461
14462
14463
14471
14473
14477
14478
14481
14491
14495
14495
14496
14499
14507
14513
14517
14521
14522
14525
14526
14529
14529
14530
14531
14535
14543
14543
14544
14545
14556
14559
14563
14565
14565
14573
14575
14578
14578
14580
14583
14586
14594
14597
14598
14599
14600
14602
14606
14613
14616
14619
14633
14634
14635
14635
14637
14637
14638
14641
14644
14648
14650
14651
14654
14661
14664
14669
14670
14671
14689
14692
14695
14698
14703
14704
14706
14708
14708
14715
14718
14718
14719
14721
14724
14727
14727
14729
14733
14736
14744
14757
14763
14765
14766
14768
14769
14770
14771
14776
14777
14778
14781
14785
14791
14792
14796
14803
14809
14811
14811
14814
14816
14817
14817
14817
14818
14818
14818
14821
14825
14826
14829
14834
14838
14847
14848
14848
14852
14864
14870
14874
14874
14878
14882
14883
14884
14884
14885
14886
14888
14894
14895
14899
14902
14902
14903
14909
14913
14913
14920
14920
14924
14936
14938
14938
14942
14945
14945
14950
14954
14955
14963
14966
14974
14975
14975
14980
14982
14987
14988
14988
14988
14990
14991
14993
14994
14998
14999
14999
15000
15003
15004
15011
15013
15016
15017
15025
15032
15032
15033
15036
15040
15046
15046
15046
15057
15058
15062
15064
15066
15069
15071
15072
15078
15085
15087
15099
15102
15104
15105
15107
15112
15113
15115
15116
15118
15119
15119
15124
15124
15126
15131
15132
15134
15136
15138
15141
15143
15143
15155
15156
15157
15159
15164
15166
15168
15169
15171
15173
15175
15175
15190
15192
15193
15201
15201
15205
15205
15225
15226
15231
15231
15240
15245
15249
15249
15252
15252
15257
15259
15264
15265
15270
15275
15277
15279
15287
15289
15289
15291
15294
15295
15299
15303
15303
15307
15309
15324
15325
15331
15331
15333
15334
15337
15338
15351
15367
15373
15374
15377
15379
15388
15391
15392
15396
15400
15401
15401
15405
15416
15416
15417
15419
15426
15427
15434
15438
15439
15442
15442
15446
15448
15452
15461
15467
15474
15476
15477
15484
15485
15487
15491
15491
15494
15496
15502
15512
15514
15517
15518
15525
15541
15545
15548
15551
15554
15554
15556
15556
15557
15567
15568
15570
15574
15595
15597
15599
15602
15603
15606
15609
15610
15613
15615
15618
15622
15627
15635
15635
15636
15649
15653
15658
15661
15671
15672
15673
15682
15686
15686
15686
15687
15689
15696
15696
15700
15703
15714
15717
15722
15723
15723
15725
15727
15728
15731
15733
15733
15737
15737
15739
15742
15743
15745
15745
15746
15753
15753
15755
15772
15772
15783
15786
15790
15792
15795
15795
15799
15804
15805
15810
15810
15817
15819
15819
15820
15821
15823
15831
15832
15834
15837
15838
15838
15843
15854
15858
15866
15870
15870
15872
15879
15880
15880
15881
15881
15884
15885
15889
15891
15898
15898
15904
15905
15906
15910
15911
15916
15920
15928
15929
15934
15937
15938
15943
15946
15948
15949
15950
15952
15960
15967
15971
15975
15976
15976
15979
15980
15984
15988
15992
15992
15993
15996
16001
16004
16004
16011
16013
16020
16020
16035
16042
16042
16048
16054
16057
16065
16068
16069
16070
16071
16082
16085
16086
16086
16093
16097
16104
16108
16113
16117
16120
16121
16129
16129
16132
16133
16134
16134
16135
16135
16136
16139
16142
16143
16143
16146
16146
16151
16164
16174
16185
16188
16191
16192
16197
16197
16198
16200
16201
16202
16206
16209
16211
16214
16215
16222
16225
16229
16229
16233
16234
16235
16245
16257
16258
16259
16260
16262
16269
16272
16277
16278
16283
16283
16287
16288
16291
16297
16300
16304
16306
16311
16314
16319
16323
16325
16340
16343
16345
16347
16348
16352
16353
16356
16360
16363
16365
16379
16382
16389
16393
16396
16408
16413
16421
16422
16422
16425
16426
16433
16439
16446
16446
16447
16454
16458
16473
16474
16476
16476
16480
16480
16481
16482
16484
16489
16490
16492
16494
16496
16497
16498
16499
16500
16501
16502
16504
16510
16513
16520
16522
16522
16526
16526
16528
16529
16538
16546
16560
16565
16568
16569
16570
16573
16574
16576
16578
16580
16584
16586
16587
16590
16592
16592
16595
16600
16607
16610
16622
16624
16630
16630
16630
16642
16650
16652
16652
16657
16658
16661
16663
16665
16671
16672
16683
16683
16686
16687
16688
16689
16690
16693
16694
16703
16709
16714
16716
16716
16720
16722
16724
16730
16731
16734
16740
16748
16752
16754
16758
16758
16759
16762
16762
16763
16763
16771
16771
16771
16774
16776
16778
16780
16792
16792
16808
16810
16812
16814
16815
16818
16819
16819
16819
16823
16824
16826
16829
16834
16842
16843
16850
16852
16856
16856
16859
16864
16865
16866
16869
16871
16878
16879
16884
16887
16887
16887
16893
16896
16898
16902
16906
16909
16909
16914
16914
16915
16916
16924
16927
16930
16936
16940
16948
16952
16960
16963
16966
16967
16969
16971
16980
16988
16990
16990
16990
16992
16996
17004
17009
17012
17014
17016
17016
17016
17017
17017
17018
17028
17028
17031
17032
17032
17037
17037
17048
17054
17057
17057
17064
17066
17070
17071
17073
17075
17077
17079
17081
17084
17084
17086
17087
17088
17088
17096
17098
17099
17104
17106
17108
17112
17112
17115
17120
17122
17123
17124
17125
17125
17129
17135
17139
17140
17141
17142
17148
17155
17167
17175
17175
17178
17185
17190
17190
17191
17194
17194
17197
17203
17207
17208
17209
17211
17215
17216
17220
17222
17223
17227
17234
17235
17241
17245
17246
17250
17251
17252
17252
17255
17261
17261
17262
17262
17272
17276
17277
17279
17287
17290
17291
17292
17301
17301
17307
17309
17309
17310
17313
17314
17318
17320
17323
17325
17331
17332
17337
17338
17340
17341
17345
17346
17348
17357
17357
17361
17362
17365
17369
17370
17370
17385
17385
17388
17393
17393
17404
17406
17407
17408
17410
17414
17420
17426
17429
17437
17438
17438
17440
17442
17451
17452
17461
17462
17463
17464
17464
17466
17474
17475
17475
17480
17484
17488
17495
17498
17501
17502
17503
17504
17505
17523
17523
17532
17538
17539
17541
17546
17547
17547
17549
17556
17557
17558
17560
17564
17567
17578
17580
17585
17585
17586
17586
17586
17590
17595
17595
17598
17601
17606
17608
17610
17615
17617
17621
17626
17627
17628
17628
17633
17640
17642
17647
17648
17649
17655
17656
17657
17657
17664
17665
17668
17669
17675
17677
17677
17679
17687
17688
17692
17693
17695
17696
17706
17709
17710
17712
17715
17717
17727
17733
17734
17735
17738
17743
17744
17746
17756
17756
17757
17757
17758
17765
17766
17766
17779
17782
17784
17786
17789
17792
17794
17796
17799
17804
17809
17821
17822
17823
17826
17828
17829
17831
17843
17853
17859
17864
17864
17868
17874
17877
17877
17879
17880
17888
17889
17892
17897
17900
17909
17914
17914
17917
17919
17919
17926
17928
17931
17937
17937
17937
17946
17947
17955
17956
17956
17957
17959
17959
17959
17961
17962
17962
17966
17972
17972
17979
17985
17986
17987
17988
17989
17996
17998
17998
18000
18008
18009
18009
18010
18013
18015
18018
18021
18024
18025
18025
18026
18027
18033
18037
18037
18038
18039
18042
18043
18049
18053
18057
18060
18063
18068
18069
18072
18082
18085
18086
18087
18088
18088
18090
18091
18105
18115
18122
18124
18129
18130
18135
18137
18144
18146
18147
18150
18152
18153
18153
18165
18166
18167
18170
18171
18172
18183
18184
18191
18191
18193
18194
18196
18198
18202
18202
18204
18205
18211
18211
18215
18215
18216
18228
18234
18234
18244
18247
18250
18251
18259
18264
18279
18285
18286
18288
18292
18295
18296
18297
18308
18309
18310
18310
18310
18318
18324
18325
18336
18338
18341
18351
18352
18354
18360
18373
18377
18383
18386
18387
18392
18398
18403
18407
18409
18411
18418
18418
18421
18421
18423
18427
18431
18438
18439
18444
18455
18461
18462
18466
18468
18478
18478
18481
18482
18490
18494
18496
18499
18499
18503
18505
18511
18514
18519
18523
18523
18524
18524
18539
18544
18550
18552
18554
18558
18558
18566
18568
18574
18580
18580
18589
18590
18593
18596
18602
18605
18605
18605
18607
18608
18612
18614
18616
18627
18627
18634
18638
18639
18661
18664
18667
18670
18675
18677
18679
18680
18684
18690
18700
18703
18704
18706
18710
18712
18714
18719
18720
18721
18723
18733
18735
18739
18743
18743
18743
18743
18745
18750
18751
18751
18751
18753
18754
18755
18757
18758
18769
18770
18780
18781
18784
18786
18796
18802
18807
18808
18811
18824
18827
18828
18836
18838
18844
18845
18861
18866
18872
18875
18881
18884
18885
18888
18888
18905
18921
18926
18927
18929
18933
18936
18937
18949
18949
18961
18962
18963
18965
18966
18973
18978
18982
18984
18987
18987
18994
18995
18996
18996
18997
19002
19004
19015
19017
19020
19020
19026
19032
19033
19042
19046
19062
19065
19066
19068
19069
19075
19077
19083
19087
19089
19094
19095
19095
19096
19104
19105
19107
19110
19111
19111
19114
19119
19120
19124
19125
19138
19138
19142
19150
19156
19157
19158
19161
19161
19168
19170
19175
19180
19188
19193
19197
19201
19202
19204
19207
19211
19212
19212
19213
19224
19227
19230
19231
19237
19238
19238
19238
19247
19250
19252
19258
19263
19264
19268
19269
19269
19278
19280
19282
19284
19288
19289
19292
19293
19294
19294
19295
19296
19297
19299
19299
19302
19306
19307
19310
19312
19318
19319
19327
19328
19330
19336
19339
19343
19346
19351
19351
19357
19357
19360
19364
19370
19370
19385
19386
19388
19388
19388
19390
19391
19395
19407
19410
19412
19414
19416
19418
19419
19421
19421
19433
19433
19441
19443
19444
19448
19450
19454
19457
19459
19462
19464
19464
19467
19469
19475
19476
19483
19485
19486
19489
19495
19497
19501
19502
19502
19504
19507
19514
19518
19520
19520
19521
19521
19528
19534
19540
19544
19546
19551
19552
19553
19554
19555
19558
19559
19561
19563
19568
19573
19573
19574
19577
19580
19582
19584
19587
19589
19592
19594
19598
19598
19599
19600
19601
19604
19606
19606
19607
19609
19612
19615
19619
19620
19625
19628
19633
19641
19642
19643
19644
19645
19645
19648
19650
19651
19659
19662
19664
19666
19668
19672
19674
19676
19685
19687
19687
19688
19689
19689
19697
19698
19699
19705
19709
19711
19712
19714
19715
19717
19724
19726
19727
19734
19742
19743
19744
19744
19745
19747
19751
19751
19753
19753
19754
19758
19761
19761
19773
19777
19781
19782
19787
19788
19789
19792
19802
19807
19807
19808
19809
19811
19817
19820
19823
19824
19824
19826
19833
19834
19841
19844
19848
19857
19867
19870
19881
19882
19882
19892
19894
19900
19904
19907
19918
19930
19933
19935
19936
19938
19938
19942
19947
19955
19956
19957
19963
19966
19969
19969
19975
19978
19979
19982
19985
19986
19987
19987
19988
19988
19989
19994
19994
19997
19999
20002
20004
20013
20021
20031
20031
20035
20038
20040
20041
20042
20042
20050
20054
20057
20060
20061
20065
20071
20077
20086
20089
20094
20098
20102
20103
20103
20108
20108
20109
20109
20111
20119
20127
20131
20135
20135
20138
20140
20144
20146
20148
20151
20157
20160
20161
20164
20168
20169
20175
20178
20179
20183
20187
20188
20189
20190
20193
20193
20197
20201
20211
20217
20222
20226
20227
20228
20231
20231
20244
20256
20256
20257
20258
20263
20268
20269
20270
20270
20280
20285
20292
20292
20294
20295
20309
20312
20314
20315
20317
20318
20318
20320
20323
20327
20329
20335
20338
20355
20355
20355
20356
20356
20362
20363
20365
20367
20372
20374
20380
20395
20398
20399
20402
20406
20416
20419
20420
20422
20423
20432
20434
20446
20447
20467
20470
20477
20488
20495
20503
20505
20514
20522
20527
20528
20531
20539
20539
20545
20546
20551
20552
20552
20555
20555
20560
20563
20566
20570
20571
20579
20580
20583
20584
20584
20584
20585
20586
20588
20590
20590
20599
20599
20600
20600
20603
20606
20606
20607
20622
20625
20630
20631
20636
20640
20641
20641
20645
20646
20652
20655
20661
20662
20664
20666
20667
20668
20669
20669
20671
20671
20672
20673
20678
20680
20684
20689
20695
20696
20697
20701
20712
20720
20722
20731
20731
20732
20732
20734
20734
20734
20743
20744
20747
20748
20751
20757
20759
20764
20764
20765
20765
20769
20772
20772
20772
20772
20773
20776
20780
20780
20781
20785
20790
20795
20795
20799
20803
20807
20815
20817
20817
20821
20824
20825
20839
20841
20842
20849
20850
20857
20858
20861
20867
20868
20868
20870
20871
20872
20872
20876
20878
20878
20879
20881
20887
20891
20904
20906
20908
20911
20911
20911
20916
20918
20927
20929
20929
20935
20944
20951
20951
20952
20955
20956
20961
20963
20976
20980
20983
20985
20986
20993
20998
21003
21004
21007
21013
21014
21016
21018
21018
21020
21020
21028
21028
21029
21041
21045
21046
21047
21047
21053
21061
21064
21064
21065
21070
21072
21077
21079
21090
21090
21094
21096
21099
21101
21104
21111
21116
21118
21118
21120
21124
21130
21134
21135
21137
21140
21145
21147
21150
21151
21155
21156
21157
21159
21163
21164
21164
21167
21168
21170
21172
21175
21182
21186
21188
21190
21203
21207
21208
21210
21211
21215
21220
21221
21223
21233
21235
21246
21246
21255
21258
21259
21263
21265
21265
21268
21270
21271
21280
21283
21283
21287
21288
21292
21294
21299
21307
21308
21309
21312
21318
21323
21326
21326
21330
21331
21335
21336
21342
21350
21352
21358
21362
21365
21369
21374
21377
21378
21380
21383
21385
21386
21387
21387
21389
21390
21390
21405
21406
21411
21413
21429
21430
21432
21432
21438
21438
21443
21443
21445
21445
21450
21451
21455
21459
21466
21473
21478
21481
21481
21481
21482
21489
21491
21493
21499
21499
21500
21502
21503
21509
21509
21513
21523
21536
21537
21542
21543
21544
21545
21548
21552
21560
21560
21564
21565
21567
21570
21576
21592
21596
21604
21607
21610
21613
21615
21619
21620
21625
21627
21628
21634
21637
21643
21644
21651
21651
21652
21654
21655
21658
21658
21661
21661
21663
21672
21681
21682
21688
21689
21692
21696
21697
21698
21701
21707
21714
21719
21721
21726
21727
21729
21732
21736
21737
21741
21742
21744
21747
21747
21760
21765
21768
21775
21776
21781
21784
21785
21788
21792
21792
21792
21796
21798
21799
21800
21801
21803
21813
21818
21819
21822
21823
21823
21835
21838
21838
21840
21843
21850
21850
21853
21853
21863
21865
21866
21869
21869
21870
21870
21874
21875
21878
21881
21897
21898
21900
21900
21901
21909
21913
21919
21921
21922
21922
21938
21939
21940
21943
21949
21953
21955
21958
21961
21964
21964
21974
21978
21981
21986
21987
21990
21996
22000
22001
22006
22007
22008
22010
22010
22024
22029
22029
22035
22037
22038
22038
22041
22045
22045
22045
22066
22075
22091
22104
22108
22109
22111
22119
22119
22121
22126
22130
22131
22131
22133
22135
22143
22143
22157
22158
22160
22161
22163
22166
22168
22168
22171
22173
22174
22177
22177
22178
22180
22182
22183
22189
22191
22193
22196
22197
22198
22203
22206
22208
22209
22215
22216
22217
22220
22223
22228
22230
22237
22238
22243
22246
22254
22258
22263
22266
22268
22270
22274
22280
22282
22285
22287
22289
22290
22292
22294
22295
22295
22295
22296
22297
22299
22299
22304
22304
22309
22311
22313
22324
22329
22332
22338
22339
22341
22347
22347
22351
22356
22356
22359
22360
22367
22375
22376
22377
22381
22384
22392
22392
22395
22397
22398
22399
22404
22404
22405
22409
22411
22411
22414
22418
22422
22424
22424
22431
22436
22446
22452
22459
22462
22463
22466
22467
22467
22476
22481
22485
22486
22494
22495
22496
22498
22500
22502
22507
22509
22513
22513
22524
22528
22535
22543
22544
22546
22548
22548
22549
22558
22558
22561
22562
22567
22574
22580
22582
22583
22585
22588
22591
22594
22603
22605
22609
22618
22622
22623
22628
22636
22638
22639
22641
22650
22655
22655
22656
22658
22665
22666
22671
22671
22674
22684
22684
22685
22688
22690
22693
22695
22695
22700
22700
22701
22705
22716
22718
22720
22722
22724
22725
22734
22736
22737
22740
22754
22754
22757
22762
22766
22767
22771
22773
22774
22776
22778
22778
22779
22785
22785
22787
22788
22792
22798
22802
22803
22803
22803
22803
22803
22808
22816
22823
22824
22825
22842
22847
22851
22852
22853
22855
22859
22861
22863
22876
22879
22882
22890
22891
22893
22893
22897
22898
22900
22907
22908
22909
22912
22915
22920
22922
22922
22925
22928
22928
22931
22937
22938
22940
22945
22945
22945
22946
22958
22959
22962
22963
22966
22967
22970
22971
22979
22980
22980
22982
22986
22988
22993
22994
22996
23002
23007
23012
23016
23018
23019
23025
23028
23028
23030
23031
23033
23040
23040
23041
23041
23045
23046
23046
23053
23056
23058
23059
23071
23071
23078
23078
23086
23104
23108
23109
23116
23116
23118
23124
23124
23127
23130
23134
23136
23136
23141
23143
23143
23145
23147
23148
23149
23159
23171
23176
23178
23188
23191
23192
23192
23194
23194
23201
23201
23210
23211
23212
23212
23218
23225
23226
23227
23234
23235
23238
23248
23249
23250
23253
23258
23259
23264
23274
23280
23283
23288
23291
23292
23293
23295
23297
23300
23301
23311
23318
23319
23319
23320
23320
23322
23322
23323
23323
23328
23333
23334
23343
23346
23348
23348
23349
23350
23359
23366
23367
23368
23369
23370
23370
23372
23374
23374
23376
23377
23377
23378
23383
23384
23389
23389
23390
23406
23407
23407
23416
23417
23427
23435
23435
23445
23449
23449
23452
23454
23459
23470
23473
23475
23477
23477
23484
23485
23486
23501
23501
23505
23510
23512
23513
23523
23526
23528
23528
23528
23532
23535
23536
23555
23558
23563
23566
23566
23568
23586
23588
23592
23599
23605
23608
23611
23612
23620
23622
23625
23626
23627
23629
23630
23632
23634
23634
23635
23638
23662
23669
23673
23688
23690
23690
23699
23700
23702
23709
23713
23716
23721
23725
23728
23728
23729
23730
23731
23733
23735
23735
23739
23750
23755
23759
23761
23761
23765
23767
23770
23770
23772
23775
23776
23782
23783
23783
23788
23792
23794
23794
23794
23801
23805
23806
23813
23814
23815
23817
23820
23825
23828
23831
23836
23836
23845
23845
23847
23850
23858
23859
23872
23873
23878
23881
23883
23884
23885
23888
23889
23889
23889
23894
23894
23899
23901
23915
23920
23923
23925
23930
23934
23935
23937
23941
23941
23941
23942
23943
23943
23944
23945
23952
23958
23960
23972
23973
23973
23981
23986
23990
23992
23993
23997
23997
23999
23999
24001
24005
24007
24011
24011
24020
24024
24041
24047
24048
24050
24050
24055
24056
24057
24060
24064
24071
24071
24073
24079
24080
24081
24085
24091
24094
24097
24102
24103
24105
24107
24109
24113
24124
24126
24127
24128
24130
24130
24131
24134
24135
24138
24139
24139
24140
24147
24151
24152
24152
24161
24168
24169
24173
24175
24175
24176
24177
24178
24184
24186
24187
24187
24188
24190
24191
24192
24196
24197
24197
24198
24198
24199
24202
24209
24212
24220
24222
24223
24229
24231
24239
24239
24242
24243
24244
24250
24256
24258
24263
24270
24283
24285
24293
24295
24299
24305
24306
24307
24309
24312
24312
24314
24320
24324
24325
24332
24334
24339
24339
24339
24341
24343
24352
24353
24354
24356
24363
24364
24368
24369
24372
24374
24377
24378
24379
24381
24383
24386
24387
24389
24393
24396
24398
24399
24399
24403
24405
24411
24412
24422
24423
24438
24439
24439
24441
24456
24457
24466
24468
24468
24470
24483
24484
24488
24494
24497
24497
24505
24510
24512
24515
24516
24516
24520
24524
24529
24531
24532
24537
24540
24540
24542
24547
24548
24549
24550
24554
24557
24561
24563
24564
24565
24565
24567
24575
24576
24584
24586
24595
24598
24607
24609
24612
24612
24612
24612
24615
24620
24620
24627
24628
24639
24648
24651
24658
24659
24661
24662
24670
24675
24688
24691
24691
24692
24694
24695
24700
24710
24711
24715
24721
24724
24726
24726
24726
24727
24730
24734
24740
24741
24745
24745
24745
24747
24755
24755
24761
24769
24772
24773
24775
24778
24787
24790
24799
24801
24803
24814
24815
24815
24817
24821
24823
24828
24834
24837
24837
24837
24838
24838
24839
24844
24850
24850
24854
24864
24866
24866
24869
24870
24872
24877
24877
24882
24887
24900
24901
24906
24906
24911
24914
24915
24916
24917
24917
24918
24922
24926
24928
24930
24931
24932
24934
24934
24936
24939
24945
24945
24946
24947
24949
24951
24951
24956
24956
24965
24968
24970
24972
24973
24974
24978
24979
24979
24980
24982
24984
24994
24998
25002
25008
25017
25020
25021
25025
25031
25037
25038
25050
25052
25053
25054
25055
25060
25060
25063
25063
25063
25065
25069
25069
25074
25075
25077
25081
25086
25088
25092
25093
25093
25098
25098
25104
25109
25110
25112
25116
25120
25123
25127
25128
25130
25145
25154
25157
25157
25160
25161
25161
25163
25166
25169
25178
25180
25185
25188
25195
25199
25201
25202
25203
25204
25210
25210
25214
25216
25223
25225
25230
25230
25233
25233
25238
25239
25241
25243
25246
25250
25254
25255
25256
25259
25262
25268
25271
25276
25277
25281
25289
25290
25291
25291
25293
25293
25293
25296
25297
25300
25319
25320
25338
25348
25351
25359
25362
25369
25371
25373
25374
25376
25378
25378
25381
25381
25384
25385
25390
25390
25393
25395
25397
25399
25400
25401
25403
25404
25408
25417
25428
25431
25435
25435
25437
25439
25439
25440
25441
25443
25446
25455
25459
25470
25473
25475
25481
25486
25487
25488
25492
25497
25512
25517
25519
25527
25530
25537
25537
25540
25541
25541
25542
25544
25546
25547
25553
25556
25560
25564
25568
25571
25573
25579
25580
25586
25592
25592
25595
25600
25603
25607
25613
25616
25617
25619
25620
25621
25623
25626
25627
25628
25632
25632
25635
25638
25639
25639
25640
25641
25650
25651
25652
25660
25661
25663
25663
25664
25666
25669
25677
25678
25683
25686
25688
25696
25708
25710
25711
25717
25718
25724
25727
25727
25728
25734
25736
25736
25737
25753
25755
25757
25762
25766
25768
25771
25773
25774
25778
25780
25794
25795
25809
25813
25813
25814
25839
25852
25855
25861
25869
25872
25875
25883
25890
25890
25893
25894
25901
25901
25903
25907
25914
25915
25920
25926
25932
25934
25957
25960
25966
25967
25968
25975
25976
25986
25987
25987
25992
25995
25998
26001
26002
26003
26009
26014
26019
26025
26026
26028
26030
26033
26033
26038
26042
26043
26048
26052
26053
26059
26064
26069
26070
26073
26073
26079
26081
26081
26085
26093
26098
26100
26101
26102
26103
26104
26109
26111
26117
26131
26131
26134
26134
26135
26138
26140
26142
26153
26156
26160
26160
26163
26167
26169
26175
26176
26177
26178
26180
26181
26181
26184
26185
26186
26188
26189
26190
26192
26199
26201
26203
26204
26207
26210
26211
26214
26217
26217
26217
26220
26221
26224
26224
26230
26231
26232
26236
26244
26245
26259
26260
26260
26261
26267
26268
26269
26270
26271
26273
26277
26285
26286
26287
26289
26294
26295
26296
26298
26302
26304
26304
26306
26316
26320
26326
26333
26333
26337
26338
26347
26352
26353
26356
26369
26369
26370
26370
26373
26376
26379
26380
26382
26389
26393
26400
26400
26402
26407
26409
26411
26417
26422
26424
26424
26425
26428
26433
26438
26438
26441
26443
26449
26458
26459
26461
26462
26462
26464
26466
26471
26473
26476
26483
26484
26486
26488
26494
26495
26496
26501
26504
26508
26512
26513
26513
26516
26529
26537
26539
26542
26545
26554
26560
26568
26576
26584
26588
26591
26594
26595
26599
26599
26600
26604
26604
26611
26611
26611
26612
26613
26613
26626
26636
26640
26641
26642
26645
26656
26664
26668
26668
26671
26676
26679
26680
26684
26684
26690
26694
26696
26698
26702
26704
26708
26708
26728
26731
26736
26736
26736
26742
26747
26749
26756
26760
26763
26764
26767
26768
26784
26784
26788
26790
26791
26793
26794
26794
26795
26797
26803
26814
26816
26817
26825
26828
26833
26835
26837
26838
26847
26849
26855
26857
26859
26864
26865
26877
26884
26889
26891
26894
26894
26896
26896
26899
26899
26909
26911
26913
26926
26934
26935
26948
26949
26951
26968
26969
26971
26971
26973
26974
26987
26989
26992
26995
26996
27002
27004
27005
27007
27008
27011
27013
27013
27014
27016
27024
27029
27033
27034
27035
27041
27052
27053
27057
27058
27060
27062
27064
27064
27067
27070
27073
27076
27080
27082
27085
27087
27092
27092
27093
27093
27110
27110
27132
27132
27133
27141
27142
27142
27142
27143
27144
27146
27147
27157
27157
27158
27166
27168
27169
27170
27170
27174
27182
27193
27199
27206
27213
27215
27216
27218
27219
27220
27223
27223
27224
27228
27228
27230
27231
27240
27243
27247
27247
27254
27258
27259
27265
27266
27292
27300
27304
27308
27309
27313
27314
27318
27320
27321
27322
27328
27330
27331
27332
27338
27340
27348
27349
27350
27360
27382
27389
27408
27410
27412
27415
27419
27421
27422
27423
27426
27428
27428
27434
27435
27438
27441
27444
27446
27446
27453
27455
27457
27460
27463
27474
27475
27475
27482
27488
27491
27492
27494
27497
27504
27507
27511
27511
27512
27516
27534
27540
27554
27554
27556
27557
27558
27558
27559
27564
27564
27572
27578
27585
27586
27586
27589
27594
27594
27598
27598
27599
27601
27602
27605
27608
27614
27615
27621
27621
27622
27628
27630
27640
27641
27642
27643
27645
27654
27654
27661
27661
27665
27669
27671
27674
27680
27682
27684
27684
27688
27693
27703
27709
27710
27715
27716
27719
27722
27723
27732
27738
27738
27742
27748
27755
27755
27757
27760
27761
27763
27764
27769
27773
27773
27775
27775
27776
27780
27783
27784
27788
27788
27790
27791
27797
27802
27803
27804
27805
27812
27813
27814
27814
27814
27816
27818
27820
27825
27829
27829
27832
27841
27842
27843
27844
27845
27846
27852
27852
27854
27854
27855
27856
27857
27857
27857
27867
27870
27870
27879
27880
27881
27883
27883
27889
27891
27891
27892
27898
27899
27910
27914
27918
27922
27922
27925
27926
27931
27934
27939
27939
27939
27940
27940
27941
27942
27945
27950
27952
27963
27965
27966
27968
27973
27979
27984
27985
27990
27996
27999
28003
28004
28010
28015
28019
28028
28033
28035
28037
28038
28039
28044
28052
28053
28057
28058
28058
28060
28061
28063
28064
28066
28067
28068
28070
28071
28074
28076
28086
28088
28094
28096
28097
28110
28117
28119
28120
28123
28123
28126
28128
28131
28138
28142
28145
28146
28147
28148
28152
28160
28163
28167
28168
28177
28182
28183
28184
28185
28190
28196
28201
28206
28207
28208
28213
28215
28215
28217
28219
28224
28226
28229
28230
28231
28234
28234
28244
28250
28250
28256
28262
28262
28266
28276
28278
28280
28285
28293
28294
28297
28301
28303
28309
28310
28313
28317
28321
28321
28327
28330
28332
28335
28337
28340
28343
28352
28352
28353
28357
28358
28370
28370
28371
28375
28379
28385
28386
28387
28394
28396
28396
28402
28406
28408
28413
28422
28426
28426
28429
28431
28431
28439
28454
28458
28459
28462
28464
28467
28467
28472
28472
28475
28475
28476
28477
28483
28484
28485
28488
28489
28491
28492
28523
28523
28526
28527
28529
28538
28540
28542
28545
28547
28549
28555
28560
28572
28574
28577
28579
28581
28581
28584
28585
28587
28589
28592
28594
28594
28607
28612
28623
28624
28624
28633
28638
28642
28642
28643
28645
28671
28673
28673
28674
28677
28678
28682
28682
28683
28685
28687
28690
28691
28693
28697
28704
28706
28706
28710
28710
28723
28723
28723
28725
28725
28729
28729
28738
28738
28749
28749
28753
28755
28759
28762
28767
28773
28777
28782
28782
28785
28790
28797
28801
28801
28803
28804
28807
28807
28808
28808
28811
28817
28817
28832
28835
28836
28836
28840
28848
28849
28852
28853
28860
28863
28866
28886
28888
28888
28892
28895
28896
28922
28923
28925
28929
28931
28934
28934
28934
28936
28943
28946
28948
28949
28951
28951
28952
28956
28957
28961
28961
28963
28966
28973
28975
28978
28980
28980
28983
28984
28987
28990
28991
28991
28992
28995
28996
28998
28999
29002
29009
29010
29012
29018
29020
29022
29024
29027
29029
29030
29034
29040
29045
29051
29051
29052
29053
29056
29061
29063
29065
29067
29067
29073
29074
29077
29077
29084
29084
29089
29091
29092
29093
29095
29098
29100
29103
29109
29110
29114
29116
29125
29128
29129
29133
29133
29139
29142
29144
29145
29145
29147
29147
29151
29154
29154
29155
29160
29160
29174
29176
29180
29185
29185
29187
29187
29198
29199
29199
29204
29205
29214
29219
29230
29231
29232
29232
29235
29239
29241
29246
29247
29247
29251
29254
29262
29263
29264
29267
29269
29272
29275
29281
29283
29286
29286
29288
29297
29298
29303
29305
29305
29308
29308
29311
29312
29315
29321
29334
29338
29345
29347
29348
29352
29353
29363
29366
29370
29372
29375
29379
29382
29386
29389
29390
29390
29392
29393
29396
29398
29403
29412
29414
29414
29414
29418
29422
29427
29431
29432
29432
29433
29434
29439
29440
29440
29440
29451
29454
29456
29458
29459
29462
29465
29467
29477
29477
29478
29478
29483
29485
29487
29487
29497
29499
29505
29505
29506
29506
29509
29514
29517
29520
29521
29522
29523
29525
29528
29532
29536
29536
29540
29542
29542
29551
29554
29562
29565
29566
29566
29566
29569
29570
29574
29576
29577
29577
29579
29582
29584
29586
29586
29590
29596
29597
29597
29597
29602
29604
29610
29614
29615
29617
29618
29619
29633
29634
29635
29641
29641
29645
29646
29646
29649
29655
29655
29657
29659
29663
29667
29667
29672
29679
29680
29686
29688
29688
29690
29707
29712
29712
29713
29713
29715
29717
29718
29720
29726
29728
29732
29734
29737
29755
29758
29761
29764
29774
29777
29777
29783
29789
29791
29799
29800
29800
29802
29804
29806
29806
29811
29812
29815
29816
29817
29817
29818
29819
29825
29827
29829
29830
29834
29838
29839
29841
29842
29844
29852
29853
29861
29862
29865
29867
29869
29870
29873
29873
29877
29884
29885
29889
29902
29906
29910
29913
29916
29918
29924
29925
29936
29936
29939
29945
29952
29957
29964
29970
29979
29985
29986
29986
29988
29988
29992
29994
29994
29994
30002
30007
30007
30010
30014
30019
30020
30023
30025
30029
30032
30033
30035
30042
30043
30044
30046
30049
30051
30051
30053
30054
30061
30066
30068
30068
30071
30074
30075
30075
30077
30078
30079
30080
30082
30090
30091
30091
30093
30093
30100
30101
30104
30106
30114
30115
30120
30123
30125
30125
30128
30130
30130
30132
30135
30142
30142
30144
30148
30150
30154
30156
30161
30162
30164
30169
30170
30170
30176
30181
30183
30184
30187
30188
30200
30200
30204
30205
30210
30211
30228
30231
30234
30235
30239
30245
30245
30248
30253
30260
30267
30271
30272
30275
30276
30284
30285
30285
30286
30303
30311
30312
30312
30317
30317
30320
30322
30327
30334
30340
30342
30346
30346
30347
30351
30355
30363
30368
30377
30380
30382
30382
30383
30385
30402
30407
30414
30417
30421
30421
30422
30426
30427
30439
30439
30442
30443
30447
30448
30467
30472
30483
30487
30496
30496
30505
30505
30506
30510
30513
30522
30522
30523
30526
30526
30529
30529
30530
30531
30536
30544
30545
30557
30557
30566
30570
30576
30593
30597
30602
30604
30609
30615
30616
30621
30626
30628
30629
30637
30639
30641
30644
30649
30650
30654
30654
30656
30656
30662
30663
30664
30664
30668
30671
30674
30675
30679
30681
30683
30687
30689
30689
30689
30691
30696
30696
30697
30699
30706
30708
30709
30711
30712
30715
30716
30717
30720
30721
30727
30738
30741
30748
30750
30751
30762
30762
30763
30769
30775
30777
30781
30785
30788
30793
30794
30798
30806
30809
30809
30812
30813
30814
30814
30817
30820
30822
30823
30824
30826
30827
30831
30834
30836
30845
30854
30859
30862
30863
30864
30864
30867
30869
30870
30881
30887
30889
30893
30896
30897
30908
30916
30924
30925
30931
30937
30939
30942
30947
30950
30956
30957
30964
30964
30965
30966
30967
30977
30982
30983
30983
30987
30990
30995
31001
31002
31003
31004
31006
31011
31012
31014
31019
31019
31023
31037
31039
31042
31043
31045
31046
31047
31048
31048
31051
31057
31057
31059
31061
31064
31067
31070
31071
31073
31076
31079
31080
31090
31090
31092
31093
31097
31098
31099
31101
31106
31112
31115
31116
31121
31122
31127
31138
31139
31141
31142
31145
31147
31153
31155
31156
31157
31158
31164
31173
31183
31188
31190
31195
31195
31203
31220
31228
31234
31235
31236
31237
31237
31238
31241
31245
31246
31248
31252
31254
31256
31257
31261
31264
31272
31272
31274
31295
31300
31301
31312
31317
31319
31322
31329
31332
31333
31337
31337
31338
31340
31340
31343
31346
31349
31349
31351
31353
31357
31357
31359
31362
31364
31365
31373
31376
31383
31387
31388
31388
31389
31396
31396
31400
31406
31406
31410
31411
31417
31427
31429
31431
31439
31442
31446
31453
31460
31470
31471
31471
31472
31485
31488
31490
31492
31493
31494
31497
31497
31499
31500
31504
31506
31507
31508
31508
31514
31514
31515
31517
31519
31519
31519
31522
31525
31529
31534
31536
31538
31545
31548
31552
31567
31569
31570
31575
31576
31587
31600
31600
31600
31608
31613
31613
31617
31622
31631
31632
31633
31635
31643
31645
31645
31647
31658
31663
31665
31666
31673
31678
31683
31691
31692
31693
31698
31699
31700
31703
31706
31711
31714
31719
31722
31726
31728
31732
31738
31740
31742
31773
31777
31780
31782
31784
31784
31786
31787
31790
31794
31797
31800
31800
31804
31807
31808
31810
31813
31814
31817
31823
31826
31828
31835
31836
31844
31845
31852
31853
31853
31855
31861
31866
31870
31892
31899
31899
31911
31913
31913
31913
31915
31916
31919
31932
31935
31939
31943
31944
31948
31950
31954
31955
31957
31957
31957
31968
31970
31971
31974
31975
31980
31980
31984
31987
31987
31991
31992
32000
32005
32006
32018
32023
32023
32024
32025
32027
32029
32035
32036
32038
32043
32047
32048
32049
32049
32050
32051
32053
32054
32054
32056
32059
32062
32066
32071
32073
32074
32079
32097
32097
32100
32106
32114
32116
32121
32125
32125
32129
32129
32141
32147
32149
32151
32153
32165
32167
32176
32187
32189
32191
32198
32199
32204
32205
32205
32207
32223
32223
32224
32224
32231
32241
32244
32245
32245
32248
32248
32253
32253
32259
32271
32274
32281
32283
32289
32293
32295
32298
32301
32302
32303
32305
32306
32308
32310
32315
32315
32316
32316
32320
32325
32326
32327
32328
32340
32342
32344
32347
32347
32353
32355
32362
32380
32386
32396
32396
32397
32399
32402
32406
32408
32413
32414
32417
32419
32428
32429
32436
32439
32443
32450
32450
32456
32461
32464
32465
32468
32474
32474
32477
32481
32484
32486
32487
32487
32489
32494
32494
32495
32499
32506
32508
32509
32510
32514
32517
32520
32521
32521
32522
32522
32523
32524
32524
32532
32535
32539
32540
32543
32545
32546
32549
32550
32551
32552
32553
32558
32563
32564
32565
32566
32570
32577
32581
32584
32586
32592
32597
32607
32607
32614
32618
32621
32622
32630
32631
32634
32640
32646
32646
32649
32652
32657
32657
32658
32661
32675
32675
32676
32676
32680
32688
32690
32690
32692
32695
32698
32698
32698
32700
32705
32707
32708
32711
32715
32719
32720
32721
32722
32722
32723
32725
32730
32732
32732
32735
32737
32741
32750
32751
32751
32754
32757
32762
32764
