2
9
21
26
32
33
40
41
41
42
48
50
51
57
59
63
64
66
69
70
70
82
82
84
87
88
91
98
98
98
106
107
107
110
110
115
121
122
126
128
134
137
161
169
171
171
174
177
177
179
183
189
192
195
200
206
206
215
217
220
231
231
232
232
237
244
245
250
257
264
269
270
275
280
285
287
289
290
293
295
297
303
303
305
307
313
316
324
328
330
337
340
342
342
345
345
345
346
349
353
354
356
361
362
362
362
368
369
369
369
372
380
382
384
387
392
400
403
403
406
408
410
410
410
413
414
414
416
420
422
422
424
429
430
431
435
439
439
444
446
448
448
451
453
460
462
466
483
492
492
497
510
514
518
521
533
537
539
547
548
553
555
568
568
581
584
601
606
610
610
613
613
614
622
625
627
629
629
631
637
638
638
639
640
650
657
659
681
683
684
686
694
695
698
698
700
701
701
702
703
706
710
711
720
720
722
724
742
749
752
753
764
764
769
769
777
781
782
786
786
788
790
795
796
798
799
799
803
806
810
815
819
824
825
825
826
826
827
829
833
836
849
850
854
855
857
857
860
862
862
863
866
867
871
871
875
876
878
878
882
882
885
889
891
894
896
897
901
905
906
913
918
923
937
938
938
938
939
953
954
962
964
967
967
969
978
985
989
991
998
1008
1008
1013
1013
1017
1019
1020
1023
1028
1030
1030
1031
1038
1040
1041
1048
1048
1049
1055
1055
1058
1064
1065
1072
1079
1082
1082
1085
1087
1089
1090
1094
1097
1111
1113
1115
1116
1118
1126
1130
1132
1132
1132
1135
1138
1139
1153
1154
1155
1158
1159
1162
1165
1166
1167
1174
1186
1190
1197
1197
1197
1200
1203
1206
1213
1229
1233
1242
1242
1251
1257
1261
1264
1264
1275
1276
1278
1278
1278
1288
1291
1293
1294
1297
1297
1298
1302
1302
1309
1310
1318
1319
1322
1322
1325
1347
1357
1358
1360
1366
1373
1376
1378
1381
1381
1389
1389
1390
1390
1392
1392
1401
1409
1410
1412
1413
1418
1419
1423
1426
1429
1431
1432
1433
1440
1444
1444
1446
1448
1448
1449
1452
1452
1454
1454
1459
1460
1460
1468
1471
1473
1498
1504
1508
1509
1509
1515
1521
1523
1527
1527
1531
1539
1540
1540
1543
1558
1558
1560
1560
1562
1569
1570
1571
1579
1580
1581
1587
1588
1592
1593
1594
1598
1605
1607
1607
1609
1615
1622
1624
1625
1631
1638
1640
1646
1650
1650
1654
1664
1668
1674
1677
1678
1680
1680
1680
1681
1688
1688
1690
1700
1705
1707
1712
1721
1723
1727
1728
1733
1737
1749
1750
1751
1751
1751
1754
1756
1757
1763
1765
1770
1774
1778
1782
1786
1787
1789
1798
1800
1800
1802
1802
1802
1804
1808
1810
1811
1817
1820
1826
1829
1833
1833
1834
1838
1839
1843
1846
1846
1847
1849
1851
1856
1858
1858
1861
1863
1868
1874
1877
1879
1881
1883
1884
1886
1887
1897
1907
1908
1910
1913
1914
1917
1917
1919
1920
1922
1924
1925
1926
1927
1933
1935
1936
1936
1945
1945
1947
1948
1948
1950
1954
1958
1962
1963
1963
1964
1964
1980
1987
1988
1989
1997
2002
2007
2007
2010
2011
2015
2015
2023
2024
2029
2031
2041
2046
2047
2053
2057
2075
2075
2076
2078
2078
2080
2087
2090
2099
2110
2110
2113
2123
2124
2125
2128
2132
2133
2139
2141
2142
2155
2158
2168
2172
2172
2173
2174
2190
2192
2192
2195
2199
2201
2201
2202
2207
2215
2220
2227
2228
2231
2234
2234
2243
2243
2247
2250
2250
2250
2258
2259
2263
2270
2273
2275
2276
2278
2278
2282
2286
2288
2288
2289
2291
2291
2305
2308
2308
2309
2317
2321
2333
2338
2338
2340
2343
2345
2346
2351
2354
2355
2355
2357
2365
2368
2375
2378
2380
2381
2383
2386
2391
2393
2395
2397
2398
2400
2401
2403
2404
2415
2420
2424
2427
2428
2435
2435
2436
2438
2445
2451
2452
2456
2458
2461
2461
2474
2475
2479
2480
2480
2481
2483
2491
2494
2501
2506
2507
2508
2509
2513
2527
2528
2537
2548
2551
2568
2570
2572
2573
2573
2574
2579
2582
2584
2585
2586
2586
2587
2590
2591
2592
2595
2596
2598
2599
2601
2608
2611
2611
2620
2623
2623
2630
2633
2638
2643
2643
2644
2647
2651
2652
2653
2655
2657
2660
2671
2672
2672
2674
2677
2681
2682
2693
2695
2711
2711
2712
2715
2718
2719
2720
2729
2730
2730
2736
2745
2746
2747
2758
2762
2765
2767
2771
2771
2772
2773
2773
2776
2778
2781
2781
2786
2800
2805
2807
2808
2810
2815
2816
2819
2822
2826
2828
2830
2830
2831
2832
2836
2840
2845
2847
2848
2848
2855
2873
2882
2882
2886
2889
2900
2904
2912
2912
2916
2919
2924
2925
2926
2926
2931
2936
2941
2948
2949
2950
2954
2956
2958
2960
2962
2968
2969
2978
2984
2991
2996
3001
3003
3003
3004
3006
3012
3013
3013
3014
3017
3039
3040
3043
3055
3058
3059
3059
3074
3079
3082
3087
3091
3096
3096
3099
3100
3101
3105
3105
3109
3113
3115
3116
3117
3118
3119
3120
3127
3127
3128
3131
3135
3136
3138
3139
3142
3144
3147
3149
3150
3150
3151
3152
3154
3156
3156
3156
3158
3159
3160
3162
3166
3172
3180
3186
3188
3192
3194
3194
3196
3198
3199
3201
3202
3210
3215
3216
3219
3223
3227
3230
3236
3237
3240
3249
3258
3258
3261
3261
3261
3269
3269
3271
3273
3274
3275
3278
3280
3283
3289
3289
3310
3312
3314
3318
3319
3327
3327
3332
3332
3347
3348
3349
3352
3358
3360
3370
3371
3376
3384
3386
3386
3390
3394
3402
3403
3408
3409
3411
3427
3428
3430
3430
3432
3433
3441
3443
3447
3450
3450
3450
3459
3472
3476
3477
3477
3479
3481
3481
3484
3486
3487
3488
3489
3497
3498
3505
3506
3507
3507
3509
3518
3521
3524
3525
3534
3534
3534
3536
3540
3542
3556
3556
3567
3569
3573
3578
3583
3587
3587
3599
3610
3613
3618
3621
3627
3631
3634
3635
3641
3642
3645
3647
3647
3648
3653
3657
3660
3664
3666
3670
3673
3673
3675
3678
3680
3681
3682
3686
3689
3695
3697
3704
3704
3710
3710
3711
3714
3718
3720
3728
3728
3730
3734
3735
3744
3749
3749
3753
3754
3755
3756
3756
3758
3759
3770
3771
3774
3774
3775
3785
3788
3792
3801
3806
3813
3814
3821
3827
3838
3838
3842
3848
3848
3849
3850
3851
3852
3857
3869
3869
3872
3877
3886
3888
3894
3897
3899
3901
3902
3909
3913
3915
3916
3917
3923
3923
3924
3924
3925
3927
3935
3936
3943
3944
3951
3953
3954
3961
3961
3963
3964
3972
3973
3973
3974
3982
3984
3986
4003
4011
4014
4015
4020
4021
4023
4026
4027
4031
4036
4037
4038
4044
4051
4052
4054
4060
4060
4065
4069
4072
4075
4076
4078
4082
4086
4103
4106
4106
4107
4108
4113
4125
4129
4132
4139
4146
4152
4153
4153
4156
4167
4169
4170
4172
4177
4178
4179
4180
4184
4185
4186
4189
4191
4191
4193
4194
4196
4202
4203
4203
4205
4208
4211
4215
4215
4218
4218
4220
4221
4225
4228
4230
4230
4231
4232
4232
4238
4241
4242
4244
4250
4252
4254
4255
4256
4256
4260
4260
4263
4264
4274
4274
4275
4276
4283
4284
4286
4286
4292
4297
4312
4314
4315
4319
4320
4321
4321
4326
4330
4332
4333
4337
4337
4342
4345
4346
4348
4348
4351
4357
4358
4374
4375
4376
4377
4380
4383
4384
4388
4389
4390
4390
4392
4397
4398
4403
4404
4409
4424
4425
4427
4433
4433
4434
4434
4440
4443
4443
4443
4445
4445
4446
4449
4450
4453
4455
4469
4474
4478
4482
4485
4490
4497
4497
4499
4500
4506
4507
4517
4521
4530
4531
4534
4535
4540
4541
4543
4544
4546
4549
4556
4566
4569
4573
4583
4585
4586
4586
4588
4594
4595
4602
4604
4604
4604
4608
4614
4614
4618
4623
4626
4636
4636
4638
4646
4646
4649
4650
4651
4653
4661
4663
4664
4666
4668
4669
4670
4670
4672
4673
4673
4674
4680
4682
4686
4686
4687
4687
4694
4695
4699
4706
4710
4710
4712
4714
4721
4723
4723
4727
4728
4729
4731
4735
4743
4745
4746
4752
4753
4753
4755
4761
4775
4777
4781
4786
4788
4789
4789
4792
4793
4794
4795
4795
4796
4796
4799
4801
4803
4803
4805
4810
4810
4811
4815
4817
4820
4821
4825
4825
4826
4829
4839
4843
4854
4860
4861
4873
4873
4875
4875
4878
4879
4883
4886
4886
4898
4899
4899
4902
4904
4909
4910
4911
4912
4920
4920
4921
4922
4927
4932
4934
4939
4942
4942
4944
4958
4959
4963
4969
4972
4972
4978
4980
4981
4985
4987
4995
5002
5011
5015
5020
5024
5026
5028
5028
5032
5039
5040
5040
5046
5050
5052
5052
5056
5056
5056
5058
5064
5066
5071
5072
5072
5076
5077
5080
5087
5091
5092
5094
5095
5095
5097
5106
5110
5116
5117
5120
5130
5131
5142
5145
5146
5154
5156
5160
5160
5160
5163
5166
5177
5179
5179
5182
5183
5183
5185
5187
5189
5193
5197
5197
5199
5204
5206
5207
5209
5210
5214
5217
5217
5221
5224
5230
5230
5236
5240
5244
5245
5246
5249
5260
5263
5264
5268
5268
5269
5272
5276
5282
5283
5289
5296
5297
5297
5300
5306
5307
5308
5315
5315
5321
5324
5327
5330
5331
5331
5333
5334
5336
5337
5340
5342
5345
5350
5354
5354
5358
5362
5367
5373
5377
5377
5380
5382
5384
5386
5387
5389
5390
5391
5396
5404
5405
5405
5416
5417
5417
5423
5423
5425
5427
5431
5434
5435
5447
5454
5457
5458
5460
5464
5466
5475
5479
5479
5482
5487
5487
5489
5491
5492
5498
5500
5500
5503
5506
5507
5508
5508
5509
5523
5530
5538
5540
5541
5542
5551
5563
5566
5567
5569
5576
5579
5581
5592
5593
5594
5595
5597
5604
5607
5610
5611
5619
5621
5622
5623
5637
5638
5639
5642
5652
5663
5665
5665
5671
5671
5673
5675
5678
5684
5685
5686
5688
5695
5696
5704
5707
5709
5732
5733
5740
5751
5753
5756
5769
5773
5777
5778
5783
5786
5786
5788
5791
5793
5794
5794
5795
5796
5797
5800
5801
5808
5812
5821
5823
5825
5832
5832
5833
5836
5837
5844
5857
5860
5863
5864
5866
5873
5874
5881
5882
5889
5890
5891
5893
5893
5899
5899
5900
5900
5908
5908
5909
5912
5914
5915
5919
5920
5921
5924
5925
5928
5933
5934
5936
5936
5944
5948
5953
5958
5965
5966
5969
5979
5987
5993
5996
5999
5999
6000
6003
6004
6006
6007
6009
6015
6021
6023
6025
6030
6032
6033
6040
6042
6046
6046
6059
6060
6061
6066
6066
6068
6068
6076
6096
6100
6101
6101
6103
6105
6107
6108
6109
6112
6115
6117
6118
6118
6120
6129
6129
6134
6137
6138
6138
6138
6144
6145
6158
6161
6162
6162
6167
6175
6176
6176
6179
6184
6189
6191
6194
6195
6196
6196
6198
6200
6205
6205
6206
6207
6208
6209
6209
6213
6216
6223
6228
6235
6239
6243
6247
6250
6250
6251
6259
6263
6263
6265
6280
6286
6287
6289
6290
6291
6292
6292
6294
6294
6295
6296
6299
6299
6301
6305
6306
6306
6306
6309
6310
6311
6313
6316
6318
6329
6330
6330
6330
6331
6334
6334
6340
6362
6366
6369
6373
6376
6380
6381
6381
6384
6386
6386
6390
6396
6397
6398
6400
6400
6402
6403
6404
6404
6424
6427
6428
6430
6431
6434
6439
6439
6440
6442
6447
6448
6450
6451
6468
6471
6487
6488
6489
6493
6493
6493
6495
6496
6496
6497
6498
6499
6504
6507
6510
6510
6520
6522
6524
6525
6536
6537
6537
6543
6543
6545
6547
6547
6551
6560
6561
6569
6570
6577
6583
6587
6587
6588
6592
6594
6595
6596
6602
6606
6609
6609
6610
6619
6621
6630
6630
6635
6640
6654
6667
6673
6675
6683
6684
6689
6689
6689
6689
6694
6695
6698
6703
6707
6710
6712
6720
6725
6736
6746
6747
6747
6757
6761
6765
6767
6770
6782
6790
6792
6793
6796
6802
6807
6807
6808
6810
6818
6824
6825
6828
6828
6833
6834
6836
6838
6840
6843
6844
6847
6849
6852
6853
6854
6861
6862
6869
6873
6874
6876
6884
6885
6885
6892
6894
6898
6899
6899
6905
6906
6906
6910
6911
6913
6914
6923
6924
6925
6927
6930
6931
6935
6936
6941
6941
6943
6947
6947
6953
6953
6955
6956
6958
6961
6962
6978
6979
6985
6985
6988
6988
6989
6989
6992
7005
7006
7012
7014
7018
7018
7019
7022
7023
7024
7029
7033
7035
7043
7043
7045
7046
7053
7054
7056
7062
7068
7068
7070
7076
7079
7089
7093
7097
7098
7100
7104
7104
7106
7107
7108
7111
7115
7118
7119
7125
7126
7133
7134
7139
7140
7144
7144
7146
7147
7148
7152
7153
7157
7158
7159
7163
7164
7165
7169
7170
7174
7175
7176
7181
7185
7187
7188
7188
7192
7194
7195
7210
7213
7214
7214
7216
7216
7217
7220
7221
7226
7228
7228
7239
7239
7239
7243
7248
7249
7252
7254
7254
7264
7266
7269
7271
7273
7276
7280
7283
7284
7289
7291
7298
7298
7300
7300
7303
7304
7320
7322
7327
7331
7334
7346
7347
7350
7355
7358
7358
7362
7365
7374
7389
7391
7393
7395
7400
7401
7404
7418
7419
7424
7426
7430
7435
7436
7437
7439
7441
7442
7444
7451
7460
7460
7461
7464
7465
7466
7468
7468
7469
7472
7477
7478
7483
7492
7503
7503
7505
7509
7510
7511
7513
7516
7526
7529
7530
7530
7534
7541
7551
7551
7553
7554
7564
7566
7568
7571
7571
7578
7580
7589
7589
7589
7595
7599
7601
7604
7606
7606
7607
7621
7621
7624
7624
7625
7626
7628
7629
7631
7640
7649
7653
7653
7660
7661
7667
7676
7681
7689
7704
7708
7719
7720
7721
7728
7730
7731
7735
7740
7742
7742
7748
7750
7757
7760
7761
7771
7771
7771
7774
7777
7781
7785
7789
7791
7794
7795
7800
7801
7804
7804
7805
7807
7809
7810
7810
7822
7828
7830
7831
7834
7835
7835
7838
7841
7845
7847
7854
7855
7858
7865
7866
7867
7867
7870
7876
7877
7879
7888
7892
7898
7906
7911
7915
7915
7919
7919
7920
7923
7927
7928
7937
7940
7949
7950
7958
7962
7962
7962
7965
7977
7978
7979
7981
7985
7990
7994
7995
7996
7998
8003
8008
8010
8010
8010
8011
8014
8015
8022
8024
8024
8024
8026
8029
8029
8030
8036
8039
8042
8046
8053
8055
8057
8065
8065
8072
8075
8076
8080
8085
8087
8093
8096
8100
8101
8105
8106
8107
8110
8110
8113
8114
8114
8119
8123
8124
8125
8126
8132
8142
8143
8143
8144
8146
8152
8157
8157
8158
8164
8167
8182
8183
8191
8192
8193
8194
8197
8199
8200
8204
8205
8212
8214
8216
8218
8219
8220
8222
8222
8224
8226
8228
8231
8235
8235
8238
8243
8245
8247
8249
8259
8259
8266
8270
8272
8275
8279
8281
8281
8282
8282
8288
8290
8301
8303
8304
8313
8324
8330
8331
8331
8335
8336
8339
8349
8350
8351
8360
8365
8367
8370
8378
8380
8387
8387
8389
8389
8395
8395
8397
8403
8403
8404
8405
8407
8412
8414
8414
8418
8422
8422
8431
8431
8431
8432
8437
8440
8441
8441
8443
8448
8452
8457
8464
8465
8470
8473
8474
8488
8489
8489
8500
8501
8503
8503
8507
8509
8509
8515
8516
8517
8518
8519
8523
8534
8534
8541
8544
8545
8546
8550
8552
8557
8559
8559
8564
8564
8564
8566
8567
8573
8578
8589
8596
8597
8598
8600
8606
8608
8609
8615
8615
8617
8621
8623
8627
8632
8635
8639
8639
8639
8643
8643
8644
8647
8649
8649
8658
8665
8666
8668
8668
8672
8681
8681
8682
8683
8684
8687
8688
8693
8695
8695
8701
8704
8709
8709
8718
8719
8719
8722
8725
8726
8726
8733
8739
8744
8753
8758
8761
8761
8761
8762
8763
8763
8764
8767
8767
8770
8772
8779
8779
8786
8790
8791
8793
8795
8795
8796
8796
8806
8812
8822
8823
8823
8831
8831
8837
8846
8853
8860
8861
8865
8866
8872
8872
8875
8876
8878
8880
8888
8892
8896
8898
8899
8900
8902
8903
8905
8911
8917
8918
8921
8923
8923
8925
8925
8928
8929
8933
8936
8938
8940
8945
8946
8961
8967
8968
8972
8978
8980
8980
8985
8993
8994
8997
8998
8998
8998
8999
9006
9007
9007
9008
9009
9010
9011
9011
9012
9018
9018
9019
9019
9019
9021
9023
9025
9026
9029
9031
9033
9036
9036
9039
9040
9047
9050
9052
9053
9057
9060
9069
9072
9072
9075
9077
9081
9082
9084
9084
9086
9086
9095
9097
9098
9101
9107
9107
9109
9109
9121
9123
9126
9126
9132
9133
9138
9140
9141
9145
9145
9158
9163
9163
9165
9174
9182
9185
9192
9192
9197
9207
9210
9214
9216
9217
9222
9222
9227
9229
9229
9231
9232
9233
9236
9237
9238
9240
9241
9253
9253
9257
9262
9263
9264
9267
9273
9275
9276
9278
9282
9283
9285
9289
9290
9294
9298
9300
9302
9303
9306
9313
9314
9317
9318
9325
9330
9333
9334
9334
9335
9338
9343
9344
9346
9347
9347
9347
9349
9350
9350
9359
9361
9361
9372
9373
9377
9379
9388
9388
9389
9389
9396
9401
9409
9414
9417
9420
9424
9425
9429
9435
9437
9438
9442
9448
9448
9452
9454
9455
9455
9456
9456
9461
9467
9481
9489
9489
9494
9501
9502
9503
9504
9505
9506
9508
9512
9516
9523
9524
9524
9525
9533
9535
9537
9539
9546
9551
9552
9554
9555
9556
9557
9558
9572
9573
9575
9576
9581
9583
9583
9584
9585
9589
9590
9591
9591
9594
9597
9601
9604
9604
9607
9610
9611
9612
9620
9620
9623
9623
9625
9632
9632
9632
9635
9635
9636
9642
9644
9644
9644
9645
9649
9654
9659
9659
9662
9664
9667
9677
9682
9684
9688
9698
9704
9707
9707
9709
9714
9714
9724
9724
9728
9730
9733
9735
9736
9740
9740
9741
9744
9749
9757
9758
9759
9759
9765
9769
9770
9771
9772
9773
9774
9779
9781
9788
9790
9791
9791
9794
9795
9801
9804
9805
9810
9812
9815
9831
9831
9832
9834
9839
9840
9841
9841
9844
9845
9849
9853
9857
9859
9860
9861
9862
9862
9862
9863
9872
9872
9874
9878
9879
9879
9882
9883
9890
9893
9904
9905
9912
9913
9913
9916
9931
9937
9938
9939
9950
9953
9955
9956
9956
9958
9971
9971
9973
9976
9986
9987
9991
9993
9997
9997
10005
10014
10015
10016
10026
10026
10036
10040
10047
10060
10060
10065
10066
10069
10073
10073
10081
10082
10085
10085
10095
10097
10099
10102
10117
10120
10123
10129
10140
10149
10154
10168
10170
10170
10183
10185
10189
10190
10191
10198
10200
10202
10212
10213
10214
10217
10218
10223
10223
10224
10225
10233
10236
10243
10247
10248
10263
10264
10267
10272
10274
10278
10280
10280
10282
10290
10301
10302
10302
10318
10323
10323
10324
10326
10329
10331
10333
10335
10339
10343
10350
10355
10360
10366
10369
10372
10373
10378
10379
10386
10388
10390
10405
10408
10422
10422
10426
10427
10427
10429
10430
10430
10433
10435
10448
10458
10459
10461
10463
10463
10464
10466
10482
10487
10488
10492
10493
10501
10502
10504
10504
10506
10507
10512
10515
10515
10517
10517
10522
10528
10529
10530
10530
10531
10538
10538
10543
10549
10551
10553
10554
10556
10561
10563
10570
10572
10575
10586
10586
10591
10591
10593
10593
10594
10594
10596
10601
10602
10608
10609
10624
10625
10626
10627
10630
10630
10632
10640
10642
10646
10647
10651
10654
10655
10656
10660
10665
10665
10671
10679
10682
10687
10694
10696
10700
10702
10706
10706
10711
10716
10718
10718
10727
10727
10728
10729
10732
10737
10740
10745
10755
10760
10760
10761
10768
10768
10771
10775
10777
10778
10781
10785
10786
10788
10789
10795
10797
10797
10798
10801
10805
10806
10806
10807
10811
10813
10821
10822
10823
10825
10840
10845
10846
10850
10853
10854
10865
10866
10868
10870
10870
10871
10871
10872
10875
10876
10877
10883
10885
10886
10888
10888
10892
10893
10894
10898
10899
10902
10903
10904
10913
10916
10921
10928
10930
10930
10933
10947
10949
10959
10960
10962
10963
10964
10964
10966
10968
10969
10969
10970
10974
10975
10978
10978
10979
10983
10985
10986
10988
11015
11019
11019
11021
11024
11026
11026
11034
11039
11042
11045
11049
11051
11052
11056
11061
11062
11063
11068
11071
11072
11073
11074
11076
11081
11082
11083
11083
11085
11091
11094
11094
11101
11105
11105
11113
11115
11118
11122
11122
11123
11123
11124
11130
11134
11138
11138
11144
11148
11152
11154
11165
11167
11167
11173
11176
11178
11181
11184
11189
11192
11198
11206
11206
11207
11208
11209
11212
11216
11221
11227
11228
11228
11231
11236
11238
11239
11240
11247
11250
11256
11259
11260
11261
11261
11261
11263
11264
11268
11270
11281
11281
11281
11283
11284
11286
11288
11289
11299
11307
11317
11318
11318
11322
11324
11325
11332
11338
11340
11343
11346
11347
11350
11351
11352
11353
11357
11362
11366
11376
11376
11376
11378
11379
11383
11384
11386
11388
11391
11391
11392
11398
11399
11399
11407
11421
11424
11426
11428
11428
11428
11433
11433
11437
11445
11446
11447
11449
11450
11460
11470
11473
11477
11478
11478
11482
11483
11483
11484
11485
11487
11494
11495
11495
11495
11501
11505
11506
11512
11513
11516
11516
11520
11521
11521
11523
11525
11527
11530
11530
11535
11548
11552
11559
11562
11577
11587
11606
11608
11625
11626
11628
11630
11630
11630
11631
11632
11637
11639
11645
11654
11656
11658
11660
11664
11668
11673
11679
11681
11682
11696
11699
11699
11702
11724
11728
11728
11734
11736
11739
11748
11751
11761
11765
11766
11770
11771
11773
11775
11782
11786
11789
11794
11795
11802
11806
11807
11812
11819
11822
11823
11826
11828
11832
11839
11850
11854
11857
11857
11860
11873
11874
11876
11876
11878
11887
11890
11893
11895
11896
11902
11909
11910
11912
11914
11914
11918
11929
11930
11933
11935
11940
11942
11952
11953
11954
11956
11956
11960
11966
11969
11976
11976
11987
11995
11998
12010
12016
12018
12019
12021
12028
12048
12052
12057
12059
12068
12072
12072
12074
12075
12078
12084
12089
12096
12108
12110
12114
12115
12121
12122
12123
12127
12129
12130
12131
12133
12143
12154
12155
12155
12157
12159
12159
12160
12164
12165
12166
12170
12172
12173
12177
12183
12187
12188
12189
12201
12202
12205
12209
12211
12212
12216
12216
12222
12230
12231
12233
12240
12256
12258
12260
12261
12263
12263
12265
12274
12276
12277
12280
12288
12297
12309
12315
12316
12319
12321
12321
12322
12323
12339
12343
12345
12348
12351
12352
12355
12358
12359
12368
12371
12371
12374
12378
12389
12389
12391
12393
12395
12397
12405
12407
12414
12418
12420
12425
12425
12428
12430
12434
12438
12446
12460
12463
12465
12467
12472
12474
12475
12477
12478
12479
12481
12481
12483
12487
12490
12491
12491
12497
12498
12501
12508
12513
12519
12523
12531
12533
12534
12537
12539
12541
12543
12546
12548
12553
12554
12562
12563
12565
12568
12569
12573
12574
12576
12578
12579
12582
12592
12597
12601
12601
12603
12603
12604
12607
12617
12619
12619
12622
12622
12625
12627
12628
12630
12631
12637
12641
12641
12641
12644
12645
12645
12646
12647
12651
12652
12654
12658
12661
12661
12662
12663
12664
12666
12675
12676
12676
12678
12679
12681
12681
12684
12692
12694
12696
12706
12712
12712
12713
12718
12726
12727
12727
12729
12732
12735
12736
12742
12745
12751
12762
12763
12769
12778
12778
12778
12782
12787
12788
12789
12789
12796
12802
12816
12820
12822
12828
12828
12834
12834
12835
12835
12850
12854
12858
12858
12859
12861
12862
12865
12866
12872
12875
12879
12881
12888
12895
12896
12902
12904
12906
12912
12913
12913
12918
12924
12926
12929
12933
12936
12937
12938
12949
12950
12955
12955
12956
12958
12962
12971
12974
12974
12976
12980
12980
12982
12994
12995
12997
13008
13014
13016
13018
13018
13018
13018
13020
13021
13024
13025
13030
13036
13039
13039
13043
13045
13055
13060
13072
13079
13080
13084
13087
13087
13091
13093
13094
13098
13098
13099
13104
13105
13107
13109
13113
13120
13121
13122
13125
13125
13131
13132
13133
13141
13145
13145
13146
13147
13150
13153
13161
13162
13163
13164
13166
13168
13173
13174
13176
13176
13180
13181
13185
13187
13194
13195
13197
13200
13202
13207
13208
13210
13210
13217
13218
13221
13231
13233
13234
13240
13246
13248
13250
13251
13263
13265
13270
13272
13275
13278
13278
13280
13293
13301
13311
13311
13317
13324
13331
13336
13339
13341
13344
13345
13352
13357
13358
13363
13367
13369
13383
13384
13390
13393
13394
13399
13400
13400
13408
13419
13421
13422
13431
13432
13434
13434
13438
13447
13447
13449
13451
13453
13454
13455
13457
13462
13462
13465
13467
13469
13471
13472
13473
13474
13478
13478
13480
13480
13482
13494
13494
13495
13496
13498
13498
13499
13504
13511
13514
13515
13516
13520
13530
13530
13531
13531
13532
13535
13536
13543
13554
13554
13560
13560
13563
13568
13574
13575
13576
13581
13585
13587
13598
13598
13600
13604
13616
13619
13621
13622
13623
13629
13638
13639
13642
13650
13656
13661
13664
13666
13671
13672
13682
13685
13685
13689
13690
13691
13696
13698
13698
13702
13703
13706
13706
13711
13712
13713
13718
13723
13730
13733
13735
13740
13743
13750
13751
13752
13753
13754
13757
13758
13760
13762
13773
13775
13778
13801
13802
13803
13806
13808
13808
13809
13809
13817
13820
13822
13824
13825
13835
13836
13840
13845
13851
13852
13854
13855
13856
13857
13863
13866
13866
13877
13879
13882
13882
13895
13897
13903
13906
13914
13919
13921
13931
13934
13945
13951
13952
13954
13956
13958
13962
13963
13964
13965
13975
13979
13980
13982
13986
13989
13990
13998
14001
14007
14009
14013
14013
14019
14020
14024
14024
14026
14030
14032
14038
14040
14041
14055
14056
14064
14069
14071
14073
14073
14074
14080
14082
14084
14087
14093
14099
14100
14104
14106
14109
14109
14109
14112
14114
14115
14115
14115
14118
14119
14121
14122
14123
14124
14125
14131
14137
14139
14143
14148
14148
14153
14160
14162
14170
14171
14174
14178
14186
14186
14187
14189
14192
14192
14193
14196
14199
14201
14204
14207
14213
14220
14221
14225
14230
14239
14242
14249
14252
14252
14253
14258
14261
14268
14272
14272
14275
14277
14278
14284
14287
14288
14292
14293
14294
14298
14298
14298
14304
14307
14307
14311
14312
14313
14315
14316
14321
14321
14325
14326
14333
14334
14335
14336
14339
14342
14344
14350
14354
14357
14361
14378
14379
14379
14380
14383
14386
14389
14392
14394
14395
14396
14400
14403
14404
14405
14412
14418
14426
14431
14434
14440
14445
14446
14450
14452
14456
14456
14457
14460
14460
14461
14470
14475
14475
14477
14483
14487
14496
14498
14510
14510
14511
14513
14521
14525
14526
14532
14532
14536
14539
14540
14541
14547
14548
14549
14553
14554
14555
14558
14558
14566
14567
14568
14569
14570
14571
14573
14573
14576
14576
14578
14578
14587
14587
14595
14596
14598
14601
14603
14608
14608
14612
14613
14618
14627
14632
14633
14634
14637
14638
14654
14655
14661
14670
14672
14677
14679
14684
14690
14692
14692
14696
14697
14701
14702
14707
14713
14719
14719
14720
14727
14727
14727
14731
14736
14737
14739
14742
14752
14753
14762
14772
14775
14782
14782
14795
14795
14797
14802
14811
14818
14821
14823
14824
14824
14825
14828
14829
14833
14835
14839
14840
14842
14847
14859
14860
14863
14863
14865
14875
14876
14879
14887
14891
14894
14897
14903
14906
14909
14910
14912
14916
14924
14924
14930
14931
14932
14932
14939
14952
14955
14958
14963
14974
14975
14977
14982
14988
14990
14994
14999
15003
15004
15019
15019
15020
15021
15022
15029
15034
15035
15038
15039
15040
15041
15041
15049
15050
15051
15051
15054
15055
15057
15058
15065
15065
15068
15083
15086
15089
15089
15092
15092
15094
15096
15100
15101
15103
15107
15116
15117
15123
15127
15129
15131
15134
15135
15139
15140
15146
15146
15149
15150
15161
15162
15170
15172
15173
15177
15178
15181
15185
15188
15189
15190
15191
15192
15197
15206
15212
15216
15217
15218
15219
15220
15230
15237
15237
15238
15240
15240
15244
15249
15253
15257
15261
15266
15268
15269
15273
15274
15278
15285
15286
15286
15291
15297
15306
15308
15310
15310
15319
15324
15333
15335
15336
15339
15339
15340
15350
15353
15353
15368
15370
15370
15371
15372
15374
15376
15378
15383
15386
15388
15390
15391
15393
15395
15397
15401
15403
15405
15406
15413
15413
15416
15419
15421
15424
15426
15428
15433
15434
15434
15435
15439
15442
15445
15449
15472
15473
15473
15476
15484
15484
15487
15491
15497
15498
15499
15502
15510
15511
15519
15520
15520
15523
15528
15532
15534
15534
15537
15538
15539
15544
15549
15549
15553
15556
15559
15562
15567
15567
15576
15576
15577
15578
15581
15583
15589
15589
15591
15595
15602
15603
15604
15607
15612
15618
15622
15622
15623
15626
15629
15629
15633
15640
15640
15641
15647
15649
15659
15660
15661
15661
15666
15672
15674
15677
15678
15686
15690
15694
15695
15696
15696
15696
15705
15707
15710
15713
15716
15716
15720
15723
15724
15734
15734
15739
15739
15740
15740
15741
15742
15744
15749
15754
15759
15761
15761
15762
15768
15768
15774
15776
15777
15779
15786
15790
15791
15791
15796
15798
15810
15812
15818
15818
15821
15822
15822
15823
15833
15834
15836
15842
15844
15844
15850
15858
15860
15865
15866
15867
15868
15871
15872
15876
15878
15885
15897
15900
15903
15905
15905
15909
15918
15919
15920
15920
15922
15923
15924
15924
15926
15932
15933
15934
15938
15939
15940
15940
15945
15947
15949
15953
15956
15961
15962
15965
15967
15971
15972
15975
15980
15987
15989
15990
15994
15996
15997
16000
16001
16003
16007
16012
16016
16019
16021
16021
16031
16033
16035
16036
16037
16037
16038
16038
16043
16045
16045
16045
16051
16053
16054
16054
16062
16062
16064
16064
16069
16074
16083
16086
16087
16091
16100
16101
16102
16105
16110
16115
16115
16120
16120
16125
16130
16130
16132
16133
16133
16138
16146
16150
16150
16151
16155
16156
16159
16162
16162
16163
16171
16171
16171
16174
16180
16186
16187
16189
16192
16194
16194
16201
16205
16209
16212
16212
16212
16213
16217
16220
16221
16221
16228
16233
16234
16235
16237
16244
16245
16248
16249
16255
16255
16266
16267
16268
16269
16271
16273
16289
16294
16298
16308
16313
16316
16318
16322
16324
16329
16331
16340
16342
16346
16352
16353
16357
16362
16370
16371
16371
16372
16374
16375
16377
16383
16385
16392
16393
16397
16399
16402
16408
16413
16414
16416
16420
16420
16422
16426
16426
16426
16427
16430
16431
16434
16443
16448
16450
16450
16451
16455
16461
16462
16462
16462
16464
16473
16474
16479
16488
16491
16506
16506
16513
16514
16515
16520
16527
16532
16533
16535
16536
16537
16538
16543
16546
16547
16548
16548
16549
16554
16554
16556
16558
16561
16565
16565
16565
16570
16574
16580
16581
16589
16590
16593
16594
16595
16599
16605
16609
16613
16615
16618
16625
16636
16637
16637
16639
16640
16640
16642
16643
16644
16654
16656
16664
16666
16671
16676
16677
16681
16681
16682
16684
16684
16688
16688
16689
16691
16696
16696
16697
16697
16697
16700
16700
16702
16709
16709
16711
16711
16718
16720
16726
16726
16731
16732
16738
16738
16739
16739
16744
16745
16746
16748
16751
16751
16755
16756
16757
16762
16763
16765
16773
16778
16778
16786
16791
16797
16797
16798
16799
16800
16804
16804
16806
16807
16820
16820
16820
16822
16824
16827
16831
16835
16836
16840
16841
16853
16853
16854
16857
16857
16858
16860
16863
16871
16874
16875
16879
16879
16886
16887
16888
16893
16893
16894
16898
16909
16910
16913
16917
16921
16922
16923
16931
16937
16937
16941
16946
16948
16949
16951
16953
16955
16962
16965
16971
16980
16982
16988
16989
16996
16996
16997
17002
17012
17013
17016
17018
17033
17034
17035
17037
17040
17041
17041
17042
17043
17046
17047
17048
17049
17053
17057
17060
17065
17065
17069
17072
17078
17090
17093
17095
17097
17098
17099
17101
17103
17103
17105
17106
17106
17117
17120
17122
17123
17123
17125
17127
17137
17137
17145
17146
17148
17152
17153
17153
17155
17158
17165
17168
17174
17175
17177
17179
17180
17186
17189
17192
17195
17198
17202
17204
17207
17208
17218
17218
17223
17224
17224
17225
17229
17240
17241
17241
17242
17247
17250
17254
17258
17258
17260
17264
17264
17266
17278
17280
17283
17283
17285
17291
17292
17293
17297
17298
17301
17306
17314
17316
17316
17318
17318
17320
17325
17327
17331
17335
17337
17345
17349
17355
17359
17363
17368
17369
17369
17371
17376
17381
17381
17386
17399
17400
17407
17409
17410
17416
17422
17424
17428
17429
17433
17435
17437
17443
17445
17445
17447
17449
17459
17461
17461
17463
17468
17471
17473
17478
17491
17492
17496
17497
17502
17511
17514
17515
17516
17518
17519
17519
17523
17525
17526
17526
17527
17527
17528
17528
17529
17534
17537
17538
17539
17544
17546
17552
17554
17555
17555
17556
17563
17565
17565
17584
17587
17590
17601
17602
17602
17607
17607
17614
17621
17627
17632
17633
17636
17645
17649
17649
17651
17654
17668
17669
17669
17674
17678
17683
17694
17696
17698
17698
17699
17700
17702
17704
17709
17709
17711
17717
17721
17722
17728
17729
17739
17748
17749
17753
17760
17766
17767
17771
17773
17774
17774
17775
17776
17777
17778
17782
17786
17794
17796
17796
17808
17810
17811
17812
17814
17815
17815
17817
17820
17820
17830
17831
17835
17839
17839
17845
17845
17848
17851
17852
17858
17862
17866
17870
17871
17876
17877
17883
17883
17888
17891
17900
17901
17904
17907
17917
17922
17928
17949
17952
17953
17954
17955
17956
17957
17959
17962
17984
17984
17987
17988
17990
17993
17998
17999
18000
18014
18018
18024
18027
18038
18040
18040
18043
18044
18052
18057
18058
18060
18061
18062
18064
18078
18080
18083
18085
18086
18087
18089
18096
18098
18101
18106
18113
18116
18118
18120
18123
18125
18131
18135
18138
18140
18141
18146
18147
18152
18156
18157
18160
18164
18167
18169
18170
18173
18175
18181
18181
18182
18185
18190
18194
18205
18208
18210
18211
18217
18223
18223
18225
18227
18230
18236
18237
18242
18244
18248
18252
18262
18264
18264
18266
18273
18277
18282
18289
18290
18296
18297
18297
18300
18300
18302
18311
18322
18322
18324
18327
18330
18332
18336
18341
18346
18347
18351
18351
18358
18358
18359
18362
18365
18366
18374
18380
18398
18399
18401
18402
18402
18404
18406
18408
18408
18411
18413
18416
18422
18422
18423
18426
18428
18432
18434
18440
18447
18448
18449
18453
18454
18457
18459
18460
18466
18467
18471
18472
18473
18482
18482
18491
18492
18495
18496
18497
18502
18504
18507
18510
18512
18514
18518
18519
18519
18520
18521
18524
18524
18529
18535
18539
18541
18548
18549
18553
18557
18564
18565
18569
18569
18570
18572
18573
18574
18587
18587
18592
18593
18594
18601
18612
18612
18614
18615
18620
18625
18627
18633
18634
18640
18650
18651
18652
18653
18659
18667
18670
18680
18680
18687
18690
18692
18709
18710
18711
18712
18713
18719
18719
18720
18722
18724
18731
18733
18734
18735
18737
18740
18740
18740
18741
18745
18746
18746
18747
18747
18751
18755
18760
18774
18776
18784
18784
18784
18788
18793
18795
18796
18799
18809
18811
18812
18812
18817
18822
18822
18827
18839
18839
18842
18849
18859
18869
18873
18876
18876
18882
18883
18885
18886
18888
18893
18894
18896
18899
18900
18902
18902
18904
18906
18918
18919
18921
18925
18950
18951
18953
18956
18956
18960
18961
18963
18966
18966
18974
18977
18980
18986
18994
18996
18997
18999
19006
19008
19014
19021
19024
19026
19028
19028
19036
19045
19050
19058
19059
19066
19067
19067
19073
19075
19076
19078
19079
19082
19086
19096
19101
19108
19108
19108
19111
19112
19113
19118
19119
19122
19125
19131
19136
19139
19141
19143
19154
19160
19171
19175
19179
19180
19184
19186
19190
19194
19199
19201
19205
19208
19212
19213
19214
19224
19226
19228
19230
19231
19236
19240
19244
19248
19248
19249
19253
19262
19278
19280
19280
19287
19289
19295
19299
19302
19302
19305
19311
19313
19314
19324
19328
19331
19333
19351
19355
19357
19359
19360
19365
19368
19368
19370
19370
19370
19370
19375
19385
19387
19391
19393
19395
19400
19400
19408
19409
19412
19419
19425
19430
19434
19435
19443
19446
19446
19450
19452
19459
19463
19463
19465
19466
19474
19479
19489
19499
19504
19505
19511
19515
19517
19518
19522
19523
19524
19526
19528
19530
19541
19551
19554
19557
19564
19566
19575
19578
19581
19585
19586
19586
19592
19594
19596
19597
19600
19603
19603
19606
19611
19626
19627
19628
19629
19633
19635
19635
19636
19637
19645
19645
19646
19648
19649
19655
19660
19660
19666
19668
19671
19675
19675
19677
19678
19707
19721
19727
19736
19739
19740
19740
19746
19753
19761
19763
19768
19773
19774
19776
19778
19780
19793
19794
19798
19800
19813
19815
19816
19826
19831
19837
19840
19844
19855
19857
19859
19863
19866
19867
19871
19874
19878
19881
19885
19886
19892
19893
19894
19894
19896
19896
19897
19899
19904
19911
19911
19912
19923
19923
19926
19928
19930
19930
19931
19938
19943
19955
19956
19962
19978
19978
19982
19983
19985
19986
19986
19994
19998
20003
20006
20013
20015
20016
20016
20016
20020
20021
20025
20025
20031
20040
20043
20045
20052
20055
20056
20062
20068
20080
20086
20088
20090
20094
20095
20105
20109
20112
20115
20119
20121
20125
20126
20131
20132
20136
20140
20140
20142
20147
20152
20154
20156
20157
20157
20161
20161
20170
20173
20179
20181
20186
20187
20190
20193
20202
20211
20217
20219
20228
20231
20233
20238
20240
20241
20241
20243
20244
20246
20248
20249
20250
20251
20253
20253
20263
20263
20268
20268
20277
20279
20282
20284
20286
20288
20293
20299
20300
20301
20301
20303
20308
20312
20317
20331
20332
20338
20339
20340
20346
20347
20365
20367
20371
20374
20379
20385
20389
20396
20406
20414
20416
20418
20418
20421
20421
20430
20437
20437
20438
20439
20447
20447
20454
20468
20471
20473
20475
20476
20496
20500
20500
20502
20502
20504
20506
20506
20507
20510
20513
20515
20515
20518
20521
20524
20527
20529
20529
20534
20544
20547
20547
20551
20552
20554
20554
20555
20557
20559
20564
20565
20573
20576
20577
20580
20584
20597
20600
20600
20600
20602
20603
20606
20613
20619
20622
20622
20626
20630
20640
20642
20648
20652
20653
20657
20660
20666
20667
20673
20680
20680
20683
20690
20690
20691
20699
20701
20703
20707
20709
20714
20717
20725
20725
20731
20736
20738
20739
20740
20741
20742
20747
20754
20760
20774
20777
20788
20789
20789
20791
20793
20799
20799
20801
20802
20815
20815
20816
20824
20825
20826
20828
20829
20831
20834
20835
20837
20838
20839
20844
20844
20845
20853
20854
20855
20856
20857
20858
20861
20865
20870
20873
20873
20873
20877
20884
20888
20889
20890
20890
20890
20894
20897
20899
20900
20903
20905
20910
20911
20914
20918
20920
20929
20931
20935
20942
20946
20947
20947
20951
20957
20961
20961
20963
20968
20973
20979
20981
20982
20987
20987
20988
20988
20989
20995
21003
21012
21013
21015
21016
21018
21018
21019
21021
21036
21036
21041
21046
21050
21055
21068
21075
21080
21084
21090
21092
21093
21097
21100
21100
21101
21105
21109
21111
21112
21114
21115
21120
21120
21125
21125
21131
21133
21135
21137
21138
21142
21147
21171
21171
21173
21179
21182
21189
21189
21189
21192
21196
21207
21211
21214
21216
21216
21216
21219
21219
21224
21225
21228
21229
21237
21242
21246
21249
21255
21257
21269
21270
21279
21284
21289
21290
21292
21293
21293
21294
21294
21297
21303
21307
21310
21312
21317
21318
21324
21325
21327
21330
21332
21340
21348
21349
21351
21359
21361
21366
21369
21369
21369
21370
21370
21373
21373
21376
21380
21382
21388
21393
21398
21400
21411
21413
21419
21420
21421
21421
21425
21442
21446
21448
21455
21457
21462
21462
21464
21468
21469
21471
21476
21478
21484
21489
21491
21495
21499
21500
21500
21506
21506
21513
21515
21518
21518
21519
21520
21523
21526
21526
21528
21529
21532
21533
21553
21554
21555
21555
21556
21557
21559
21564
21565
21574
21578
21583
21588
21589
21590
21591
21600
21601
21601
21605
21605
21607
21608
21611
21614
21616
21618
21621
21625
21629
21638
21638
21643
21647
21651
21654
21656
21656
21656
21657
21659
21659
21660
21668
21671
21678
21679
21684
21687
21694
21697
21698
21699
21702
21707
21707
21708
21715
21718
21721
21722
21725
21727
21730
21738
21738
21741
21746
21747
21754
21763
21766
21767
21767
21769
21769
21772
21773
21782
21783
21783
21785
21787
21787
21787
21788
21795
21799
21804
21810
21811
21813
21815
21821
21823
21825
21826
21828
21835
21837
21840
21849
21851
21853
21854
21855
21860
21862
21863
21867
21868
21869
21871
21873
21873
21874
21875
21882
21886
21889
21894
21895
21896
21901
21904
21906
21910
21910
21912
21913
21915
21917
21919
21923
21928
21930
21934
21935
21939
21942
21944
21945
21948
21952
21953
21954
21960
21962
21964
21969
21970
21971
21971
21972
21972
21985
21988
21991
21992
21999
21999
22007
22010
22010
22013
22020
22021
22022
22025
22028
22028
22030
22030
22049
22050
22054
22054
22056
22058
22060
22063
22069
22071
22073
22075
22077
22077
22077
22083
22085
22089
22091
22099
22099
22101
22103
22104
22106
22109
22115
22115
22117
22119
22119
22123
22125
22126
22126
22127
22128
22139
22141
22141
22142
22146
22146
22151
22155
22159
22160
22161
22162
22163
22167
22168
22170
22179
22188
22188
22190
22193
22199
22202
22209
22209
22211
22212
22215
22216
22218
22218
22223
22226
22230
22231
22234
22234
22235
22235
22237
22238
22246
22247
22257
22257
22261
22261
22278
22280
22286
22286
22287
22292
22293
22293
22297
22297
22299
22299
22303
22304
22306
22307
22308
22309
22310
22310
22311
22312
22315
22318
22325
22328
22330
22330
22331
22332
22334
22341
22343
22345
22349
22356
22364
22367
22373
22374
22378
22378
22381
22381
22383
22385
22390
22396
22400
22404
22407
22408
22411
22424
22424
22426
22427
22428
22433
22434
22441
22446
22450
22450
22452
22452
22454
22460
22461
22465
22467
22471
22473
22475
22484
22486
22497
22497
22501
22502
22503
22504
22504
22506
22525
22531
22535
22537
22539
22544
22545
22547
22551
22554
22558
22571
22573
22575
22576
22578
22582
22584
22592
22596
22597
22602
22605
22606
22612
22622
22623
22634
22635
22642
22642
22643
22644
22653
22656
22656
22658
22660
22660
22662
22667
22667
22673
22674
22677
22681
22683
22683
22683
22691
22693
22701
22709
22714
22720
22720
22720
22722
22723
22723
22727
22732
22741
22746
22750
22753
22755
22756
22759
22765
22775
22775
22775
22776
22778
22784
22786
22786
22786
22787
22787
22788
22791
22791
22792
22793
22798
22800
22805
22806
22807
22807
22814
22819
22820
22825
22825
22826
22833
22837
22841
22844
22847
22851
22856
22857
22858
22860
22871
22874
22874
22878
22879
22880
22881
22881
22899
22899
22900
22900
22903
22911
22913
22913
22919
22921
22921
22922
22923
22923
22923
22923
22924
22931
22939
22940
22949
22957
22958
22963
22965
22965
22971
22973
22973
22974
22978
22980
22983
22984
22984
22998
23002
23002
23005
23005
23013
23016
23017
23018
23018
23019
23021
23025
23029
23029
23030
23030
23037
23044
23048
23049
23051
23055
23056
23059
23066
23072
23075
23081
23082
23083
23090
23090
23092
23104
23106
23108
23110
23115
23122
23123
23133
23134
23145
23156
23157
23159
23161
23167
23167
23171
23181
23184
23186
23187
23201
23203
23203
23204
23205
23207
23208
23208
23214
23219
23219
23220
23222
23225
23229
23233
23233
23235
23250
23256
23258
23261
23263
23269
23283
23284
23287
23297
23298
23300
23303
23307
23309
23314
23314
23314
23319
23323
23324
23324
23329
23337
23339
23339
23341
23341
23350
23353
23357
23358
23364
23369
23376
23381
23382
23386
23388
23390
23402
23410
23410
23414
23418
23420
23426
23428
23430
23430
23433
23436
23436
23437
23437
23437
23441
23445
23447
23448
23451
23460
23462
23463
23464
23471
23471
23472
23478
23479
23485
23486
23487
23490
23494
23505
23506
23509
23509
23509
23510
23511
23518
23519
23521
23521
23534
23539
23554
23555
23555
23555
23559
23563
23570
23573
23576
23579
23581
23581
23582
23584
23588
23589
23589
23589
23590
23594
23596
23600
23603
23605
23608
23630
23631
23631
23635
23636
23639
23642
23643
23649
23650
23661
23667
23670
23671
23679
23681
23681
23686
23688
23693
23693
23694
23695
23696
23699
23701
23703
23711
23716
23728
23730
23731
23732
23735
23736
23740
23743
23745
23746
23747
23749
23751
23755
23756
23759
23761
23763
23766
23766
23768
23769
23770
23772
23772
23772
23773
23780
23784
23788
23789
23794
23798
23800
23802
23808
23816
23817
23822
23825
23828
23835
23847
23848
23848
23850
23854
23855
23858
23860
23867
23875
23878
23881
23883
23885
23892
23895
23898
23901
23902
23907
23909
23913
23914
23920
23921
23923
23927
23929
23935
23937
23940
23945
23948
23948
23948
23954
23955
23957
23964
23971
23972
23974
23976
23988
23989
23990
23990
23996
23998
23999
24006
24011
24023
24024
24036
24038
24040
24042
24046
24059
24063
24078
24080
24082
24082
24082
24088
24091
24091
24092
24093
24094
24097
24100
24100
24106
24107
24108
24108
24123
24123
24125
24127
24127
24132
24137
24149
24152
24156
24162
24164
24167
24175
24175
24176
24178
24181
24181
24184
24187
24198
24206
24215
24219
24220
24224
24227
24243
24244
24247
24251
24254
24257
24258
24258
24262
24268
24270
24271
24281
24284
24285
24287
24289
24290
24290
24292
24293
24293
24294
24298
24299
24300
24309
24314
24315
24315
24316
24326
24330
24331
24333
24335
24341
24344
24347
24350
24351
24356
24361
24362
24362
24363
24365
24375
24380
24387
24387
24393
24405
24405
24406
24408
24409
24410
24412
24412
24428
24428
24430
24430
24433
24437
24439
24440
24441
24442
24444
24448
24453
24455
24458
24461
24466
24471
24478
24482
24485
24494
24495
24504
24512
24515
24525
24529
24529
24538
24540
24547
24551
24556
24560
24566
24569
24570
24573
24574
24575
24575
24575
24580
24583
24590
24595
24598
24602
24603
24603
24612
24629
24634
24635
24640
24640
24644
24649
24650
24651
24651
24653
24653
24656
24656
24657
24661
24664
24665
24667
24670
24672
24679
24681
24682
24685
24691
24693
24696
24704
24709
24716
24721
24724
24724
24724
24731
24732
24732
24733
24734
24735
24740
24741
24742
24743
24751
24759
24760
24762
24764
24764
24764
24764
24765
24765
24767
24776
24780
24784
24784
24789
24791
24795
24796
24796
24802
24808
24812
24815
24816
24817
24819
24824
24826
24831
24831
24837
24839
24839
24841
24841
24842
24842
24844
24845
24848
24850
24853
24854
24855
24857
24860
24862
24862
24865
24870
24878
24883
24891
24894
24894
24895
24901
24904
24904
24913
24919
24921
24928
24933
24933
24938
24940
24946
24947
24949
24949
24951
24952
24954
24954
24968
24972
24975
24981
24984
24990
24993
24997
24999
24999
25003
25003
25010
25013
25016
25016
25019
25031
25033
25035
25036
25036
25036
25040
25040
25041
25046
25046
25048
25049
25050
25050
25051
25055
25055
25058
25060
25061
25061
25065
25065
25065
25068
25071
25076
25080
25080
25081
25083
25089
25095
25098
25101
25102
25106
25114
25114
25122
25123
25131
25133
25141
25144
25144
25144
25148
25153
25154
25154
25154
25155
25157
25160
25162
25166
25173
25176
25177
25180
25183
25189
25209
25217
25220
25221
25224
25225
25238
25244
25250
25258
25259
25260
25261
25273
25274
25276
25279
25286
25304
25309
25310
25313
25313
25318
25319
25323
25324
25324
25326
25327
25328
25333
25346
25346
25350
25353
25366
25367
25368
25372
25388
25388
25388
25390
25399
25402
25405
25406
25407
25414
25417
25423
25425
25426
25428
25431
25431
25433
25436
25438
25441
25444
25445
25446
25448
25452
25455
25462
25470
25472
25475
25479
25489
25490
25501
25510
25516
25519
25523
25535
25537
25544
25547
25550
25551
25559
25566
25566
25574
25577
25578
25585
25590
25591
25596
25598
25601
25604
25609
25614
25622
25624
25624
25624
25635
25638
25643
25644
25647
25651
25652
25653
25655
25658
25660
25664
25677
25683
25684
25685
25686
25687
25687
25689
25691
25695
25696
25699
25707
25708
25714
25716
25718
25725
25726
25729
25732
25737
25739
25744
25745
25749
25750
25756
25760
25770
25770
25778
25780
25782
25789
25789
25791
25793
25795
25802
25803
25815
25819
25821
25825
25826
25830
25832
25833
25837
25839
25840
25847
25850
25853
25853
25854
25854
25859
25864
25874
25880
25882
25883
25898
25902
25906
25907
25908
25910
25912
25914
25915
25924
25924
25928
25929
25940
25942
25943
25943
25944
25950
25952
25952
25953
25953
25959
25961
25962
25964
25965
25967
25969
25981
25986
25993
26000
26014
26016
26022
26028
26033
26037
26037
26042
26043
26049
26052
26055
26056
26059
26062
26064
26065
26068
26069
26081
26101
26104
26116
26118
26123
26123
26130
26135
26136
26137
26137
26142
26143
26144
26145
26149
26153
26157
26158
26159
26161
26164
26164
26166
26169
26181
26183
26187
26188
26192
26194
26195
26207
26209
26213
26214
26216
26217
26217
26219
26224
26231
26233
26234
26235
26250
26250
26252
26253
26259
26261
26263
26264
26271
26272
26276
26279
26280
26287
26288
26298
26300
26304
26308
26313
26318
26318
26321
26321
26324
26325
26327
26328
26333
26338
26338
26340
26340
26342
26344
26345
26346
26350
26352
26352
26358
26361
26361
26362
26362
26365
26366
26372
26372
26376
26377
26377
26384
26388
26395
26398
26400
26402
26409
26410
26415
26416
26417
26419
26421
26421
26422
26424
26425
26426
26427
26431
26431
26434
26439
26443
26445
26449
26450
26456
26463
26464
26471
26472
26480
26482
26484
26486
26486
26487
26488
26489
26493
26493
26501
26502
26502
26505
26513
26520
26520
26529
26530
26530
26536
26537
26541
26541
26546
26547
26553
26555
26559
26565
26568
26576
26579
26583
26584
26584
26585
26589
26589
26591
26599
26604
26609
26610
26611
26615
26620
26627
26628
26630
26631
26632
26635
26637
26641
26650
26652
26657
26659
26663
26664
26669
26675
26682
26683
26685
26690
26700
26702
26709
26710
26713
26720
26720
26723
26725
26728
26739
26740
26743
26743
26745
26746
26748
26748
26751
26752
26753
26754
26755
26755
26759
26765
26766
26774
26780
26782
26789
26792
26793
26799
26800
26801
26805
26809
26811
26812
26815
26821
26822
26828
26838
26839
26841
26841
26847
26849
26850
26850
26854
26856
26869
26870
26871
26872
26876
26878
26883
26884
26887
26891
26891
26902
26909
26912
26915
26917
26917
26923
26924
26926
26927
26928
26930
26934
26936
26942
26942
26945
26945
26945
26946
26956
26956
26957
26960
26965
26976
26976
26983
26985
26991
26993
26994
26998
27001
27002
27016
27033
27035
27038
27042
27042
27043
27044
27045
27046
27048
27049
27049
27052
27053
27055
27055
27055
27064
27073
27073
27075
27075
27078
27079
27079
27085
27101
27102
27105
27116
27118
27118
27123
27124
27129
27131
27133
27133
27133
27137
27137
27138
27140
27156
27159
27167
27172
27177
27179
27183
27192
27210
27213
27214
27216
27218
27221
27221
27223
27227
27229
27231
27235
27236
27238
27244
27245
27250
27252
27260
27269
27276
27278
27279
27282
27282
27284
27286
27288
27292
27294
27297
27299
27300
27300
27301
27303
27307
27316
27317
27318
27320
27322
27328
27334
27336
27338
27340
27342
27350
27352
27359
27361
27361
27365
27366
27370
27371
27379
27381
27386
27386
27387
27392
27397
27401
27407
27410
27411
27419
27420
27421
27421
27422
27433
27437
27440
27443
27443
27446
27451
27453
27456
27458
27460
27481
27481
27482
27493
27494
27495
27499
27499
27505
27508
27514
27519
27526
27526
27526
27529
27530
27532
27533
27537
27541
27543
27544
27549
27549
27554
27554
27557
27564
27568
27574
27580
27582
27583
27593
27595
27598
27600
27604
27607
27607
27610
27610
27615
27615
27616
27621
27626
27630
27632
27632
27633
27635
27642
27643
27645
27651
27654
27655
27666
27666
27667
27670
27673
27678
27680
27682
27686
27687
27689
27692
27693
27696
27696
27696
27697
27701
27707
27713
27719
27719
27722
27723
27723
27727
27729
27736
27742
27758
27771
27772
27776
27778
27779
27781
27786
27790
27805
27810
27816
27820
27833
27841
27844
27852
27858
27860
27862
27863
27864
27866
27872
27877
27878
27878
27879
27880
27882
27885
27886
27886
27888
27889
27901
27901
27904
27908
27912
27913
27918
27924
27926
27927
27929
27930
27935
27941
27941
27954
27956
27965
27965
27965
27969
27970
27977
27978
27986
27986
27988
27990
27990
27992
27995
27995
27997
27998
28000
28000
28002
28008
28020
28028
28029
28031
28038
28042
28045
28046
28047
28048
28051
28054
28056
28057
28057
28067
28069
28073
28074
28084
28085
28088
28096
28097
28098
28103
28103
28105
28109
28112
28113
28114
28122
28124
28130
28130
28135
28140
28142
28143
28153
28154
28158
28166
28176
28177
28178
28178
28178
28183
28189
28190
28191
28194
28198
28201
28203
28204
28204
28205
28208
28210
28210
28213
28224
28225
28226
28237
28237
28250
28250
28250
28251
28253
28254
28256
28263
28265
28265
28272
28273
28278
28279
28285
28287
28289
28292
28292
28293
28297
28302
28305
28307
28314
28319
28324
28326
28330
28330
28336
28340
28340
28350
28350
28355
28355
28362
28363
28367
28369
28375
28376
28377
28379
28383
28384
28386
28390
28392
28392
28393
28393
28398
28399
28401
28403
28408
28411
28411
28411
28412
28416
28422
28423
28429
28430
28437
28437
28439
28440
28448
28450
28450
28452
28463
28469
28470
28470
28472
28473
28473
28474
28475
28479
28481
28483
28485
28486
28490
28491
28497
28498
28500
28507
28507
28507
28508
28510
28515
28517
28518
28521
28525
28527
28536
28536
28536
28541
28543
28543
28549
28552
28554
28557
28562
28563
28568
28571
28573
28574
28577
28588
28592
28595
28596
28602
28603
28605
28605
28615
28618
28620
28624
28626
28627
28628
28628
28629
28632
28634
28635
28637
28640
28641
28646
28646
28647
28653
28653
28654
28659
28660
28663
28664
28666
28678
28679
28679
28680
28687
28689
28690
28690
28695
28697
28698
28707
28708
28715
28718
28722
28723
28726
28732
28732
28746
28757
28762
28766
28767
28767
28767
28768
28772
28776
28783
28786
28786
28790
28791
28792
28794
28795
28797
28797
28804
28809
28814
28815
28826
28836
28837
28838
28844
28845
28845
28847
28847
28848
28848
28848
28852
28853
28853
28855
28855
28856
28858
28860
28861
28862
28867
28868
28880
28881
28883
28897
28906
28906
28907
28909
28915
28917
28920
28922
28923
28924
28924
28925
28941
28942
28949
28951
28953
28954
28955
28955
28959
28963
28963
28966
28967
28967
28967
28974
28980
28991
28993
28994
28999
29000
29000
29007
29011
29012
29013
29016
29018
29018
29024
29024
29025
29031
29031
29033
29033
29037
29040
29045
29049
29057
29060
29071
29071
29072
29075
29082
29085
29091
29092
29092
29098
29099
29101
29103
29108
29109
29110
29111
29114
29115
29120
29120
29125
29129
29133
29134
29136
29137
29138
29138
29143
29144
29144
29147
29149
29150
29150
29154
29166
29168
29171
29173
29174
29175
29181
29188
29195
29195
29201
29202
29208
29208
29215
29216
29221
29225
29231
29238
29238
29243
29246
29246
29247
29252
29253
29255
29255
29255
29261
29262
29266
29267
29270
29273
29277
29279
29280
29283
29288
29289
29294
29298
29314
29315
29317
29334
29340
29341
29343
29344
29345
29345
29352
29352
29353
29355
29357
29361
29362
29363
29368
29371
29372
29373
29373
29377
29385
29394
29395
29396
29400
29402
29405
29407
29410
29411
29416
29422
29423
29433
29434
29447
29447
29447
29450
29451
29455
29455
29459
29461
29467
29468
29469
29473
29482
29485
29489
29493
29501
29502
29503
29514
29521
29523
29523
29531
29534
29534
29535
29535
29538
29539
29543
29549
29550
29551
29552
29562
29569
29569
29570
29570
29575
29579
29579
29588
29590
29597
29598
29601
29606
29630
29633
29633
29641
29644
29651
29652
29653
29657
29658
29660
29668
29676
29679
29683
29686
29687
29688
29697
29698
29701
29703
29704
29707
29711
29714
29717
29722
29722
29729
29733
29738
29747
29750
29756
29766
29767
29771
29774
29776
29781
29785
29787
29791
29792
29794
29794
29794
29796
29801
29801
29804
29805
29806
29807
29820
29825
29827
29829
29841
29848
29851
29853
29854
29855
29859
29861
29867
29867
29869
29873
29877
29882
29890
29891
29892
29899
29899
29900
29900
29901
29902
29905
29913
29918
29920
29921
29922
29922
29923
29926
29928
29935
29936
29957
29959
29962
29965
29967
29970
29979
29979
29986
29987
29988
29996
29997
29997
30000
30008
30013
30021
30022
30024
30031
30036
30037
30041
30042
30046
30050
30054
30055
30059
30073
30074
30082
30082
30084
30087
30092
30092
30093
30095
30096
30101
30108
30109
30111
30118
30123
30129
30134
30134
30140
30145
30149
30154
30162
30163
30169
30177
30182
30182
30184
30185
30189
30190
30190
30194
30199
30209
30212
30213
30216
30222
30225
30227
30227
30230
30238
30240
30244
30246
30262
30263
30264
30265
30268
30269
30277
30278
30280
30283
30286
30287
30293
30294
30298
30300
30300
30306
30308
30310
30310
30311
30316
30317
30318
30320
30328
30330
30330
30331
30331
30332
30336
30337
30352
30354
30355
30360
30363
30370
30371
30372
30373
30378
30380
30383
30386
30392
30395
30397
30399
30399
30400
30401
30409
30415
30420
30423
30424
30429
30430
30433
30439
30447
30448
30455
30464
30465
30466
30470
30477
30482
30483
30488
30493
30493
30497
30499
30505
30508
30512
30514
30517
30524
30535
30537
30539
30540
30541
30545
30545
30555
30563
30566
30569
30572
30575
30580
30583
30588
30590
30590
30591
30594
30597
30611
30611
30613
30614
30615
30616
30620
30621
30628
30630
30638
30641
30645
30647
30653
30653
30659
30660
30662
30664
30666
30667
30667
30669
30672
30677
30678
30679
30687
30690
30692
30695
30695
30702
30703
30704
30715
30720
30722
30722
30722
30725
30727
30732
30733
30734
30736
30737
30742
30744
30746
30748
30755
30757
30768
30769
30770
30774
30775
30779
30790
30791
30797
30816
30816
30834
30835
30839
30841
30851
30858
30860
30868
30872
30873
30880
30881
30881
30882
30883
30884
30888
30889
30903
30903
30906
30909
30911
30913
30920
30921
30930
30933
30934
30935
30936
30937
30937
30939
30940
30942
30944
30944
30944
30945
30945
30947
30948
30951
30951
30951
30952
30952
30952
30956
30959
30963
30972
30973
30973
30974
30975
30979
30981
30982
30986
30991
30992
30992
30995
30996
31000
31006
31007
31012
31013
31013
31015
31017
31018
31025
31025
31026
31029
31034
31035
31038
31043
31048
31049
31052
31054
31058
31059
31060
31068
31068
31071
31072
31074
31080
31084
31088
31089
31089
31090
31090
31092
31105
31106
31107
31108
31111
31111
31112
31115
31116
31129
31131
31132
31133
31134
31141
31144
31145
31148
31154
31154
31157
31157
31160
31162
31165
31166
31169
31169
31171
31172
31173
31177
31180
31181
31185
31185
31186
31186
31193
31203
31203
31207
31207
31209
31212
31213
31216
31217
31217
31230
31230
31232
31232
31235
31236
31251
31260
31264
31266
31268
31270
31275
31282
31288
31289
31291
31295
31298
31301
31305
31307
31313
31338
31338
31339
31343
31344
31346
31347
31348
31355
31359
31363
31367
31370
31371
31372
31376
31377
31385
31385
31389
31389
31392
31400
31401
31408
31410
31420
31420
31423
31428
31432
31437
31440
31445
31446
31448
31451
31473
31473
31476
31476
31478
31478
31480
31485
31489
31491
31495
31505
31505
31513
31515
31520
31521
31526
31529
31529
31532
31532
31533
31535
31536
31538
31549
31557
31562
31563
31563
31566
31567
31576
31577
31577
31577
31578
31579
31593
31594
31600
31606
31611
31614
31617
31617
31620
31627
31628
31629
31629
31630
31636
31636
31638
31639
31640
31641
31642
31649
31655
31659
31661
31661
31662
31665
31668
31670
31674
31676
31676
31679
31680
31683
31714
31719
31719
31720
31727
31729
31730
31742
31747
31748
31758
31765
31765
31771
31773
31776
31778
31779
31779
31779
31785
31786
31800
31800
31802
31804
31806
31808
31809
31810
31813
31818
31821
31837
31847
31849
31854
31856
31857
31857
31866
31867
31871
31873
31877
31891
31892
31895
31895
31898
31904
31908
31915
31915
31916
31918
31920
31921
31936
31939
31939
31941
31949
31950
31950
31952
31954
31955
31959
31965
31976
31979
31982
31982
31987
31998
31998
32002
32005
32008
32008
32013
32014
32017
32024
32030
32033
32035
32035
32036
32037
32040
32042
32057
32059
32059
32065
32066
32068
32068
32069
32071
32074
32076
32078
32086
32087
32091
32095
32097
32098
32100
32102
32104
32105
32109
32110
32117
32119
32119
32120
32124
32124
32129
32130
32144
32144
32145
32148
32153
32153
32153
32158
32159
32163
32168
32173
32175
32180
32181
32186
32191
32195
32199
32199
32201
32229
32230
32236
32238
32240
32241
32248
32251
32265
32265
32265
32272
32272
32282
32284
32289
32293
32293
32294
32298
32302
32306
32309
32312
32316
32321
32328
32329
32333
32341
32344
32346
32347
32347
32348
32352
32362
32363
32364
32367
32373
32383
32390
32390
32391
32395
32399
32409
32411
32412
32419
32421
32423
32428
32429
32432
32432
32433
32435
32435
32436
32441
32447
32455
32456
32458
32460
32466
32469
32469
32479
32486
32487
32494
32496
32497
32497
32502
32503
32506
32509
32520
32521
32523
32523
32523
32526
32537
32542
32546
32548
32550
32554
32556
32561
32565
32565
32568
32570
32571
32571
32572
32581
32585
32591
32599
32600
32602
32605
32606
32609
32615
32615
32618
32623
32624
32627
32627
32631
32635
32636
32637
32640
32644
32645
32649
32653
32658
32659
32666
32674
32677
32677
32678
32684
32686
32692
32698
32700
32702
32704
32711
32715
32719
32720
32738
32741
32742
32744
32745
32747
32750
32750
32750
32751
32758
32758
32766
