0
3
5
5
7
15
30
33
39
39
40
43
44
54
55
58
59
60
62
63
71
76
79
82
101
105
105
106
107
109
112
117
120
130
132
134
134
136
139
152
154
154
157
161
165
165
169
179
182
185
186
188
195
195
196
198
207
208
212
213
218
221
224
225
226
239
239
241
242
243
244
251
256
257
261
262
264
270
272
276
276
290
299
303
305
308
312
317
324
325
331
332
333
334
337
341
341
349
349
349
351
356
358
359
359
363
367
372
374
374
375
376
377
380
381
385
389
392
393
398
399
406
420
423
423
423
424
429
430
446
448
451
451
455
455
456
459
460
463
464
464
466
468
468
473
476
477
478
485
486
488
491
491
493
496
497
497
498
501
511
514
517
524
538
542
542
543
545
554
555
555
558
561
562
563
566
568
573
575
575
577
577
580
584
586
589
597
597
598
600
601
601
610
613
614
627
629
631
637
638
638
638
638
643
644
647
650
652
665
666
679
684
692
695
696
713
717
717
718
721
722
725
735
741
746
747
759
759
760
761
762
764
765
766
770
770
771
772
773
782
794
795
802
803
805
809
812
813
814
815
817
819
826
829
832
834
835
847
851
852
853
857
861
861
864
864
865
867
870
872
874
877
878
878
881
881
882
885
887
888
897
900
905
917
918
920
921
922
923
925
925
931
931
935
941
945
946
959
961
963
963
966
970
972
972
972
973
978
983
985
990
991
993
994
994
998
998
1002
1003
1006
1010
1019
1023
1026
1030
1031
1036
1036
1037
1037
1041
1044
1046
1046
1046
1046
1047
1048
1050
1055
1061
1061
1065
1066
1068
1068
1068
1069
1073
1075
1075
1075
1080
1086
1086
1090
1092
1094
1099
1107
1108
1127
1128
1129
1130
1134
1135
1137
1138
1140
1144
1147
1155
1156
1156
1158
1160
1163
1164
1174
1175
1175
1177
1179
1179
1185
1186
1187
1188
1198
1199
1206
1210
1213
1214
1217
1219
1219
1222
1223
1223
1223
1224
1224
1241
1244
1252
1252
1254
1255
1258
1259
1260
1261
1263
1266
1266
1266
1267
1268
1269
1284
1285
1293
1295
1296
1299
1299
1302
1304
1304
1305
1306
1307
1313
1316
1319
1319
1321
1321
1329
1337
1338
1343
1346
1347
1348
1350
1353
1354
1359
1361
1362
1362
1368
1371
1377
1384
1389
1391
1393
1408
1416
1418
1418
1434
1437
1439
1448
1450
1453
1456
1458
1459
1460
1463
1463
1465
1466
1468
1470
1482
1491
1493
1494
1496
1499
1503
1507
1510
1527
1528
1528
1530
1536
1546
1548
1550
1551
1561
1562
1564
1566
1567
1568
1572
1574
1582
1583
1585
1590
1592
1595
1604
1607
1608
1610
1611
1616
1619
1619
1620
1622
1623
1627
1635
1638
1640
1640
1642
1643
1644
1655
1658
1658
1660
1661
1661
1671
1673
1675
1677
1681
1684
1687
1691
1698
1698
1704
1705
1709
1713
1720
1721
1722
1722
1731
1738
1741
1743
1746
1752
1752
1755
1758
1766
1766
1774
1779
1785
1789
1790
1790
1797
1808
1811
1811
1813
1816
1821
1822
1824
1832
1833
1833
1834
1834
1836
1842
1848
1848
1851
1862
1864
1868
1873
1877
1878
1879
1881
1882
1889
1891
1892
1895
1897
1904
1906
1907
1911
1914
1915
1917
1918
1920
1924
1934
1938
1940
1950
1952
1953
1955
1956
1957
1959
1961
1964
1970
1974
1983
1985
1985
1991
1992
1993
1994
1998
1999
2001
2004
2007
2012
2022
2023
2024
2025
2033
2033
2035
2036
2037
2037
2045
2045
2047
2049
2052
2053
2062
2063
2064
2065
2070
2075
2085
2086
2088
2089
2091
2092
2106
2107
2131
2134
2134
2149
2150
2151
2154
2154
2166
2166
2167
2168
2171
2172
2174
2192
2196
2197
2203
2208
2210
2213
2214
2215
2216
2217
2222
2224
2231
2233
2240
2241
2242
2244
2260
2268
2269
2269
2275
2276
2282
2283
2283
2288
2289
2293
2295
2301
2303
2312
2314
2315
2318
2328
2332
2336
2336
2338
2341
2344
2347
2352
2362
2367
2368
2370
2373
2375
2375
2379
2379
2380
2383
2384
2386
2388
2390
2396
2412
2416
2419
2420
2426
2429
2429
2430
2430
2432
2435
2436
2442
2443
2444
2444
2448
2454
2457
2458
2459
2462
2467
2471
2475
2475
2475
2479
2480
2483
2493
2495
2499
2499
2500
2508
2510
2512
2512
2512
2513
2519
2522
2526
2527
2527
2528
2534
2535
2538
2540
2541
2542
2546
2546
2547
2549
2559
2562
2572
2572
2578
2578
2580
2581
2581
2581
2582
2584
2590
2594
2595
2596
2599
2601
2603
2604
2614
2616
2617
2624
2625
2625
2627
2628
2629
2632
2636
2641
2646
2653
2658
2658
2663
2664
2664
2666
2668
2673
2675
2676
2676
2685
2685
2686
2692
2697
2697
2702
2706
2710
2712
2712
2725
2731
2731
2733
2737
2740
2744
2746
2752
2759
2760
2761
2769
2771
2772
2784
2785
2786
2789
2792
2793
2795
2802
2804
2804
2807
2809
2819
2820
2826
2831
2834
2838
2839
2840
2848
2851
2854
2855
2855
2859
2860
2865
2875
2876
2878
2886
2888
2888
2895
2899
2915
2927
2930
2932
2936
2950
2955
2956
2969
2970
2973
2974
2976
2977
2978
2979
2985
2989
2992
2999
3000
3002
3004
3013
3014
3017
3019
3019
3020
3030
3030
3032
3035
3036
3039
3040
3049
3050
3066
3067
3067
3069
3070
3070
3074
3079
3081
3089
3089
3090
3093
3094
3095
3103
3116
3118
3120
3124
3126
3127
3132
3133
3133
3135
3139
3147
3147
3154
3159
3162
3163
3164
3164
3166
3171
3176
3180
3194
3196
3207
3209
3213
3214
3214
3214
3224
3226
3228
3229
3232
3233
3235
3236
3243
3245
3245
3246
3246
3250
3251
3260
3268
3273
3278
3279
3281
3281
3283
3284
3284
3307
3309
3316
3318
3319
3322
3323
3323
3328
3330
3330
3333
3341
3341
3343
3344
3344
3345
3351
3355
3357
3359
3362
3364
3370
3373
3374
3378
3379
3384
3384
3385
3386
3393
3395
3399
3399
3402
3403
3407
3409
3411
3415
3426
3426
3428
3434
3438
3439
3444
3444
3448
3453
3457
3459
3465
3467
3468
3468
3470
3470
3471
3475
3476
3490
3496
3505
3506
3510
3512
3512
3514
3517
3518
3529
3532
3535
3545
3545
3547
3548
3549
3550
3551
3556
3557
3568
3571
3572
3576
3577
3577
3592
3593
3594
3594
3599
3601
3605
3614
3615
3615
3615
3616
3628
3629
3630
3630
3637
3637
3638
3640
3644
3644
3649
3649
3652
3652
3652
3652
3657
3658
3662
3662
3666
3666
3671
3674
3681
3688
3694
3699
3706
3708
3716
3717
3719
3720
3721
3729
3733
3740
3741
3745
3747
3748
3750
3754
3756
3756
3760
3770
3771
3773
3775
3776
3785
3791
3794
3795
3796
3805
3806
3807
3811
3817
3822
3828
3832
3836
3837
3845
3846
3847
3847
3852
3862
3867
3870
3871
3872
3880
3881
3882
3887
3891
3898
3904
3909
3912
3913
3919
3919
3920
3921
3926
3926
3926
3929
3936
3938
3940
3942
3948
3954
3955
3961
3962
3969
3970
3971
3974
3977
3980
3980
3986
3986
3988
3990
3991
3999
4002
4012
4015
4019
4020
4027
4032
4036
4044
4048
4048
4049
4049
4054
4055
4056
4059
4065
4072
4073
4073
4073
4078
4085
4085
4098
4104
4108
4108
4116
4120
4138
4139
4140
4140
4144
4150
4160
4173
4173
4175
4180
4181
4185
4199
4199
4205
4209
4209
4213
4215
4215
4216
4216
4220
4221
4222
4224
4231
4235
4244
4245
4248
4254
4255
4258
4276
4286
4290
4293
4297
4299
4299
4308
4309
4314
4315
4320
4326
4330
4331
4332
4332
4333
4333
4334
4337
4340
4348
4348
4350
4351
4357
4363
4372
4385
4390
4391
4394
4400
4401
4409
4410
4411
4413
4417
4417
4418
4423
4423
4424
4424
4426
4434
4435
4435
4437
4440
4443
4451
4452
4453
4455
4461
4461
4461
4470
4476
4477
4477
4479
4489
4490
4491
4491
4497
4498
4499
4500
4502
4506
4507
4518
4518
4532
4534
4535
4537
4540
4541
4542
4552
4555
4560
4564
4566
4568
4569
4578
4581
4583
4584
4584
4585
4587
4588
4588
4592
4594
4599
4605
4606
4611
4612
4621
4621
4621
4622
4622
4622
4624
4625
4626
4628
4628
4632
4634
4634
4635
4639
4641
4643
4650
4651
4655
4656
4658
4661
4662
4663
4665
4667
4675
4676
4676
4677
4677
4682
4682
4685
4687
4687
4689
4690
4690
4693
4696
4699
4703
4706
4709
4717
4722
4724
4726
4726
4733
4736
4737
4738
4746
4752
4763
4764
4771
4774
4776
4778
4780
4782
4791
4797
4797
4798
4801
4802
4803
4808
4811
4834
4838
4840
4841
4841
4841
4842
4846
4847
4855
4856
4856
4858
4858
4861
4864
4872
4878
4879
4880
4883
4883
4887
4888
4893
4906
4908
4911
4916
4918
4919
4920
4920
4923
4925
4939
4945
4947
4949
4950
4955
4957
4958
4963
4970
4971
4972
4979
4994
4995
4999
5009
5015
5019
5020
5035
5037
5045
5045
5047
5047
5054
5055
5056
5057
5060
5063
5069
5076
5079
5081
5085
5095
5098
5098
5099
5102
5105
5106
5109
5114
5119
5120
5124
5124
5128
5130
5131
5135
5135
5145
5157
5168
5169
5178
5178
5181
5187
5191
5194
5213
5217
5220
5224
5225
5227
5230
5232
5233
5234
5238
5238
5244
5245
5247
5253
5254
5254
5256
5260
5260
5265
5273
5274
5276
5277
5277
5279
5283
5284
5286
5288
5293
5296
5296
5297
5297
5298
5302
5306
5308
5310
5310
5322
5324
5325
5330
5334
5334
5336
5338
5339
5339
5339
5345
5347
5349
5351
5360
5363
5363
5366
5372
5374
5377
5378
5378
5379
5379
5385
5387
5390
5391
5391
5395
5400
5401
5402
5403
5407
5410
5410
5411
5412
5416
5417
5433
5434
5437
5443
5453
5454
5456
5461
5463
5464
5466
5466
5473
5477
5480
5481
5491
5498
5500
5508
5509
5513
5515
5518
5518
5518
5521
5529
5534
5539
5544
5545
5548
5550
5555
5563
5568
5572
5573
5586
5586
5587
5597
5606
5606
5607
5611
5614
5617
5623
5623
5624
5626
5633
5633
5664
5665
5670
5671
5684
5688
5692
5698
5700
5702
5705
5709
5711
5711
5712
5718
5720
5721
5723
5724
5730
5731
5732
5735
5735
5737
5738
5739
5739
5742
5743
5744
5745
5757
5760
5764
5768
5769
5774
5780
5786
5786
5787
5791
5796
5797
5806
5809
5810
5814
5815
5820
5822
5827
5830
5831
5837
5842
5853
5856
5857
5859
5860
5860
5862
5863
5863
5864
5865
5869
5875
5886
5887
5889
5892
5896
5897
5899
5901
5903
5912
5923
5930
5931
5933
5933
5933
5934
5935
5945
5950
5957
5957
5960
5961
5964
5967
5969
5973
5974
5975
5977
5979
5980
5981
5986
5991
5991
6006
6012
6016
6016
6017
6017
6021
6024
6032
6038
6040
6041
6045
6045
6045
6046
6046
6048
6054
6055
6058
6058
6060
6062
6071
6076
6076
6082
6085
6086
6090
6097
6111
6111
6115
6117
6120
6124
6134
6140
6143
6153
6155
6166
6170
6171
6176
6177
6183
6188
6188
6191
6192
6193
6203
6207
6207
6212
6213
6216
6217
6225
6227
6228
6229
6229
6238
6239
6254
6255
6256
6260
6260
6260
6273
6277
6284
6285
6287
6289
6289
6289
6290
6298
6299
6301
6305
6310
6311
6314
6316
6318
6319
6320
6321
6323
6324
6324
6327
6330
6335
6343
6345
6348
6350
6354
6355
6359
6359
6360
6363
6365
6372
6372
6374
6375
6376
6381
6385
6387
6391
6394
6403
6405
6407
6421
6423
6427
6434
6439
6446
6447
6452
6457
6461
6464
6469
6473
6473
6473
6474
6476
6480
6482
6489
6490
6491
6491
6494
6498
6500
6502
6506
6507
6516
6518
6518
6521
6524
6529
6538
6540
6548
6557
6566
6569
6570
6573
6580
6582
6585
6587
6589
6593
6601
6601
6603
6606
6607
6608
6609
6613
6625
6631
6634
6638
6639
6649
6655
6655
6657
6659
6665
6665
6666
6666
6668
6669
6674
6679
6680
6683
6699
6701
6708
6717
6720
6721
6725
6726
6728
6733
6736
6737
6739
6739
6747
6751
6751
6754
6754
6758
6760
6762
6762
6762
6768
6770
6775
6776
6789
6791
6793
6797
6800
6803
6805
6808
6811
6814
6818
6823
6823
6830
6832
6836
6838
6840
6843
6844
6848
6848
6849
6850
6855
6867
6868
6870
6875
6882
6883
6885
6885
6885
6886
6886
6887
6888
6891
6893
6894
6900
6900
6903
6909
6914
6924
6925
6934
6935
6935
6937
6951
6956
6957
6957
6963
6964
6965
6978
6986
6994
6998
6999
7001
7007
7010
7012
7013
7014
7016
7017
7017
7022
7023
7024
7025
7027
7031
7031
7035
7039
7041
7046
7050
7052
7052
7054
7054
7055
7057
7061
7069
7074
7074
7077
7089
7093
7094
7098
7099
7099
7102
7108
7110
7111
7115
7119
7137
7138
7139
7144
7144
7145
7148
7150
7152
7154
7164
7164
7167
7174
7190
7194
7208
7215
7219
7219
7237
7240
7245
7245
7248
7249
7250
7251
7253
7253
7261
7268
7270
7271
7286
7287
7289
7294
7296
7299
7306
7310
7311
7321
7322
7334
7335
7338
7349
7349
7351
7352
7352
7352
7354
7357
7358
7359
7364
7364
7366
7366
7372
7380
7381
7387
7391
7391
7406
7406
7408
7409
7410
7411
7413
7414
7416
7420
7426
7428
7431
7431
7431
7435
7437
7445
7457
7459
7462
7463
7465
7475
7477
7483
7483
7497
7502
7502
7521
7523
7529
7531
7532
7536
7539
7541
7542
7544
7550
7550
7556
7558
7559
7560
7562
7562
7562
7564
7565
7571
7573
7576
7581
7589
7593
7595
7596
7596
7604
7607
7608
7610
7620
7620
7621
7622
7624
7629
7634
7643
7654
7665
7668
7673
7674
7676
7676
7680
7680
7683
7685
7686
7688
7691
7692
7693
7699
7702
7702
7707
7720
7731
7732
7734
7740
7740
7747
7747
7748
7755
7758
7758
7758
7759
7764
7766
7766
7768
7772
7773
7775
7775
7782
7783
7787
7787
7790
7790
7792
7796
7796
7797
7809
7810
7810
7813
7814
7826
7830
7833
7839
7851
7852
7853
7859
7861
7865
7868
7874
7875
7876
7880
7882
7885
7890
7892
7896
7899
7903
7908
7908
7910
7917
7920
7923
7924
7932
7934
7937
7940
7941
7948
7961
7961
7963
7964
7965
7976
7979
7984
7985
7986
7987
7988
7995
7997
7998
7999
8000
8002
8005
8008
8008
8016
8016
8016
8017
8017
8020
8023
8030
8031
8035
8036
8038
8041
8042
8043
8044
8045
8056
8059
8062
8067
8072
8078
8084
8084
8090
8090
8093
8099
8106
8118
8119
8123
8126
8127
8134
8136
8142
8149
8153
8155
8168
8172
8174
8179
8186
8188
8188
8190
8193
8195
8202
8208
8209
8210
8211
8215
8215
8222
8222
8222
8223
8231
8233
8241
8243
8245
8251
8252
8253
8258
8261
8262
8263
8269
8271
8278
8283
8284
8285
8286
8288
8289
8290
8290
8296
8296
8300
8302
8302
8309
8312
8320
8322
8323
8327
8338
8341
8341
8342
8347
8350
8351
8357
8360
8360
8362
8363
8370
8374
8379
8385
8389
8394
8396
8396
8402
8410
8415
8416
8421
8422
8424
8424
8428
8432
8440
8446
8446
8447
8448
8453
8457
8458
8458
8459
8462
8466
8466
8469
8469
8469
8470
8470
8470
8473
8475
8475
8476
8488
8491
8501
8502
8503
8511
8525
8526
8526
8531
8532
8534
8544
8554
8555
8557
8558
8560
8562
8566
8567
8567
8569
8571
8571
8572
8578
8580
8588
8591
8593
8601
8603
8609
8610
8610
8618
8621
8621
8627
8628
8632
8636
8640
8642
8643
8654
8654
8654
8655
8656
8657
8667
8671
8673
8679
8680
8682
8682
8704
8706
8709
8716
8718
8720
8720
8721
8722
8723
8730
8731
8734
8735
8736
8740
8741
8741
8742
8744
8752
8755
8757
8758
8760
8764
8767
8767
8767
8772
8775
8786
8788
8788
8804
8805
8810
8812
8812
8812
8814
8816
8817
8819
8824
8826
8827
8833
8834
8840
8844
8845
8845
8845
8847
8852
8854
8856
8858
8860
8861
8861
8873
8880
8888
8890
8899
8907
8920
8921
8924
8929
8931
8932
8939
8945
8946
8947
8947
8951
8954
8958
8962
8966
8966
8967
8969
8974
8986
8988
8991
8995
8995
8995
9004
9006
9012
9017
9019
9022
9022
9022
9023
9033
9038
9041
9045
9047
9048
9052
9054
9054
9058
9069
9069
9070
9073
9074
9076
9079
9085
9091
9098
9104
9106
9113
9115
9117
9118
9130
9134
9137
9139
9139
9146
9147
9149
9149
9150
9156
9156
9157
9163
9165
9167
9169
9170
9171
9171
9174
9185
9188
9190
9195
9196
9198
9201
9202
9204
9205
9209
9212
9213
9216
9222
9228
9228
9228
9229
9232
9232
9234
9236
9237
9237
9238
9239
9245
9247
9247
9252
9268
9271
9286
9290
9291
9292
9294
9297
9305
9313
9315
9319
9322
9322
9323
9324
9326
9326
9326
9326
9330
9333
9336
9337
9337
9340
9349
9350
9359
9361
9361
9362
9376
9376
9394
9399
9400
9404
9407
9408
9411
9417
9417
9417
9417
9417
9438
9443
9443
9444
9446
9447
9449
9457
9458
9459
9459
9460
9463
9465
9473
9474
9483
9487
9491
9493
9503
9504
9504
9509
9510
9510
9512
9513
9522
9523
9534
9544
9544
9548
9552
9552
9555
9559
9560
9567
9568
9569
9572
9573
9574
9578
9579
9584
9592
9594
9594
9594
9605
9608
9611
9612
9615
9622
9622
9626
9632
9635
9635
9642
9642
9644
9644
9656
9657
9658
9662
9664
9666
9680
9681
9690
9701
9702
9705
9710
9714
9715
9718
9721
9724
9725
9725
9734
9735
9736
9741
9750
9755
9755
9755
9757
9761
9763
9769
9777
9780
9780
9785
9787
9792
9794
9800
9802
9803
9806
9807
9808
9811
9812
9828
9833
9835
9839
9842
9844
9854
9855
9859
9881
9881
9886
9887
9891
9891
9893
9898
9905
9907
9911
9912
9925
9930
9936
9940
9942
9943
9945
9945
9949
9955
9955
9956
9958
9958
9960
9961
9970
9972
9974
9975
9980
9982
9986
9996
9996
9997
10002
10003
10005
10007
10007
10010
10010
10011
10013
10014
10020
10024
10029
10038
10049
10055
10059
10062
10063
10066
10069
10072
10072
10076
10088
10094
10108
10111
10112
10114
10116
10120
10123
10128
10130
10133
10137
10138
10140
10143
10145
10147
10149
10164
10165
10168
10169
10169
10172
10173
10173
10175
10177
10178
10182
10184
10187
10193
10194
10194
10200
10201
10203
10207
10213
10214
10223
10224
10233
10233
10233
10238
10239
10244
10256
10261
10261
10263
10266
10268
10269
10271
10272
10277
10283
10284
10288
10303
10305
10305
10310
10310
10312
10325
10325
10325
10331
10335
10342
10343
10343
10343
10345
10348
10351
10352
10353
10353
10354
10355
10359
10370
10376
10378
10379
10380
10386
10389
10390
10402
10407
10407
10409
10409
10417
10424
10426
10426
10430
10431
10441
10442
10443
10452
10454
10456
10459
10460
10463
10466
10470
10470
10473
10477
10479
10480
10481
10485
10486
10488
10495
10500
10509
10509
10511
10513
10514
10516
10522
10525
10529
10530
10534
10543
10545
10548
10548
10548
10549
10549
10551
10552
10552
10553
10555
10559
10562
10563
10564
10567
10567
10570
10574
10579
10582
10583
10590
10599
10602
10603
10604
10605
10606
10609
10610
10614
10619
10620
10621
10621
10622
10626
10631
10637
10637
10642
10643
10649
10654
10658
10658
10665
10665
10665
10667
10668
10669
10671
10673
10673
10674
10677
10680
10681
10689
10690
10693
10697
10697
10700
10702
10703
10704
10711
10714
10716
10721
10724
10725
10728
10731
10734
10741
10742
10742
10746
10749
10750
10758
10760
10767
10768
10770
10771
10772
10774
10783
10787
10792
10793
10799
10801
10806
10813
10821
10821
10822
10824
10825
10826
10828
10833
10835
10839
10842
10842
10846
10847
10848
10853
10854
10863
10863
10866
10869
10870
10875
10875
10880
10880
10898
10908
10912
10927
10934
10940
10941
10954
10956
10958
10966
10969
10973
10977
10981
10985
10986
10989
10996
11002
11003
11005
11008
11009
11015
11021
11022
11023
11023
11028
11029
11030
11037
11037
11038
11045
11047
11050
11057
11059
11061
11062
11063
11065
11068
11070
11072
11072
11074
11076
11080
11083
11087
11088
11089
11089
11093
11103
11107
11108
11119
11120
11123
11135
11139
11143
11145
11147
11153
11158
11161
11163
11166
11168
11169
11171
11182
11187
11199
11204
11205
11205
11207
11208
11213
11219
11224
11228
11230
11231
11231
11248
11251
11257
11258
11260
11268
11270
11272
11272
11279
11280
11281
11282
11283
11288
11288
11295
11297
11298
11305
11305
11310
11325
11332
11336
11336
11337
11339
11340
11341
11348
11350
11350
11351
11352
11354
11359
11363
11365
11369
11373
11376
11379
11380
11381
11382
11383
11385
11387
11387
11389
11396
11400
11403
11403
11405
11406
11412
11413
11414
11415
11417
11421
11423
11426
11435
11436
11440
11441
11441
11442
11444
11444
11449
11456
11457
11457
11457
11457
11459
11459
11463
11466
11472
11473
11475
11478
11478
11482
11483
11488
11488
11489
11491
11491
11500
11504
11507
11509
11512
11513
11521
11522
11522
11529
11530
11538
11541
11546
11548
11564
11565
11570
11583
11583
11591
11592
11592
11601
11605
11606
11610
11610
11613
11624
11627
11627
11629
11630
11636
11639
11644
11650
11653
11655
11658
11658
11659
11661
11662
11665
11669
11680
11680
11687
11688
11689
11692
11695
11699
11701
11701
11701
11708
11714
11716
11720
11720
11720
11725
11728
11740
11741
11746
11747
11750
11759
11761
11775
11777
11777
11787
11788
11788
11791
11791
11796
11797
11806
11813
11816
11819
11822
11827
11838
11845
11851
11867
11870
11872
11876
11876
11883
11890
11890
11895
11903
11904
11904
11906
11909
11912
11914
11923
11923
11924
11925
11939
11940
11941
11945
11952
11952
11952
11955
11957
11966
11966
11967
11968
11972
11972
11974
11977
11978
11979
11981
11984
11990
11998
11999
11999
12007
12008
12017
12019
12027
12039
12041
12055
12063
12077
12085
12085
12086
12086
12086
12090
12095
12098
12101
12104
12105
12105
12109
12112
12113
12114
12117
12125
12132
12142
12144
12149
12152
12154
12155
12158
12162
12164
12166
12166
12170
12170
12176
12178
12180
12186
12186
12188
12192
12192
12203
12210
12219
12222
12224
12226
12229
12235
12235
12241
12242
12243
12246
12250
12254
12260
12261
12268
12269
12270
12275
12283
12283
12284
12285
12288
12291
12308
12310
12310
12310
12311
12313
12319
12321
12327
12327
12331
12338
12338
12339
12350
12352
12352
12354
12354
12359
12359
12360
12361
12364
12365
12367
12370
12379
12382
12382
12383
12385
12391
12399
12400
12402
12404
12405
12406
12415
12417
12419
12435
12435
12436
12437
12439
12440
12441
12441
12442
12453
12454
12460
12464
12468
12470
12471
12471
12472
12474
12475
12480
12481
12481
12482
12484
12485
12486
12490
12490
12494
12495
12501
12510
12511
12516
12516
12517
12518
12529
12530
12530
12531
12536
12545
12549
12555
12557
12558
12562
12567
12571
12575
12577
12579
12580
12585
12585
12586
12588
12591
12591
12591
12594
12601
12606
12606
12607
12608
12618
12621
12622
12623
12625
12626
12630
12632
12636
12638
12639
12646
12649
12653
12654
12663
12663
12665
12668
12669
12670
12673
12675
12678
12684
12686
12696
12698
12707
12708
12712
12713
12713
12715
12718
12720
12721
12726
12726
12730
12731
12732
12733
12735
12738
12741
12742
12742
12746
12746
12752
12755
12759
12759
12760
12766
12771
12775
12777
12781
12791
12798
12808
12810
12812
12813
12822
12822
12825
12829
12834
12838
12841
12841
12844
12845
12849
12852
12864
12865
12867
12875
12879
12885
12886
12894
12895
12898
12901
12903
12916
12917
12918
12922
12923
12924
12925
12930
12931
12932
12935
12939
12944
12951
12952
12952
12954
12956
12957
12965
12974
12975
12978
12979
12986
12991
12992
12993
12994
12995
13004
13004
13012
13015
13016
13029
13032
13040
13042
13052
13053
13061
13062
13063
13065
13065
13065
13066
13067
13071
13071
13071
13077
13079
13091
13091
13093
13095
13102
13104
13105
13113
13113
13117
13120
13123
13129
13137
13138
13139
13142
13144
13160
13163
13164
13173
13175
13175
13175
13176
13184
13184
13189
13191
13192
13203
13203
13207
13208
13210
13211
13211
13218
13221
13221
13222
13224
13226
13227
13231
13242
13244
13246
13252
13272
13274
13275
13275
13276
13276
13277
13278
13280
13281
13286
13293
13294
13295
13295
13298
13300
13300
13303
13305
13305
13315
13319
13320
13321
13323
13327
13328
13335
13338
13342
13344
13347
13347
13347
13348
13350
13352
13354
13357
13362
13366
13367
13368
13372
13383
13384
13395
13397
13398
13400
13409
13409
13412
13412
13413
13413
13422
13429
13430
13435
13439
13443
13443
13445
13450
13457
13457
13459
13459
13464
13465
13476
13477
13479
13480
13482
13482
13486
13488
13495
13496
13496
13498
13503
13504
13508
13510
13511
13513
13529
13533
13533
13539
13543
13545
13547
13554
13557
13563
13564
13565
13578
13581
13594
13597
13600
13601
13604
13606
13609
13610
13612
13615
13624
13625
13631
13632
13635
13636
13637
13638
13640
13640
13640
13641
13646
13646
13646
13647
13658
13659
13668
13672
13679
13680
13681
13684
13685
13688
13689
13692
13693
13694
13695
13696
13698
13708
13711
13714
13718
13722
13722
13724
13733
13737
13737
13741
13743
13744
13744
13748
13754
13755
13759
13760
13769
13770
13772
13777
13786
13786
13795
13799
13801
13805
13805
13807
13809
13810
13812
13813
13817
13818
13818
13819
13819
13821
13826
13827
13828
13839
13840
13843
13848
13850
13851
13864
13866
13871
13873
13877
13877
13882
13883
13887
13889
13892
13892
13898
13898
13899
13900
13904
13918
13922
13922
13926
13928
13933
13935
13942
13943
13950
13953
13955
13955
13960
13962
13964
13966
13968
13971
13974
13975
13979
13979
13986
13989
13994
13995
13999
14000
14000
14015
14015
14020
14021
14021
14029
14030
14032
14033
14038
14041
14047
14049
14065
14066
14067
14079
14080
14092
14096
14096
14098
14098
14099
14104
14109
14113
14115
14116
14118
14118
14119
14119
14119
14120
14127
14131
14133
14139
14146
14146
14149
14150
14153
14157
14158
14159
14161
14167
14167
14177
14178
14186
14187
14187
14194
14199
14200
14210
14218
14218
14233
14239
14241
14242
14243
14246
14252
14252
14255
14258
14261
14270
14270
14271
14273
14273
14278
14279
14290
14294
14295
14296
14298
14301
14301
14309
14312
14314
14314
14323
14324
14327
14333
14339
14342
14349
14352
14355
14356
14373
14374
14375
14376
14385
14385
14385
14397
14398
14405
14420
14421
14424
14427
14434
14436
14436
14437
14439
14441
14447
14447
14457
14458
14459
14460
14466
14471
14472
14477
14477
14481
14482
14485
14491
14493
14498
14499
14506
14510
14510
14518
14524
14526
14528
14533
14536
14540
14546
14547
14555
14559
14566
14575
14575
14582
14589
14590
14591
14596
14606
14609
14618
14624
14625
14627
14627
14636
14637
14647
14657
14659
14662
14669
14670
14670
14672
14682
14684
14688
14692
14693
14695
14696
14697
14699
14703
14705
14712
14714
14717
14719
14719
14721
14723
14727
14730
14732
14733
14733
14734
14734
14739
14739
14745
14746
14755
14761
14763
14767
14772
14781
14783
14784
14784
14786
14786
14789
14789
14798
14800
14804
14809
14812
14812
14815
14819
14819
14823
14830
14832
14837
14837
14840
14842
14842
14844
14845
14845
14847
14847
14849
14851
14855
14859
14860
14863
14871
14876
14886
14891
14894
14897
14907
14908
14911
14919
14922
14926
14930
14932
14936
14942
14943
14950
14950
14951
14953
14955
14957
14958
14959
14964
14965
14971
14974
14980
14981
14982
14983
14986
14987
14996
15001
15005
15006
15008
15012
15013
15013
15015
15019
15020
15023
15032
15037
15042
15042
15053
15053
15058
15061
15062
15064
15065
15065
15065
15066
15069
15072
15076
15077
15077
15086
15087
15088
15089
15093
15095
15095
15095
15097
15097
15101
15102
15105
15113
15121
15124
15127
15128
15138
15140
15143
15148
15151
15152
15153
15156
15156
15157
15159
15165
15170
15175
15177
15185
15190
15192
15192
15194
15200
15209
15209
15210
15212
15218
15222
15224
15226
15229
15234
15238
15240
15251
15252
15255
15260
15264
15264
15276
15276
15280
15284
15285
15287
15288
15290
15294
15294
15294
15298
15298
15310
15312
15323
15324
15324
15327
15327
15331
15332
15337
15337
15340
15342
15343
15344
15348
15348
15350
15351
15356
15361
15363
15366
15367
15377
15379
15381
15381
15383
15384
15384
15385
15385
15390
15390
15390
15390
15393
15399
15400
15400
15401
15401
15403
15405
15408
15416
15418
15419
15420
15420
15421
15429
15440
15441
15443
15446
15446
15455
15455
15457
15458
15465
15468
15472
15473
15475
15481
15482
15485
15485
15489
15493
15494
15499
15499
15507
15511
15514
15515
15529
15531
15534
15535
15536
15536
15536
15543
15554
15568
15575
15578
15578
15579
15583
15584
15589
15590
15607
15607
15611
15621
15627
15637
15642
15643
15643
15644
15653
15653
15654
15664
15664
15665
15667
15669
15674
15675
15675
15677
15684
15687
15687
15687
15695
15695
15696
15703
15704
15705
15707
15709
15711
15712
15713
15714
15722
15722
15724
15725
15727
15727
15727
15732
15734
15734
15735
15736
15736
15737
15737
15737
15742
15744
15746
15746
15748
15753
15753
15761
15764
15765
15767
15769
15774
15775
15787
15789
15795
15806
15807
15809
15809
15809
15814
15817
15826
15828
15829
15834
15838
15845
15852
15856
15858
15861
15864
15865
15868
15868
15870
15872
15876
15876
15876
15881
15885
15888
15889
15898
15901
15903
15905
15906
15910
15917
15919
15919
15920
15921
15924
15927
15933
15937
15938
15947
15947
15955
15959
15961
15968
15968
15968
15968
15970
15976
15979
15982
15983
15984
15987
15996
16001
16001
16001
16003
16007
16009
16015
16018
16019
16026
16032
16035
16035
16042
16042
16043
16044
16046
16049
16056
16062
16063
16064
16066
16067
16081
16086
16091
16091
16092
16097
16098
16099
16121
16125
16134
16138
16139
16144
16146
16154
16154
16157
16159
16176
16180
16182
16182
16193
16195
16197
16197
16200
16213
16213
16214
16214
16215
16222
16223
16223
16227
16228
16231
16233
16233
16241
16247
16251
16256
16257
16258
16260
16274
16274
16285
16286
16287
16295
16298
16298
16299
16300
16301
16306
16312
16314
16318
16319
16319
16320
16320
16324
16326
16327
16332
16333
16340
16342
16343
16343
16352
16354
16357
16359
16359
16361
16367
16367
16368
16384
16384
16388
16391
16396
16397
16403
16405
16407
16409
16410
16422
16422
16428
16436
16439
16443
16450
16451
16458
16461
16462
16465
16467
16467
16470
16473
16474
16478
16480
16483
16484
16484
16486
16486
16488
16488
16488
16488
16492
16496
16496
16499
16499
16503
16503
16505
16511
16514
16516
16518
16521
16523
16524
16527
16533
16533
16534
16537
16548
16551
16556
16557
16571
16572
16576
16577
16580
16580
16582
16583
16586
16590
16590
16591
16591
16592
16595
16601
16604
16605
16609
16613
16615
16620
16620
16624
16627
16631
16634
16651
16652
16657
16662
16664
16665
16678
16681
16681
16683
16696
16699
16701
16710
16712
16729
16739
16745
16747
16749
16753
16756
16758
16761
16761
16762
16763
16766
16768
16771
16771
16776
16781
16784
16786
16792
16799
16808
16812
16818
16820
16820
16820
16821
16832
16834
16841
16843
16844
16848
16849
16851
16852
16855
16860
16862
16864
16864
16864
16867
16870
16874
16877
16877
16878
16883
16886
16886
16890
16891
16892
16900
16905
16907
16912
16917
16919
16922
16932
16956
16959
16964
16968
16968
16974
16977
16983
16984
16986
16986
16986
16993
16998
16999
17001
17003
17006
17009
17009
17010
17014
17014
17016
17016
17022
17025
17025
17030
17040
17042
17044
17045
17045
17054
17056
17060
17062
17063
17065
17069
17074
17078
17090
17094
17096
17100
17100
17103
17107
17108
17109
17114
17114
17115
17119
17121
17123
17127
17127
17128
17132
17135
17141
17145
17147
17150
17155
17158
17170
17170
17172
17177
17178
17180
17185
17192
17193
17195
17197
17200
17203
17203
17207
17208
17209
17220
17224
17226
17227
17237
17238
17242
17243
17246
17246
17247
17251
17259
17260
17261
17263
17266
17273
17277
17277
17284
17289
17289
17290
17292
17293
17293
17296
17298
17305
17306
17308
17312
17318
17321
17329
17331
17341
17352
17363
17368
17369
17372
17377
17379
17381
17383
17383
17384
17385
17389
17391
17392
17400
17413
17415
17417
17419
17420
17423
17424
17426
17426
17426
17426
17426
17427
17427
17428
17429
17434
17442
17446
17447
17447
17448
17452
17453
17454
17460
17463
17470
17473
17479
17479
17484
17491
17492
17493
17500
17503
17503
17503
17506
17511
17514
17516
17519
17524
17537
17540
17540
17543
17548
17551
17556
17559
17559
17559
17561
17563
17565
17566
17566
17569
17571
17574
17590
17591
17593
17593
17593
17605
17607
17607
17610
17616
17624
17625
17627
17633
17633
17635
17636
17636
17639
17643
17644
17644
17655
17660
17661
17661
17665
17666
17671
17671
17675
17681
17690
17692
17697
17701
17714
17715
17722
17725
17725
17728
17729
17731
17731
17733
17734
17738
17738
17738
17740
17748
17754
17755
17755
17758
17760
17763
17765
17771
17772
17772
17780
17787
17791
17800
17806
17808
17815
17829
17832
17833
17835
17836
17837
17839
17839
17841
17847
17849
17849
17857
17860
17863
17865
17866
17867
17871
17873
17877
17882
17882
17885
17888
17889
17889
17889
17894
17902
17904
17905
17907
17907
17911
17917
17923
17924
17932
17934
17941
17942
17943
17945
17951
17961
17967
17978
17981
17982
17982
17986
17987
17988
17996
18001
18001
18002
18007
18008
18014
18016
18017
18021
18030
18047
18049
18053
18057
18058
18060
18068
18069
18071
18075
18081
18081
18093
18095
18097
18098
18100
18107
18111
18118
18119
18122
18128
18133
18137
18139
18139
18142
18143
18143
18147
18156
18158
18161
18166
18169
18170
18171
18172
18175
18189
18190
18198
18200
18207
18208
18209
18209
18209
18219
18224
18232
18234
18235
18235
18236
18236
18238
18240
18241
18243
18245
18247
18252
18252
18253
18254
18256
18262
18265
18267
18277
18278
18279
18279
18281
18283
18284
18290
18291
18295
18297
18297
18297
18300
18304
18304
18307
18311
18311
18311
18313
18316
18319
18322
18329
18337
18346
18352
18355
18361
18366
18368
18371
18378
18381
18381
18382
18382
18383
18385
18390
18391
18393
18393
18400
18408
18409
18415
18415
18415
18418
18419
18425
18425
18425
18427
18428
18428
18431
18431
18439
18447
18460
18462
18464
18467
18469
18470
18471
18479
18483
18484
18487
18488
18489
18498
18503
18505
18509
18509
18511
18520
18522
18525
18534
18541
18559
18559
18564
18569
18571
18578
18579
18583
18585
18585
18589
18595
18599
18605
18614
18614
18622
18627
18628
18630
18631
18634
18639
18640
18641
18645
18646
18647
18647
18647
18648
18655
18656
18663
18671
18674
18675
18676
18688
18688
18690
18704
18707
18718
18727
18730
18732
18733
18736
18739
18740
18740
18740
18743
18747
18752
18766
18767
18773
18775
18778
18785
18785
18786
18788
18794
18795
18797
18800
18809
18815
18815
18816
18818
18820
18822
18828
18837
18838
18843
18845
18858
18864
18865
18866
18869
18871
18873
18874
18880
18880
18880
18885
18891
18892
18894
18895
18901
18902
18902
18906
18910
18915
18918
18927
18929
18939
18940
18943
18944
18948
18953
18967
18978
18979
18981
18984
18987
19006
19012
19014
19016
19034
19038
19040
19041
19049
19049
19053
19054
19055
19062
19063
19067
19070
19073
19074
19074
19080
19090
19094
19094
19094
19094
19099
19099
19106
19107
19107
19112
19113
19115
19120
19131
19132
19132
19138
19140
19141
19142
19145
19149
19150
19152
19154
19158
19166
19169
19169
19175
19184
19187
19188
19188
19191
19198
19206
19209
19216
19219
19226
19228
19228
19233
19241
19241
19242
19248
19249
19257
19259
19260
19263
19268
19270
19275
19282
19284
19287
19291
19293
19302
19306
19310
19315
19319
19319
19326
19330
19331
19333
19339
19347
19348
19364
19367
19370
19370
19373
19376
19387
19387
19390
19393
19393
19394
19406
19406
19407
19409
19411
19411
19415
19417
19418
19422
19423
19428
19429
19434
19435
19436
19439
19440
19440
19448
19452
19461
19463
19463
19469
19477
19479
19487
19487
19489
19489
19493
19495
19500
19506
19507
19510
19514
19518
19520
19522
19528
19530
19530
19533
19534
19538
19542
19543
19547
19547
19549
19551
19552
19558
19561
19562
19564
19573
19586
19586
19587
19587
19588
19594
19597
19599
19604
19605
19609
19611
19625
19626
19628
19629
19635
19640
19642
19646
19647
19649
19650
19651
19652
19652
19653
19654
19658
19658
19662
19664
19665
19669
19669
19672
19679
19683
19684
19691
19693
19694
19698
19700
19705
19708
19711
19715
19718
19719
19719
19722
19723
19724
19724
19724
19728
19732
19733
19745
19749
19751
19753
19754
19766
19768
19771
19772
19773
19774
19775
19775
19775
19775
19776
19777
19779
19781
19781
19786
19788
19800
19800
19802
19804
19809
19812
19825
19826
19828
19834
19836
19843
19848
19852
19852
19852
19854
19859
19862
19862
19872
19880
19881
19883
19884
19885
19887
19888
19894
19898
19898
19902
19902
19907
19908
19914
19920
19922
19923
19928
19932
19933
19933
19953
19965
19966
19967
19970
19970
19971
19974
19977
19978
19983
19986
19993
19995
19995
19997
20000
20001
20002
20002
20003
20003
20018
20024
20030
20039
20044
20051
20052
20062
20065
20066
20067
20069
20071
20071
20072
20076
20078
20085
20086
20088
20090
20091
20092
20093
20094
20096
20099
20100
20101
20102
20102
20102
20109
20112
20114
20117
20118
20119
20120
20122
20127
20129
20131
20131
20135
20143
20148
20158
20166
20166
20168
20188
20189
20190
20196
20197
20197
20199
20202
20207
20208
20214
20215
20215
20221
20223
20224
20224
20235
20241
20242
20244
20244
20249
20251
20259
20268
20270
20275
20278
20279
20286
20287
20290
20291
20291
20292
20298
20302
20322
20327
20332
20333
20338
20339
20341
20342
20342
20348
20351
20353
20354
20357
20359
20359
20363
20367
20368
20375
20380
20384
20385
20391
20397
20402
20403
20405
20408
20412
20413
20414
20415
20417
20424
20424
20425
20427
20434
20434
20440
20445
20447
20447
20450
20450
20453
20455
20457
20460
20461
20464
20465
20467
20469
20471
20471
20472
20476
20476
20479
20488
20503
20504
20504
20508
20511
20514
20516
20517
20518
20520
20525
20526
20528
20541
20544
20544
20546
20548
20551
20554
20563
20567
20581
20583
20583
20585
20587
20589
20600
20601
20604
20605
20612
20621
20621
20622
20623
20625
20626
20628
20629
20630
20633
20637
20643
20644
20650
20650
20657
20657
20659
20661
20665
20665
20666
20666
20667
20668
20680
20700
20700
20702
20703
20705
20709
20709
20714
20714
20717
20718
20718
20718
20719
20723
20729
20736
20737
20740
20741
20744
20751
20755
20759
20759
20764
20767
20769
20773
20783
20783
20792
20796
20801
20804
20813
20816
20818
20834
20839
20849
20850
20852
20857
20858
20860
20860
20863
20864
20864
20869
20870
20873
20875
20876
20883
20884
20891
20891
20892
20894
20896
20920
20921
20922
20922
20923
20925
20926
20926
20927
20935
20935
20937
20939
20940
20947
20950
20951
20954
20962
20976
20980
20980
20985
20985
20987
20988
20989
20990
20994
20999
21004
21012
21012
21019
21020
21020
21025
21033
21033
21034
21037
21039
21040
21041
21045
21052
21055
21073
21073
21075
21075
21079
21080
21085
21086
21098
21104
21107
21112
21112
21112
21113
21116
21117
21121
21126
21139
21139
21142
21143
21143
21146
21146
21148
21148
21149
21154
21156
21161
21163
21164
21165
21165
21172
21172
21178
21188
21191
21192
21195
21197
21197
21198
21200
21200
21210
21214
21221
21226
21229
21232
21234
21242
21244
21246
21253
21254
21255
21256
21257
21261
21263
21267
21268
21270
21271
21276
21280
21281
21283
21285
21287
21290
21297
21297
21299
21314
21319
21323
21331
21331
21334
21336
21336
21337
21337
21342
21342
21344
21345
21346
21347
21347
21350
21357
21359
21362
21366
21369
21370
21370
21373
21377
21379
21381
21384
21387
21389
21391
21391
21392
21396
21403
21408
21412
21413
21416
21416
21422
21423
21433
21433
21435
21445
21445
21448
21451
21454
21461
21461
21463
21464
21473
21473
21474
21479
21480
21481
21481
21483
21483
21488
21491
21491
21493
21497
21498
21501
21501
21505
21509
21517
21518
21519
21521
21523
21524
21525
21527
21532
21534
21538
21538
21543
21549
21549
21554
21556
21559
21566
21567
21570
21574
21578
21589
21591
21591
21592
21593
21599
21603
21604
21607
21616
21621
21621
21624
21624
21627
21631
21632
21636
21650
21652
21657
21663
21670
21671
21675
21676
21678
21683
21688
21690
21693
21694
21695
21715
21716
21720
21721
21722
21724
21728
21729
21732
21736
21739
21741
21750
21750
21752
21755
21758
21759
21763
21766
21768
21769
21777
21777
21778
21784
21788
21788
21788
21795
21795
21796
21799
21801
21814
21815
21824
21824
21829
21831
21833
21843
21847
21849
21853
21853
21856
21860
21860
21865
21866
21868
21868
21868
21876
21876
21882
21888
21890
21890
21895
21897
21901
21905
21905
21907
21908
21912
21916
21917
21920
21922
21922
21922
21925
21927
21929
21934
21944
21946
21947
21947
21951
21954
21959
21966
21982
21985
21985
21986
21988
21990
21990
21991
21991
21992
21994
21995
22003
22005
22008
22009
22011
22014
22019
22024
22024
22026
22029
22032
22034
22035
22041
22048
22049
22054
22057
22059
22060
22061
22062
22070
22072
22072
22081
22083
22087
22088
22093
22097
22103
22105
22106
22106
22108
22109
22109
22114
22114
22115
22115
22115
22116
22117
22120
22121
22128
22132
22133
22134
22136
22143
22160
22161
22162
22163
22167
22174
22178
22179
22180
22182
22188
22190
22192
22197
22206
22206
22210
22216
22217
22218
22223
22223
22232
22234
22236
22247
22254
22255
22259
22261
22265
22269
22274
22275
22278
22290
22294
22294
22297
22299
22301
22301
22304
22306
22310
22312
22313
22313
22314
22315
22320
22326
22330
22331
22333
22335
22345
22347
22353
22357
22364
22366
22368
22369
22372
22373
22376
22378
22382
22388
22390
22392
22393
22393
22398
22403
22405
22410
22412
22417
22418
22419
22422
22422
22423
22425
22426
22430
22432
22444
22449
22456
22458
22466
22467
22469
22470
22473
22474
22474
22475
22477
22479
22481
22481
22482
22488
22489
22490
22491
22491
22511
22516
22521
22523
22529
22533
22536
22540
22541
22545
22546
22550
22551
22572
22575
22576
22577
22579
22584
22594
22595
22596
22597
22599
22602
22606
22609
22620
22622
22622
22626
22630
22630
22638
22644
22645
22647
22651
22663
22664
22669
22670
22671
22684
22684
22686
22699
22699
22716
22721
22721
22723
22724
22725
22728
22728
22731
22732
22739
22743
22754
22754
22771
22774
22790
22797
22801
22804
22804
22809
22811
22818
22820
22821
22822
22828
22831
22831
22838
22844
22844
22848
22849
22849
22854
22867
22869
22872
22878
22880
22880
22884
22885
22887
22888
22890
22891
22892
22899
22902
22905
22910
22913
22915
22917
22924
22925
22929
22930
22935
22936
22937
22947
22953
22953
22956
22959
22960
22961
22972
22978
22979
22981
22982
22990
22990
22995
22997
23006
23009
23009
23010
23012
23012
23017
23018
23022
23023
23023
23025
23026
23027
23028
23030
23030
23031
23031
23032
23039
23040
23044
23046
23046
23048
23051
23053
23055
23058
23061
23069
23069
23070
23071
23084
23088
23091
23092
23094
23102
23113
23114
23114
23117
23120
23125
23130
23134
23140
23141
23142
23149
23153
23155
23156
23160
23160
23161
23165
23168
23168
23172
23175
23179
23180
23182
23183
23187
23189
23192
23201
23203
23204
23214
23219
23219
23221
23229
23234
23235
23238
23240
23250
23261
23267
23270
23275
23276
23281
23285
23285
23293
23294
23301
23304
23312
23315
23317
23322
23323
23327
23327
23333
23338
23340
23346
23348
23348
23351
23354
23359
23363
23365
23365
23370
23374
23375
23384
23386
23392
23395
23405
23415
23416
23427
23428
23433
23437
23438
23438
23444
23446
23449
23450
23458
23469
23474
23475
23480
23484
23484
23485
23487
23487
23490
23494
23499
23499
23501
23502
23503
23503
23507
23512
23523
23525
23529
23538
23542
23544
23553
23557
23564
23568
23569
23572
23576
23584
23589
23593
23602
23604
23618
23618
23624
23624
23629
23629
23632
23633
23638
23639
23641
23649
23649
23649
23653
23653
23653
23660
23662
23665
23667
23670
23684
23689
23693
23697
23698
23700
23701
23701
23702
23709
23709
23711
23717
23720
23724
23732
23734
23741
23752
23758
23763
23767
23769
23771
23772
23772
23774
23778
23779
23779
23779
23781
23781
23782
23785
23787
23788
23796
23800
23807
23807
23808
23814
23821
23822
23824
23836
23837
23842
23843
23845
23846
23853
23853
23854
23865
23868
23869
23875
23877
23879
23880
23884
23891
23891
23897
23906
23909
23916
23918
23921
23924
23929
23931
23935
23937
23941
23951
23953
23955
23955
23962
23964
23966
23967
23968
23971
23975
23983
23988
23992
23992
23994
24000
24000
24000
24003
24009
24017
24017
24022
24026
24028
24032
24034
24036
24040
24044
24046
24053
24057
24065
24067
24069
24069
24070
24072
24074
24074
24078
24082
24084
24085
24088
24089
24092
24093
24094
24094
24095
24097
24106
24113
24116
24119
24120
24121
24121
24133
24134
24142
24144
24147
24150
24157
24158
24160
24161
24161
24163
24164
24168
24173
24173
24174
24177
24181
24182
24183
24184
24189
24204
24204
24207
24209
24211
24215
24216
24224
24224
24226
24229
24233
24239
24240
24242
24247
24248
24249
24250
24255
24258
24261
24262
24267
24269
24271
24271
24271
24273
24276
24277
24277
24277
24279
24293
24296
24297
24298
24299
24301
24302
24303
24305
24306
24307
24308
24312
24321
24325
24325
24336
24343
24345
24353
24353
24356
24359
24361
24361
24367
24370
24374
24376
24385
24385
24390
24393
24395
24395
24398
24400
24400
24401
24402
24406
24408
24408
24415
24416
24421
24423
24423
24425
24427
24436
24439
24447
24448
24454
24454
24456
24457
24457
24461
24462
24463
24463
24476
24479
24480
24493
24501
24503
24504
24507
24510
24512
24515
24523
24527
24530
24530
24531
24532
24532
24535
24538
24539
24541
24547
24552
24555
24583
24586
24587
24588
24588
24591
24592
24594
24597
24598
24607
24611
24617
24619
24632
24633
24637
24640
24656
24661
24664
24665
24667
24669
24673
24678
24680
24683
24688
24688
24691
24698
24704
24704
24706
24709
24712
24712
24715
24724
24725
24726
24727
24727
24728
24733
24735
24750
24751
24755
24764
24772
24783
24785
24787
24791
24794
24797
24800
24802
24803
24804
24811
24812
24812
24818
24821
24823
24832
24832
24833
24834
24834
24835
24837
24842
24843
24844
24846
24849
24849
24853
24853
24860
24867
24867
24867
24869
24871
24873
24876
24878
24884
24888
24889
24890
24897
24899
24903
24905
24907
24909
24909
24909
24913
24915
24916
24920
24926
24938
24942
24945
24947
24955
24957
24959
24960
24964
24971
24978
24983
24984
24994
24997
24998
25005
25006
25007
25009
25011
25017
25020
25033
25036
25038
25040
25048
25055
25057
25063
25064
25067
25073
25073
25092
25092
25094
25101
25104
25109
25113
25115
25115
25116
25119
25120
25123
25124
25125
25126
25132
25133
25138
25139
25143
25145
25148
25156
25157
25161
25170
25176
25178
25179
25183
25190
25191
25196
25199
25200
25212
25217
25220
25220
25228
25229
25231
25231
25240
25241
25244
25244
25253
25255
25256
25258
25260
25261
25262
25266
25268
25270
25273
25276
25278
25280
25281
25284
25286
25293
25295
25299
25299
25303
25305
25307
25310
25319
25323
25326
25328
25331
25332
25332
25335
25341
25346
25351
25354
25355
25356
25359
25360
25365
25366
25368
25369
25369
25370
25371
25371
25373
25377
25378
25385
25389
25403
25407
25412
25415
25415
25416
25417
25417
25418
25420
25420
25420
25424
25430
25430
25430
25431
25434
25435
25447
25448
25459
25462
25464
25465
25468
25476
25477
25481
25484
25484
25485
25493
25496
25499
25500
25507
25509
25510
25517
25523
25524
25524
25525
25527
25530
25532
25533
25534
25539
25546
25547
25550
25557
25557
25560
25565
25566
25570
25577
25583
25585
25585
25595
25612
25614
25616
25618
25620
25621
25626
25627
25630
25632
25634
25636
25636
25637
25637
25638
25640
25645
25647
25651
25651
25652
25660
25660
25660
25662
25667
25676
25679
25680
25682
25687
25690
25690
25691
25691
25704
25705
25712
25716
25721
25722
25729
25731
25735
25737
25738
25739
25744
25747
25755
25756
25757
25758
25760
25772
25774
25774
25780
25785
25787
25788
25791
25797
25799
25801
25804
25804
25804
25805
25807
25808
25808
25813
25818
25818
25822
25843
25846
25850
25854
25858
25858
25865
25866
25867
25867
25867
25868
25868
25886
25887
25891
25892
25893
25896
25906
25907
25910
25913
25914
25915
25917
25918
25921
25923
25942
25943
25947
25966
25970
25970
25970
25976
25977
25979
25979
25989
25990
25991
25992
25996
25998
25999
25999
26004
26006
26009
26009
26012
26014
26018
26029
26030
26031
26032
26035
26037
26043
26045
26047
26048
26048
26048
26050
26058
26058
26065
26066
26067
26071
26076
26077
26082
26088
26089
26090
26090
26091
26099
26100
26100
26105
26105
26111
26116
26117
26119
26119
26119
26120
26121
26125
26127
26132
26135
26139
26142
26145
26152
26155
26155
26159
26161
26165
26166
26166
26170
26170
26177
26180
26189
26195
26197
26205
26206
26208
26209
26212
26219
26220
26221
26224
26225
26227
26232
26234
26236
26248
26250
26254
26256
26260
26260
26261
26270
26273
26278
26281
26282
26282
26285
26286
26290
26295
26298
26302
26314
26316
26321
26330
26332
26339
26340
26342
26349
26352
26353
26353
26354
26355
26356
26360
26361
26364
26366
26369
26369
26371
26373
26373
26375
26379
26380
26384
26384
26385
26386
26390
26390
26390
26392
26392
26399
26401
26409
26409
26409
26413
26429
26431
26438
26440
26442
26445
26457
26459
26463
26467
26472
26472
26473
26473
26473
26475
26476
26476
26478
26482
26486
26488
26488
26490
26493
26499
26500
26501
26505
26505
26506
26507
26512
26513
26514
26517
26520
26529
26530
26531
26532
26533
26534
26534
26539
26542
26543
26546
26546
26550
26567
26571
26576
26581
26584
26589
26592
26593
26599
26599
26604
26604
26605
26616
26618
26621
26624
26629
26630
26632
26633
26634
26636
26637
26638
26639
26639
26642
26646
26646
26648
26655
26663
26668
26669
26670
26675
26678
26683
26690
26691
26693
26694
26696
26703
26710
26710
26714
26715
26715
26717
26723
26723
26726
26732
26733
26735
26736
26738
26739
26741
26744
26745
26747
26749
26752
26752
26756
26759
26759
26760
26763
26771
26773
26774
26776
26778
26778
26778
26786
26787
26788
26793
26794
26798
26802
26808
26815
26817
26819
26821
26830
26830
26832
26833
26836
26838
26847
26849
26852
26859
26861
26867
26874
26874
26877
26879
26884
26886
26894
26895
26898
26906
26906
26908
26908
26913
26915
26919
26926
26929
26930
26933
26935
26940
26941
26943
26943
26946
26954
26956
26958
26963
26963
26964
26964
26972
26978
26980
26985
26986
26992
26995
26996
26997
26999
27005
27006
27007
27010
27010
27012
27012
27013
27017
27020
27027
27030
27033
27035
27036
27041
27042
27046
27047
27057
27058
27065
27069
27076
27077
27078
27082
27085
27085
27086
27091
27094
27095
27102
27104
27105
27106
27108
27109
27113
27114
27115
27125
27126
27131
27131
27131
27134
27136
27137
27141
27144
27144
27148
27153
27153
27154
27155
27156
27159
27163
27166
27170
27171
27177
27177
27184
27189
27192
27193
27196
27206
27209
27214
27224
27227
27234
27234
27237
27242
27248
27256
27258
27260
27261
27267
27272
27276
27291
27299
27305
27307
27307
27311
27322
27322
27323
27331
27331
27332
27335
27343
27345
27351
27351
27353
27355
27355
27356
27361
27363
27365
27366
27366
27367
27370
27385
27390
27391
27404
27405
27405
27409
27410
27411
27416
27426
27428
27431
27435
27437
27437
27438
27448
27453
27456
27456
27464
27479
27483
27488
27493
27496
27500
27501
27505
27510
27512
27513
27514
27516
27517
27520
27528
27532
27534
27536
27543
27544
27548
27548
27555
27557
27558
27561
27570
27594
27596
27599
27599
27600
27602
27604
27608
27610
27614
27616
27620
27623
27626
27630
27631
27635
27639
27644
27651
27651
27652
27653
27654
27658
27662
27663
27663
27665
27667
27668
27672
27672
27673
27676
27679
27681
27682
27685
27694
27705
27708
27709
27711
27713
27719
27721
27722
27730
27734
27737
27741
27741
27745
27746
27747
27749
27753
27758
27762
27763
27767
27769
27777
27778
27780
27782
27784
27785
27788
27791
27792
27797
27804
27808
27815
27820
27821
27822
27826
27826
27829
27830
27831
27835
27842
27845
27846
27852
27852
27855
27857
27872
27873
27877
27877
27877
27877
27879
27882
27886
27889
27890
27896
27900
27904
27906
27909
27914
27921
27922
27930
27931
27932
27938
27940
27959
27970
27975
27987
27988
27996
27999
28007
28007
28013
28016
28019
28024
28032
28034
28037
28059
28062
28063
28064
28067
28067
28071
28072
28072
28080
28081
28085
28086
28087
28090
28093
28104
28109
28123
28127
28129
28131
28133
28134
28144
28145
28148
28155
28159
28162
28162
28165
28167
28176
28178
28179
28182
28183
28187
28192
28198
28198
28198
28205
28209
28209
28210
28222
28223
28223
28225
28226
28227
28229
28231
28233
28235
28244
28244
28247
28251
28251
28262
28263
28268
28269
28271
28277
28279
28283
28287
28292
28295
28297
28299
28299
28314
28314
28322
28322
28331
28331
28341
28344
28355
28356
28356
28359
28359
28360
28361
28363
28366
28368
28369
28372
28373
28375
28375
28379
28381
28382
28384
28386
28391
28398
28401
28406
28407
28409
28410
28414
28419
28420
28421
28422
28423
28426
28427
28428
28433
28439
28441
28445
28450
28467
28467
28471
28475
28476
28477
28484
28496
28501
28501
28503
28504
28509
28509
28511
28511
28515
28517
28518
28521
28525
28531
28533
28540
28541
28552
28553
28561
28561
28563
28571
28577
28578
28578
28590
28592
28594
28595
28603
28616
28619
28632
28644
28644
28647
28647
28647
28666
28669
28671
28672
28676
28677
28679
28685
28690
28695
28699
28700
28700
28705
28706
28709
28710
28713
28715
28721
28721
28738
28742
28743
28743
28746
28747
28755
28769
28772
28773
28778
28779
28788
28790
28791
28797
28800
28803
28807
28812
28812
28813
28813
28818
28821
28824
28829
28831
28832
28837
28838
28840
28842
28844
28844
28844
28846
28847
28848
28848
28849
28850
28853
28855
28857
28864
28864
28867
28868
28869
28872
28873
28876
28876
28877
28879
28885
28886
28887
28889
28899
28901
28910
28910
28911
28913
28916
28918
28918
28922
28926
28934
28935
28935
28936
28938
28939
28943
28944
28950
28952
28952
28953
28953
28954
28956
28958
28959
28961
28965
28967
28969
28969
28972
28972
28974
28976
28976
28977
28981
28990
28991
28991
28992
28995
28997
29000
29006
29006
29008
29009
29019
29019
29023
29025
29028
29030
29037
29037
29047
29050
29053
29053
29054
29055
29057
29059
29062
29064
29065
29066
29067
29068
29068
29074
29075
29075
29075
29076
29086
29097
29098
29099
29101
29103
29115
29115
29119
29123
29123
29123
29123
29129
29129
29134
29134
29138
29143
29143
29149
29154
29156
29161
29162
29163
29166
29167
29168
29168
29170
29175
29178
29178
29185
29186
29188
29190
29191
29194
29196
29199
29203
29204
29205
29208
29208
29212
29213
29215
29225
29230
29231
29231
29233
29233
29234
29242
29245
29247
29250
29255
29256
29262
29262
29279
29282
29284
29298
29300
29301
29306
29307
29316
29320
29326
29328
29334
29336
29340
29341
29342
29343
29344
29345
29348
29361
29368
29380
29383
29383
29389
29397
29405
29405
29405
29407
29408
29411
29412
29413
29414
29416
29417
29419
29425
29436
29438
29440
29444
29445
29445
29446
29446
29448
29452
29452
29460
29461
29462
29467
29470
29474
29476
29482
29483
29485
29489
29489
29501
29504
29507
29518
29520
29522
29523
29525
29538
29542
29543
29546
29546
29549
29557
29561
29569
29569
29574
29576
29579
29580
29580
29588
29590
29593
29595
29596
29607
29609
29611
29620
29621
29624
29629
29629
29636
29649
29650
29653
29655
29656
29657
29657
29659
29660
29662
29666
29669
29672
29680
29681
29682
29688
29691
29695
29697
29703
29707
29708
29712
29716
29719
29721
29721
29723
29728
29734
29737
29738
29740
29740
29744
29750
29757
29757
29759
29761
29770
29778
29778
29783
29786
29786
29791
29792
29796
29796
29797
29799
29803
29805
29808
29809
29809
29810
29821
29826
29831
29832
29835
29835
29844
29847
29848
29850
29851
29853
29855
29855
29871
29877
29882
29888
29892
29895
29896
29898
29904
29904
29904
29912
29913
29913
29918
29923
29929
29933
29935
29938
29938
29939
29941
29941
29942
29944
29952
29959
29962
29967
29972
29976
29977
29979
29980
29980
29984
29986
29989
29992
29994
30001
30002
30004
30007
30007
30008
30011
30018
30020
30022
30025
30033
30035
30036
30037
30041
30042
30044
30047
30049
30054
30054
30060
30062
30062
30067
30068
30071
30072
30073
30077
30080
30084
30084
30094
30098
30098
30099
30099
30106
30108
30108
30112
30113
30117
30118
30120
30121
30124
30137
30139
30139
30144
30147
30147
30153
30161
30162
30167
30170
30173
30174
30175
30178
30179
30180
30184
30186
30188
30193
30207
30207
30215
30218
30223
30223
30234
30237
30237
30241
30244
30245
30248
30252
30252
30252
30255
30255
30260
30265
30265
30267
30269
30270
30273
30274
30275
30281
30282
30287
30288
30290
30290
30291
30297
30301
30306
30313
30319
30324
30331
30332
30346
30347
30347
30352
30360
30364
30370
30377
30380
30383
30388
30389
30390
30397
30408
30410
30414
30414
30421
30425
30427
30434
30437
30439
30440
30440
30443
30444
30448
30448
30454
30460
30467
30471
30476
30479
30480
30483
30487
30487
30497
30499
30508
30508
30517
30527
30528
30529
30529
30541
30543
30544
30546
30546
30548
30549
30553
30556
30558
30561
30562
30565
30569
30570
30574
30576
30578
30579
30579
30579
30579
30583
30586
30588
30588
30589
30589
30592
30595
30596
30597
30598
30601
30604
30613
30615
30625
30626
30628
30633
30635
30641
30641
30644
30645
30646
30648
30653
30670
30675
30675
30679
30682
30683
30690
30701
30705
30707
30712
30716
30720
30720
30722
30723
30729
30731
30731
30736
30742
30750
30751
30752
30752
30758
30759
30763
30773
30776
30784
30790
30792
30792
30793
30796
30797
30810
30816
30818
30820
30826
30831
30835
30846
30846
30847
30849
30849
30849
30852
30858
30861
30862
30863
30877
30879
30884
30889
30897
30906
30909
30909
30913
30922
30924
30929
30931
30933
30939
30941
30946
30948
30950
30953
30953
30958
30959
30960
30963
30964
30964
30965
30966
30967
30970
30974
30984
30988
30988
30989
30989
30989
30990
30992
30993
31006
31006
31008
31009
31012
31014
31018
31018
31041
31042
31043
31046
31050
31051
31061
31061
31062
31075
31076
31084
31090
31091
31093
31093
31095
31096
31098
31098
31101
31105
31106
31106
31109
31111
31113
31114
31115
31119
31119
31121
31124
31126
31128
31132
31140
31145
31147
31152
31161
31169
31179
31179
31186
31191
31193
31195
31197
31197
31204
31204
31209
31211
31213
31226
31236
31242
31248
31252
31252
31255
31257
31262
31262
31277
31280
31281
31285
31288
31289
31299
31306
31308
31311
31312
31314
31315
31317
31318
31324
31325
31333
31337
31339
31340
31341
31343
31352
31354
31358
31358
31361
31363
31368
31373
31376
31377
31379
31385
31393
31399
31402
31402
31402
31413
31419
31420
31427
31431
31433
31434
31434
31435
31449
31451
31452
31453
31454
31454
31454
31454
31456
31467
31471
31474
31477
31481
31488
31488
31490
31490
31492
31494
31498
31506
31508
31511
31511
31515
31515
31515
31517
31521
31532
31538
31544
31546
31550
31550
31551
31551
31552
31555
31563
31564
31564
31566
31567
31568
31570
31573
31576
31576
31577
31579
31581
31585
31586
31586
31589
31591
31592
31592
31592
31598
31608
31610
31611
31616
31616
31616
31616
31618
31618
31622
31622
31624
31634
31636
31640
31640
31641
31641
31643
31646
31646
31648
31650
31651
31652
31658
31659
31674
31675
31679
31680
31685
31687
31697
31700
31720
31722
31722
31722
31723
31729
31730
31741
31742
31746
31747
31747
31748
31752
31753
31758
31759
31759
31766
31778
31781
31781
31785
31788
31790
31794
31794
31800
31803
31805
31808
31815
31822
31822
31826
31827
31828
31831
31832
31836
31839
31843
31846
31847
31851
31853
31857
31857
31857
31857
31863
31863
31868
31869
31870
31877
31882
31884
31885
31887
31887
31899
31900
31901
31901
31902
31912
31913
31913
31916
31923
31924
31924
31927
31935
31942
31949
31952
31955
31957
31962
31967
31971
31972
31981
31993
32000
32001
32003
32005
32007
32009
32013
32016
32037
32049
32055
32056
32061
32064
32065
32065
32075
32089
32091
32097
32098
32099
32102
32103
32109
32109
32112
32119
32123
32125
32132
32136
32140
32142
32146
32157
32159
32160
32165
32166
32169
32173
32174
32184
32184
32185
32187
32187
32194
32199
32204
32204
32212
32213
32219
32219
32220
32223
32224
32225
32226
32251
32264
32270
32271
32280
32283
32287
32294
32295
32295
32301
32303
32308
32313
32313
32322
32322
32323
32324
32325
32328
32333
32334
32334
32338
32341
32343
32345
32346
32347
32347
32347
32350
32352
32352
32358
32362
32364
32366
32368
32372
32376
32377
32383
32390
32392
32393
32394
32394
32402
32408
32409
32417
32418
32420
32423
32424
32426
32432
32435
32436
32444
32450
32456
32457
32459
32471
32471
32472
32473
32474
32474
32474
32484
32487
32489
32491
32492
32496
32505
32505
32506
32508
32509
32515
32521
32521
32527
32527
32530
32537
32537
32538
32538
32544
32544
32555
32557
32563
32569
32581
32582
32583
32587
32596
32597
32600
32604
32605
32609
32609
32612
32616
32619
32623
32625
32628
32629
32634
32636
32640
32640
32648
32655
32656
32656
32662
32670
32671
32682
32684
32687
32691
32703
32707
32708
32709
32709
32713
32713
32717
32721
32726
32732
32733
32735
32737
32739
32741
32747
32753
32757
32758
32759
32760
32761
32766
