0
1
7
8
8
10
10
13
16
20
22
26
26
28
29
31
52
54
56
61
61
74
87
87
92
97
100
101
102
103
110
110
111
118
120
125
128
128
130
135
137
140
144
149
150
151
152
164
173
174
176
176
176
179
187
190
190
192
192
194
215
218
222
240
244
248
250
250
252
254
254
258
261
261
265
266
266
273
281
283
287
290
292
297
297
298
298
298
302
302
305
309
310
312
312
312
314
315
316
326
327
329
335
342
347
349
352
356
359
361
361
364
365
367
367
369
371
373
377
386
388
391
394
395
398
401
407
407
408
408
413
416
418
427
431
432
433
438
452
452
457
463
466
466
470
470
473
476
480
481
493
497
498
499
503
504
507
519
527
530
530
531
533
541
542
549
553
554
554
554
556
558
565
574
575
576
577
578
579
585
590
591
591
598
599
603
604
607
608
616
629
632
642
661
665
671
675
680
690
690
700
704
704
717
721
732
734
736
742
746
754
758
759
763
767
769
769
774
774
776
777
787
791
798
799
800
802
802
804
804
805
805
806
815
816
817
818
822
831
832
834
837
843
857
866
866
867
867
867
868
868
869
886
889
890
897
900
901
902
904
904
906
910
910
912
914
915
918
918
925
933
939
940
944
946
954
956
962
965
970
972
973
976
976
978
978
984
984
991
994
994
996
998
1000
1001
1003
1009
1014
1019
1019
1020
1020
1021
1022
1027
1028
1034
1035
1035
1038
1040
1041
1042
1042
1045
1048
1051
1055
1060
1064
1065
1067
1069
1072
1073
1073
1083
1084
1085
1087
1088
1097
1101
1102
1109
1113
1118
1124
1126
1129
1131
1137
1140
1142
1147
1147
1148
1149
1151
1153
1162
1169
1173
1173
1174
1179
1189
1197
1203
1204
1207
1209
1209
1214
1220
1221
1225
1228
1229
1235
1244
1253
1253
1260
1260
1260
1261
1263
1263
1266
1273
1273
1274
1274
1276
1282
1282
1283
1286
1286
1288
1297
1303
1309
1313
1322
1326
1326
1330
1330
1331
1333
1336
1337
1338
1341
1341
1341
1345
1347
1347
1347
1351
1354
1354
1356
1357
1359
1361
1363
1365
1366
1367
1372
1373
1374
1376
1380
1381
1384
1398
1399
1403
1410
1413
1415
1417
1425
1426
1428
1428
1430
1436
1437
1437
1441
1442
1442
1446
1459
1463
1464
1464
1466
1471
1473
1476
1481
1484
1485
1486
1487
1488
1491
1502
1503
1510
1511
1514
1515
1519
1519
1521
1527
1528
1540
1541
1541
1541
1542
1543
1543
1546
1550
1550
1551
1557
1563
1566
1568
1573
1575
1580
1582
1584
1592
1593
1597
1603
1607
1613
1614
1614
1623
1631
1636
1638
1653
1654
1656
1657
1660
1661
1662
1664
1664
1671
1673
1675
1680
1683
1685
1697
1697
1699
1700
1706
1707
1709
1713
1714
1715
1716
1721
1724
1729
1731
1736
1739
1741
1746
1747
1750
1752
1758
1758
1771
1772
1782
1783
1783
1783
1789
1795
1797
1797
1804
1806
1807
1808
1812
1814
1817
1819
1823
1824
1825
1826
1831
1838
1841
1841
1850
1856
1864
1866
1871
1887
1887
1892
1894
1894
1895
1898
1898
1899
1903
1905
1912
1914
1926
1928
1934
1935
1939
1941
1942
1944
1945
1949
1951
1952
1957
1958
1960
1964
1967
1968
1968
1970
1974
1979
1979
1981
1983
1984
1992
1995
1997
1999
2000
2000
2000
2001
2009
2013
2016
2026
2027
2027
2028
2028
2035
2056
2059
2060
2062
2063
2068
2069
2073
2074
2074
2077
2077
2077
2078
2088
2090
2098
2101
2102
2102
2104
2108
2110
2110
2112
2120
2121
2128
2131
2131
2134
2135
2137
2140
2146
2150
2155
2155
2158
2163
2166
2169
2170
2170
2171
2182
2182
2184
2185
2188
2193
2197
2201
2201
2203
2205
2208
2213
2213
2218
2224
2232
2232
2236
2239
2244
2248
2252
2253
2255
2256
2256
2260
2261
2261
2262
2262
2262
2262
2263
2263
2263
2264
2265
2269
2279
2280
2280
2283
2290
2293
2293
2293
2297
2306
2310
2319
2321
2326
2332
2334
2335
2344
2349
2351
2353
2355
2356
2356
2356
2359
2360
2366
2370
2373
2375
2375
2379
2379
2381
2382
2389
2397
2405
2409
2420
2422
2425
2435
2437
2438
2448
2454
2455
2458
2471
2473
2484
2485
2486
2486
2502
2504
2507
2508
2509
2511
2514
2516
2524
2531
2532
2537
2540
2540
2541
2545
2560
2560
2562
2566
2573
2574
2574
2576
2577
2579
2581
2590
2591
2593
2595
2596
2600
2604
2606
2608
2610
2611
2611
2616
2617
2620
2622
2625
2627
2629
2633
2634
2637
2639
2640
2643
2647
2648
2650
2653
2656
2657
2657
2658
2663
2668
2670
2671
2677
2683
2685
2685
2687
2692
2695
2697
2699
2702
2702
2709
2711
2717
2719
2721
2722
2723
2724
2728
2729
2733
2733
2735
2737
2738
2745
2746
2751
2752
2755
2756
2758
2761
2763
2771
2775
2777
2780
2780
2787
2791
2798
2800
2804
2812
2814
2817
2820
2820
2821
2829
2838
2840
2849
2850
2855
2855
2858
2859
2859
2860
2861
2863
2864
2864
2867
2868
2869
2878
2880
2881
2882
2887
2887
2890
2892
2895
2904
2907
2908
2914
2915
2920
2929
2934
2936
2937
2940
2940
2947
2950
2950
2950
2954
2954
2955
2955
2962
2962
2967
2968
2970
2976
2976
2976
2977
2978
2983
2987
2988
2992
2997
3006
3006
3008
3013
3013
3013
3019
3026
3031
3031
3031
3034
3039
3041
3042
3045
3051
3055
3057
3057
3065
3069
3075
3075
3075
3077
3080
3080
3081
3082
3083
3086
3089
3092
3093
3094
3100
3107
3120
3123
3123
3126
3127
3128
3133
3133
3141
3141
3151
3151
3152
3157
3160
3161
3161
3164
3165
3182
3182
3185
3188
3189
3190
3191
3194
3197
3200
3201
3214
3215
3219
3219
3224
3225
3226
3230
3231
3234
3236
3237
3242
3243
3246
3252
3259
3262
3262
3263
3263
3263
3264
3267
3274
3274
3276
3280
3283
3296
3300
3303
3304
3306
3310
3310
3314
3315
3316
3316
3321
3322
3323
3329
3331
3331
3333
3336
3346
3351
3354
3359
3361
3366
3367
3370
3371
3373
3373
3375
3376
3377
3378
3398
3399
3403
3414
3419
3419
3422
3423
3424
3425
3427
3427
3429
3431
3431
3436
3440
3440
3440
3442
3446
3447
3447
3450
3454
3458
3460
3463
3464
3468
3473
3473
3482
3486
3487
3489
3492
3492
3502
3502
3503
3503
3503
3506
3508
3513
3514
3515
3519
3522
3525
3529
3533
3537
3541
3542
3544
3544
3545
3548
3548
3553
3553
3558
3561
3563
3564
3565
3565
3565
3565
3566
3567
3572
3578
3581
3588
3588
3594
3598
3599
3599
3600
3620
3622
3622
3635
3636
3645
3648
3651
3668
3675
3678
3685
3691
3703
3708
3709
3714
3715
3718
3726
3726
3727
3731
3738
3751
3752
3754
3759
3761
3768
3774
3778
3780
3781
3787
3789
3789
3790
3797
3799
3807
3811
3813
3814
3825
3825
3831
3842
3844
3845
3846
3848
3851
3854
3857
3866
3875
3876
3882
3885
3891
3901
3902
3903
3903
3905
3906
3908
3911
3911
3911
3917
3918
3927
3937
3942
3953
3965
3965
3968
3975
3978
3981
3981
3983
3985
3986
3991
3991
3991
3996
3996
3997
4003
4004
4005
4014
4023
4028
4029
4032
4034
4042
4046
4050
4057
4061
4063
4068
4075
4075
4082
4086
4098
4110
4112
4116
4116
4118
4120
4120
4123
4126
4132
4133
4133
4143
4150
4151
4151
4155
4162
4170
4174
4176
4179
4180
4180
4188
4194
4194
4197
4202
4203
4203
4203
4204
4211
4214
4218
4220
4223
4226
4227
4233
4235
4241
4242
4244
4247
4247
4250
4251
4252
4254
4276
4280
4286
4290
4295
4297
4299
4302
4305
4306
4311
4312
4313
4315
4317
4322
4323
4328
4334
4335
4337
4340
4342
4343
4347
4350
4365
4381
4386
4387
4394
4394
4412
4414
4421
4431
4435
4436
4436
4437
4437
4441
4446
4447
4447
4451
4452
4454
4454
4459
4463
4466
4466
4471
4472
4486
4488
4489
4492
4493
4493
4500
4501
4501
4507
4510
4513
4520
4522
4524
4535
4537
4540
4541
4542
4548
4551
4552
4553
4554
4557
4559
4567
4572
4577
4587
4587
4588
4590
4591
4604
4606
4610
4610
4610
4613
4614
4616
4619
4622
4624
4627
4632
4637
4637
4639
4640
4641
4642
4646
4648
4656
4659
4661
4662
4665
4668
4674
4677
4680
4687
4693
4695
4698
4704
4705
4717
4718
4728
4733
4734
4735
4736
4738
4739
4740
4750
4750
4751
4753
4754
4757
4759
4763
4768
4768
4772
4774
4774
4778
4788
4788
4789
4798
4801
4801
4804
4804
4806
4806
4809
4812
4820
4821
4827
4828
4834
4846
4848
4850
4857
4857
4859
4866
4872
4875
4876
4879
4889
4904
4907
4907
4909
4909
4915
4916
4919
4924
4925
4925
4929
4930
4931
4937
4941
4943
4946
4954
4962
4963
4964
4965
4965
4968
4969
4970
4975
4981
4983
4994
4998
5001
5018
5019
5019
5020
5030
5040
5043
5044
5054
5055
5057
5059
5060
5061
5064
5068
5071
5071
5072
5072
5081
5087
5090
5092
5099
5107
5112
5117
5119
5123
5127
5130
5130
5133
5136
5138
5150
5153
5154
5154
5160
5161
5166
5170
5179
5181
5185
5187
5191
5193
5199
5209
5217
5231
5233
5233
5239
5243
5244
5245
5253
5256
5257
5258
5261
5267
5274
5281
5287
5288
5289
5306
5307
5314
5319
5327
5331
5335
5344
5348
5349
5351
5353
5356
5359
5362
5363
5374
5374
5375
5379
5381
5384
5388
5390
5396
5405
5412
5412
5412
5416
5418
5420
5421
5424
5424
5432
5433
5442
5444
5448
5457
5460
5461
5464
5475
5477
5480
5481
5492
5493
5497
5501
5502
5502
5507
5507
5510
5510
5524
5527
5530
5531
5532
5539
5539
5540
5541
5541
5542
5544
5548
5548
5550
5552
5552
5555
5555
5556
5569
5573
5577
5580
5581
5584
5586
5590
5591
5592
5593
5594
5596
5596
5609
5610
5613
5614
5615
5615
5619
5626
5629
5636
5646
5647
5656
5657
5659
5660
5665
5668
5671
5671
5674
5687
5692
5695
5703
5707
5711
5711
5718
5722
5726
5727
5727
5730
5731
5731
5735
5737
5738
5738
5744
5745
5753
5757
5761
5765
5776
5779
5780
5781
5785
5788
5789
5790
5795
5796
5799
5808
5810
5813
5819
5822
5822
5837
5840
5840
5844
5850
5857
5860
5870
5870
5871
5873
5882
5890
5891
5893
5895
5898
5898
5899
5904
5909
5911
5911
5912
5927
5927
5929
5929
5933
5936
5936
5941
5941
5945
5951
5954
5960
5962
5962
5970
5976
5985
5985
5987
5987
5991
5995
5996
6001
6004
6006
6010
6016
6016
6016
6022
6024
6025
6030
6033
6053
6058
6058
6059
6065
6069
6072
6075
6077
6077
6082
6084
6085
6086
6086
6088
6091
6103
6103
6112
6118
6121
6121
6123
6134
6135
6135
6139
6142
6144
6146
6150
6154
6156
6158
6160
6161
6165
6168
6172
6174
6179
6182
6188
6190
6197
6204
6211
6213
6213
6216
6220
6220
6221
6222
6224
6233
6234
6245
6248
6248
6249
6251
6253
6257
6258
6258
6258
6261
6269
6269
6271
6272
6277
6280
6286
6286
6288
6289
6291
6295
6296
6302
6302
6306
6306
6309
6312
6322
6322
6324
6326
6329
6334
6334
6336
6341
6355
6357
6363
6363
6368
6371
6371
6376
6381
6393
6401
6401
6402
6403
6407
6410
6413
6415
6416
6420
6421
6423
6428
6429
6430
6430
6430
6432
6436
6442
6445
6446
6448
6449
6449
6453
6457
6458
6475
6476
6477
6477
6484
6488
6489
6492
6498
6499
6499
6504
6505
6507
6508
6509
6509
6515
6517
6518
6522
6524
6538
6542
6543
6543
6546
6546
6547
6549
6550
6550
6550
6552
6559
6559
6572
6573
6573
6579
6581
6582
6587
6593
6595
6598
6603
6607
6607
6607
6607
6610
6613
6615
6621
6628
6629
6630
6634
6637
6638
6640
6641
6645
6653
6655
6657
6663
6664
6665
6683
6686
6687
6689
6691
6692
6695
6704
6704
6709
6713
6717
6723
6725
6728
6728
6732
6741
6748
6754
6755
6758
6768
6768
6773
6776
6795
6798
6800
6801
6807
6808
6821
6822
6824
6826
6827
6827
6829
6832
6835
6836
6843
6844
6847
6850
6856
6861
6862
6863
6865
6868
6869
6870
6878
6884
6884
6885
6892
6899
6901
6902
6920
6921
6923
6923
6926
6927
6930
6931
6938
6944
6948
6953
6956
6957
6960
6970
6973
6977
6978
6982
6985
6991
6993
6998
7009
7016
7019
7020
7021
7028
7032
7032
7036
7036
7041
7044
7046
7054
7058
7065
7066
7069
7069
7072
7075
7085
7086
7090
7090
7091
7092
7097
7097
7102
7107
7108
7108
7108
7109
7114
7124
7126
7132
7133
7133
7136
7141
7142
7144
7159
7159
7160
7161
7162
7164
7178
7181
7198
7202
7203
7204
7220
7232
7237
7240
7241
7243
7247
7262
7263
7263
7264
7268
7276
7283
7288
7295
7296
7298
7299
7305
7311
7324
7324
7326
7328
7332
7339
7339
7339
7344
7345
7345
7354
7354
7354
7355
7363
7368
7376
7376
7379
7404
7405
7416
7421
7425
7426
7430
7432
7440
7453
7455
7462
7462
7463
7467
7477
7482
7484
7492
7506
7508
7508
7510
7512
7514
7520
7522
7524
7542
7544
7544
7549
7550
7551
7553
7554
7555
7579
7579
7581
7582
7588
7589
7591
7593
7595
7596
7598
7607
7609
7613
7627
7636
7636
7638
7639
7641
7645
7648
7656
7660
7665
7667
7675
7679
7682
7685
7686
7687
7694
7695
7695
7702
7708
7711
7716
7723
7724
7726
7726
7729
7730
7737
7742
7744
7748
7749
7761
7762
7763
7767
7775
7780
7781
7785
7785
7790
7792
7797
7799
7801
7802
7803
7814
7814
7816
7820
7820
7826
7828
7833
7836
7837
7838
7847
7850
7851
7851
7861
7865
7869
7874
7888
7888
7899
7902
7904
7905
7906
7908
7912
7913
7914
7915
7920
7921
7932
7934
7938
7947
7947
7951
7953
7953
7957
7960
7964
7970
7971
7979
7980
7983
7986
7991
7995
7995
7998
8003
8004
8007
8010
8013
8015
8029
8031
8032
8036
8039
8043
8046
8048
8048
8049
8057
8059
8064
8069
8071
8071
8073
8077
8081
8082
8106
8109
8110
8125
8126
8126
8127
8128
8130
8138
8142
8146
8146
8149
8149
8149
8157
8159
8160
8170
8171
8171
8172
8173
8175
8176
8176
8179
8183
8192
8193
8195
8195
8198
8199
8202
8205
8207
8207
8210
8211
8211
8213
8213
8214
8218
8219
8221
8227
8231
8232
8239
8248
8255
8258
8259
8265
8269
8275
8276
8277
8281
8284
8289
8294
8297
8297
8302
8303
8306
8307
8307
8314
8316
8318
8319
8320
8327
8327
8329
8331
8336
8342
8345
8357
8359
8359
8361
8364
8390
8394
8394
8395
8402
8405
8408
8411
8414
8419
8425
8426
8429
8429
8430
8431
8434
8434
8435
8437
8443
8443
8444
8445
8448
8453
8459
8459
8466
8467
8468
8469
8470
8470
8472
8473
8477
8477
8477
8478
8482
8483
8489
8490
8492
8495
8497
8498
8499
8509
8513
8513
8514
8516
8527
8528
8535
8536
8537
8539
8540
8541
8542
8542
8550
8551
8552
8554
8562
8568
8571
8571
8577
8579
8581
8582
8585
8588
8592
8594
8596
8605
8605
8606
8611
8616
8618
8620
8624
8630
8636
8636
8638
8642
8642
8643
8646
8650
8651
8652
8653
8664
8665
8669
8670
8674
8674
8674
8680
8687
8692
8695
8696
8700
8701
8705
8709
8709
8713
8714
8714
8723
8724
8732
8735
8736
8738
8742
8744
8744
8744
8749
8749
8755
8756
8759
8763
8770
8771
8775
8784
8790
8794
8795
8795
8804
8807
8808
8810
8812
8822
8823
8829
8830
8831
8840
8841
8841
8843
8845
8848
8848
8850
8851
8852
8856
8857
8864
8867
8869
8872
8874
8880
8882
8882
8894
8899
8899
8904
8904
8907
8910
8911
8916
8917
8923
8931
8934
8939
8942
8947
8948
8948
8949
8953
8957
8962
8967
8969
8973
8976
8977
8979
8979
8981
8987
8989
8990
9005
9006
9006
9009
9011
9013
9016
9019
9019
9021
9021
9021
9024
9024
9025
9025
9030
9038
9039
9039
9046
9050
9053
9054
9055
9055
9056
9061
9063
9066
9066
9068
9076
9077
9084
9085
9087
9087
9095
9095
9103
9105
9108
9109
9111
9112
9114
9116
9121
9122
9126
9126
9136
9138
9140
9140
9141
9141
9148
9151
9152
9153
9154
9156
9157
9159
9161
9164
9167
9174
9179
9179
9186
9187
9196
9201
9201
9203
9211
9220
9220
9222
9225
9228
9229
9229
9238
9239
9240
9242
9245
9245
9248
9257
9257
9265
9267
9274
9275
9280
9282
9293
9293
9294
9294
9300
9311
9314
9317
9318
9323
9326
9331
9332
9336
9338
9338
9339
9342
9345
9346
9351
9353
9353
9357
9362
9363
9363
9372
9372
9375
9376
9376
9387
9389
9390
9392
9393
9394
9401
9401
9406
9409
9410
9410
9412
9413
9415
9417
9418
9419
9429
9430
9432
9435
9435
9444
9458
9467
9468
9473
9479
9489
9493
9494
9503
9506
9509
9515
9515
9516
9518
9520
9521
9523
9523
9523
9524
9527
9532
9532
9537
9537
9547
9552
9553
9553
9556
9558
9564
9564
9572
9575
9578
9584
9587
9587
9590
9591
9597
9598
9601
9603
9612
9613
9621
9624
9631
9634
9645
9646
9648
9650
9662
9664
9665
9667
9668
9677
9678
9690
9690
9694
9700
9700
9705
9707
9708
9713
9714
9714
9717
9719
9720
9726
9730
9735
9736
9741
9746
9747
9748
9753
9755
9759
9762
9764
9770
9771
9775
9779
9779
9779
9781
9784
9786
9787
9789
9790
9800
9802
9808
9809
9812
9816
9820
9822
9823
9823
9824
9831
9837
9842
9842
9847
9853
9858
9860
9868
9872
9879
9884
9884
9885
9888
9888
9892
9895
9898
9899
9900
9906
9908
9921
9921
9923
9929
9935
9936
9939
9940
9947
9947
9947
9947
9950
9951
9952
9954
9954
9954
9964
9966
9967
9969
9971
9979
9983
9983
9985
9989
9995
9996
9999
10000
10000
10000
10001
10002
10003
10004
10008
10008
10015
10018
10028
10034
10039
10043
10045
10049
10058
10064
10064
10065
10067
10069
10073
10085
10086
10095
10100
10101
10104
10106
10111
10112
10119
10123
10124
10127
10129
10130
10130
10134
10136
10139
10148
10153
10155
10158
10162
10164
10165
10167
10169
10172
10174
10176
10181
10185
10187
10192
10192
10195
10196
10200
10201
10203
10206
10211
10213
10224
10225
10226
10229
10238
10258
10259
10260
10264
10265
10265
10266
10268
10272
10273
10274
10275
10281
10291
10292
10292
10298
10299
10299
10302
10306
10309
10311
10318
10323
10325
10327
10330
10332
10333
10334
10339
10339
10342
10350
10355
10363
10366
10367
10369
10370
10371
10372
10372
10376
10380
10380
10382
10386
10395
10397
10400
10400
10401
10405
10406
10406
10409
10411
10411
10418
10419
10427
10435
10437
10438
10441
10447
10449
10454
10458
10463
10467
10468
10469
10470
10470
10471
10477
10485
10489
10490
10494
10494
10506
10506
10509
10514
10517
10521
10524
10542
10542
10550
10559
10564
10566
10571
10572
10577
10578
10582
10588
10591
10591
10592
10593
10602
10603
10609
10614
10615
10627
10628
10630
10632
10637
10639
10642
10650
10652
10656
10656
10661
10662
10662
10664
10671
10671
10673
10674
10681
10683
10690
10692
10693
10695
10701
10701
10702
10715
10716
10718
10721
10722
10723
10723
10729
10731
10732
10734
10736
10739
10747
10750
10752
10759
10764
10766
10766
10766
10767
10774
10780
10781
10784
10785
10785
10797
10798
10801
10815
10818
10821
10823
10823
10823
10823
10827
10828
10828
10840
10841
10842
10843
10848
10849
10849
10854
10857
10863
10864
10866
10873
10879
10880
10883
10887
10887
10890
10891
10895
10895
10906
10909
10910
10910
10918
10919
10927
10936
10937
10944
10946
10948
10951
10955
10956
10958
10958
10965
10970
10973
10973
10977
10985
10987
10989
10989
10999
11001
11016
11017
11017
11020
11022
11027
11031
11031
11033
11040
11043
11046
11046
11048
11049
11056
11058
11063
11064
11074
11081
11084
11085
11086
11093
11093
11095
11095
11095
11098
11107
11108
11119
11124
11125
11126
11129
11131
11135
11136
11137
11139
11143
11147
11150
11152
11158
11162
11163
11166
11168
11169
11170
11173
11176
11177
11177
11179
11179
11181
11189
11199
11203
11208
11208
11210
11212
11218
11222
11227
11229
11231
11239
11249
11261
11261
11270
11278
11280
11282
11285
11286
11291
11294
11295
11299
11308
11308
11308
11315
11315
11317
11317
11326
11327
11329
11331
11331
11332
11333
11341
11350
11353
11356
11357
11365
11365
11368
11373
11373
11375
11378
11379
11379
11383
11386
11390
11391
11396
11399
11403
11404
11407
11407
11415
11418
11418
11418
11418
11420
11422
11423
11423
11423
11423
11424
11426
11427
11429
11431
11434
11436
11442
11443
11447
11450
11451
11452
11452
11453
11457
11463
11468
11469
11470
11472
11473
11478
11482
11484
11486
11487
11488
11493
11494
11494
11497
11497
11499
11505
11508
11511
11512
11515
11516
11517
11524
11525
11525
11532
11539
11539
11545
11547
11548
11555
11556
11556
11556
11557
11558
11559
11576
11578
11579
11585
11585
11586
11590
11592
11594
11598
11599
11603
11603
11605
11607
11607
11613
11624
11627
11629
11631
11633
11635
11640
11640
11640
11647
11647
11650
11650
11651
11652
11658
11659
11659
11659
11660
11662
11663
11664
11668
11673
11681
11683
11686
11687
11688
11688
11689
11694
11703
11705
11710
11713
11715
11716
11721
11721
11724
11730
11732
11732
11736
11737
11737
11742
11742
11745
11748
11755
11755
11756
11760
11762
11772
11777
11782
11783
11785
11789
11790
11794
11796
11798
11799
11801
11802
11810
11811
11821
11822
11823
11830
11831
11832
11833
11834
11844
11848
11856
11865
11865
11874
11880
11884
11885
11889
11895
11896
11897
11900
11905
11907
11912
11913
11914
11915
11920
11928
11929
11931
11932
11933
11934
11935
11936
11939
11943
11944
11945
11948
11950
11951
11952
11954
11957
11965
11965
11971
11975
11977
11981
11982
11983
11985
11987
11988
11989
11989
11990
11991
11996
11996
11999
12001
12003
12009
12012
12020
12026
12027
12028
12033
12037
12042
12045
12045
12048
12052
12054
12055
12065
12065
12068
12070
12073
12074
12075
12078
12079
12081
12083
12087
12089
12090
12094
12101
12102
12102
12106
12107
12119
12120
12123
12133
12138
12138
12140
12149
12155
12160
12164
12164
12165
12171
12174
12174
12176
12178
12183
12190
12191
12192
12194
12196
12203
12203
12205
12205
12206
12208
12212
12214
12217
12220
12231
12231
12233
12234
12237
12241
12242
12243
12244
12259
12263
12266
12270
12272
12276
12276
12276
12277
12278
12279
12280
12282
12284
12284
12290
12294
12295
12296
12296
12297
12297
12297
12298
12299
12300
12321
12322
12326
12328
12330
12334
12336
12338
12343
12349
12351
12352
12353
12356
12359
12362
12365
12377
12380
12386
12387
12388
12390
12393
12394
12401
12401
12404
12405
12406
12410
12411
12412
12412
12419
12422
12424
12426
12429
12430
12433
12455
12459
12460
12461
12462
12464
12470
12470
12471
12473
12475
12476
12477
12480
12481
12485
12486
12488
12488
12495
12495
12502
12504
12507
12508
12511
12514
12517
12518
12518
12521
12531
12533
12533
12540
12544
12545
12549
12553
12558
12567
12568
12570
12576
12577
12590
12591
12597
12598
12598
12601
12603
12603
12605
12607
12610
12611
12618
12623
12630
12633
12636
12637
12645
12646
12647
12653
12654
12658
12667
12670
12673
12676
12678
12682
12686
12687
12687
12689
12689
12689
12691
12693
12700
12700
12701
12705
12707
12708
12708
12711
12716
12718
12721
12723
12724
12730
12732
12736
12749
12749
12750
12756
12756
12759
12760
12762
12770
12771
12772
12775
12775
12776
12777
12779
12783
12783
12784
12788
12792
12793
12804
12809
12812
12824
12832
12850
12852
12852
12855
12856
12859
12861
12862
12869
12872
12873
12879
12881
12884
12891
12900
12904
12911
12915
12917
12923
12932
12934
12943
12943
12962
12967
12970
12975
12976
12977
12981
12986
12986
12986
12988
13000
13000
13003
13003
13007
13010
13011
13018
13021
13028
13028
13038
13039
13040
13043
13045
13052
13052
13069
13073
13073
13075
13087
13087
13093
13094
13097
13097
13104
13106
13108
13109
13111
13113
13113
13118
13120
13121
13121
13127
13130
13131
13134
13142
13142
13146
13147
13149
13150
13155
13155
13156
13158
13160
13161
13164
13165
13169
13170
13171
13178
13182
13183
13184
13189
13190
13192
13192
13193
13194
13194
13198
13202
13205
13211
13211
13212
13216
13219
13219
13220
13221
13222
13226
13228
13233
13238
13240
13243
13247
13250
13254
13257
13258
13262
13263
13267
13268
13270
13273
13273
13280
13288
13290
13292
13293
13307
13308
13316
13317
13321
13322
13325
13326
13326
13329
13348
13350
13352
13355
13360
13360
13363
13365
13368
13370
13371
13372
13378
13380
13389
13390
13392
13399
13400
13401
13402
13406
13406
13407
13409
13416
13416
13419
13422
13429
13432
13432
13433
13438
13442
13445
13447
13452
13452
13454
13454
13456
13460
13460
13461
13467
13469
13469
13474
13475
13477
13477
13483
13483
13493
13496
13497
13497
13499
13503
13507
13508
13516
13522
13529
13530
13530
13531
13535
13540
13547
13550
13553
13555
13557
13564
13565
13577
13578
13578
13593
13597
13608
13613
13613
13614
13614
13620
13623
13628
13641
13644
13654
13657
13664
13666
13668
13678
13678
13681
13683
13685
13693
13694
13695
13702
13707
13714
13715
13715
13716
13720
13721
13732
13738
13746
13750
13757
13757
13758
13760
13764
13767
13769
13774
13776
13778
13779
13779
13781
13785
13786
13788
13790
13790
13795
13797
13798
13806
13808
13809
13817
13819
13819
13822
13827
13839
13843
13852
13856
13856
13861
13862
13863
13864
13867
13868
13869
13870
13872
13874
13880
13883
13887
13890
13893
13896
13903
13903
13904
13905
13908
13910
13912
13912
13917
13918
13921
13921
13925
13929
13931
13934
13945
13949
13951
13955
13955
13956
13957
13958
13964
13965
13972
13974
13974
13975
13984
13986
13994
13995
14002
14002
14008
14015
14018
14020
14022
14025
14028
14028
14032
14034
14046
14055
14056
14061
14062
14064
14064
14070
14070
14071
14071
14072
14075
14076
14079
14079
14082
14082
14084
14084
14084
14086
14089
14093
14093
14098
14099
14099
14100
14101
14104
14110
14112
14114
14115
14119
14123
14124
14132
14139
14141
14152
14160
14160
14161
14161
14168
14175
14176
14182
14185
14194
14194
14198
14203
14204
14204
14207
14209
14210
14210
14215
14217
14217
14218
14224
14226
14226
14228
14240
14241
14241
14244
14254
14255
14257
14261
14262
14269
14270
14270
14275
14278
14279
14286
14292
14305
14307
14313
14313
14316
14317
14333
14338
14339
14345
14353
14358
14358
14358
14367
14367
14368
14369
14372
14372
14373
14374
14383
14387
14389
14394
14395
14398
14405
14415
14418
14421
14433
14435
14438
14441
14441
14441
14444
14447
14450
14460
14464
14464
14466
14467
14472
14477
14486
14488
14488
14490
14494
14496
14501
14503
14504
14507
14522
14523
14535
14539
14539
14549
14555
14558
14564
14564
14569
14570
14579
14590
14591
14592
14594
14594
14594
14600
14601
14603
14606
14607
14610
14613
14613
14615
14625
14635
14636
14636
14636
14641
14646
14652
14654
14654
14654
14657
14663
14666
14667
14668
14671
14672
14676
14682
14682
14687
14690
14691
14695
14696
14700
14707
14707
14708
14710
14711
14711
14714
14716
14722
14726
14727
14734
14745
14753
14763
14763
14767
14769
14784
14786
14787
14793
14798
14799
14802
14807
14809
14813
14814
14815
14821
14821
14823
14825
14827
14833
14835
14845
14848
14853
14863
14864
14868
14876
14876
14879
14880
14881
14881
14882
14882
14885
14888
14893
14894
14896
14897
14899
14906
14917
14920
14926
14928
14928
14935
14939
14941
14958
14959
14964
14964
14966
14970
14972
14973
14975
14977
14979
14980
14981
14994
14997
15003
15006
15008
15011
15015
15016
15021
15021
15023
15026
15031
15032
15036
15038
15040
15052
15056
15062
15066
15067
15067
15067
15078
15078
15079
15086
15097
15106
15107
15112
15118
15124
15128
15130
15131
15133
15148
15158
15164
15165
15167
15182
15189
15189
15191
15192
15193
15196
15198
15210
15213
15219
15220
15224
15225
15236
15236
15237
15238
15243
15243
15246
15248
15253
15253
15260
15261
15262
15264
15271
15273
15276
15277
15284
15284
15285
15288
15293
15294
15295
15299
15300
15302
15303
15306
15308
15311
15312
15316
15319
15325
15332
15337
15342
15348
15353
15358
15360
15362
15362
15369
15371
15373
15373
15377
15381
15387
15392
15393
15393
15396
15399
15400
15404
15405
15405
15405
15406
15406
15407
15408
15413
15417
15418
15422
15428
15434
15434
15436
15436
15450
15453
15455
15460
15460
15462
15462
15470
15479
15481
15482
15483
15488
15490
15497
15497
15501
15504
15504
15511
15518
15528
15530
15535
15537
15540
15546
15549
15551
15553
15559
15564
15565
15567
15568
15572
15572
15573
15578
15578
15580
15585
15591
15598
15600
15604
15608
15608
15609
15609
15610
15619
15623
15627
15634
15645
15646
15647
15651
15656
15663
15665
15666
15666
15666
15672
15673
15673
15678
15679
15681
15682
15683
15684
15687
15687
15689
15689
15691
15697
15698
15701
15704
15705
15715
15728
15729
15731
15736
15740
15744
15746
15756
15757
15762
15763
15765
15775
15777
15779
15784
15785
15787
15790
15790
15791
15792
15799
15802
15804
15810
15814
15814
15824
15825
15827
15829
15829
15836
15836
15838
15838
15843
15852
15852
15859
15868
15869
15875
15875
15886
15890
15890
15896
15905
15907
15914
15919
15920
15937
15939
15940
15943
15943
15943
15945
15956
15960
15964
15965
15967
15975
15976
15977
15983
15988
15991
15991
15992
15994
15998
16002
16007
16009
16012
16019
16019
16021
16022
16023
16024
16025
16032
16038
16038
16043
16044
16045
16047
16049
16055
16059
16061
16065
16073
16075
16083
16092
16095
16099
16104
16109
16111
16112
16113
16116
16118
16120
16124
16132
16135
16138
16144
16148
16159
16169
16178
16179
16181
16185
16186
16197
16200
16201
16201
16207
16208
16211
16220
16223
16223
16227
16231
16234
16238
16244
16248
16256
16257
16258
16274
16278
16289
16290
16290
16294
16296
16299
16304
16305
16307
16309
16310
16313
16315
16320
16322
16326
16329
16333
16338
16341
16345
16347
16358
16359
16360
16361
16378
16379
16383
16388
16389
16390
16398
16410
16417
16418
16423
16423
16423
16424
16429
16429
16436
16440
16444
16449
16453
16454
16460
16465
16465
16468
16469
16478
16482
16487
16494
16496
16496
16496
16497
16500
16503
16504
16508
16510
16516
16517
16517
16517
16518
16522
16523
16524
16533
16542
16542
16544
16547
16548
16552
16556
16559
16563
16571
16577
16583
16585
16586
16587
16588
16588
16589
16598
16599
16604
16610
16610
16622
16628
16628
16628
16630
16643
16645
16645
16647
16652
16653
16653
16655
16658
16662
16663
16665
16667
16670
16673
16673
16678
16678
16687
16690
16691
16694
16700
16709
16711
16718
16719
16722
16730
16735
16736
16739
16741
16742
16745
16746
16756
16756
16759
16762
16762
16764
16767
16769
16775
16776
16781
16788
16789
16789
16800
16801
16801
16804
16806
16809
16813
16818
16818
16821
16829
16831
16841
16856
16858
16858
16866
16867
16872
16876
16879
16886
16901
16902
16910
16911
16913
16914
16920
16926
16927
16932
16937
16939
16944
16945
16947
16949
16952
16952
16960
16964
16971
16972
16974
16976
16978
16980
16981
16985
16990
16990
16991
16992
16993
16996
17001
17004
17005
17011
17012
17018
17029
17031
17032
17033
17034
17035
17038
17039
17040
17041
17043
17051
17055
17056
17056
17059
17060
17064
17064
17064
17069
17070
17076
17078
17079
17082
17082
17084
17087
17089
17092
17094
17098
17102
17106
17107
17108
17111
17111
17112
17116
17119
17120
17124
17124
17126
17131
17131
17135
17138
17142
17145
17154
17154
17161
17168
17170
17182
17193
17196
17201
17202
17208
17214
17218
17222
17225
17228
17229
17235
17243
17252
17257
17257
17269
17270
17276
17278
17281
17283
17285
17290
17293
17299
17305
17306
17310
17313
17314
17318
17320
17326
17331
17332
17340
17345
17346
17346
17352
17358
17360
17365
17367
17368
17368
17368
17369
17374
17375
17376
17376
17378
17379
17381
17386
17386
17391
17391
17392
17394
17395
17398
17401
17401
17407
17410
17411
17416
17417
17436
17436
17442
17455
17459
17465
17468
17471
17472
17477
17479
17485
17485
17486
17494
17506
17514
17517
17517
17523
17529
17531
17533
17538
17541
17542
17545
17560
17571
17572
17574
17580
17581
17584
17586
17587
17590
17595
17604
17613
17615
17615
17617
17624
17624
17632
17632
17636
17637
17639
17641
17643
17644
17645
17651
17653
17659
17660
17662
17663
17665
17667
17672
17676
17685
17686
17688
17691
17702
17702
17711
17714
17717
17725
17725
17726
17732
17733
17733
17737
17739
17740
17742
17752
17754
17755
17764
17765
17766
17787
17788
17791
17802
17803
17806
17810
17810
17813
17814
17816
17820
17834
17836
17838
17840
17843
17844
17851
17851
17866
17868
17869
17874
17876
17879
17883
17887
17898
17899
17902
17902
17903
17904
17907
17911
17912
17915
17917
17918
17922
17924
17931
17941
17941
17945
17945
17953
17954
17954
17956
17962
17963
17967
17967
17969
17972
17973
17974
17978
17979
17983
17983
17983
17985
17986
17988
17990
17998
18000
18001
18002
18008
18017
18018
18024
18027
18030
18034
18043
18044
18050
18053
18056
18058
18060
18061
18063
18071
18080
18084
18094
18096
18096
18100
18102
18102
18103
18104
18105
18108
18120
18121
18124
18128
18130
18133
18134
18136
18138
18138
18141
18144
18152
18152
18154
18156
18159
18167
18174
18177
18178
18178
18178
18180
18182
18183
18184
18189
18199
18202
18217
18219
18224
18226
18230
18230
18233
18238
18238
18239
18243
18243
18245
18249
18253
18258
18260
18261
18262
18263
18272
18273
18275
18278
18284
18284
18287
18287
18288
18298
18308
18311
18317
18319
18322
18323
18323
18324
18333
18336
18338
18347
18353
18353
18355
18360
18360
18366
18372
18373
18375
18376
18376
18377
18380
18382
18383
18384
18387
18389
18401
18401
18404
18405
18409
18411
18412
18421
18434
18436
18440
18442
18443
18444
18447
18448
18451
18452
18452
18455
18458
18458
18463
18463
18471
18476
18477
18481
18489
18491
18501
18510
18517
18522
18522
18528
18530
18531
18534
18560
18561
18566
18571
18572
18581
18581
18590
18590
18592
18593
18599
18602
18605
18605
18606
18607
18611
18611
18632
18633
18635
18638
18639
18642
18642
18645
18646
18646
18651
18652
18655
18663
18666
18671
18673
18674
18676
18678
18681
18682
18685
18688
18695
18695
18698
18700
18702
18709
18710
18710
18710
18711
18712
18717
18722
18725
18726
18726
18735
18741
18743
18747
18747
18748
18749
18752
18753
18756
18762
18768
18774
18780
18790
18794
18811
18812
18819
18824
18824
18833
18837
18846
18852
18855
18856
18861
18864
18864
18864
18869
18878
18879
18883
18889
18892
18899
18900
18901
18903
18903
18905
18909
18909
18909
18910
18912
18916
18916
18916
18917
18917
18920
18921
18922
18925
18925
18927
18930
18933
18934
18935
18938
18940
18942
18945
18947
18947
18956
18965
18965
18966
18966
18968
18969
18969
18976
18979
18985
18986
18990
18991
18993
18998
18999
19010
19017
19017
19017
19019
19029
19029
19042
19042
19044
19046
19049
19050
19054
19057
19072
19072
19074
19075
19076
19078
19085
19086
19097
19098
19107
19107
19111
19112
19116
19121
19123
19124
19130
19133
19141
19142
19147
19159
19161
19162
19164
19168
19168
19169
19170
19170
19171
19178
19180
19182
19187
19191
19191
19193
19193
19199
19213
19216
19222
19223
19224
19238
19249
19249
19265
19266
19267
19279
19280
19284
19289
19295
19295
19299
19301
19308
19310
19311
19314
19328
19328
19329
19330
19336
19336
19357
19359
19359
19360
19360
19365
19367
19371
19381
19389
19390
19391
19396
19399
19402
19408
19419
19422
19425
19426
19432
19435
19439
19440
19441
19443
19445
19447
19448
19448
19449
19451
19453
19455
19459
19460
19473
19479
19480
19503
19512
19513
19514
19518
19523
19523
19527
19540
19547
19548
19549
19553
19555
19561
19579
19579
19581
19582
19584
19594
19595
19606
19609
19610
19618
19619
19619
19631
19636
19640
19642
19644
19651
19651
19654
19665
19666
19667
19672
19676
19689
19692
19693
19695
19696
19697
19703
19710
19712
19712
19719
19721
19722
19722
19722
19724
19729
19729
19732
19735
19740
19741
19743
19744
19744
19747
19748
19751
19752
19753
19755
19756
19761
19767
19768
19769
19771
19771
19784
19786
19791
19796
19797
19803
19804
19811
19812
19812
19815
19816
19816
19818
19819
19819
19823
19839
19840
19840
19846
19848
19850
19854
19857
19858
19858
19860
19863
19865
19868
19869
19869
19871
19875
19880
19882
19883
19896
19899
19899
19903
19912
19913
19914
19915
19920
19923
19924
19925
19925
19926
19933
19936
19940
19944
19948
19951
19953
19957
19959
19964
19966
19969
19973
19973
19975
19977
19978
19984
19985
19991
19991
19992
19998
20003
20007
20017
20019
20022
20022
20023
20027
20030
20032
20033
20038
20048
20052
20053
20062
20066
20069
20073
20074
20074
20079
20085
20085
20088
20091
20093
20099
20100
20100
20101
20102
20110
20111
20113
20128
20130
20137
20150
20156
20157
20162
20163
20167
20175
20177
20180
20184
20185
20188
20191
20195
20197
20197
20197
20200
20207
20207
20207
20209
20210
20216
20218
20218
20223
20224
20228
20234
20237
20240
20246
20248
20248
20249
20252
20254
20256
20262
20262
20265
20267
20268
20276
20276
20278
20279
20281
20282
20282
20287
20287
20289
20289
20290
20291
20292
20296
20299
20300
20305
20311
20316
20321
20324
20325
20332
20332
20336
20337
20338
20343
20346
20347
20348
20348
20350
20360
20360
20360
20362
20368
20372
20378
20381
20383
20383
20384
20386
20387
20387
20388
20395
20395
20396
20397
20397
20398
20398
20402
20404
20405
20405
20406
20408
20408
20412
20415
20423
20426
20426
20429
20446
20447
20458
20458
20462
20462
20467
20467
20469
20472
20472
20476
20477
20478
20483
20491
20498
20499
20513
20514
20526
20528
20534
20535
20544
20550
20551
20551
20556
20556
20564
20565
20572
20575
20577
20579
20579
20580
20580
20581
20587
20587
20590
20591
20596
20601
20605
20605
20606
20608
20609
20611
20612
20617
20621
20622
20623
20623
20625
20625
20628
20629
20632
20634
20640
20641
20646
20648
20648
20653
20661
20664
20667
20675
20676
20688
20692
20696
20703
20709
20714
20718
20719
20720
20725
20734
20743
20745
20749
20751
20756
20756
20761
20766
20767
20768
20775
20775
20777
20782
20782
20789
20792
20796
20802
20803
20806
20813
20815
20824
20824
20826
20826
20834
20844
20846
20848
20852
20854
20854
20856
20856
20856
20858
20861
20862
20864
20869
20871
20872
20876
20879
20880
20880
20882
20883
20885
20896
20898
20902
20907
20909
20909
20912
20912
20920
20925
20932
20932
20932
20932
20940
20944
20945
20946
20947
20949
20950
20950
20951
20955
20963
20974
20980
20985
20986
20991
20993
20999
21006
21006
21007
21014
21015
21024
21025
21026
21029
21031
21036
21041
21046
21049
21052
21058
21062
21064
21065
21066
21070
21074
21079
21080
21082
21083
21084
21084
21087
21088
21094
21101
21102
21106
21110
21113
21117
21118
21119
21120
21128
21131
21135
21141
21148
21154
21160
21169
21175
21180
21181
21184
21184
21185
21190
21191
21206
21208
21210
21212
21214
21215
21217
21221
21222
21224
21225
21227
21228
21229
21231
21233
21234
21239
21240
21240
21245
21250
21263
21265
21265
21266
21271
21279
21280
21282
21284
21286
21288
21288
21289
21290
21297
21298
21307
21307
21309
21310
21313
21314
21322
21327
21330
21331
21336
21338
21339
21340
21343
21344
21344
21345
21348
21348
21349
21355
21366
21372
21374
21375
21377
21387
21389
21391
21397
21398
21400
21404
21404
21406
21406
21407
21408
21411
21413
21416
21419
21420
21422
21427
21435
21440
21443
21450
21451
21452
21454
21454
21459
21459
21461
21465
21469
21472
21472
21475
21480
21487
21488
21491
21493
21495
21496
21497
21498
21498
21498
21501
21501
21511
21515
21519
21519
21520
21529
21529
21534
21537
21543
21549
21553
21556
21561
21561
21562
21563
21566
21569
21570
21575
21579
21580
21583
21585
21587
21588
21589
21591
21593
21595
21595
21604
21608
21613
21616
21618
21628
21632
21636
21638
21639
21640
21642
21643
21648
21650
21657
21661
21667
21668
21669
21670
21674
21675
21678
21679
21680
21682
21682
21690
21690
21691
21694
21696
21696
21697
21701
21703
21708
21708
21712
21712
21716
21720
21722
21726
21729
21735
21737
21738
21738
21744
21744
21744
21747
21747
21748
21751
21756
21756
21756
21758
21758
21770
21780
21790
21794
21808
21820
21823
21823
21827
21833
21837
21839
21846
21846
21847
21850
21853
21856
21857
21859
21860
21861
21861
21862
21871
21879
21882
21883
21887
21891
21895
21897
21901
21901
21903
21919
21920
21920
21920
21922
21930
21933
21938
21939
21947
21948
21952
21953
21957
21958
21959
21965
21967
21973
21974
21976
21979
21981
21981
21986
21991
21991
21994
22001
22005
22011
22016
22025
22025
22027
22031
22042
22044
22045
22046
22048
22051
22054
22058
22059
22059
22064
22067
22070
22073
22078
22078
22078
22079
22088
22088
22088
22088
22089
22090
22098
22098
22100
22106
22115
22125
22126
22129
22131
22134
22136
22139
22139
22142
22147
22148
22160
22165
22169
22172
22175
22176
22177
22177
22181
22181
22182
22185
22189
22192
22197
22200
22205
22209
22218
22222
22225
22227
22228
22229
22233
22236
22241
22243
22243
22247
22249
22249
22252
22252
22256
22260
22261
22268
22269
22272
22284
22285
22287
22294
22295
22298
22300
22301
22301
22302
22303
22308
22317
22322
22328
22330
22332
22333
22351
22364
22366
22373
22382
22384
22385
22386
22391
22391
22395
22397
22401
22402
22404
22409
22413
22415
22416
22425
22425
22429
22429
22430
22433
22435
22436
22439
22443
22448
22457
22458
22469
22475
22481
22484
22486
22489
22489
22494
22494
22498
22502
22506
22507
22507
22512
22517
22522
22523
22528
22531
22538
22540
22542
22542
22547
22553
22556
22558
22562
22572
22575
22575
22575
22576
22583
22587
22592
22597
22598
22602
22606
22608
22612
22618
22618
22621
22625
22626
22627
22630
22635
22635
22637
22639
22640
22640
22641
22644
22647
22648
22649
22655
22656
22661
22663
22664
22672
22674
22677
22678
22678
22684
22707
22711
22713
22715
22721
22722
22729
22731
22732
22735
22736
22744
22751
22755
22763
22764
22769
22770
22771
22774
22774
22777
22778
22779
22784
22784
22786
22793
22794
22797
22800
22801
22801
22804
22807
22808
22808
22812
22814
22820
22820
22821
22827
22827
22828
22828
22828
22828
22830
22836
22837
22837
22840
22841
22845
22846
22853
22858
22864
22864
22866
22870
22870
22872
22879
22881
22888
22890
22895
22897
22905
22906
22907
22908
22908
22913
22913
22916
22916
22917
22918
22922
22924
22928
22931
22931
22937
22939
22944
22955
22960
22963
22963
22978
22980
22981
22983
22990
22991
22991
23000
23001
23004
23011
23016
23024
23024
23030
23035
23040
23040
23041
23045
23049
23055
23058
23059
23067
23073
23075
23079
23083
23083
23084
23084
23089
23090
23098
23099
23100
23101
23105
23105
23111
23111
23116
23117
23122
23123
23124
23129
23130
23131
23134
23134
23139
23141
23142
23145
23145
23147
23150
23151
23152
23160
23161
23163
23164
23171
23174
23181
23185
23187
23189
23198
23200
23206
23208
23208
23209
23216
23219
23220
23221
23223
23223
23227
23228
23228
23233
23234
23237
23239
23241
23245
23252
23254
23262
23271
23279
23280
23283
23284
23286
23292
23293
23295
23295
23295
23296
23296
23299
23300
23301
23311
23318
23324
23325
23329
23330
23332
23334
23337
23337
23338
23339
23341
23344
23345
23348
23373
23376
23376
23378
23381
23382
23386
23389
23390
23390
23394
23395
23396
23399
23399
23400
23405
23415
23420
23420
23429
23435
23437
23443
23446
23448
23448
23448
23449
23457
23461
23464
23464
23469
23471
23471
23476
23477
23478
23478
23481
23487
23487
23495
23498
23500
23508
23509
23517
23518
23523
23525
23527
23539
23542
23551
23555
23555
23556
23556
23557
23569
23573
23575
23582
23585
23585
23585
23586
23588
23592
23596
23597
23597
23599
23601
23603
23604
23612
23623
23626
23628
23629
23630
23630
23630
23632
23635
23636
23642
23644
23644
23644
23647
23649
23652
23655
23657
23675
23676
23679
23692
23695
23696
23696
23706
23716
23719
23720
23721
23724
23732
23732
23733
23735
23739
23753
23753
23753
23755
23760
23770
23773
23773
23777
23778
23781
23781
23785
23786
23787
23792
23792
23792
23793
23796
23797
23801
23810
23812
23815
23821
23821
23822
23823
23824
23828
23831
23836
23853
23862
23865
23867
23869
23871
23878
23879
23883
23883
23884
23885
23885
23899
23907
23914
23920
23922
23922
23929
23929
23930
23938
23938
23939
23944
23948
23950
23952
23955
23955
23958
23961
23961
23975
23975
23979
23981
23985
23988
23995
23997
24001
24002
24005
24006
24008
24009
24009
24010
24015
24016
24017
24020
24020
24023
24023
24026
24029
24029
24036
24038
24039
24044
24048
24052
24055
24061
24061
24064
24076
24081
24081
24085
24088
24090
24096
24096
24099
24100
24106
24109
24111
24115
24116
24119
24123
24126
24127
24130
24130
24132
24138
24140
24147
24159
24163
24164
24165
24168
24171
24173
24182
24187
24189
24198
24209
24210
24213
24214
24215
24218
24220
24224
24231
24232
24235
24243
24244
24250
24252
24256
24259
24261
24264
24265
24266
24268
24269
24273
24273
24274
24274
24276
24280
24281
24284
24291
24293
24301
24301
24308
24314
24315
24326
24327
24335
24335
24336
24340
24342
24342
24346
24347
24354
24358
24362
24362
24373
24382
24387
24393
24394
24396
24396
24398
24401
24401
24404
24406
24412
24413
24418
24422
24422
24423
24424
24430
24435
24441
24446
24447
24448
24449
24450
24453
24456
24463
24466
24469
24469
24470
24471
24473
24474
24474
24475
24479
24480
24481
24486
24494
24495
24499
24504
24508
24508
24508
24510
24511
24518
24528
24532
24532
24538
24541
24542
24547
24547
24550
24555
24565
24565
24569
24587
24591
24593
24595
24596
24597
24599
24602
24605
24607
24607
24617
24625
24626
24628
24637
24639
24642
24658
24658
24660
24663
24664
24668
24669
24670
24670
24672
24675
24682
24683
24683
24684
24689
24690
24690
24692
24695
24695
24697
24706
24712
24712
24713
24716
24718
24724
24725
24726
24726
24729
24729
24730
24748
24759
24759
24762
24763
24763
24766
24768
24774
24774
24778
24778
24780
24781
24782
24784
24787
24792
24793
24794
24795
24800
24805
24807
24814
24817
24828
24829
24829
24831
24831
24832
24833
24834
24837
24838
24841
24847
24848
24849
24854
24855
24856
24857
24866
24869
24869
24871
24875
24880
24881
24895
24899
24901
24901
24901
24907
24907
24908
24911
24924
24926
24931
24938
24952
24954
24955
24958
24959
24962
24963
24967
24969
24974
24978
24994
24996
25000
25002
25003
25006
25008
25008
25010
25013
25014
25026
25026
25029
25030
25042
25043
25059
25060
25069
25071
25072
25075
25075
25091
25093
25100
25101
25104
25104
25105
25105
25106
25110
25111
25112
25115
25116
25120
25128
25128
25135
25140
25142
25150
25153
25154
25157
25157
25160
25162
25170
25171
25176
25179
25180
25181
25187
25197
25199
25200
25200
25202
25203
25203
25214
25215
25223
25238
25250
25250
25250
25250
25253
25258
25259
25259
25263
25264
25265
25274
25275
25275
25279
25287
25292
25301
25302
25309
25314
25321
25332
25336
25340
25342
25343
25345
25345
25346
25346
25348
25350
25351
25352
25354
25357
25357
25367
25369
25371
25373
25374
25374
25374
25376
25376
25382
25387
25390
25397
25397
25402
25404
25411
25414
25415
25415
25418
25431
25438
25444
25445
25447
25447
25449
25451
25451
25452
25455
25460
25464
25465
25468
25470
25470
25473
25482
25486
25488
25489
25494
25495
25496
25497
25499
25500
25505
25511
25522
25523
25524
25526
25527
25533
25534
25548
25557
25558
25560
25572
25576
25578
25578
25585
25595
25596
25597
25604
25608
25609
25611
25612
25627
25630
25634
25641
25643
25644
25644
25649
25650
25650
25651
25655
25655
25656
25659
25659
25662
25664
25671
25678
25679
25679
25681
25683
25684
25685
25690
25691
25695
25696
25696
25699
25701
25701
25702
25710
25713
25714
25716
25718
25719
25727
25729
25733
25733
25734
25739
25739
25741
25750
25757
25760
25768
25770
25773
25774
25778
25782
25785
25785
25786
25786
25797
25806
25810
25812
25819
25821
25822
25826
25828
25829
25830
25832
25838
25839
25842
25842
25851
25853
25854
25863
25871
25871
25871
25872
25878
25883
25889
25890
25890
25891
25893
25896
25904
25906
25907
25912
25912
25913
25914
25919
25933
25949
25952
25952
25952
25959
25961
25961
25966
25971
25974
25986
25990
25992
25994
25998
26001
26003
26004
26009
26014
26017
26020
26021
26032
26033
26037
26039
26040
26041
26042
26043
26045
26047
26047
26054
26059
26060
26063
26069
26069
26072
26085
26090
26091
26099
26100
26100
26102
26103
26111
26112
26116
26121
26125
26128
26129
26129
26130
26130
26133
26136
26137
26142
26148
26157
26158
26163
26173
26177
26191
26191
26198
26205
26205
26206
26206
26212
26213
26220
26221
26221
26224
26227
26230
26234
26241
26247
26250
26251
26253
26256
26258
26263
26264
26265
26267
26271
26271
26275
26280
26283
26287
26290
26291
26298
26299
26302
26303
26308
26308
26310
26311
26313
26314
26315
26329
26331
26335
26339
26342
26347
26353
26361
26361
26361
26367
26368
26373
26374
26374
26376
26378
26382
26383
26392
26393
26395
26400
26414
26426
26427
26429
26434
26435
26436
26440
26444
26448
26450
26451
26455
26464
26470
26471
26478
26479
26480
26482
26484
26485
26488
26491
26493
26493
26500
26500
26503
26508
26510
26511
26515
26516
26520
26522
26523
26536
26545
26546
26552
26556
26561
26566
26574
26577
26577
26584
26595
26595
26595
26596
26599
26599
26600
26600
26604
26606
26613
26615
26623
26623
26623
26625
26626
26632
26632
26639
26642
26647
26648
26649
26650
26650
26653
26654
26655
26657
26661
26661
26665
26669
26674
26678
26686
26687
26688
26689
26693
26695
26695
26702
26715
26717
26721
26724
26725
26728
26734
26735
26736
26741
26743
26749
26754
26762
26765
26769
26772
26773
26773
26777
26781
26781
26782
26784
26788
26788
26793
26795
26796
26796
26798
26805
26812
26815
26816
26818
26819
26819
26819
26820
26824
26827
26828
26837
26844
26845
26857
26859
26861
26861
26867
26870
26877
26880
26883
26887
26887
26889
26892
26892
26896
26900
26911
26921
26922
26926
26934
26942
26943
26948
26949
26954
26954
26957
26959
26959
26961
26962
26963
26963
26964
26965
26965
26970
26972
26975
26985
26988
26990
26991
26992
26996
27003
27006
27011
27014
27020
27021
27022
27027
27031
27035
27036
27037
27041
27041
27045
27046
27047
27050
27051
27051
27052
27052
27053
27053
27056
27060
27060
27072
27074
27075
27076
27076
27078
27083
27084
27091
27097
27097
27098
27103
27104
27112
27113
27114
27115
27118
27121
27124
27130
27134
27140
27140
27140
27142
27149
27156
27156
27157
27161
27162
27166
27168
27176
27184
27184
27185
27186
27188
27194
27196
27196
27200
27209
27223
27224
27224
27226
27226
27226
27230
27231
27235
27235
27241
27241
27244
27244
27245
27248
27249
27260
27261
27263
27263
27268
27269
27283
27284
27286
27286
27289
27290
27292
27292
27292
27308
27311
27312
27314
27319
27320
27323
27326
27329
27330
27332
27334
27339
27343
27345
27347
27353
27353
27355
27361
27362
27366
27366
27366
27371
27376
27388
27390
27390
27394
27394
27396
27411
27412
27413
27416
27416
27417
27426
27427
27429
27430
27431
27432
27433
27434
27434
27435
27438
27440
27444
27444
27446
27448
27449
27452
27457
27457
27466
27466
27476
27479
27479
27482
27483
27484
27489
27491
27502
27508
27508
27508
27512
27512
27513
27513
27514
27516
27526
27527
27531
27531
27533
27536
27541
27550
27558
27559
27571
27581
27583
27589
27590
27590
27593
27593
27595
27603
27605
27605
27610
27612
27613
27618
27618
27619
27627
27627
27629
27631
27634
27636
27637
27641
27657
27657
27661
27670
27675
27676
27679
27691
27695
27696
27697
27705
27705
27706
27712
27718
27726
27727
27732
27737
27739
27741
27743
27743
27744
27747
27756
27757
27765
27769
27770
27775
27784
27787
27788
27789
27790
27792
27792
27793
27795
27796
27798
27806
27812
27813
27816
27816
27818
27819
27819
27825
27827
27827
27831
27833
27835
27835
27835
27839
27840
27842
27851
27854
27856
27868
27868
27874
27886
27888
27897
27898
27898
27902
27903
27906
27913
27922
27923
27929
27931
27932
27933
27934
27934
27942
27944
27952
27961
27961
27965
27966
27970
27986
27986
27987
27991
27992
27997
27998
28004
28006
28013
28014
28017
28019
28020
28021
28021
28032
28033
28037
28038
28040
28047
28050
28050
28052
28055
28058
28058
28060
28060
28061
28062
28070
28072
28076
28077
28077
28079
28084
28090
28091
28096
28099
28104
28106
28106
28106
28112
28119
28123
28130
28131
28133
28136
28140
28141
28142
28142
28147
28150
28150
28153
28153
28164
28172
28176
28181
28183
28183
28188
28191
28193
28195
28196
28199
28202
28205
28207
28207
28210
28218
28219
28219
28222
28222
28223
28231
28241
28241
28244
28247
28251
28252
28255
28258
28262
28268
28274
28276
28279
28282
28284
28287
28287
28288
28298
28301
28306
28311
28314
28316
28318
28318
28321
28332
28347
28348
28350
28356
28367
28369
28369
28370
28375
28376
28377
28391
28394
28395
28403
28405
28407
28411
28414
28416
28417
28427
28434
28439
28439
28447
28448
28451
28453
28459
28460
28461
28461
28464
28470
28472
28474
28474
28475
28476
28477
28478
28480
28483
28485
28491
28492
28500
28504
28504
28512
28515
28515
28520
28529
28531
28531
28532
28533
28533
28536
28538
28538
28545
28547
28551
28558
28563
28564
28565
28567
28569
28569
28577
28579
28579
28584
28584
28587
28588
28595
28596
28598
28598
28601
28616
28625
28625
28627
28638
28639
28640
28647
28650
28651
28652
28652
28656
28658
28665
28670
28673
28673
28678
28678
28678
28684
28690
28693
28695
28700
28705
28708
28709
28711
28714
28721
28722
28725
28726
28738
28740
28744
28762
28762
28765
28767
28767
28768
28773
28782
28789
28791
28792
28800
28803
28803
28804
28806
28810
28835
28835
28836
28836
28837
28840
28855
28855
28855
28862
28866
28867
28867
28871
28872
28879
28882
28884
28885
28885
28889
28900
28907
28909
28913
28916
28919
28920
28920
28922
28925
28927
28929
28929
28933
28934
28935
28943
28944
28947
28948
28952
28952
28953
28956
28957
28966
28970
28971
28972
28983
28983
28984
28987
28991
28991
28997
29002
29004
29006
29008
29010
29010
29012
29017
29018
29018
29019
29020
29021
29022
29032
29034
29041
29041
29047
29051
29069
29074
29079
29081
29081
29083
29084
29087
29087
29087
29088
29097
29100
29104
29106
29110
29118
29119
29120
29120
29123
29125
29129
29133
29134
29141
29142
29143
29143
29148
29150
29159
29161
29162
29171
29185
29186
29188
29194
29197
29208
29208
29209
29211
29216
29222
29222
29226
29227
29232
29240
29240
29241
29249
29249
29256
29258
29259
29261
29268
29271
29272
29274
29276
29277
29279
29280
29281
29282
29288
29293
29297
29300
29301
29303
29307
29308
29312
29319
29336
29337
29338
29339
29343
29347
29350
29356
29360
29360
29366
29368
29371
29373
29381
29384
29390
29400
29404
29412
29424
29429
29429
29430
29432
29440
29444
29445
29445
29457
29460
29460
29460
29461
29464
29469
29472
29472
29473
29476
29479
29485
29492
29493
29493
29494
29497
29503
29510
29511
29512
29529
29533
29534
29544
29550
29550
29552
29566
29567
29574
29576
29578
29579
29582
29583
29592
29597
29598
29598
29598
29598
29600
29600
29602
29604
29607
29608
29613
29614
29615
29628
29628
29630
29632
29632
29646
29647
29648
29650
29650
29651
29651
29653
29662
29663
29671
29674
29674
29675
29679
29681
29685
29691
29700
29704
29708
29709
29711
29715
29716
29725
29726
29726
29742
29743
29745
29753
29757
29760
29765
29767
29770
29774
29784
29785
29788
29795
29797
29798
29810
29811
29812
29815
29816
29817
29818
29824
29829
29833
29834
29840
29840
29840
29843
29847
29857
29859
29861
29864
29865
29871
29873
29878
29881
29888
29892
29894
29894
29898
29900
29900
29906
29912
29918
29921
29921
29921
29922
29929
29930
29930
29931
29935
29936
29937
29942
29947
29948
29957
29957
29958
29958
29960
29965
29967
29970
29975
29992
29996
30013
30015
30017
30021
30021
30024
30033
30035
30037
30042
30043
30046
30053
30055
30061
30064
30065
30067
30071
30073
30074
30076
30079
30082
30084
30085
30085
30087
30089
30092
30094
30099
30101
30101
30101
30102
30110
30115
30116
30122
30122
30125
30141
30143
30159
30162
30172
30175
30178
30193
30196
30204
30204
30205
30206
30211
30216
30218
30219
30219
30220
30225
30225
30227
30228
30229
30236
30236
30236
30238
30239
30240
30240
30241
30242
30247
30249
30253
30257
30260
30269
30270
30272
30276
30276
30278
30279
30283
30283
30283
30286
30293
30293
30294
30296
30297
30298
30300
30301
30301
30301
30308
30312
30313
30319
30324
30325
30326
30326
30330
30332
30340
30343
30344
30344
30345
30346
30353
30354
30354
30355
30355
30357
30360
30367
30373
30373
30376
30384
30388
30391
30394
30397
30406
30410
30415
30418
30421
30427
30429
30442
30445
30445
30451
30451
30457
30464
30467
30470
30473
30474
30479
30486
30488
30490
30493
30494
30496
30499
30500
30501
30503
30505
30509
30513
30522
30522
30524
30525
30527
30528
30532
30533
30540
30540
30542
30543
30546
30553
30553
30553
30553
30554
30561
30563
30565
30569
30571
30574
30574
30578
30578
30582
30587
30588
30590
30596
30600
30607
30619
30626
30631
30633
30633
30636
30637
30638
30640
30642
30644
30644
30645
30646
30647
30653
30657
30659
30665
30672
30672
30676
30677
30679
30682
30691
30696
30696
30698
30698
30698
30708
30711
30715
30724
30726
30732
30735
30741
30754
30755
30756
30766
30775
30776
30781
30783
30787
30788
30789
30790
30790
30796
30799
30800
30809
30829
30846
30846
30847
30851
30853
30862
30867
30868
30870
30875
30876
30878
30882
30884
30884
30885
30892
30894
30909
30913
30915
30941
30942
30946
30948
30950
30951
30952
30956
30961
30961
30964
30965
30969
30970
30970
30972
30974
30975
30978
30979
30980
30981
30985
30988
30990
30991
30991
30994
31004
31010
31014
31016
31017
31019
31024
31028
31029
31034
31038
31045
31046
31046
31049
31051
31052
31053
31059
31060
31067
31068
31069
31070
31070
31080
31083
31083
31087
31088
31091
31094
31097
31100
31101
31104
31105
31105
31109
31109
31110
31119
31120
31121
31124
31125
31125
31127
31131
31138
31139
31139
31144
31156
31158
31159
31159
31160
31161
31164
31169
31169
31173
31174
31177
31187
31189
31190
31196
31201
31203
31203
31213
31219
31220
31221
31223
31227
31228
31229
31230
31236
31237
31240
31240
31242
31246
31266
31270
31274
31278
31281
31282
31283
31285
31287
31293
31294
31303
31308
31311
31314
31315
31317
31320
31321
31322
31323
31340
31341
31345
31346
31348
31353
31360
31361
31361
31365
31365
31366
31368
31374
31378
31381
31382
31385
31387
31391
31391
31395
31401
31403
31410
31411
31413
31414
31416
31416
31419
31421
31426
31428
31431
31436
31437
31437
31439
31440
31441
31443
31452
31459
31461
31465
31467
31468
31470
31475
31475
31476
31477
31480
31482
31483
31485
31487
31490
31490
31490
31492
31495
31495
31497
31506
31509
31513
31515
31519
31519
31524
31527
31529
31531
31532
31536
31536
31543
31543
31544
31545
31546
31547
31549
31552
31554
31555
31555
31556
31558
31560
31567
31568
31570
31576
31580
31580
31587
31589
31591
31595
31597
31599
31603
31609
31615
31618
31619
31623
31645
31649
31654
31654
31656
31656
31658
31663
31663
31663
31672
31673
31675
31677
31689
31691
31692
31694
31697
31698
31698
31701
31702
31709
31714
31719
31722
31725
31731
31731
31737
31744
31745
31746
31747
31756
31766
31768
31769
31778
31779
31780
31781
31781
31782
31782
31782
31783
31807
31807
31809
31809
31811
31812
31816
31816
31816
31819
31819
31820
31824
31827
31829
31834
31837
31842
31853
31861
31864
31866
31867
31869
31873
31873
31877
31878
31885
31893
31894
31896
31898
31902
31902
31907
31907
31909
31910
31911
31914
31915
31916
31917
31926
31936
31938
31957
31957
31957
31958
31961
31965
31970
31982
31984
31987
31988
31989
31991
31996
31997
31998
31999
32003
32006
32007
32028
32034
32035
32036
32036
32041
32041
32058
32061
32069
32070
32071
32072
32074
32077
32078
32087
32088
32090
32096
32101
32103
32107
32115
32123
32126
32129
32132
32133
32137
32137
32146
32146
32147
32148
32162
32163
32166
32168
32170
32174
32178
32180
32181
32184
32188
32189
32191
32202
32210
32212
32215
32221
32222
32227
32227
32230
32231
32231
32232
32235
32236
32242
32244
32247
32248
32250
32252
32254
32256
32256
32257
32258
32258
32260
32263
32265
32270
32273
32273
32276
32280
32283
32293
32303
32307
32307
32311
32311
32313
32316
32323
32327
32328
32333
32334
32347
32350
32351
32375
32379
32386
32388
32392
32393
32395
32395
32398
32398
32402
32404
32408
32411
32418
32423
32424
32425
32430
32433
32434
32436
32442
32450
32473
32476
32477
32479
32480
32480
32482
32484
32486
32487
32488
32491
32492
32492
32493
32493
32493
32494
32496
32498
32504
32516
32517
32518
32520
32522
32523
32524
32526
32533
32533
32539
32541
32546
32549
32549
32555
32558
32559
32562
32563
32565
32565
32570
32573
32582
32589
32593
32599
32608
32609
32611
32613
32614
32615
32628
32629
32635
32642
32643
32643
32649
32656
32659
32660
32667
32668
32669
32674
32676
32679
32680
32680
32687
32688
32690
32690
32691
32691
32694
32695
32703
32707
32707
32709
32715
32718
32718
32719
32722
32736
32737
32737
32739
32741
32742
32742
32756
32757
32757
32762
32763
32766
