0
1
2
9
12
17
18
31
37
38
38
39
44
46
47
51
60
61
65
66
67
68
68
72
75
79
83
90
91
93
94
103
108
116
116
117
121
125
131
132
135
139
146
147
155
157
158
163
165
173
176
181
181
188
198
208
214
216
224
224
225
230
236
242
244
254
254
256
261
277
278
283
286
287
293
296
302
305
310
312
313
320
334
343
345
359
360
369
371
371
372
375
385
386
389
391
394
395
397
399
399
401
402
403
404
404
414
415
418
419
420
423
426
432
433
435
435
437
438
443
451
453
460
462
462
465
467
469
471
471
472
479
482
485
487
487
489
489
489
496
506
507
509
513
515
515
519
521
524
528
528
528
530
531
533
533
536
539
543
544
550
551
552
558
562
565
566
572
574
574
575
583
583
589
594
604
608
619
621
625
633
645
647
651
654
656
656
660
665
667
674
678
679
681
683
691
695
699
699
701
705
706
708
708
720
721
722
723
724
726
728
728
732
733
738
738
741
746
747
747
749
749
752
759
760
760
762
763
770
771
773
774
776
782
783
791
803
804
810
811
811
816
821
822
825
826
828
834
839
840
840
841
844
845
847
860
861
867
868
869
873
874
876
877
877
880
882
884
888
888
894
895
897
905
911
914
915
916
921
922
931
935
938
942
946
946
950
959
964
968
973
977
978
980
980
988
988
989
990
991
992
995
997
1002
1011
1012
1014
1015
1018
1020
1021
1023
1027
1028
1028
1028
1029
1035
1036
1036
1036
1037
1047
1048
1050
1055
1056
1057
1057
1064
1066
1067
1068
1070
1077
1085
1092
1097
1103
1107
1109
1112
1115
1118
1121
1126
1133
1136
1137
1144
1148
1153
1157
1157
1159
1159
1160
1164
1164
1169
1171
1171
1172
1173
1174
1176
1180
1182
1184
1188
1190
1194
1194
1195
1195
1199
1203
1207
1209
1212
1218
1218
1224
1228
1231
1234
1236
1249
1251
1259
1270
1276
1277
1283
1292
1298
1298
1300
1301
1301
1302
1303
1305
1307
1309
1310
1312
1321
1321
1322
1323
1324
1333
1335
1339
1341
1348
1349
1350
1351
1352
1356
1357
1359
1360
1369
1370
1375
1380
1383
1384
1387
1392
1398
1402
1403
1404
1405
1405
1408
1410
1414
1414
1416
1419
1426
1426
1429
1431
1442
1447
1450
1453
1457
1459
1460
1465
1474
1480
1481
1486
1491
1493
1494
1496
1505
1522
1526
1527
1532
1543
1551
1553
1556
1558
1560
1561
1562
1566
1568
1572
1581
1586
1589
1590
1602
1605
1607
1610
1612
1619
1622
1624
1624
1625
1634
1634
1637
1646
1648
1648
1655
1662
1662
1666
1666
1671
1671
1674
1675
1675
1677
1677
1678
1681
1683
1684
1684
1685
1691
1693
1700
1709
1710
1718
1718
1719
1723
1725
1729
1730
1738
1747
1750
1752
1756
1764
1765
1766
1767
1772
1777
1780
1780
1780
1787
1789
1794
1794
1798
1799
1799
1800
1803
1811
1814
1816
1820
1826
1833
1836
1837
1839
1844
1845
1845
1847
1857
1860
1864
1866
1867
1871
1876
1877
1892
1897
1900
1902
1907
1916
1936
1941
1941
1942
1942
1943
1947
1948
1950
1958
1968
1969
1971
1977
1981
1985
1985
1985
1987
1990
1993
1995
2000
2001
2001
2015
2018
2025
2028
2030
2043
2056
2056
2057
2062
2063
2067
2069
2076
2079
2080
2080
2086
2086
2087
2095
2097
2100
2111
2112
2116
2119
2122
2129
2131
2132
2133
2134
2138
2143
2146
2148
2150
2151
2153
2153
2153
2157
2163
2165
2165
2173
2176
2177
2178
2180
2184
2185
2185
2190
2196
2202
2204
2214
2214
2228
2233
2236
2238
2239
2240
2241
2245
2249
2250
2255
2257
2258
2260
2262
2263
2264
2265
2267
2269
2275
2279
2283
2290
2290
2297
2308
2311
2311
2313
2326
2326
2327
2329
2333
2336
2336
2337
2342
2344
2346
2347
2348
2351
2358
2359
2360
2363
2364
2367
2368
2374
2378
2378
2384
2386
2387
2388
2396
2396
2398
2401
2405
2408
2417
2423
2426
2435
2439
2440
2440
2441
2443
2445
2448
2452
2454
2455
2456
2459
2462
2463
2468
2472
2475
2488
2489
2498
2498
2506
2506
2507
2507
2509
2509
2517
2519
2521
2524
2527
2532
2535
2540
2541
2542
2549
2558
2561
2562
2562
2566
2570
2592
2593
2601
2611
2613
2613
2619
2629
2634
2635
2640
2645
2647
2648
2650
2663
2665
2666
2666
2670
2673
2685
2686
2689
2693
2694
2704
2704
2707
2718
2720
2721
2726
2726
2728
2729
2731
2739
2743
2747
2747
2755
2756
2771
2778
2783
2784
2788
2788
2795
2795
2798
2801
2808
2814
2818
2823
2828
2837
2837
2841
2844
2846
2849
2854
2859
2863
2865
2869
2869
2871
2872
2873
2873
2877
2885
2886
2887
2896
2908
2926
2930
2932
2933
2934
2937
2938
2940
2942
2945
2959
2959
2963
2965
2969
2971
2973
2974
2980
2980
2981
2983
2983
2986
2991
2993
2996
3001
3005
3008
3013
3017
3019
3021
3024
3024
3025
3026
3027
3028
3030
3042
3047
3047
3048
3050
3053
3056
3063
3073
3077
3080
3095
3096
3098
3100
3107
3108
3109
3110
3110
3110
3128
3130
3131
3135
3136
3137
3142
3146
3152
3153
3155
3159
3168
3173
3174
3174
3179
3181
3183
3184
3185
3189
3190
3192
3194
3201
3204
3205
3211
3212
3217
3217
3219
3221
3225
3232
3234
3238
3238
3239
3244
3248
3249
3252
3256
3258
3260
3261
3263
3266
3266
3266
3273
3286
3288
3288
3290
3294
3297
3300
3304
3305
3305
3306
3308
3309
3317
3321
3324
3327
3329
3334
3337
3338
3339
3345
3350
3351
3353
3354
3359
3361
3367
3369
3370
3372
3374
3375
3376
3377
3378
3392
3392
3394
3395
3399
3402
3407
3408
3410
3412
3422
3426
3428
3428
3429
3436
3438
3444
3449
3456
3466
3470
3472
3475
3480
3483
3486
3486
3488
3488
3489
3490
3491
3492
3494
3494
3495
3495
3497
3508
3510
3515
3518
3520
3532
3540
3541
3542
3542
3545
3546
3546
3547
3561
3567
3570
3578
3584
3587
3587
3588
3591
3592
3594
3594
3597
3603
3607
3609
3614
3614
3614
3614
3621
3630
3634
3634
3638
3653
3657
3659
3665
3670
3673
3676
3679
3684
3685
3686
3688
3700
3703
3706
3713
3719
3723
3741
3742
3742
3743
3744
3749
3753
3755
3758
3763
3763
3764
3775
3776
3779
3781
3787
3789
3792
3801
3808
3808
3811
3812
3813
3819
3822
3826
3828
3831
3833
3833
3838
3840
3844
3846
3849
3851
3852
3854
3854
3855
3856
3856
3859
3860
3868
3868
3870
3878
3891
3902
3903
3903
3912
3915
3919
3921
3924
3928
3931
3933
3934
3934
3934
3935
3939
3945
3946
3950
3953
3957
3960
3962
3964
3969
3970
3990
3992
3997
4000
4005
4007
4010
4010
4014
4017
4017
4019
4019
4019
4025
4027
4032
4033
4034
4035
4036
4037
4038
4043
4044
4046
4048
4052
4054
4054
4056
4058
4058
4069
4070
4075
4076
4080
4081
4082
4086
4087
4090
4093
4099
4099
4100
4104
4104
4106
4119
4124
4126
4132
4133
4140
4143
4144
4150
4164
4165
4170
4171
4173
4177
4181
4191
4195
4199
4202
4204
4204
4205
4205
4208
4209
4210
4210
4213
4213
4222
4223
4224
4227
4228
4234
4236
4244
4244
4245
4249
4254
4255
4257
4263
4265
4268
4272
4273
4274
4275
4276
4277
4283
4286
4295
4296
4304
4307
4314
4316
4318
4321
4323
4329
4331
4334
4335
4339
4340
4341
4346
4347
4350
4351
4352
4367
4370
4375
4376
4376
4376
4377
4379
4381
4386
4388
4395
4396
4400
4401
4402
4404
4415
4417
4418
4420
4421
4424
4430
4435
4438
4438
4445
4446
4448
4451
4452
4453
4454
4457
4460
4460
4464
4465
4473
4477
4478
4479
4480
4481
4483
4485
4486
4493
4497
4497
4499
4509
4509
4513
4518
4519
4520
4521
4522
4527
4532
4532
4533
4533
4537
4542
4547
4548
4555
4565
4573
4577
4579
4585
4586
4588
4590
4593
4595
4595
4606
4608
4610
4615
4625
4626
4632
4634
4636
4642
4649
4652
4655
4665
4673
4675
4683
4686
4688
4689
4693
4698
4702
4704
4704
4704
4706
4712
4714
4718
4727
4731
4732
4733
4733
4733
4733
4734
4735
4737
4738
4741
4746
4747
4748
4753
4753
4755
4757
4759
4764
4765
4767
4775
4775
4780
4787
4795
4797
4809
4812
4816
4818
4822
4827
4827
4830
4833
4835
4836
4838
4840
4842
4843
4847
4848
4851
4852
4852
4854
4856
4859
4860
4860
4868
4870
4874
4875
4876
4880
4882
4896
4900
4901
4904
4905
4905
4910
4923
4923
4923
4930
4931
4937
4944
4947
4947
4951
4956
4957
4959
4960
4960
4963
4964
4964
4967
4967
4969
4970
4972
4973
4978
4982
4985
4985
4994
5001
5001
5003
5005
5006
5007
5009
5010
5014
5017
5025
5030
5031
5051
5059
5062
5064
5064
5066
5067
5067
5069
5073
5075
5077
5079
5079
5084
5084
5091
5096
5098
5111
5120
5121
5125
5126
5129
5140
5141
5141
5142
5147
5148
5149
5153
5156
5159
5161
5166
5174
5178
5180
5183
5184
5193
5197
5200
5201
5203
5205
5207
5207
5210
5211
5211
5212
5213
5214
5214
5215
5224
5227
5228
5230
5231
5234
5235
5236
5243
5246
5250
5259
5260
5267
5272
5284
5287
5287
5296
5296
5297
5299
5300
5304
5307
5307
5311
5313
5314
5326
5326
5329
5331
5335
5336
5337
5338
5342
5343
5344
5356
5356
5358
5360
5362
5362
5368
5369
5369
5373
5373
5376
5379
5381
5399
5413
5415
5419
5423
5424
5426
5429
5432
5433
5436
5441
5456
5468
5471
5475
5479
5487
5488
5488
5488
5489
5491
5493
5506
5510
5516
5522
5523
5523
5526
5528
5533
5541
5542
5543
5546
5547
5547
5550
5554
5554
5557
5559
5564
5568
5575
5580
5585
5586
5587
5588
5588
5593
5594
5596
5598
5607
5608
5608
5610
5618
5622
5626
5631
5633
5634
5635
5640
5648
5648
5649
5649
5656
5657
5661
5664
5671
5672
5673
5680
5682
5686
5687
5690
5693
5693
5696
5696
5697
5699
5700
5702
5707
5709
5711
5713
5718
5726
5731
5732
5738
5743
5745
5746
5747
5748
5748
5757
5761
5763
5764
5764
5765
5765
5766
5772
5777
5778
5778
5779
5782
5789
5803
5812
5814
5825
5827
5830
5830
5832
5843
5852
5854
5855
5856
5861
5863
5875
5877
5877
5880
5880
5889
5891
5893
5894
5895
5906
5916
5916
5920
5920
5920
5925
5932
5934
5936
5940
5944
5960
5962
5962
5973
5978
5978
5978
5980
5987
5987
5994
5995
5996
5997
6004
6009
6009
6012
6017
6017
6020
6029
6034
6037
6038
6043
6045
6050
6051
6051
6057
6057
6060
6061
6064
6065
6070
6077
6077
6087
6088
6089
6090
6093
6095
6096
6096
6097
6099
6102
6103
6104
6108
6115
6116
6117
6118
6120
6122
6149
6149
6149
6153
6154
6155
6156
6168
6169
6170
6176
6185
6188
6190
6190
6193
6195
6196
6199
6203
6206
6210
6211
6211
6212
6215
6218
6223
6224
6226
6228
6230
6231
6237
6238
6239
6241
6244
6246
6252
6258
6258
6272
6272
6275
6281
6281
6285
6292
6293
6294
6295
6301
6314
6321
6321
6324
6324
6328
6328
6328
6329
6336
6338
6342
6346
6352
6354
6354
6356
6359
6362
6363
6366
6370
6371
6376
6386
6393
6393
6396
6400
6400
6407
6408
6413
6415
6420
6429
6433
6435
6440
6446
6450
6451
6455
6456
6459
6466
6470
6471
6472
6478
6484
6484
6486
6492
6495
6498
6498
6509
6512
6515
6518
6521
6525
6529
6529
6531
6532
6533
6536
6536
6538
6541
6541
6544
6548
6553
6558
6560
6563
6566
6568
6568
6572
6576
6577
6579
6584
6584
6586
6590
6599
6618
6620
6622
6623
6624
6636
6638
6648
6649
6653
6662
6666
6673
6673
6676
6679
6680
6680
6680
6683
6686
6692
6693
6693
6697
6697
6701
6702
6705
6705
6709
6710
6711
6714
6718
6718
6719
6723
6727
6732
6734
6735
6742
6747
6750
6754
6762
6767
6776
6777
6777
6780
6780
6787
6792
6797
6800
6810
6811
6816
6816
6817
6818
6822
6825
6826
6834
6836
6841
6843
6854
6855
6863
6864
6865
6866
6872
6880
6882
6884
6885
6888
6891
6891
6892
6897
6898
6898
6900
6902
6906
6922
6925
6928
6932
6935
6949
6949
6950
6955
6956
6957
6963
6968
6969
6972
6973
6974
6975
6976
6981
6981
6985
6987
6991
6997
6998
7000
7013
7017
7023
7025
7031
7033
7044
7046
7050
7051
7052
7053
7057
7057
7061
7064
7065
7071
7075
7075
7075
7080
7080
7086
7090
7092
7095
7096
7097
7098
7099
7107
7111
7118
7119
7121
7122
7124
7128
7129
7132
7134
7136
7139
7139
7142
7159
7161
7162
7168
7170
7171
7173
7174
7176
7177
7177
7189
7198
7198
7201
7202
7203
7208
7208
7211
7214
7218
7221
7231
7232
7234
7237
7238
7241
7244
7244
7253
7255
7259
7272
7274
7274
7275
7276
7276
7283
7285
7288
7291
7295
7307
7309
7314
7317
7319
7324
7324
7325
7327
7327
7330
7332
7336
7337
7342
7343
7344
7345
7354
7368
7369
7369
7369
7371
7374
7381
7382
7383
7385
7396
7396
7397
7398
7400
7403
7410
7411
7411
7411
7418
7420
7421
7422
7424
7428
7431
7431
7431
7432
7433
7435
7435
7436
7438
7439
7440
7443
7446
7446
7448
7454
7456
7477
7480
7483
7489
7490
7493
7498
7503
7509
7511
7513
7515
7518
7518
7520
7527
7532
7533
7542
7545
7546
7547
7550
7550
7556
7557
7557
7559
7563
7566
7566
7568
7575
7576
7587
7590
7590
7595
7595
7596
7596
7597
7602
7603
7603
7605
7605
7606
7614
7617
7618
7622
7623
7623
7624
7628
7634
7635
7639
7641
7642
7644
7647
7652
7659
7666
7671
7674
7688
7689
7694
7703
7706
7706
7707
7711
7714
7715
7715
7717
7720
7722
7723
7733
7743
7745
7746
7747
7748
7749
7750
7752
7760
7776
7777
7781
7781
7782
7782
7791
7802
7806
7811
7819
7822
7825
7825
7826
7828
7836
7837
7837
7838
7844
7847
7849
7857
7857
7863
7864
7871
7881
7885
7885
7890
7891
7894
7897
7898
7899
7901
7909
7917
7917
7918
7920
7923
7924
7924
7926
7931
7937
7941
7943
7945
7946
7948
7959
7971
7972
7974
7979
7990
7990
7998
7998
8002
8004
8006
8014
8020
8029
8031
8034
8042
8045
8051
8053
8054
8055
8062
8063
8066
8068
8069
8071
8075
8075
8076
8077
8084
8087
8095
8099
8101
8103
8108
8116
8117
8123
8124
8128
8129
8133
8133
8140
8140
8140
8142
8142
8142
8144
8148
8149
8150
8150
8151
8156
8162
8166
8166
8169
8176
8178
8178
8179
8182
8182
8185
8187
8189
8196
8196
8199
8200
8200
8203
8206
8209
8209
8220
8222
8229
8238
8242
8247
8248
8259
8260
8262
8267
8268
8268
8274
8278
8279
8280
8280
8283
8283
8285
8290
8293
8296
8296
8297
8298
8299
8301
8304
8312
8323
8325
8329
8329
8330
8330
8333
8342
8343
8350
8351
8353
8357
8357
8357
8360
8362
8362
8366
8378
8379
8382
8383
8384
8390
8391
8399
8400
8401
8402
8402
8404
8409
8419
8421
8421
8430
8431
8434
8438
8439
8439
8440
8448
8448
8451
8451
8460
8461
8462
8463
8465
8480
8480
8484
8487
8488
8490
8491
8493
8493
8495
8496
8498
8501
8501
8512
8516
8520
8522
8523
8525
8525
8527
8532
8545
8546
8547
8548
8549
8551
8554
8555
8558
8559
8566
8569
8574
8575
8576
8576
8578
8580
8584
8586
8586
8592
8595
8596
8600
8602
8602
8603
8603
8604
8607
8607
8616
8623
8626
8627
8628
8634
8637
8645
8650
8653
8655
8656
8666
8668
8668
8670
8672
8680
8693
8698
8707
8707
8709
8710
8713
8714
8716
8717
8717
8719
8721
8726
8727
8733
8734
8739
8739
8740
8740
8744
8748
8751
8752
8759
8762
8772
8773
8777
8779
8785
8788
8789
8792
8794
8795
8796
8801
8808
8810
8811
8811
8814
8814
8818
8818
8818
8819
8819
8820
8826
8827
8831
8838
8842
8844
8847
8857
8857
8866
8867
8867
8871
8873
8874
8887
8887
8889
8894
8895
8896
8896
8898
8899
8900
8905
8908
8920
8938
8939
8944
8946
8946
8949
8951
8953
8958
8960
8961
8966
8967
8975
8975
8980
8981
8982
8985
8986
8986
8987
8990
8996
8998
9000
9010
9012
9015
9019
9021
9022
9022
9025
9027
9029
9031
9035
9036
9038
9041
9043
9043
9047
9052
9053
9055
9059
9059
9065
9067
9071
9073
9075
9075
9079
9080
9083
9084
9086
9088
9089
9090
9090
9090
9091
9097
9100
9105
9109
9109
9111
9111
9113
9113
9121
9123
9127
9128
9132
9139
9139
9141
9144
9145
9146
9148
9149
9152
9152
9154
9155
9165
9177
9184
9185
9195
9196
9203
9206
9207
9208
9210
9211
9211
9213
9216
9220
9221
9224
9224
9229
9237
9240
9242
9244
9245
9247
9251
9255
9257
9257
9261
9261
9262
9262
9264
9265
9274
9275
9283
9284
9287
9288
9296
9296
9298
9301
9301
9303
9304
9311
9319
9320
9321
9335
9335
9336
9337
9347
9348
9349
9357
9360
9361
9361
9362
9362
9364
9369
9381
9381
9384
9386
9388
9388
9402
9408
9415
9416
9421
9431
9434
9448
9451
9452
9457
9470
9472
9473
9479
9479
9481
9481
9484
9484
9485
9489
9508
9509
9511
9514
9518
9522
9522
9526
9530
9531
9536
9546
9547
9552
9553
9555
9560
9565
9566
9570
9575
9576
9580
9583
9587
9587
9589
9591
9597
9603
9610
9617
9617
9622
9627
9636
9640
9649
9651
9654
9660
9664
9666
9667
9667
9669
9669
9670
9672
9677
9679
9683
9683
9684
9685
9691
9693
9697
9697
9701
9702
9703
9703
9704
9704
9708
9711
9713
9715
9715
9725
9725
9731
9735
9736
9741
9742
9753
9759
9761
9763
9766
9767
9769
9770
9771
9772
9776
9782
9785
9790
9795
9795
9797
9798
9800
9801
9802
9803
9808
9814
9816
9816
9818
9820
9821
9824
9825
9827
9828
9832
9833
9836
9840
9849
9862
9862
9863
9868
9870
9872
9875
9881
9888
9891
9893
9895
9896
9898
9901
9907
9911
9939
9940
9940
9944
9945
9947
9949
9949
9951
9952
9952
9953
9954
9956
9960
9967
9967
9976
9981
9983
9984
9987
9988
9989
9990
9995
10000
10004
10017
10032
10033
10034
10038
10038
10040
10042
10044
10048
10048
10052
10052
10053
10057
10061
10062
10065
10074
10078
10082
10083
10083
10086
10088
10096
10097
10098
10099
10101
10101
10102
10103
10115
10125
10128
10129
10131
10134
10136
10144
10154
10159
10166
10170
10171
10174
10175
10177
10178
10178
10179
10181
10184
10186
10189
10189
10190
10191
10193
10196
10196
10198
10199
10203
10204
10205
10208
10208
10211
10216
10219
10228
10231
10233
10237
10237
10238
10243
10254
10254
10257
10263
10266
10275
10279
10280
10281
10289
10290
10292
10293
10295
10299
10299
10308
10320
10321
10322
10325
10327
10328
10328
10335
10337
10339
10342
10342
10343
10343
10344
10346
10351
10353
10354
10355
10360
10363
10364
10371
10371
10377
10384
10384
10387
10389
10393
10394
10397
10404
10409
10426
10428
10438
10441
10443
10443
10453
10456
10463
10463
10469
10469
10474
10479
10488
10492
10493
10497
10505
10505
10506
10511
10513
10517
10523
10528
10531
10537
10538
10538
10539
10540
10548
10549
10549
10570
10576
10576
10577
10578
10578
10580
10586
10591
10592
10601
10607
10613
10615
10626
10633
10635
10636
10641
10642
10642
10643
10653
10653
10660
10661
10665
10666
10677
10683
10686
10688
10694
10697
10697
10705
10710
10712
10720
10722
10723
10731
10733
10734
10738
10742
10752
10755
10758
10760
10764
10766
10768
10771
10774
10777
10779
10785
10790
10792
10794
10796
10797
10800
10803
10803
10805
10807
10812
10813
10814
10816
10820
10821
10823
10826
10826
10827
10827
10838
10859
10862
10868
10870
10871
10882
10882
10884
10885
10887
10891
10896
10901
10911
10914
10924
10924
10931
10932
10941
10945
10952
10960
10964
10967
10970
10972
10974
10980
10982
10996
11001
11005
11010
11018
11018
11029
11037
11039
11047
11048
11050
11058
11058
11063
11063
11082
11083
11086
11091
11097
11099
11100
11100
11103
11103
11105
11108
11109
11109
11110
11114
11119
11119
11119
11119
11121
11121
11125
11127
11130
11139
11140
11141
11142
11143
11146
11149
11150
11152
11160
11167
11169
11171
11174
11177
11181
11185
11185
11209
11210
11210
11211
11212
11212
11212
11216
11220
11222
11225
11225
11238
11239
11240
11245
11245
11248
11251
11256
11262
11268
11269
11277
11279
11298
11300
11300
11305
11310
11314
11318
11320
11325
11335
11339
11346
11352
11352
11353
11359
11361
11361
11363
11364
11371
11372
11372
11373
11376
11376
11384
11386
11388
11391
11399
11409
11411
11413
11414
11422
11425
11431
11433
11434
11439
11442
11445
11448
11451
11458
11468
11474
11477
11482
11485
11485
11491
11491
11498
11498
11500
11504
11515
11519
11521
11521
11527
11530
11533
11534
11537
11544
11548
11548
11552
11553
11557
11564
11565
11569
11579
11580
11583
11592
11593
11593
11599
11600
11604
11606
11608
11614
11619
11622
11624
11627
11632
11632
11633
11634
11641
11648
11648
11648
11651
11654
11658
11662
11662
11664
11665
11666
11670
11670
11672
11673
11675
11677
11692
11693
11694
11695
11697
11697
11699
11705
11714
11722
11723
11724
11726
11726
11728
11731
11731
11732
11735
11738
11741
11743
11746
11761
11762
11769
11772
11772
11775
11776
11787
11795
11801
11801
11802
11804
11806
11818
11820
11826
11833
11840
11842
11844
11851
11853
11858
11859
11861
11862
11863
11868
11869
11870
11871
11872
11873
11876
11881
11885
11886
11889
11889
11889
11890
11890
11892
11895
11896
11898
11899
11902
11902
11908
11914
11917
11918
11922
11928
11929
11931
11934
11936
11938
11942
11948
11948
11949
11955
11960
11968
11969
11972
11976
11994
11996
11997
12003
12004
12006
12008
12009
12018
12023
12023
12023
12027
12028
12029
12032
12033
12039
12044
12044
12054
12059
12059
12066
12067
12087
12094
12099
12100
12101
12102
12103
12112
12112
12121
12128
12139
12140
12147
12147
12157
12160
12161
12162
12163
12166
12171
12174
12177
12178
12181
12186
12196
12198
12200
12204
12205
12210
12214
12219
12221
12224
12230
12231
12232
12232
12235
12236
12238
12241
12245
12248
12251
12252
12253
12256
12259
12264
12276
12277
12282
12284
12288
12289
12299
12300
12304
12307
12317
12317
12320
12321
12322
12323
12325
12345
12345
12347
12349
12353
12356
12362
12366
12368
12368
12371
12374
12377
12383
12385
12386
12389
12391
12394
12402
12404
12405
12405
12410
12414
12419
12420
12421
12430
12432
12435
12437
12437
12437
12439
12440
12441
12446
12447
12448
12450
12451
12452
12459
12463
12465
12466
12468
12470
12471
12475
12475
12476
12477
12478
12480
12483
12484
12485
12487
12489
12499
12505
12506
12508
12508
12509
12510
12512
12521
12524
12525
12525
12526
12526
12532
12534
12543
12548
12551
12553
12554
12555
12556
12566
12567
12571
12588
12593
12593
12598
12598
12600
12601
12602
12605
12609
12614
12615
12616
12619
12620
12621
12622
12624
12624
12626
12632
12639
12646
12646
12651
12657
12662
12663
12663
12676
12686
12687
12690
12693
12696
12698
12700
12700
12701
12706
12720
12727
12727
12729
12732
12739
12742
12743
12744
12757
12763
12765
12766
12767
12774
12775
12780
12785
12786
12787
12788
12789
12792
12799
12800
12802
12808
12809
12812
12816
12818
12824
12832
12833
12843
12847
12851
12852
12855
12858
12861
12865
12866
12870
12871
12873
12874
12876
12879
12882
12883
12886
12892
12898
12899
12901
12905
12907
12911
12920
12928
12929
12931
12933
12937
12940
12941
12941
12944
12944
12947
12952
12953
12957
12970
12972
12976
12976
12977
12981
12982
12985
12986
12989
12989
13004
13006
13011
13031
13031
13035
13038
13040
13041
13045
13053
13054
13056
13059
13067
13068
13075
13076
13076
13078
13080
13086
13093
13093
13094
13095
13101
13102
13106
13108
13109
13115
13117
13125
13135
13138
13140
13143
13144
13148
13148
13150
13160
13161
13164
13169
13173
13175
13180
13185
13185
13186
13186
13188
13193
13197
13198
13203
13211
13213
13214
13217
13217
13218
13219
13224
13231
13232
13233
13235
13238
13239
13247
13248
13250
13251
13251
13252
13257
13258
13259
13265
13265
13274
13281
13284
13288
13288
13291
13298
13299
13303
13304
13307
13308
13310
13317
13319
13321
13321
13323
13326
13328
13337
13338
13338
13341
13344
13344
13345
13353
13353
13361
13364
13365
13366
13368
13377
13377
13382
13384
13392
13400
13407
13410
13413
13417
13418
13421
13441
13442
13446
13447
13447
13450
13450
13452
13456
13458
13461
13463
13464
13464
13466
13466
13468
13471
13476
13477
13486
13487
13491
13492
13502
13509
13511
13512
13521
13521
13523
13527
13532
13532
13533
13533
13539
13549
13551
13558
13560
13560
13566
13569
13570
13572
13579
13579
13579
13582
13582
13582
13582
13585
13591
13592
13598
13608
13611
13611
13612
13615
13617
13617
13620
13629
13632
13636
13643
13644
13649
13651
13652
13653
13656
13668
13673
13676
13676
13679
13684
13689
13694
13696
13701
13702
13717
13722
13722
13723
13728
13733
13734
13737
13739
13743
13745
13749
13754
13763
13766
13768
13773
13774
13775
13776
13788
13790
13791
13792
13792
13793
13793
13796
13802
13803
13804
13804
13813
13815
13818
13819
13827
13834
13837
13837
13840
13841
13842
13843
13846
13850
13851
13853
13855
13857
13858
13860
13861
13861
13864
13866
13866
13873
13874
13878
13880
13883
13887
13889
13895
13896
13907
13909
13909
13911
13914
13923
13930
13933
13937
13940
13941
13941
13941
13942
13943
13944
13949
13955
13956
13961
13963
13965
13965
13968
13972
13975
13982
13983
13983
13983
13984
13989
13995
13996
13998
13998
14001
14008
14013
14020
14026
14031
14038
14039
14043
14043
14044
14048
14050
14051
14056
14058
14061
14062
14064
14066
14067
14067
14069
14072
14075
14085
14086
14088
14090
14091
14093
14094
14097
14098
14105
14110
14111
14115
14118
14119
14125
14126
14126
14131
14132
14152
14153
14153
14155
14155
14156
14160
14162
14164
14171
14174
14174
14176
14177
14177
14177
14177
14178
14186
14189
14203
14211
14213
14222
14225
14226
14227
14231
14236
14242
14242
14244
14252
14253
14257
14268
14272
14273
14274
14287
14289
14290
14292
14294
14295
14298
14301
14308
14310
14315
14315
14317
14320
14323
14324
14324
14329
14331
14333
14333
14343
14343
14343
14344
14345
14348
14350
14358
14362
14364
14366
14369
14380
14384
14387
14393
14400
14405
14405
14405
14409
14413
14418
14419
14422
14427
14429
14429
14429
14433
14435
14439
14441
14442
14442
14442
14443
14443
14444
14445
14448
14451
14455
14457
14458
14459
14461
14461
14468
14469
14469
14473
14474
14477
14477
14479
14483
14485
14489
14490
14491
14491
14492
14492
14495
14499
14506
14508
14510
14510
14510
14514
14521
14524
14526
14528
14528
14539
14540
14541
14545
14546
14552
14555
14559
14562
14567
14576
14579
14580
14585
14593
14594
14600
14601
14605
14617
14619
14621
14622
14624
14625
14626
14629
14632
14634
14635
14636
14640
14641
14646
14647
14648
14653
14653
14657
14658
14659
14660
14660
14661
14661
14661
14661
14663
14667
14672
14674
14680
14687
14687
14687
14697
14697
14700
14701
14704
14705
14708
14709
14711
14711
14714
14714
14717
14722
14735
14742
14742
14743
14749
14750
14756
14756
14759
14759
14762
14769
14769
14769
14769
14772
14774
14782
14784
14787
14789
14789
14790
14790
14795
14797
14799
14800
14800
14807
14809
14812
14813
14819
14819
14822
14823
14824
14825
14825
14827
14828
14832
14833
14835
14838
14839
14839
14852
14853
14854
14854
14856
14856
14857
14858
14858
14859
14860
14862
14863
14883
14883
14896
14896
14900
14903
14908
14908
14914
14917
14929
14933
14945
14947
14948
14950
14953
14954
14954
14955
14960
14969
14970
14970
14970
14974
14977
14978
14979
14979
14980
14980
14981
14988
14989
14992
14993
14996
14997
14998
15001
15008
15010
15010
15011
15012
15013
15015
15016
15017
15020
15032
15033
15039
15043
15050
15050
15054
15061
15061
15062
15063
15066
15068
15073
15080
15083
15083
15084
15085
15086
15093
15099
15103
15104
15107
15116
15116
15117
15122
15123
15123
15126
15127
15130
15140
15149
15151
15151
15152
15154
15162
15162
15168
15178
15180
15185
15187
15190
15190
15193
15195
15197
15206
15210
15213
15221
15225
15227
15229
15229
15237
15238
15239
15249
15250
15250
15260
15261
15263
15264
15269
15277
15278
15278
15279
15280
15281
15283
15283
15284
15285
15285
15290
15300
15301
15302
15316
15316
15318
15318
15322
15323
15327
15328
15331
15340
15340
15342
15345
15347
15347
15349
15349
15353
15355
15356
15356
15356
15359
15361
15369
15369
15375
15381
15383
15398
15405
15410
15415
15419
15424
15428
15429
15430
15435
15436
15440
15442
15443
15447
15450
15452
15454
15455
15464
15464
15465
15467
15474
15485
15486
15489
15501
15503
15504
15507
15508
15509
15513
15517
15519
15519
15527
15534
15538
15539
15539
15541
15541
15543
15551
15555
15564
15567
15573
15582
15583
15584
15588
15590
15591
15594
15598
15602
15604
15606
15608
15612
15617
15621
15621
15622
15633
15637
15646
15646
15646
15651
15652
15653
15655
15658
15659
15664
15665
15667
15669
15671
15677
15684
15685
15686
15686
15687
15687
15691
15692
15695
15697
15709
15715
15724
15726
15726
15727
15730
15740
15742
15751
15759
15766
15766
15771
15773
15775
15777
15785
15787
15802
15806
15807
15818
15821
15822
15823
15828
15830
15837
15839
15849
15852
15859
15865
15868
15871
15874
15890
15891
15892
15895
15898
15898
15909
15909
15912
15922
15923
15926
15937
15938
15940
15948
15955
15956
15958
15958
15966
15970
15974
15977
15978
15981
15983
15984
15984
15989
15991
15996
15996
15996
15999
16002
16002
16014
16016
16016
16021
16035
16036
16041
16043
16044
16044
16053
16054
16054
16062
16064
16065
16067
16073
16074
16074
16079
16079
16079
16080
16084
16092
16097
16098
16100
16103
16107
16111
16117
16117
16119
16122
16122
16124
16124
16128
16138
16141
16144
16150
16151
16159
16160
16160
16161
16168
16171
16172
16173
16176
16179
16186
16190
16192
16195
16198
16199
16201
16202
16205
16206
16208
16209
16211
16218
16225
16227
16227
16227
16228
16232
16233
16239
16246
16251
16251
16252
16257
16260
16262
16263
16263
16266
16268
16269
16270
16275
16277
16279
16281
16282
16283
16285
16286
16288
16295
16298
16302
16302
16305
16308
16312
16316
16321
16324
16328
16330
16330
16336
16337
16338
16341
16349
16352
16353
16356
16360
16361
16361
16364
16378
16379
16380
16383
16386
16390
16390
16397
16404
16408
16412
16414
16417
16421
16425
16425
16429
16430
16430
16433
16434
16444
16446
16446
16447
16453
16455
16456
16456
16459
16461
16462
16463
16469
16470
16473
16474
16485
16487
16493
16500
16502
16503
16503
16504
16505
16505
16507
16510
16510
16511
16514
16514
16516
16530
16532
16535
16538
16539
16539
16544
16547
16555
16566
16570
16572
16575
16576
16578
16581
16582
16585
16587
16590
16597
16598
16609
16613
16614
16617
16620
16620
16622
16632
16634
16646
16647
16650
16659
16660
16661
16662
16662
16666
16670
16671
16677
16679
16682
16689
16691
16707
16709
16711
16712
16727
16732
16732
16734
16736
16740
16743
16746
16755
16756
16757
16760
16770
16780
16781
16782
16782
16783
16794
16796
16797
16800
16800
16802
16807
16810
16814
16815
16821
16822
16822
16827
16828
16834
16835
16835
16846
16852
16853
16856
16857
16858
16864
16872
16873
16873
16875
16879
16886
16887
16890
16895
16902
16906
16907
16919
16921
16923
16928
16932
16933
16934
16948
16948
16949
16950
16952
16962
16966
16967
16968
16969
16971
16973
16976
16977
16979
16986
16988
16988
16996
16996
17001
17006
17006
17010
17015
17020
17021
17021
17021
17022
17028
17033
17036
17039
17045
17047
17051
17052
17053
17063
17066
17071
17074
17077
17082
17088
17090
17092
17094
17094
17099
17100
17101
17101
17106
17120
17120
17121
17128
17134
17135
17136
17136
17147
17156
17156
17178
17180
17184
17190
17198
17198
17199
17200
17201
17209
17209
17213
17213
17215
17215
17224
17227
17227
17229
17232
17234
17236
17241
17242
17243
17247
17250
17250
17251
17253
17254
17261
17262
17265
17268
17269
17273
17274
17276
17277
17286
17287
17287
17288
17305
17310
17311
17313
17316
17317
17321
17326
17326
17330
17330
17335
17336
17338
17347
17357
17364
17365
17368
17383
17385
17386
17389
17395
17396
17398
17399
17400
17403
17414
17415
17421
17426
17430
17432
17433
17439
17441
17445
17446
17447
17448
17448
17455
17456
17459
17459
17469
17469
17471
17477
17479
17484
17490
17498
17501
17503
17510
17513
17516
17521
17524
17530
17532
17532
17533
17538
17539
17548
17551
17551
17552
17559
17562
17567
17573
17574
17575
17577
17589
17589
17591
17591
17594
17594
17600
17601
17602
17602
17609
17609
17610
17615
17616
17620
17626
17628
17634
17635
17635
17636
17639
17657
17657
17663
17664
17665
17676
17676
17676
17683
17684
17685
17686
17686
17687
17688
17689
17690
17698
17699
17703
17704
17708
17713
17723
17725
17730
17731
17732
17740
17741
17743
17747
17748
17753
17760
17763
17764
17769
17773
17773
17793
17801
17802
17803
17804
17807
17809
17817
17831
17848
17855
17860
17862
17863
17864
17864
17873
17874
17879
17885
17885
17892
17898
17905
17906
17910
17913
17914
17915
17917
17920
17923
17933
17938
17942
17945
17947
17951
17953
17953
17954
17961
17961
17970
17970
17972
17976
17984
17990
17990
17999
18000
18005
18008
18011
18016
18017
18018
18023
18027
18029
18029
18034
18050
18052
18057
18063
18063
18065
18070
18080
18081
18084
18085
18088
18092
18095
18098
18102
18106
18106
18109
18115
18129
18132
18138
18144
18145
18145
18150
18160
18165
18169
18170
18175
18179
18183
18183
18183
18186
18186
18190
18190
18192
18193
18194
18194
18197
18199
18203
18207
18209
18214
18214
18216
18217
18220
18225
18227
18235
18236
18245
18251
18253
18262
18264
18268
18273
18276
18279
18281
18281
18290
18296
18300
18302
18304
18309
18316
18316
18323
18325
18333
18335
18337
18340
18342
18347
18353
18355
18361
18362
18364
18364
18365
18371
18378
18380
18385
18387
18388
18389
18392
18398
18404
18410
18413
18421
18421
18422
18425
18430
18440
18444
18456
18462
18462
18465
18466
18468
18468
18468
18476
18476
18477
18484
18489
18495
18496
18497
18499
18501
18502
18502
18503
18504
18506
18511
18516
18516
18528
18535
18537
18543
18545
18547
18551
18560
18562
18563
18568
18569
18571
18576
18583
18583
18584
18592
18598
18601
18603
18617
18626
18627
18629
18631
18633
18634
18635
18638
18644
18645
18649
18650
18651
18652
18665
18666
18668
18676
18676
18678
18679
18682
18683
18684
18685
18686
18690
18694
18696
18702
18709
18710
18715
18715
18716
18718
18722
18726
18732
18732
18732
18738
18740
18740
18743
18749
18755
18756
18757
18763
18766
18771
18773
18781
18783
18784
18787
18788
18791
18792
18796
18801
18801
18808
18808
18812
18816
18817
18831
18831
18831
18832
18833
18833
18835
18836
18841
18843
18844
18848
18850
18854
18855
18858
18859
18859
18860
18863
18867
18871
18871
18876
18884
18885
18887
18889
18890
18893
18893
18900
18901
18901
18902
18903
18904
18905
18913
18913
18918
18921
18927
18932
18933
18934
18935
18937
18938
18940
18948
18949
18961
18961
18961
18962
18964
18966
18977
18985
18988
18990
18992
18996
19004
19004
19013
19013
19014
19016
19022
19030
19033
19038
19039
19042
19047
19049
19051
19052
19054
19063
19064
19069
19081
19081
19091
19096
19096
19097
19100
19100
19101
19104
19111
19113
19116
19126
19134
19135
19139
19140
19140
19142
19146
19146
19153
19159
19162
19168
19169
19176
19178
19185
19185
19199
19201
19202
19202
19209
19211
19216
19217
19225
19249
19251
19252
19257
19263
19264
19265
19265
19286
19286
19288
19291
19291
19291
19296
19296
19296
19302
19311
19315
19317
19319
19320
19324
19329
19330
19331
19339
19348
19349
19353
19353
19356
19359
19361
19363
19363
19367
19373
19374
19375
19377
19382
19390
19391
19406
19411
19417
19421
19423
19428
19430
19435
19444
19447
19450
19451
19452
19452
19453
19460
19463
19468
19470
19472
19474
19486
19491
19493
19499
19499
19501
19504
19507
19509
19512
19514
19515
19515
19517
19517
19520
19520
19526
19526
19530
19532
19534
19537
19541
19543
19549
19552
19556
19558
19573
19574
19576
19578
19580
19581
19589
19589
19590
19595
19595
19596
19601
19617
19618
19619
19619
19627
19627
19632
19633
19633
19639
19640
19646
19649
19650
19650
19650
19653
19654
19656
19657
19659
19666
19666
19670
19670
19671
19675
19676
19677
19679
19687
19688
19695
19696
19702
19706
19711
19717
19724
19729
19733
19739
19744
19749
19749
19756
19762
19762
19764
19767
19771
19780
19785
19791
19791
19792
19794
19794
19795
19805
19806
19808
19815
19815
19823
19823
19828
19836
19840
19845
19846
19848
19850
19850
19851
19855
19860
19861
19861
19870
19880
19881
19886
19895
19898
19901
19902
19910
19914
19918
19920
19927
19933
19933
19934
19934
19938
19938
19943
19946
19950
19958
19967
19971
19972
19979
19979
19981
19983
19986
19987
19988
19996
20001
20003
20004
20007
20010
20014
20020
20038
20040
20049
20050
20052
20057
20059
20059
20066
20069
20072
20074
20077
20077
20090
20097
20100
20101
20102
20106
20109
20112
20116
20118
20121
20128
20129
20139
20144
20150
20153
20156
20157
20159
20160
20161
20164
20169
20170
20185
20193
20193
20197
20198
20199
20201
20203
20203
20206
20209
20211
20213
20215
20219
20224
20224
20224
20227
20235
20239
20240
20246
20252
20257
20259
20260
20273
20282
20287
20287
20296
20301
20307
20310
20315
20317
20318
20318
20319
20319
20329
20338
20339
20339
20342
20347
20347
20348
20350
20350
20354
20357
20357
20360
20362
20362
20363
20364
20369
20369
20378
20383
20392
20397
20398
20399
20406
20414
20416
20423
20427
20427
20427
20428
20430
20434
20435
20437
20444
20444
20446
20450
20453
20453
20454
20456
20460
20461
20464
20472
20477
20479
20485
20486
20487
20488
20490
20492
20502
20502
20506
20512
20512
20514
20515
20515
20521
20524
20525
20525
20529
20532
20535
20536
20539
20545
20546
20548
20548
20550
20551
20558
20560
20561
20563
20566
20570
20577
20580
20580
20586
20596
20596
20601
20605
20613
20613
20617
20618
20619
20621
20625
20627
20628
20630
20631
20640
20641
20646
20650
20652
20655
20658
20664
20671
20673
20677
20681
20681
20682
20686
20687
20691
20698
20699
20700
20702
20705
20706
20706
20710
20710
20712
20720
20722
20726
20726
20727
20729
20733
20738
20740
20742
20743
20744
20744
20745
20749
20753
20754
20755
20756
20765
20767
20768
20768
20776
20781
20787
20788
20794
20797
20802
20816
20817
20818
20819
20822
20830
20836
20845
20859
20861
20863
20864
20866
20869
20871
20876
20881
20881
20883
20900
20901
20902
20909
20916
20923
20923
20926
20933
20940
20950
20952
20956
20957
20959
20959
20960
20970
20970
20978
20985
20989
21000
21005
21008
21009
21010
21016
21019
21025
21025
21029
21037
21039
21046
21056
21059
21062
21064
21064
21065
21070
21071
21075
21078
21080
21084
21092
21093
21094
21098
21099
21109
21110
21112
21114
21115
21121
21123
21127
21132
21136
21138
21139
21141
21142
21145
21147
21149
21149
21153
21160
21164
21168
21175
21175
21176
21177
21179
21181
21182
21192
21193
21194
21195
21197
21202
21204
21205
21206
21207
21207
21211
21211
21213
21220
21231
21238
21239
21242
21244
21244
21246
21259
21264
21265
21267
21270
21274
21278
21278
21284
21284
21287
21287
21292
21294
21294
21295
21300
21301
21302
21304
21307
21312
21316
21317
21319
21321
21327
21328
21332
21336
21338
21341
21345
21361
21363
21364
21365
21367
21374
21375
21376
21377
21377
21382
21384
21386
21389
21389
21399
21404
21406
21411
21421
21424
21427
21433
21440
21448
21450
21453
21453
21455
21457
21461
21473
21475
21477
21478
21483
21489
21495
21498
21498
21499
21516
21519
21523
21532
21538
21545
21547
21548
21556
21556
21558
21569
21570
21588
21588
21589
21591
21595
21598
21605
21605
21612
21614
21624
21625
21626
21626
21628
21630
21642
21652
21662
21667
21667
21669
21677
21682
21694
21697
21697
21703
21708
21715
21717
21719
21720
21729
21735
21738
21740
21741
21743
21749
21756
21757
21763
21763
21771
21771
21775
21777
21780
21783
21786
21786
21786
21786
21790
21793
21794
21798
21801
21801
21806
21807
21813
21822
21825
21833
21846
21850
21855
21868
21871
21872
21877
21882
21889
21892
21895
21899
21900
21901
21903
21905
21905
21908
21918
21919
21925
21928
21931
21932
21934
21939
21951
21952
21953
21954
21954
21961
21962
21966
21970
21970
21974
21980
21981
21983
21988
21990
21990
21997
21997
22001
22001
22003
22009
22014
22018
22018
22019
22022
22024
22027
22029
22038
22045
22048
22058
22064
22064
22066
22070
22074
22074
22075
22078
22086
22087
22090
22092
22097
22099
22100
22103
22110
22112
22116
22123
22124
22131
22136
22137
22148
22152
22154
22157
22157
22157
22161
22162
22165
22171
22172
22176
22180
22182
22182
22183
22186
22189
22193
22204
22205
22208
22213
22213
22214
22214
22216
22222
22225
22225
22228
22237
22240
22242
22243
22246
22248
22252
22257
22261
22265
22269
22270
22276
22278
22281
22284
22294
22295
22297
22297
22299
22303
22303
22310
22313
22314
22317
22330
22335
22335
22335
22335
22336
22344
22344
22344
22349
22354
22366
22367
22368
22370
22376
22394
22397
22400
22401
22404
22406
22407
22411
22414
22418
22419
22424
22424
22428
22431
22433
22435
22436
22438
22438
22439
22442
22445
22447
22449
22453
22454
22459
22468
22470
22470
22472
22472
22481
22484
22491
22492
22492
22498
22503
22504
22505
22509
22511
22524
22529
22529
22530
22532
22534
22535
22539
22540
22548
22554
22555
22560
22561
22568
22574
22579
22581
22586
22592
22594
22597
22598
22600
22601
22603
22603
22605
22605
22607
22611
22616
22616
22618
22619
22621
22622
22622
22624
22629
22644
22651
22657
22662
22688
22692
22705
22705
22709
22714
22720
22723
22723
22723
22727
22733
22733
22734
22740
22745
22745
22752
22753
22754
22777
22782
22792
22792
22795
22795
22797
22797
22802
22805
22807
22807
22814
22817
22820
22821
22822
22830
22830
22836
22838
22841
22842
22845
22847
22856
22857
22859
22860
22863
22868
22880
22882
22882
22885
22885
22889
22892
22895
22896
22897
22900
22900
22903
22904
22905
22905
22909
22913
22915
22916
22922
22932
22944
22950
22950
22955
22956
22957
22969
22969
22970
22972
22980
22983
22989
22992
22999
23002
23004
23014
23015
23017
23017
23024
23024
23025
23028
23029
23029
23032
23032
23039
23039
23040
23043
23044
23056
23056
23061
23064
23065
23071
23072
23082
23089
23090
23092
23093
23094
23108
23110
23112
23115
23116
23121
23123
23139
23141
23143
23148
23148
23149
23153
23155
23156
23163
23163
23166
23168
23171
23171
23181
23183
23184
23188
23190
23190
23190
23199
23204
23207
23215
23221
23225
23242
23244
23256
23257
23263
23273
23274
23277
23277
23278
23279
23293
23297
23298
23303
23303
23303
23305
23305
23308
23308
23311
23314
23316
23317
23339
23339
23341
23346
23350
23358
23365
23373
23379
23380
23381
23382
23383
23384
23388
23389
23396
23398
23406
23409
23410
23412
23415
23416
23418
23419
23422
23438
23439
23441
23441
23445
23449
23450
23454
23455
23462
23465
23466
23475
23485
23490
23491
23492
23494
23498
23501
23505
23505
23513
23515
23516
23525
23532
23539
23540
23543
23550
23552
23553
23557
23557
23560
23567
23574
23574
23578
23583
23589
23589
23608
23610
23612
23613
23613
23614
23618
23624
23626
23632
23633
23634
23657
23661
23675
23675
23675
23678
23678
23685
23689
23689
23694
23696
23696
23698
23704
23709
23710
23711
23711
23712
23718
23718
23724
23725
23726
23727
23727
23727
23727
23729
23731
23734
23737
23737
23739
23742
23743
23744
23744
23745
23746
23752
23754
23756
23763
23763
23765
23768
23771
23773
23782
23782
23783
23786
23787
23793
23800
23803
23810
23815
23828
23837
23839
23842
23845
23845
23847
23847
23848
23850
23851
23856
23857
23858
23859
23866
23866
23866
23876
23876
23877
23886
23887
23888
23888
23890
23892
23892
23905
23908
23909
23912
23912
23913
23914
23918
23921
23922
23929
23930
23931
23933
23934
23934
23936
23938
23939
23947
23947
23949
23952
23953
23955
23959
23960
23961
23963
23965
23980
23982
23983
23986
23987
23989
23991
23992
23993
24001
24003
24005
24005
24009
24014
24019
24026
24029
24031
24032
24036
24043
24044
24045
24046
24046
24049
24050
24056
24062
24064
24066
24071
24071
24076
24078
24079
24082
24083
24084
24086
24087
24087
24088
24089
24091
24091
24093
24094
24104
24108
24114
24115
24117
24123
24123
24124
24126
24132
24139
24143
24143
24144
24150
24153
24153
24156
24162
24165
24173
24173
24173
24174
24175
24176
24177
24179
24183
24183
24184
24198
24200
24203
24204
24204
24205
24208
24211
24213
24215
24221
24221
24225
24231
24234
24235
24239
24241
24242
24242
24243
24244
24246
24251
24258
24258
24264
24264
24265
24267
24278
24279
24279
24284
24289
24297
24297
24298
24301
24304
24307
24312
24313
24315
24316
24316
24317
24318
24320
24324
24324
24327
24327
24329
24330
24333
24338
24344
24344
24352
24352
24355
24355
24356
24356
24358
24361
24365
24369
24370
24373
24374
24376
24376
24379
24380
24384
24387
24390
24393
24394
24395
24396
24397
24397
24400
24404
24414
24421
24422
24423
24428
24429
24430
24431
24436
24445
24447
24449
24453
24458
24460
24462
24466
24470
24471
24472
24473
24474
24474
24480
24481
24485
24496
24496
24498
24499
24501
24515
24515
24521
24522
24523
24529
24542
24544
24548
24552
24553
24554
24557
24557
24558
24562
24565
24565
24568
24570
24574
24585
24587
24588
24594
24595
24596
24598
24598
24600
24601
24605
24610
24629
24634
24635
24637
24640
24651
24651
24662
24663
24665
24670
24672
24675
24679
24679
24683
24683
24684
24685
24688
24694
24702
24703
24704
24704
24707
24714
24714
24718
24721
24726
24729
24729
24731
24733
24736
24743
24748
24750
24750
24754
24756
24762
24762
24764
24765
24767
24768
24772
24792
24793
24797
24800
24801
24801
24807
24810
24812
24814
24819
24822
24825
24826
24828
24834
24839
24848
24849
24861
24867
24874
24874
24881
24882
24882
24885
24890
24891
24894
24894
24906
24912
24917
24918
24923
24936
24936
24938
24941
24941
24950
24957
24958
24960
24961
24968
24968
24969
24971
24973
24976
24982
24987
24988
24992
25000
25000
25006
25008
25009
25010
25013
25017
25019
25025
25032
25035
25036
25040
25041
25050
25050
25052
25058
25062
25062
25065
25070
25074
25075
25076
25076
25079
25083
25091
25096
25097
25102
25106
25119
25119
25120
25122
25127
25129
25132
25136
25138
25139
25140
25142
25142
25148
25148
25148
25148
25151
25158
25158
25162
25163
25164
25167
25170
25172
25172
25177
25179
25185
25187
25188
25197
25205
25207
25208
25209
25210
25211
25218
25218
25219
25226
25227
25231
25233
25236
25236
25238
25238
25241
25242
25245
25246
25252
25252
25259
25265
25265
25278
25279
25282
25286
25290
25292
25292
25293
25293
25295
25296
25298
25316
25317
25318
25325
25326
25328
25333
25336
25341
25344
25349
25352
25352
25357
25360
25361
25366
25367
25372
25375
25376
25381
25386
25386
25388
25389
25393
25393
25395
25397
25400
25405
25405
25407
25414
25415
25422
25427
25430
25434
25445
25447
25466
25468
25472
25475
25475
25476
25481
25482
25484
25486
25489
25495
25496
25497
25501
25501
25503
25505
25505
25511
25514
25520
25521
25528
25528
25532
25538
25538
25540
25543
25547
25548
25551
25554
25555
25555
25558
25558
25561
25562
25563
25564
25567
25569
25570
25571
25574
25574
25578
25581
25581
25582
25585
25591
25593
25598
25598
25601
25602
25603
25605
25608
25608
25615
25616
25618
25619
25621
25621
25622
25622
25622
25622
25626
25631
25639
25651
25651
25658
25666
25672
25674
25676
25676
25677
25677
25678
25678
25679
25680
25680
25681
25684
25685
25687
25689
25690
25690
25702
25705
25711
25711
25718
25718
25720
25736
25739
25740
25743
25745
25755
25756
25758
25758
25761
25770
25772
25774
25775
25778
25780
25787
25795
25795
25799
25800
25800
25801
25803
25810
25811
25813
25814
25818
25818
25820
25828
25831
25838
25840
25852
25855
25856
25857
25859
25864
25872
25872
25874
25878
25878
25884
25891
25896
25898
25899
25901
25905
25919
25921
25929
25931
25934
25938
25946
25947
25950
25954
25960
25960
25973
25974
25975
25987
25989
25993
25996
25996
25998
25999
26004
26012
26020
26026
26028
26031
26036
26039
26041
26044
26044
26047
26062
26069
26075
26076
26078
26085
26087
26089
26091
26094
26095
26097
26098
26101
26101
26103
26104
26107
26109
26110
26114
26115
26118
26119
26127
26129
26135
26135
26135
26141
26145
26145
26148
26153
26155
26157
26172
26174
26174
26177
26181
26185
26186
26190
26199
26203
26204
26207
26208
26212
26218
26218
26221
26224
26226
26227
26228
26228
26230
26234
26235
26235
26238
26241
26243
26251
26251
26252
26254
26261
26271
26276
26278
26285
26287
26290
26292
26294
26296
26308
26312
26316
26321
26321
26324
26325
26335
26344
26351
26356
26358
26361
26362
26364
26368
26369
26371
26371
26372
26373
26380
26383
26387
26388
26389
26394
26397
26398
26398
26401
26402
26403
26408
26412
26415
26416
26416
26422
26423
26423
26427
26429
26430
26431
26432
26439
26442
26445
26447
26447
26451
26451
26451
26454
26457
26458
26458
26461
26462
26465
26466
26480
26481
26481
26484
26489
26516
26521
26524
26525
26526
26527
26528
26531
26535
26535
26541
26541
26542
26547
26552
26556
26573
26575
26576
26577
26583
26584
26589
26598
26598
26609
26610
26610
26611
26612
26613
26617
26618
26619
26620
26623
26625
26628
26633
26634
26634
26641
26645
26648
26649
26652
26659
26660
26662
26663
26665
26666
26669
26669
26670
26674
26674
26679
26683
26685
26686
26686
26689
26693
26695
26697
26699
26700
26702
26703
26704
26712
26713
26714
26715
26715
26718
26720
26723
26725
26726
26727
26734
26735
26745
26746
26747
26751
26753
26754
26756
26761
26776
26777
26778
26778
26778
26782
26791
26791
26791
26796
26799
26799
26809
26813
26817
26817
26820
26823
26824
26825
26829
26833
26833
26836
26844
26850
26851
26854
26855
26855
26856
26856
26858
26863
26867
26867
26873
26882
26882
26887
26887
26890
26892
26892
26896
26908
26909
26911
26911
26912
26913
26914
26914
26936
26938
26941
26945
26950
26953
26959
26965
26967
26979
26980
26980
26983
26984
26987
26991
26992
26999
27002
27010
27010
27015
27029
27031
27033
27037
27040
27042
27052
27053
27054
27057
27058
27070
27073
27073
27075
27079
27080
27080
27082
27083
27085
27101
27109
27109
27111
27112
27113
27115
27121
27137
27139
27139
27142
27143
27152
27152
27156
27157
27162
27164
27166
27188
27201
27204
27206
27216
27217
27220
27232
27236
27242
27253
27255
27260
27265
27265
27268
27268
27281
27282
27285
27287
27288
27288
27289
27291
27294
27295
27297
27302
27312
27319
27321
27321
27325
27326
27326
27331
27332
27334
27337
27338
27344
27346
27346
27347
27349
27351
27351
27355
27361
27364
27364
27370
27371
27372
27374
27380
27391
27394
27399
27399
27400
27412
27415
27417
27419
27425
27426
27427
27431
27436
27437
27438
27440
27448
27448
27451
27453
27455
27455
27462
27463
27466
27471
27474
27478
27482
27489
27499
27500
27504
27511
27514
27517
27518
27525
27526
27527
27527
27529
27529
27534
27536
27536
27537
27541
27547
27550
27551
27556
27556
27558
27567
27570
27579
27584
27587
27589
27592
27596
27603
27607
27608
27608
27610
27610
27611
27612
27613
27614
27615
27615
27616
27622
27623
27629
27637
27642
27643
27648
27649
27651
27654
27654
27657
27660
27661
27663
27670
27673
27676
27681
27681
27687
27690
27690
27690
27699
27702
27703
27711
27713
27713
27715
27715
27716
27719
27720
27724
27726
27730
27733
27735
27736
27741
27742
27743
27746
27748
27749
27758
27760
27764
27769
27783
27788
27793
27795
27796
27796
27797
27801
27812
27816
27818
27819
27825
27826
27830
27834
27836
27837
27846
27848
27851
27851
27853
27853
27860
27866
27872
27873
27881
27886
27887
27890
27891
27892
27892
27901
27903
27907
27914
27916
27917
27919
27919
27920
27927
27930
27938
27946
27946
27948
27952
27953
27953
27954
27965
27965
27966
27972
27974
27977
27979
27980
27983
27985
27989
27991
27999
28002
28014
28022
28026
28026
28038
28045
28050
28051
28055
28058
28060
28061
28062
28067
28073
28073
28074
28074
28080
28081
28093
28100
28101
28104
28105
28106
28106
28106
28107
28109
28110
28111
28122
28136
28141
28143
28143
28144
28147
28148
28149
28155
28155
28160
28164
28165
28170
28181
28183
28183
28184
28187
28198
28199
28199
28208
28216
28217
28217
28218
28220
28225
28227
28230
28236
28237
28237
28239
28239
28265
28267
28267
28269
28270
28272
28273
28275
28279
28281
28287
28292
28294
28297
28298
28299
28301
28305
28306
28308
28311
28312
28315
28324
28329
28330
28330
28336
28346
28347
28348
28356
28360
28362
28365
28366
28367
28374
28380
28389
28393
28404
28405
28407
28407
28413
28414
28416
28424
28428
28428
28431
28432
28439
28442
28448
28449
28461
28466
28467
28468
28469
28469
28473
28477
28478
28486
28490
28495
28496
28498
28498
28498
28500
28502
28503
28503
28515
28516
28517
28517
28519
28520
28526
28526
28527
28531
28532
28532
28532
28533
28537
28537
28542
28543
28549
28553
28553
28553
28557
28558
28570
28575
28579
28579
28582
28586
28598
28599
28599
28599
28599
28600
28602
28602
28602
28605
28607
28613
28615
28618
28620
28620
28621
28621
28623
28624
28624
28630
28638
28639
28639
28639
28643
28643
28645
28648
28648
28649
28654
28660
28665
28666
28668
28669
28673
28685
28687
28688
28689
28693
28694
28697
28701
28711
28711
28712
28713
28717
28717
28718
28719
28720
28720
28722
28725
28733
28735
28746
28748
28749
28751
28755
28755
28756
28757
28760
28762
28762
28765
28766
28766
28769
28769
28774
28793
28795
28799
28799
28801
28803
28804
28807
28815
28822
28827
28833
28834
28835
28841
28841
28845
28846
28852
28852
28855
28857
28860
28861
28873
28873
28876
28877
28884
28889
28891
28902
28903
28904
28905
28915
28921
28924
28925
28930
28932
28937
28939
28939
28941
28942
28944
28946
28953
28957
28958
28964
28964
28968
28969
28969
28970
28973
28973
28977
28977
28984
28988
28990
28992
28998
29003
29004
29009
29017
29019
29036
29038
29038
29040
29042
29046
29046
29049
29053
29056
29057
29058
29060
29069
29070
29072
29074
29077
29077
29078
29078
29086
29087
29088
29090
29091
29097
29102
29109
29111
29115
29116
29117
29119
29123
29125
29126
29127
29127
29128
29132
29134
29135
29137
29138
29145
29146
29147
29149
29153
29162
29165
29186
29188
29202
29226
29227
29231
29234
29235
29245
29245
29246
29247
29248
29254
29256
29262
29262
29266
29266
29268
29275
29280
29282
29287
29290
29290
29291
29297
29299
29300
29300
29305
29307
29310
29312
29315
29315
29319
29319
29319
29323
29324
29325
29326
29332
29335
29335
29338
29338
29339
29341
29348
29353
29356
29364
29370
29370
29372
29372
29377
29383
29385
29387
29388
29390
29390
29391
29401
29412
29413
29416
29417
29418
29422
29422
29428
29429
29436
29436
29438
29438
29438
29443
29446
29454
29457
29457
29459
29460
29466
29469
29470
29475
29475
29482
29486
29486
29495
29500
29502
29502
29503
29509
29510
29512
29521
29522
29522
29523
29528
29530
29530
29535
29539
29542
29544
29544
29548
29549
29549
29551
29552
29556
29560
29566
29567
29570
29571
29572
29574
29576
29578
29582
29582
29584
29586
29587
29589
29590
29590
29596
29598
29600
29601
29603
29613
29613
29624
29625
29629
29644
29647
29649
29653
29653
29657
29671
29671
29671
29671
29672
29674
29687
29696
29700
29703
29704
29705
29709
29712
29713
29719
29719
29720
29721
29728
29728
29732
29742
29743
29744
29745
29746
29749
29756
29757
29758
29760
29762
29767
29769
29769
29779
29780
29780
29781
29783
29786
29788
29791
29794
29797
29802
29802
29804
29810
29811
29816
29817
29819
29821
29823
29826
29826
29832
29833
29835
29841
29845
29846
29848
29849
29852
29853
29855
29857
29859
29860
29865
29866
29868
29868
29871
29871
29878
29880
29883
29885
29886
29887
29894
29903
29903
29904
29907
29908
29909
29913
29915
29923
29929
29932
29932
29946
29947
29948
29953
29962
29962
29962
29964
29966
29979
29980
29981
29981
29982
29982
29983
29983
29988
29988
29989
29990
29996
29996
29996
30020
30023
30027
30027
30028
30030
30033
30040
30044
30045
30062
30066
30069
30073
30074
30083
30087
30090
30091
30093
30097
30097
30099
30104
30104
30107
30112
30118
30127
30128
30132
30133
30135
30146
30161
30162
30162
30164
30166
30171
30176
30176
30180
30183
30186
30190
30196
30200
30206
30209
30218
30222
30223
30223
30225
30227
30236
30236
30239
30241
30242
30245
30252
30253
30255
30259
30267
30268
30272
30278
30284
30285
30287
30289
30292
30293
30295
30298
30303
30304
30308
30312
30313
30319
30321
30325
30330
30335
30343
30343
30344
30348
30349
30352
30358
30367
30371
30375
30377
30379
30387
30390
30393
30400
30403
30404
30405
30410
30417
30417
30418
30419
30433
30434
30442
30446
30455
30462
30463
30464
30467
30468
30472
30475
30477
30478
30482
30485
30490
30500
30509
30510
30512
30514
30519
30519
30524
30526
30526
30528
30534
30547
30558
30560
30562
30566
30569
30569
30580
30581
30583
30588
30590
30591
30603
30603
30604
30606
30612
30613
30618
30619
30622
30623
30624
30634
30635
30636
30636
30637
30639
30641
30644
30646
30650
30650
30653
30661
30673
30674
30675
30683
30685
30687
30691
30692
30693
30693
30695
30701
30706
30710
30712
30713
30714
30718
30719
30720
30720
30720
30721
30722
30725
30727
30731
30732
30736
30740
30744
30746
30748
30750
30754
30755
30757
30759
30763
30763
30764
30765
30767
30770
30772
30772
30775
30775
30777
30778
30781
30788
30789
30800
30802
30806
30824
30825
30825
30827
30834
30834
30848
30855
30856
30856
30859
30862
30863
30873
30874
30886
30891
30891
30893
30894
30897
30898
30900
30901
30908
30908
30908
30916
30917
30917
30922
30923
30926
30930
30935
30938
30951
30954
30956
30958
30963
30965
30967
30967
30969
30971
30974
30977
30984
30985
30988
30991
30991
30995
31001
31009
31011
31015
31024
31028
31034
31039
31040
31048
31054
31056
31056
31058
31061
31062
31067
31069
31074
31076
31080
31080
31084
31090
31091
31095
31095
31097
31102
31102
31106
31106
31109
31113
31114
31115
31117
31119
31123
31123
31130
31135
31142
31145
31145
31160
31162
31163
31164
31166
31168
31169
31169
31178
31186
31189
31190
31194
31195
31198
31199
31206
31207
31214
31218
31222
31226
31226
31226
31228
31233
31238
31240
31246
31248
31250
31255
31260
31266
31269
31271
31271
31273
31275
31275
31281
31284
31292
31293
31311
31316
31334
31335
31338
31345
31348
31353
31355
31356
31358
31366
31384
31391
31398
31401
31402
31406
31406
31411
31411
31413
31416
31424
31427
31430
31445
31446
31450
31451
31452
31457
31459
31461
31462
31463
31464
31466
31468
31469
31476
31477
31482
31484
31484
31488
31499
31505
31509
31515
31518
31528
31528
31530
31531
31536
31540
31541
31542
31549
31550
31551
31555
31563
31569
31570
31584
31586
31587
31590
31592
31592
31603
31608
31612
31613
31614
31615
31615
31617
31624
31631
31636
31639
31639
31642
31648
31650
31653
31654
31655
31658
31660
31661
31662
31663
31683
31683
31688
31689
31691
31692
31695
31698
31701
31702
31704
31704
31707
31707
31707
31709
31714
31715
31721
31722
31725
31726
31730
31731
31733
31738
31739
31740
31740
31745
31747
31750
31764
31765
31774
31774
31775
31777
31783
31783
31786
31790
31791
31795
31799
31800
31806
31808
31816
31822
31826
31828
31834
31839
31839
31846
31849
31850
31851
31859
31862
31871
31873
31876
31887
31888
31888
31889
31890
31892
31898
31899
31901
31909
31919
31920
31923
31924
31925
31928
31931
31933
31937
31942
31942
31946
31952
31952
31957
31957
31963
31964
31975
31976
31978
31979
31980
31982
31982
31984
31985
31991
31992
31994
31994
31995
31997
32004
32004
32007
32013
32016
32017
32017
32020
32022
32024
32025
32030
32031
32035
32038
32039
32040
32040
32050
32065
32070
32070
32079
32083
32084
32086
32103
32107
32111
32111
32113
32116
32121
32122
32131
32141
32142
32142
32143
32146
32148
32149
32156
32156
32158
32160
32165
32172
32172
32174
32177
32180
32183
32200
32202
32205
32206
32212
32214
32218
32221
32222
32225
32228
32237
32239
32239
32240
32250
32257
32270
32275
32277
32278
32279
32279
32279
32284
32285
32287
32292
32298
32301
32303
32305
32306
32307
32310
32314
32318
32318
32323
32326
32328
32329
32330
32331
32333
32339
32343
32345
32348
32353
32354
32354
32357
32357
32361
32361
32367
32372
32385
32387
32388
32395
32410
32413
32413
32418
32418
32420
32423
32431
32433
32433
32435
32437
32440
32442
32451
32452
32453
32453
32455
32456
32456
32458
32459
32472
32474
32476
32477
32479
32480
32481
32482
32483
32485
32489
32498
32503
32511
32514
32519
32520
32521
32533
32534
32538
32540
32553
32559
32567
32571
32579
32581
32583
32585
32594
32599
32600
32602
32604
32609
32609
32610
32610
32624
32631
32636
32642
32646
32646
32649
32652
32653
32657
32657
32657
32662
32666
32668
32669
32671
32672
32674
32679
32680
32682
32685
32685
32685
32692
32695
32702
32704
32713
32713
32714
32715
32717
32723
32724
32726
32728
32729
32731
32743
32750
32751
32751
32752
32754
32759
32763
32764
32765
