2
7
9
11
13
18
25
25
27
27
32
33
34
34
36
36
39
44
52
62
63
64
64
77
78
83
84
85
91
93
96
113
113
123
127
129
133
134
138
139
147
158
159
161
163
170
170
171
180
181
186
187
187
191
192
192
197
207
216
217
221
233
241
242
248
249
252
254
258
264
274
281
282
287
298
300
301
302
303
303
305
310
313
317
318
320
323
332
335
335
343
345
345
348
349
362
363
363
364
364
365
369
370
371
375
376
378
383
386
392
394
397
401
407
410
410
413
415
416
420
424
427
432
434
437
441
443
446
448
448
449
449
449
458
458
459
459
460
463
467
473
473
479
481
482
484
486
487
489
491
492
509
510
511
518
519
526
527
528
528
528
529
537
538
540
543
544
544
545
549
549
554
559
561
563
567
568
575
580
582
587
589
590
596
605
607
613
621
624
632
634
636
639
640
643
644
645
645
647
652
653
655
657
665
672
674
684
685
686
687
691
695
698
704
705
707
711
713
716
718
725
726
749
750
752
762
768
769
771
776
781
785
790
791
795
796
802
803
805
809
815
825
826
831
836
837
840
842
844
845
847
847
847
851
853
854
855
861
863
867
867
868
868
871
873
877
877
884
887
892
898
899
911
911
913
918
922
924
926
928
931
937
944
948
951
951
957
959
962
962
963
965
970
974
978
981
990
992
995
1006
1007
1010
1014
1015
1015
1018
1019
1020
1020
1020
1023
1025
1027
1027
1028
1033
1035
1036
1040
1041
1042
1055
1059
1061
1062
1064
1066
1073
1085
1089
1093
1097
1105
1108
1108
1109
1110
1111
1114
1117
1118
1118
1121
1123
1139
1146
1148
1152
1160
1161
1176
1179
1180
1192
1199
1200
1200
1201
1205
1206
1209
1222
1223
1230
1233
1233
1237
1237
1238
1238
1240
1242
1243
1244
1246
1249
1249
1251
1252
1252
1253
1255
1258
1258
1259
1262
1273
1285
1285
1286
1290
1290
1300
1309
1309
1314
1314
1316
1320
1320
1321
1321
1323
1331
1344
1351
1352
1353
1353
1357
1361
1362
1367
1367
1380
1380
1382
1386
1390
1394
1399
1399
1399
1405
1406
1406
1413
1420
1421
1421
1422
1429
1429
1430
1431
1432
1437
1442
1443
1457
1460
1461
1468
1469
1472
1472
1477
1480
1482
1484
1485
1489
1492
1500
1501
1504
1505
1517
1520
1520
1524
1527
1535
1536
1542
1544
1548
1549
1554
1555
1561
1562
1566
1586
1586
1597
1599
1599
1599
1601
1603
1604
1610
1615
1618
1618
1619
1620
1622
1624
1629
1631
1641
1643
1647
1655
1656
1657
1664
1673
1676
1678
1683
1688
1702
1703
1710
1712
1715
1719
1722
1728
1731
1732
1737
1744
1745
1755
1757
1760
1765
1767
1770
1771
1772
1773
1774
1775
1778
1778
1781
1788
1793
1794
1803
1804
1811
1812
1812
1814
1816
1817
1818
1825
1827
1828
1830
1830
1833
1842
1845
1848
1849
1850
1861
1871
1878
1880
1882
1883
1888
1890
1894
1897
1901
1903
1909
1910
1913
1915
1918
1920
1921
1929
1929
1929
1931
1931
1931
1936
1936
1937
1939
1940
1940
1940
1941
1942
1943
1946
1950
1954
1957
1959
1960
1968
1970
1971
1971
1984
1984
1986
1988
1993
1994
1996
1999
1999
2002
2003
2014
2017
2019
2023
2023
2024
2033
2035
2039
2043
2048
2051
2053
2057
2057
2058
2059
2062
2074
2074
2077
2077
2081
2082
2083
2100
2105
2106
2108
2111
2111
2113
2121
2122
2123
2124
2127
2131
2133
2133
2135
2136
2139
2140
2142
2144
2149
2149
2150
2158
2159
2161
2176
2185
2192
2193
2195
2197
2200
2200
2203
2208
2208
2211
2227
2227
2233
2235
2237
2237
2238
2238
2239
2240
2245
2246
2247
2250
2251
2256
2256
2263
2271
2279
2280
2282
2286
2288
2293
2300
2304
2324
2328
2336
2337
2338
2342
2343
2344
2345
2360
2366
2378
2378
2382
2385
2389
2391
2394
2396
2400
2407
2408
2409
2411
2413
2416
2421
2425
2426
2432
2435
2436
2438
2440
2443
2444
2449
2451
2459
2463
2463
2467
2473
2476
2476
2479
2479
2495
2498
2499
2500
2500
2501
2504
2508
2509
2513
2516
2518
2529
2536
2539
2541
2545
2548
2561
2563
2563
2564
2567
2568
2574
2577
2580
2583
2590
2592
2597
2603
2607
2610
2611
2615
2618
2619
2619
2621
2631
2632
2633
2636
2648
2651
2653
2654
2655
2656
2662
2665
2672
2674
2675
2681
2683
2683
2683
2686
2688
2691
2696
2697
2726
2729
2729
2730
2732
2739
2741
2749
2750
2751
2756
2761
2761
2761
2766
2766
2766
2767
2770
2779
2781
2782
2789
2790
2791
2794
2795
2795
2795
2800
2800
2801
2802
2811
2813
2814
2816
2825
2833
2837
2842
2851
2854
2859
2862
2867
2873
2875
2875
2887
2887
2889
2890
2901
2904
2905
2909
2912
2916
2916
2917
2917
2925
2929
2932
2935
2937
2939
2940
2949
2958
2959
2964
2973
2973
2978
2981
2983
2991
3006
3007
3015
3015
3016
3017
3021
3025
3025
3025
3025
3028
3028
3031
3042
3045
3048
3051
3053
3055
3058
3064
3069
3079
3079
3092
3095
3100
3103
3106
3115
3115
3117
3120
3120
3124
3131
3131
3135
3144
3152
3154
3156
3161
3164
3165
3173
3174
3175
3182
3184
3190
3192
3206
3210
3214
3221
3222
3222
3234
3238
3239
3242
3244
3246
3250
3251
3255
3257
3273
3274
3280
3281
3286
3287
3290
3290
3293
3300
3300
3302
3310
3315
3316
3317
3319
3320
3320
3324
3327
3329
3329
3330
3334
3338
3342
3343
3344
3346
3348
3349
3350
3351
3351
3354
3358
3358
3372
3373
3377
3377
3394
3409
3413
3415
3416
3419
3423
3425
3428
3430
3439
3440
3441
3444
3445
3456
3462
3463
3463
3463
3471
3473
3474
3474
3480
3486
3486
3491
3491
3496
3496
3498
3502
3502
3504
3511
3518
3520
3521
3528
3531
3532
3535
3536
3537
3538
3538
3538
3539
3539
3540
3542
3553
3559
3559
3563
3569
3572
3576
3579
3584
3588
3591
3594
3598
3601
3602
3603
3604
3607
3614
3615
3615
3617
3619
3624
3642
3642
3656
3657
3665
3666
3667
3669
3670
3673
3679
3684
3688
3689
3690
3694
3699
3699
3702
3703
3711
3712
3714
3720
3728
3729
3731
3734
3743
3746
3748
3748
3750
3752
3753
3761
3761
3761
3762
3768
3771
3772
3774
3776
3777
3777
3777
3777
3779
3779
3781
3788
3788
3799
3812
3813
3819
3820
3824
3829
3834
3835
3845
3845
3846
3848
3850
3850
3851
3853
3854
3863
3863
3865
3869
3871
3872
3872
3877
3880
3889
3897
3899
3907
3907
3908
3920
3921
3933
3948
3949
3950
3958
3960
3967
3970
3972
3974
3974
3974
3975
3975
3981
3983
3989
3989
3997
4000
4000
4003
4006
4017
4018
4026
4026
4030
4031
4036
4037
4038
4040
4042
4044
4044
4046
4046
4048
4048
4057
4059
4061
4064
4073
4075
4078
4085
4089
4096
4097
4099
4100
4107
4113
4117
4118
4119
4121
4123
4127
4130
4133
4137
4138
4142
4144
4148
4148
4150
4158
4164
4165
4166
4177
4178
4181
4183
4184
4185
4191
4191
4192
4196
4200
4203
4204
4205
4208
4214
4223
4225
4226
4228
4233
4236
4237
4241
4241
4242
4243
4244
4246
4246
4249
4250
4251
4265
4266
4274
4289
4292
4294
4296
4297
4307
4310
4312
4313
4316
4318
4319
4320
4320
4321
4331
4344
4347
4351
4358
4359
4365
4373
4378
4380
4382
4384
4390
4390
4396
4399
4403
4406
4407
4408
4410
4411
4413
4415
4416
4421
4423
4427
4430
4431
4431
4432
4434
4436
4439
4444
4444
4445
4457
4458
4458
4459
4467
4470
4477
4478
4479
4479
4482
4483
4483
4489
4503
4504
4505
4513
4514
4520
4522
4526
4527
4528
4529
4529
4531
4533
4534
4535
4537
4540
4540
4546
4548
4551
4554
4556
4556
4558
4563
4564
4564
4571
4572
4573
4573
4576
4576
4578
4578
4583
4587
4593
4595
4597
4598
4602
4607
4612
4618
4624
4625
4626
4639
4640
4642
4644
4648
4655
4655
4658
4659
4664
4666
4672
4674
4680
4682
4689
4691
4692
4692
4692
4702
4703
4706
4707
4714
4715
4716
4717
4718
4722
4728
4732
4734
4736
4738
4738
4741
4743
4743
4751
4752
4762
4764
4764
4768
4772
4773
4777
4779
4779
4785
4787
4788
4788
4788
4788
4802
4802
4803
4805
4807
4807
4810
4813
4815
4819
4825
4828
4829
4834
4836
4845
4845
4846
4850
4851
4851
4854
4856
4856
4857
4860
4861
4862
4866
4876
4876
4876
4878
4879
4879
4879
4881
4887
4888
4895
4897
4900
4907
4907
4907
4908
4908
4908
4910
4915
4917
4931
4932
4932
4934
4938
4939
4941
4944
4946
4949
4952
4953
4955
4956
4959
4962
4967
4970
4971
4978
4979
4988
4989
4993
4995
4998
5005
5005
5007
5010
5011
5016
5018
5021
5022
5029
5031
5033
5036
5037
5040
5041
5044
5048
5057
5061
5065
5066
5067
5068
5068
5070
5073
5078
5084
5084
5084
5086
5087
5092
5094
5098
5103
5109
5116
5118
5123
5124
5128
5131
5135
5137
5138
5140
5140
5141
5142
5148
5153
5154
5161
5163
5170
5177
5178
5178
5181
5181
5185
5185
5187
5188
5191
5191
5194
5198
5200
5211
5219
5225
5231
5231
5237
5238
5240
5240
5241
5241
5242
5242
5247
5248
5248
5255
5256
5258
5259
5261
5262
5266
5272
5273
5275
5277
5278
5286
5300
5305
5309
5311
5312
5313
5314
5315
5319
5340
5341
5342
5345
5350
5355
5358
5359
5360
5361
5362
5367
5367
5371
5371
5373
5375
5376
5387
5397
5407
5409
5410
5412
5414
5416
5425
5425
5427
5428
5430
5430
5432
5440
5443
5444
5444
5449
5450
5451
5457
5464
5467
5467
5470
5478
5479
5482
5483
5487
5488
5496
5497
5501
5506
5515
5518
5519
5527
5528
5536
5539
5542
5543
5544
5553
5553
5564
5566
5567
5567
5568
5569
5573
5576
5579
5580
5581
5585
5585
5585
5588
5591
5592
5594
5594
5596
5596
5605
5614
5620
5623
5624
5625
5625
5626
5627
5628
5629
5641
5643
5644
5646
5655
5657
5658
5673
5674
5676
5676
5677
5679
5680
5684
5686
5686
5687
5688
5693
5694
5695
5696
5698
5705
5712
5717
5719
5720
5721
5722
5722
5724
5725
5725
5727
5732
5734
5735
5737
5746
5754
5758
5759
5767
5770
5774
5777
5777
5785
5786
5786
5788
5788
5788
5789
5791
5797
5801
5808
5817
5818
5821
5823
5825
5835
5836
5841
5845
5850
5859
5860
5869
5874
5874
5878
5878
5879
5882
5884
5894
5897
5897
5898
5902
5911
5917
5919
5919
5925
5929
5930
5936
5937
5938
5940
5950
5952
5954
5958
5959
5959
5965
5965
5967
5968
5968
5971
5973
5977
5978
5983
5987
5989
5994
6001
6003
6007
6011
6012
6013
6017
6018
6020
6021
6033
6035
6035
6042
6043
6043
6046
6048
6050
6050
6052
6059
6068
6071
6078
6079
6084
6085
6086
6088
6089
6089
6093
6097
6098
6099
6102
6103
6104
6114
6118
6119
6127
6132
6133
6137
6138
6144
6145
6148
6154
6156
6157
6168
6171
6185
6186
6187
6188
6189
6191
6192
6192
6196
6199
6202
6206
6211
6211
6216
6224
6225
6252
6259
6262
6268
6270
6270
6274
6274
6275
6290
6291
6296
6296
6298
6304
6307
6314
6315
6317
6317
6318
6322
6325
6329
6331
6341
6343
6344
6351
6353
6355
6357
6358
6359
6361
6368
6372
6373
6379
6380
6382
6385
6395
6395
6396
6397
6398
6398
6401
6407
6408
6408
6413
6416
6419
6420
6426
6427
6437
6438
6444
6444
6447
6451
6452
6452
6457
6460
6464
6465
6469
6480
6483
6484
6486
6488
6491
6495
6495
6496
6497
6498
6501
6505
6506
6513
6514
6518
6518
6520
6528
6534
6539
6551
6556
6556
6558
6560
6560
6566
6570
6570
6570
6571
6573
6573
6573
6574
6574
6575
6582
6582
6582
6583
6588
6594
6594
6598
6598
6598
6599
6602
6602
6615
6617
6618
6624
6631
6633
6635
6637
6642
6644
6646
6648
6651
6653
6655
6657
6659
6659
6673
6674
6685
6689
6698
6702
6706
6708
6710
6715
6717
6722
6722
6722
6724
6727
6730
6737
6738
6740
6744
6750
6751
6754
6761
6762
6769
6783
6783
6784
6788
6790
6791
6791
6792
6799
6814
6816
6816
6819
6819
6819
6830
6836
6837
6840
6841
6852
6856
6857
6857
6859
6871
6874
6874
6879
6879
6885
6886
6887
6889
6894
6896
6908
6908
6912
6913
6914
6914
6915
6916
6917
6921
6921
6924
6926
6929
6935
6939
6942
6956
6957
6959
6961
6968
6969
6970
6981
6985
6987
6987
6990
6991
6996
6997
6998
7000
7004
7018
7023
7029
7031
7034
7035
7036
7037
7038
7057
7058
7060
7062
7063
7076
7079
7087
7091
7095
7102
7104
7109
7109
7111
7116
7116
7120
7120
7123
7123
7133
7140
7141
7148
7150
7151
7156
7156
7169
7174
7175
7175
7178
7178
7180
7185
7187
7198
7199
7206
7208
7210
7212
7213
7217
7224
7225
7232
7234
7236
7238
7240
7244
7249
7255
7257
7260
7262
7264
7264
7265
7266
7274
7274
7274
7277
7279
7287
7287
7288
7292
7294
7296
7299
7303
7305
7307
7308
7310
7313
7317
7319
7321
7325
7334
7342
7347
7351
7353
7354
7356
7367
7367
7369
7379
7392
7393
7403
7403
7422
7424
7425
7425
7426
7432
7436
7440
7443
7446
7446
7451
7452
7452
7452
7460
7467
7469
7469
7475
7490
7495
7496
7498
7499
7502
7504
7505
7514
7519
7522
7522
7523
7524
7527
7530
7533
7539
7540
7541
7541
7543
7550
7550
7552
7553
7560
7560
7570
7570
7571
7571
7591
7597
7602
7602
7609
7616
7620
7632
7633
7634
7640
7641
7643
7648
7652
7663
7663
7665
7665
7666
7669
7669
7679
7681
7681
7689
7692
7705
7712
7717
7718
7719
7720
7720
7728
7730
7731
7736
7739
7743
7743
7743
7755
7756
7761
7763
7763
7765
7770
7771
7775
7782
7791
7801
7803
7806
7811
7814
7815
7816
7824
7825
7825
7828
7830
7830
7831
7835
7836
7838
7843
7843
7844
7845
7845
7847
7849
7851
7853
7865
7866
7871
7877
7878
7878
7879
7885
7886
7890
7897
7908
7908
7921
7930
7931
7935
7939
7943
7953
7953
7958
7960
7971
7978
7981
7982
7983
7984
7985
7986
7996
7996
8011
8011
8012
8013
8015
8017
8019
8019
8020
8021
8021
8023
8026
8028
8032
8032
8038
8039
8040
8041
8041
8049
8052
8052
8054
8054
8055
8059
8062
8067
8074
8075
8081
8082
8082
8083
8087
8088
8090
8094
8097
8097
8102
8104
8106
8106
8114
8114
8119
8123
8123
8125
8131
8133
8140
8141
8142
8142
8144
8145
8155
8163
8168
8168
8173
8178
8178
8180
8181
8184
8192
8193
8198
8198
8204
8205
8206
8209
8215
8216
8216
8218
8220
8222
8224
8232
8244
8244
8255
8255
8262
8262
8265
8266
8269
8272
8294
8298
8299
8302
8306
8306
8306
8308
8312
8316
8318
8321
8322
8322
8324
8326
8333
8335
8336
8337
8342
8344
8347
8349
8349
8353
8354
8360
8365
8370
8374
8380
8383
8386
8388
8390
8392
8393
8398
8398
8402
8402
8407
8417
8418
8420
8422
8425
8427
8432
8432
8433
8440
8440
8444
8448
8451
8454
8455
8456
8459
8462
8464
8466
8467
8472
8477
8481
8484
8488
8489
8491
8491
8500
8506
8509
8515
8515
8519
8522
8525
8530
8530
8536
8536
8542
8545
8547
8553
8557
8557
8562
8562
8567
8569
8570
8572
8572
8573
8577
8582
8582
8583
8586
8590
8595
8599
8602
8602
8609
8617
8621
8622
8623
8630
8631
8633
8656
8659
8660
8668
8673
8674
8675
8680
8681
8689
8703
8704
8705
8707
8710
8711
8716
8717
8720
8724
8725
8727
8733
8746
8747
8753
8753
8759
8760
8762
8764
8770
8771
8773
8778
8782
8783
8788
8789
8793
8795
8798
8801
8803
8803
8804
8804
8805
8807
8809
8817
8818
8824
8826
8834
8836
8839
8842
8843
8848
8849
8855
8858
8858
8863
8867
8867
8869
8882
8882
8886
8890
8891
8891
8896
8896
8901
8902
8904
8906
8910
8914
8916
8916
8918
8919
8923
8930
8931
8934
8935
8938
8941
8948
8953
8954
8958
8961
8968
8971
8972
8979
8982
8982
8985
8989
8992
8997
8997
9007
9007
9011
9014
9017
9020
9025
9029
9032
9044
9049
9050
9052
9052
9054
9056
9059
9063
9067
9068
9070
9071
9076
9078
9079
9085
9085
9086
9093
9094
9095
9096
9099
9102
9103
9113
9116
9120
9120
9123
9123
9128
9129
9130
9135
9138
9141
9144
9144
9145
9152
9154
9161
9161
9164
9165
9168
9168
9168
9170
9173
9173
9182
9188
9188
9189
9190
9191
9191
9195
9196
9200
9202
9203
9208
9209
9209
9216
9219
9220
9222
9223
9228
9230
9232
9238
9238
9240
9241
9250
9257
9257
9259
9260
9264
9265
9265
9268
9269
9270
9275
9282
9282
9287
9289
9296
9313
9315
9316
9318
9318
9319
9320
9322
9322
9332
9335
9352
9365
9365
9366
9370
9374
9374
9387
9396
9398
9400
9401
9402
9403
9414
9417
9419
9423
9425
9426
9428
9431
9431
9432
9432
9434
9434
9437
9444
9445
9446
9446
9446
9447
9447
9450
9453
9453
9455
9458
9464
9467
9469
9469
9481
9488
9489
9490
9491
9494
9497
9497
9500
9506
9511
9512
9513
9518
9520
9522
9524
9530
9532
9538
9538
9541
9542
9555
9558
9563
9565
9565
9586
9587
9588
9589
9592
9597
9600
9600
9607
9608
9609
9609
9611
9612
9616
9618
9619
9621
9624
9629
9641
9651
9652
9653
9654
9654
9657
9658
9658
9662
9664
9671
9674
9688
9692
9696
9703
9715
9715
9724
9728
9730
9731
9742
9757
9760
9761
9761
9764
9767
9767
9768
9770
9776
9777
9779
9780
9780
9781
9784
9786
9787
9790
9790
9795
9801
9807
9812
9814
9814
9817
9820
9825
9834
9843
9844
9844
9854
9856
9857
9859
9862
9864
9867
9867
9870
9871
9879
9880
9889
9890
9892
9894
9896
9900
9902
9905
9906
9910
9912
9913
9915
9915
9922
9922
9924
9927
9933
9935
9942
9942
9943
9949
9949
9950
9951
9956
9961
9963
9966
9970
9972
9976
9989
9991
10000
10002
10006
10010
10012
10014
10018
10025
10028
10030
10030
10041
10043
10046
10049
10059
10063
10066
10070
10071
10072
10075
10075
10082
10085
10087
10092
10094
10106
10107
10107
10107
10108
10109
10109
10113
10114
10116
10119
10119
10122
10124
10130
10130
10130
10141
10142
10143
10144
10145
10147
10147
10148
10159
10169
10170
10171
10175
10179
10179
10183
10185
10185
10196
10202
10203
10204
10212
10217
10217
10220
10221
10223
10224
10231
10232
10239
10240
10245
10247
10248
10249
10250
10255
10259
10264
10267
10272
10274
10288
10288
10290
10295
10296
10307
10308
10309
10315
10316
10325
10330
10333
10334
10360
10360
10361
10365
10368
10372
10381
10382
10390
10394
10400
10401
10402
10409
10410
10411
10414
10414
10425
10425
10429
10429
10432
10434
10434
10434
10435
10440
10440
10441
10445
10447
10452
10454
10454
10458
10459
10460
10462
10467
10469
10470
10470
10479
10484
10490
10490
10493
10494
10499
10501
10502
10502
10503
10507
10508
10509
10515
10517
10523
10524
10526
10535
10545
10555
10556
10559
10563
10564
10572
10585
10587
10590
10591
10592
10594
10603
10606
10611
10613
10616
10618
10621
10621
10634
10634
10636
10636
10640
10644
10648
10651
10659
10662
10662
10664
10665
10667
10675
10676
10677
10678
10679
10680
10688
10691
10694
10696
10697
10699
10704
10713
10718
10723
10724
10727
10729
10735
10736
10736
10737
10739
10745
10750
10756
10758
10762
10765
10766
10766
10773
10773
10777
10779
10781
10784
10791
10792
10794
10794
10796
10797
10798
10808
10810
10811
10815
10817
10825
10834
10834
10842
10843
10843
10859
10860
10861
10867
10871
10873
10875
10878
10881
10886
10890
10891
10892
10894
10902
10903
10909
10914
10921
10921
10922
10926
10926
10927
10928
10929
10929
10932
10932
10934
10936
10938
10946
10947
10948
10950
10953
10953
10964
10964
10972
10977
10978
10981
10984
10984
10990
10991
10993
10995
11001
11002
11005
11007
11008
11010
11011
11021
11024
11024
11034
11038
11042
11043
11043
11045
11046
11053
11057
11058
11059
11060
11063
11068
11071
11071
11075
11079
11083
11086
11090
11094
11106
11106
11109
11110
11113
11116
11129
11133
11134
11138
11140
11140
11140
11145
11149
11152
11172
11177
11181
11185
11188
11192
11194
11196
11198
11204
11206
11208
11209
11209
11211
11215
11216
11217
11225
11230
11233
11235
11235
11237
11241
11249
11253
11261
11264
11268
11273
11274
11278
11289
11290
11295
11302
11303
11307
11307
11314
11318
11321
11325
11326
11328
11329
11332
11335
11335
11341
11342
11343
11352
11359
11364
11367
11367
11369
11371
11376
11381
11385
11388
11389
11390
11390
11391
11396
11398
11399
11407
11410
11414
11430
11439
11440
11443
11447
11449
11450
11451
11455
11456
11469
11472
11478
11480
11481
11483
11486
11486
11487
11492
11500
11506
11511
11512
11515
11520
11543
11543
11544
11546
11547
11548
11550
11551
11552
11558
11566
11569
11572
11575
11579
11580
11582
11583
11585
11597
11598
11600
11603
11608
11610
11614
11622
11623
11626
11627
11628
11646
11647
11652
11657
11659
11667
11668
11670
11676
11676
11676
11677
11683
11686
11689
11693
11693
11697
11697
11705
11706
11711
11713
11716
11722
11723
11730
11732
11733
11739
11745
11746
11750
11754
11754
11755
11756
11758
11759
11761
11766
11768
11768
11769
11778
11786
11787
11787
11792
11792
11794
11795
11803
11806
11813
11813
11813
11815
11816
11818
11820
11822
11830
11830
11839
11847
11848
11852
11853
11856
11860
11862
11863
11865
11875
11877
11882
11883
11883
11886
11891
11893
11901
11901
11903
11909
11914
11916
11920
11925
11927
11934
11936
11936
11944
11948
11949
11954
11954
11957
11962
11963
11965
11968
11971
11976
11977
11980
11982
11982
11982
11987
11988
11992
11996
11998
12004
12009
12012
12020
12022
12022
12023
12023
12026
12033
12038
12043
12046
12046
12053
12055
12063
12064
12065
12066
12068
12071
12076
12079
12082
12085
12095
12102
12110
12113
12117
12121
12123
12126
12126
12127
12128
12131
12131
12133
12134
12145
12146
12146
12149
12152
12152
12152
12161
12164
12175
12198
12208
12208
12209
12210
12215
12218
12219
12224
12229
12229
12229
12231
12232
12235
12236
12242
12243
12246
12249
12258
12258
12263
12265
12273
12276
12278
12281
12284
12285
12285
12289
12290
12297
12298
12303
12308
12311
12313
12314
12317
12331
12332
12340
12342
12346
12347
12353
12355
12358
12359
12360
12365
12372
12372
12373
12376
12376
12377
12379
12384
12387
12389
12391
12391
12393
12394
12394
12394
12397
12399
12400
12402
12406
12413
12417
12418
12418
12423
12425
12425
12426
12429
12431
12435
12436
12439
12448
12452
12458
12459
12465
12465
12470
12483
12483
12490
12493
12497
12500
12501
12509
12510
12513
12514
12515
12515
12519
12521
12522
12528
12528
12530
12530
12540
12541
12543
12549
12554
12557
12564
12566
12568
12568
12570
12586
12587
12589
12595
12596
12599
12599
12606
12609
12610
12612
12613
12613
12614
12619
12620
12621
12623
12627
12636
12644
12645
12645
12649
12651
12654
12657
12664
12664
12665
12666
12674
12676
12678
12684
12704
12704
12710
12718
12720
12723
12731
12734
12740
12741
12744
12744
12745
12746
12749
12750
12750
12751
12755
12761
12763
12766
12767
12767
12768
12770
12772
12773
12775
12781
12785
12789
12792
12793
12797
12797
12798
12800
12810
12812
12816
12821
12822
12828
12832
12833
12837
12839
12839
12844
12844
12845
12846
12848
12848
12852
12852
12858
12867
12875
12875
12876
12879
12880
12880
12890
12891
12894
12897
12903
12904
12913
12916
12921
12932
12935
12935
12941
12950
12953
12958
12961
12965
12965
12971
12971
12974
12975
12981
12988
12993
13002
13005
13006
13009
13009
13015
13017
13022
13022
13025
13027
13029
13030
13031
13038
13042
13044
13046
13047
13048
13064
13064
13076
13077
13078
13087
13092
13093
13095
13097
13098
13100
13104
13105
13105
13107
13107
13108
13118
13121
13123
13123
13124
13124
13124
13128
13129
13144
13144
13145
13150
13150
13153
13155
13155
13161
13167
13168
13171
13173
13181
13181
13184
13192
13198
13199
13203
13203
13209
13214
13223
13224
13227
13229
13230
13232
13244
13247
13250
13257
13259
13261
13262
13265
13273
13274
13277
13277
13277
13278
13279
13284
13285
13285
13286
13289
13293
13294
13294
13297
13298
13300
13306
13308
13311
13312
13314
13318
13321
13324
13324
13325
13327
13331
13331
13334
13339
13345
13348
13348
13349
13351
13353
13359
13360
13366
13375
13377
13377
13381
13385
13388
13389
13390
13393
13399
13399
13399
13400
13403
13403
13404
13412
13421
13423
13427
13431
13434
13436
13438
13444
13445
13445
13446
13450
13451
13452
13453
13453
13454
13457
13461
13467
13474
13474
13476
13481
13482
13484
13484
13486
13487
13490
13491
13493
13495
13496
13501
13508
13511
13514
13515
13517
13520
13520
13522
13525
13526
13527
13527
13527
13528
13530
13530
13536
13539
13539
13546
13547
13556
13563
13564
13564
13565
13566
13568
13575
13580
13581
13584
13585
13586
13596
13597
13597
13601
13602
13606
13614
13622
13626
13629
13633
13633
13634
13641
13646
13649
13652
13658
13666
13667
13668
13670
13671
13677
13678
13687
13690
13691
13692
13693
13693
13702
13703
13704
13705
13708
13709
13709
13710
13712
13712
13714
13731
13733
13734
13736
13744
13747
13749
13753
13753
13755
13757
13761
13765
13769
13772
13773
13774
13775
13778
13779
13782
13788
13792
13794
13796
13798
13798
13800
13804
13816
13817
13819
13823
13825
13831
13839
13842
13842
13846
13850
13853
13856
13861
13863
13864
13866
13869
13869
13870
13871
13872
13876
13878
13881
13885
13889
13890
13892
13894
13896
13899
13902
13911
13919
13926
13928
13929
13945
13948
13952
13954
13957
13961
13961
13963
13974
13975
13976
13988
13989
13991
13992
13992
13994
13998
13999
14001
14004
14007
14012
14012
14019
14021
14022
14023
14023
14024
14025
14025
14030
14031
14032
14032
14032
14045
14046
14047
14050
14055
14059
14059
14059
14062
14064
14070
14074
14075
14075
14079
14079
14086
14107
14114
14116
14118
14125
14129
14132
14133
14134
14139
14149
14149
14160
14162
14164
14167
14168
14170
14173
14178
14182
14185
14186
14187
14189
14191
14199
14208
14209
14215
14223
14226
14230
14231
14232
14235
14235
14244
14245
14248
14251
14258
14263
14274
14275
14280
14297
14299
14301
14302
14303
14305
14305
14307
14308
14309
14315
14316
14320
14321
14322
14323
14328
14330
14332
14333
14337
14340
14344
14345
14345
14346
14346
14346
14347
14352
14354
14362
14366
14368
14372
14375
14380
14383
14386
14387
14392
14393
14396
14403
14403
14407
14412
14415
14417
14417
14418
14420
14421
14422
14423
14428
14432
14433
14433
14437
14439
14441
14448
14451
14451
14452
14457
14465
14477
14479
14479
14483
14485
14488
14489
14489
14489
14489
14495
14496
14497
14498
14501
14509
14513
14518
14520
14523
14526
14531
14533
14539
14540
14548
14550
14556
14557
14558
14573
14587
14587
14588
14589
14603
14605
14608
14611
14613
14617
14626
14626
14628
14630
14636
14638
14642
14644
14647
14654
14656
14657
14666
14666
14667
14671
14676
14679
14680
14683
14684
14685
14692
14706
14711
14714
14714
14714
14715
14715
14717
14718
14719
14724
14727
14729
14734
14739
14739
14747
14748
14753
14758
14764
14768
14771
14775
14782
14790
14791
14798
14800
14805
14806
14808
14810
14811
14812
14812
14816
14816
14829
14832
14834
14839
14845
14855
14858
14866
14870
14871
14871
14872
14876
14881
14882
14882
14882
14883
14888
14888
14894
14903
14906
14909
14910
14910
14916
14916
14926
14940
14943
14945
14946
14950
14950
14950
14956
14956
14957
14960
14960
14963
14965
14972
14977
14979
14989
14990
14992
15000
15001
15005
15007
15011
15022
15029
15030
15033
15034
15035
15038
15042
15043
15044
15045
15049
15053
15059
15059
15069
15081
15085
15085
15090
15096
15100
15107
15108
15108
15109
15112
15115
15119
15122
15123
15127
15129
15134
15137
15150
15151
15153
15153
15156
15156
15157
15158
15162
15172
15177
15177
15180
15180
15181
15181
15190
15195
15197
15202
15205
15207
15222
15229
15231
15234
15237
15237
15240
15243
15251
15252
15256
15258
15262
15262
15267
15268
15271
15275
15277
15283
15293
15295
15301
15311
15311
15311
15317
15319
15319
15319
15331
15335
15335
15338
15340
15341
15341
15349
15353
15354
15359
15361
15369
15370
15372
15378
15384
15384
15389
15397
15402
15403
15406
15413
15414
15422
15423
15435
15444
15450
15456
15456
15462
15468
15479
15481
15494
15494
15494
15499
15499
15500
15514
15526
15530
15532
15539
15540
15540
15544
15544
15548
15550
15557
15566
15568
15573
15575
15582
15583
15587
15590
15592
15600
15614
15620
15622
15626
15629
15630
15630
15634
15637
15640
15650
15652
15655
15655
15655
15657
15662
15668
15669
15674
15681
15682
15686
15687
15697
15698
15700
15701
15701
15702
15709
15713
15716
15720
15720
15722
15731
15734
15736
15737
15738
15740
15748
15750
15754
15754
15765
15765
15766
15766
15767
15769
15772
15775
15775
15776
15783
15788
15789
15798
15799
15802
15809
15809
15812
15821
15824
15825
15828
15829
15834
15838
15840
15847
15851
15851
15852
15852
15853
15861
15866
15868
15868
15874
15880
15889
15891
15898
15901
15903
15907
15918
15918
15923
15928
15928
15930
15933
15941
15944
15944
15950
15957
15960
15968
15973
15974
15974
15975
15978
15978
15981
15982
15986
15986
15988
15990
15991
15991
15997
16001
16002
16006
16008
16019
16028
16031
16032
16039
16040
16047
16056
16062
16062
16063
16063
16064
16068
16074
16074
16084
16085
16088
16090
16098
16102
16105
16105
16106
16110
16114
16115
16115
16116
16123
16127
16132
16136
16136
16140
16141
16143
16147
16151
16158
16162
16173
16175
16176
16182
16182
16185
16198
16200
16205
16211
16214
16216
16223
16225
16236
16240
16244
16244
16245
16247
16248
16248
16253
16254
16260
16261
16261
16261
16261
16263
16264
16267
16269
16269
16271
16276
16278
16284
16286
16291
16293
16293
16300
16300
16306
16307
16310
16312
16320
16329
16333
16333
16334
16334
16335
16339
16341
16343
16346
16349
16355
16359
16362
16367
16372
16373
16374
16375
16378
16380
16384
16388
16392
16395
16400
16401
16408
16411
16412
16412
16417
16419
16419
16424
16426
16427
16427
16430
16434
16434
16443
16443
16452
16452
16456
16470
16470
16482
16488
16489
16491
16492
16492
16493
16500
16512
16515
16516
16518
16521
16522
16524
16525
16525
16531
16532
16535
16536
16537
16542
16548
16551
16553
16555
16556
16557
16570
16575
16578
16581
16582
16591
16592
16594
16594
16597
16607
16607
16609
16619
16620
16621
16621
16625
16630
16631
16632
16634
16635
16641
16642
16645
16645
16645
16646
16648
16649
16650
16659
16660
16666
16668
16670
16672
16675
16677
16679
16687
16688
16691
16700
16704
16706
16708
16708
16713
16713
16716
16717
16719
16720
16722
16729
16730
16732
16740
16749
16749
16752
16757
16758
16760
16761
16763
16767
16769
16775
16783
16784
16784
16791
16794
16796
16802
16802
16802
16807
16812
16815
16818
16820
16821
16823
16823
16826
16828
16833
16836
16838
16844
16849
16853
16854
16854
16859
16859
16860
16861
16865
16874
16876
16878
16881
16883
16884
16885
16889
16891
16894
16896
16896
16897
16898
16900
16901
16904
16911
16912
16914
16919
16920
16922
16928
16929
16929
16932
16935
16936
16939
16951
16953
16956
16965
16968
16972
16973
16978
16979
16988
16989
16998
16999
17005
17006
17007
17010
17012
17013
17013
17021
17022
17033
17035
17039
17043
17045
17046
17049
17049
17052
17053
17054
17061
17067
17076
17078
17080
17086
17088
17095
17095
17096
17102
17105
17106
17110
17111
17112
17118
17119
17121
17121
17122
17123
17123
17124
17124
17133
17133
17136
17142
17142
17145
17148
17149
17151
17153
17157
17158
17159
17167
17168
17170
17172
17186
17187
17189
17189
17196
17201
17201
17205
17205
17206
17206
17207
17208
17212
17214
17216
17216
17217
17220
17220
17221
17224
17229
17231
17233
17238
17239
17240
17243
17253
17256
17258
17261
17266
17267
17270
17271
17276
17286
17294
17295
17299
17299
17300
17304
17305
17305
17305
17315
17316
17317
17325
17325
17335
17339
17344
17345
17348
17350
17352
17354
17359
17359
17361
17362
17370
17374
17378
17378
17379
17387
17391
17393
17396
17397
17398
17398
17400
17401
17403
17403
17404
17409
17410
17415
17421
17427
17427
17433
17444
17448
17453
17453
17462
17476
17479
17481
17483
17484
17488
17491
17492
17494
17502
17506
17516
17517
17517
17519
17523
17523
17525
17528
17529
17531
17532
17533
17536
17536
17537
17537
17545
17546
17549
17552
17564
17566
17569
17570
17570
17576
17577
17580
17582
17583
17583
17584
17585
17586
17591
17591
17591
17594
17595
17595
17598
17601
17602
17603
17607
17608
17610
17616
17623
17624
17625
17628
17629
17631
17633
17634
17638
17643
17646
17651
17651
17653
17657
17661
17661
17664
17665
17665
17669
17673
17676
17677
17677
17679
17682
17684
17685
17686
17686
17691
17694
17694
17697
17698
17700
17702
17706
17709
17710
17719
17720
17722
17725
17727
17728
17731
17741
17744
17745
17746
17746
17747
17752
17753
17754
17756
17759
17760
17762
17762
17764
17768
17771
17772
17775
17776
17777
17778
17780
17780
17784
17786
17786
17790
17797
17797
17801
17808
17810
17811
17818
17823
17826
17826
17826
17827
17828
17829
17831
17834
17836
17849
17858
17859
17861
17864
17870
17873
17875
17887
17894
17897
17904
17911
17914
17915
17918
17919
17920
17927
17930
17934
17945
17947
17948
17951
17962
17963
17965
17967
17967
17968
17970
17975
17976
17978
17983
17984
17987
17988
17991
17992
18000
18000
18001
18004
18006
18010
18011
18016
18019
18020
18025
18028
18029
18032
18033
18036
18037
18041
18044
18048
18053
18053
18054
18058
18062
18063
18064
18065
18069
18071
18075
18079
18082
18084
18087
18096
18109
18113
18113
18118
18119
18122
18122
18123
18123
18124
18124
18125
18126
18127
18128
18135
18143
18144
18144
18144
18148
18149
18152
18153
18155
18158
18159
18174
18179
18181
18189
18193
18198
18204
18205
18206
18209
18214
18214
18215
18220
18221
18221
18225
18227
18229
18229
18229
18232
18233
18233
18236
18249
18257
18261
18268
18270
18270
18277
18288
18291
18297
18300
18302
18306
18307
18307
18308
18312
18319
18323
18327
18329
18330
18331
18336
18337
18338
18341
18341
18349
18357
18359
18359
18364
18366
18367
18370
18371
18379
18379
18383
18396
18402
18403
18406
18409
18410
18413
18414
18424
18424
18425
18425
18426
18435
18438
18441
18447
18448
18449
18454
18454
18455
18457
18458
18462
18464
18468
18477
18478
18478
18482
18484
18488
18492
18494
18496
18500
18503
18510
18511
18512
18514
18515
18516
18518
18527
18533
18534
18541
18546
18549
18550
18556
18557
18557
18564
18565
18575
18585
18596
18596
18599
18603
18615
18617
18621
18623
18625
18628
18628
18637
18642
18645
18648
18649
18651
18655
18658
18659
18664
18668
18670
18672
18677
18684
18685
18685
18691
18692
18694
18699
18702
18704
18711
18720
18725
18726
18734
18735
18737
18741
18742
18743
18756
18761
18762
18768
18768
18775
18778
18779
18782
18783
18793
18797
18801
18802
18803
18812
18817
18823
18824
18825
18828
18829
18840
18848
18850
18858
18862
18864
18878
18880
18883
18895
18895
18896
18907
18909
18911
18914
18920
18923
18929
18934
18935
18945
18950
18951
18952
18954
18955
18958
18960
18968
18970
18973
18974
18974
18978
18981
18989
18992
18992
18994
18999
19001
19003
19003
19007
19009
19010
19013
19015
19015
19021
19022
19027
19029
19030
19036
19039
19039
19041
19050
19051
19051
19052
19054
19055
19062
19066
19070
19073
19084
19089
19091
19104
19110
19113
19113
19114
19114
19114
19117
19119
19119
19122
19125
19128
19131
19136
19136
19138
19138
19143
19147
19149
19154
19156
19157
19160
19160
19163
19164
19164
19168
19168
19168
19169
19171
19172
19174
19174
19176
19181
19181
19185
19186
19186
19187
19188
19192
19199
19201
19206
19206
19209
19210
19211
19213
19216
19219
19223
19228
19232
19235
19242
19251
19253
19257
19262
19264
19268
19269
19274
19275
19281
19289
19290
19292
19294
19295
19296
19297
19298
19307
19309
19317
19317
19321
19331
19335
19342
19342
19344
19345
19345
19347
19351
19354
19354
19355
19356
19357
19368
19380
19381
19382
19387
19392
19392
19393
19395
19396
19397
19402
19404
19408
19409
19424
19433
19439
19441
19443
19447
19450
19452
19453
19455
19457
19462
19463
19464
19465
19474
19474
19480
19485
19487
19489
19490
19493
19495
19496
19498
19500
19502
19509
19511
19512
19519
19535
19541
19543
19549
19551
19551
19554
19555
19564
19565
19567
19571
19571
19574
19578
19581
19582
19584
19590
19591
19591
19602
19609
19610
19611
19617
19623
19625
19627
19633
19633
19638
19638
19643
19644
19647
19649
19657
19660
19662
19663
19664
19668
19669
19675
19682
19688
19694
19696
19703
19710
19711
19713
19714
19718
19722
19730
19733
19736
19739
19743
19745
19746
19747
19749
19751
19753
19758
19762
19768
19771
19776
19776
19778
19779
19784
19785
19786
19792
19793
19799
19801
19803
19804
19806
19818
19821
19822
19825
19826
19826
19837
19846
19849
19852
19867
19868
19870
19872
19875
19883
19884
19886
19886
19886
19896
19900
19902
19905
19909
19910
19911
19914
19914
19926
19931
19934
19942
19943
19965
19966
19970
19974
19975
19976
19976
19981
19983
19983
19983
19985
19998
19999
19999
19999
20000
20003
20006
20007
20007
20008
20011
20016
20025
20027
20033
20034
20035
20041
20042
20044
20048
20050
20052
20065
20067
20070
20070
20072
20073
20077
20081
20087
20087
20088
20090
20098
20104
20105
20110
20116
20118
20120
20122
20123
20123
20126
20131
20134
20139
20140
20141
20143
20147
20158
20160
20170
20173
20176
20177
20182
20188
20189
20193
20195
20197
20210
20212
20212
20213
20217
20224
20224
20226
20230
20231
20233
20233
20235
20238
20245
20245
20257
20261
20262
20262
20262
20269
20273
20273
20276
20276
20285
20287
20290
20290
20297
20300
20305
20306
20306
20307
20308
20309
20314
20315
20329
20335
20341
20342
20345
20351
20357
20357
20358
20359
20360
20366
20367
20367
20368
20369
20372
20373
20373
20375
20376
20379
20382
20384
20403
20403
20405
20416
20419
20420
20422
20422
20425
20426
20427
20434
20439
20440
20442
20448
20451
20453
20461
20464
20465
20469
20470
20476
20481
20483
20485
20490
20493
20496
20497
20507
20508
20510
20512
20514
20515
20515
20518
20522
20529
20532
20538
20556
20562
20566
20574
20596
20596
20597
20599
20601
20605
20609
20612
20615
20618
20627
20627
20632
20641
20645
20646
20653
20653
20654
20659
20663
20663
20665
20665
20667
20667
20667
20671
20681
20681
20683
20686
20687
20691
20691
20693
20697
20697
20703
20706
20707
20713
20713
20715
20717
20719
20721
20725
20727
20730
20732
20734
20736
20739
20739
20741
20742
20747
20747
20752
20762
20767
20773
20773
20779
20780
20783
20785
20786
20794
20794
20796
20802
20805
20808
20811
20815
20817
20821
20825
20842
20842
20846
20854
20855
20856
20858
20860
20863
20863
20864
20865
20865
20874
20876
20877
20882
20883
20886
20890
20890
20893
20893
20894
20898
20909
20911
20919
20919
20922
20930
20930
20933
20934
20934
20935
20938
20940
20950
20957
20962
20963
20964
20971
20971
20972
20977
20979
20980
20983
20988
20991
20992
21000
21006
21008
21008
21009
21012
21013
21014
21014
21015
21016
21019
21019
21022
21023
21024
21024
21025
21025
21028
21032
21044
21045
21050
21057
21057
21062
21065
21066
21067
21074
21085
21088
21092
21092
21099
21099
21101
21102
21102
21105
21105
21108
21109
21109
21111
21111
21114
21116
21128
21130
21132
21133
21138
21140
21143
21144
21149
21151
21153
21155
21162
21164
21166
21176
21176
21181
21187
21198
21198
21199
21204
21213
21213
21218
21221
21222
21224
21234
21236
21237
21240
21240
21240
21242
21243
21247
21250
21250
21260
21261
21262
21266
21268
21269
21270
21270
21271
21274
21284
21284
21285
21286
21295
21297
21297
21304
21306
21306
21308
21309
21311
21313
21324
21328
21331
21336
21336
21336
21342
21342
21345
21347
21347
21352
21358
21358
21359
21361
21361
21362
21362
21365
21366
21372
21375
21375
21376
21378
21382
21384
21384
21384
21385
21387
21395
21402
21405
21406
21408
21419
21423
21436
21436
21436
21436
21438
21440
21446
21447
21450
21451
21453
21454
21456
21471
21471
21477
21482
21483
21484
21493
21496
21502
21507
21513
21517
21522
21522
21524
21528
21532
21532
21533
21535
21536
21543
21546
21552
21552
21555
21556
21560
21565
21571
21573
21576
21576
21584
21586
21588
21590
21590
21591
21600
21605
21607
21608
21612
21614
21617
21621
21623
21628
21630
21630
21630
21632
21635
21637
21639
21642
21649
21657
21663
21663
21665
21665
21666
21673
21676
21678
21681
21681
21683
21684
21693
21693
21706
21707
21730
21736
21742
21745
21750
21753
21754
21755
21756
21766
21774
21782
21783
21784
21792
21794
21794
21795
21800
21806
21807
21808
21809
21810
21810
21819
21822
21824
21825
21839
21841
21842
21851
21859
21860
21861
21863
21870
21873
21875
21877
21877
21877
21878
21886
21890
21895
21895
21900
21904
21904
21910
21914
21917
21925
21930
21931
21935
21938
21946
21949
21951
21951
21957
21963
21965
21965
21966
21969
21973
21975
21975
21978
21981
21986
21988
21994
22002
22002
22002
22010
22011
22023
22027
22032
22038
22038
22039
22040
22043
22052
22055
22056
22061
22064
22066
22071
22071
22071
22074
22074
22075
22076
22078
22085
22098
22104
22106
22108
22115
22119
22119
22123
22135
22136
22137
22139
22143
22143
22147
22148
22148
22152
22153
22159
22163
22168
22168
22171
22171
22177
22179
22181
22185
22190
22190
22191
22193
22203
22208
22211
22212
22218
22219
22221
22222
22224
22227
22233
22243
22252
22254
22264
22268
22271
22271
22274
22278
22279
22281
22290
22292
22293
22294
22295
22299
22299
22305
22306
22307
22307
22310
22312
22312
22314
22317
22320
22326
22327
22333
22336
22336
22339
22342
22342
22345
22346
22348
22350
22351
22352
22354
22357
22358
22366
22366
22368
22372
22380
22380
22381
22385
22386
22392
22393
22396
22403
22411
22424
22428
22433
22445
22447
22449
22449
22455
22457
22464
22466
22466
22467
22468
22469
22471
22477
22483
22485
22495
22496
22498
22499
22503
22503
22505
22507
22509
22516
22516
22520
22526
22526
22532
22536
22538
22539
22540
22547
22550
22552
22558
22560
22565
22575
22581
22585
22587
22588
22592
22601
22601
22603
22612
22613
22622
22623
22624
22627
22634
22637
22644
22645
22645
22646
22647
22650
22651
22652
22653
22654
22656
22661
22663
22669
22674
22674
22676
22677
22712
22712
22717
22723
22725
22732
22733
22735
22739
22739
22741
22743
22746
22748
22750
22751
22753
22757
22762
22772
22774
22778
22779
22781
22782
22783
22784
22787
22787
22789
22789
22789
22793
22799
22801
22802
22805
22806
22819
22821
22824
22824
22827
22839
22843
22844
22844
22855
22858
22861
22871
22873
22875
22875
22880
22884
22885
22894
22895
22898
22904
22909
22916
22916
22923
22925
22925
22928
22930
22948
22951
22955
22958
22966
22969
22975
22975
22976
22977
22977
22981
22984
22987
22992
22995
22995
22995
22995
22998
22999
23001
23008
23016
23022
23022
23023
23023
23030
23031
23032
23033
23033
23036
23037
23039
23047
23050
23051
23056
23059
23060
23060
23060
23062
23062
23072
23076
23077
23077
23079
23091
23093
23094
23097
23098
23101
23101
23102
23113
23114
23115
23115
23118
23118
23121
23125
23125
23126
23128
23131
23137
23148
23163
23167
23170
23172
23174
23175
23176
23189
23190
23192
23198
23201
23203
23206
23214
23214
23214
23215
23216
23219
23219
23222
23223
23227
23234
23236
23243
23243
23250
23257
23257
23258
23260
23260
23271
23272
23276
23277
23281
23283
23283
23285
23291
23291
23292
23300
23301
23301
23307
23308
23310
23326
23327
23332
23336
23340
23343
23360
23362
23371
23374
23376
23377
23380
23381
23382
23388
23394
23412
23413
23419
23423
23423
23423
23424
23426
23428
23429
23429
23430
23430
23432
23443
23445
23445
23450
23451
23451
23452
23453
23455
23462
23464
23464
23466
23466
23470
23471
23474
23476
23477
23485
23498
23499
23500
23501
23503
23506
23518
23520
23522
23528
23532
23541
23542
23548
23550
23551
23558
23567
23574
23580
23581
23587
23588
23590
23591
23596
23597
23599
23600
23600
23601
23602
23604
23608
23612
23614
23617
23622
23623
23626
23634
23635
23635
23636
23639
23642
23651
23652
23653
23658
23670
23670
23671
23675
23677
23681
23682
23683
23685
23691
23691
23691
23697
23719
23722
23722
23723
23725
23730
23732
23732
23733
23734
23740
23743
23747
23748
23750
23751
23753
23758
23760
23760
23761
23766
23769
23773
23777
23779
23783
23785
23785
23794
23795
23799
23800
23800
23804
23804
23810
23813
23814
23815
23826
23826
23832
23834
23839
23841
23846
23847
23854
23865
23865
23873
23873
23876
23878
23882
23883
23891
23899
23906
23914
23914
23916
23917
23922
23923
23923
23925
23928
23930
23933
23934
23936
23940
23942
23945
23950
23953
23963
23965
23965
23967
23969
23972
23982
23982
23982
23984
23987
24000
24003
24009
24010
24012
24012
24012
24012
24017
24022
24026
24026
24031
24031
24032
24034
24035
24035
24045
24052
24054
24055
24057
24062
24065
24066
24070
24080
24082
24084
24084
24089
24095
24096
24096
24102
24107
24107
24109
24109
24111
24112
24113
24115
24117
24119
24124
24127
24127
24136
24137
24141
24141
24143
24154
24155
24156
24158
24158
24163
24170
24172
24173
24188
24190
24191
24193
24201
24205
24207
24207
24213
24223
24225
24226
24227
24230
24235
24235
24240
24243
24246
24248
24257
24261
24261
24266
24272
24274
24278
24282
24284
24285
24288
24290
24293
24294
24298
24299
24301
24301
24302
24304
24311
24316
24326
24331
24338
24342
24344
24345
24354
24366
24383
24384
24394
24395
24399
24403
24404
24405
24405
24417
24421
24424
24426
24429
24437
24437
24439
24443
24444
24446
24447
24452
24457
24459
24463
24463
24463
24467
24470
24477
24480
24481
24483
24487
24490
24492
24492
24499
24502
24504
24504
24505
24505
24514
24516
24520
24524
24529
24529
24531
24531
24538
24541
24541
24545
24547
24547
24552
24559
24561
24565
24565
24571
24579
24581
24581
24581
24590
24592
24592
24597
24608
24613
24618
24622
24625
24637
24642
24643
24643
24651
24652
24655
24661
24664
24668
24670
24673
24684
24684
24685
24689
24691
24696
24697
24700
24703
24706
24721
24723
24740
24745
24746
24749
24752
24756
24762
24768
24768
24771
24772
24772
24776
24777
24779
24782
24784
24788
24794
24795
24795
24801
24801
24815
24818
24820
24820
24823
24832
24834
24835
24835
24839
24848
24849
24850
24852
24853
24856
24859
24860
24866
24874
24879
24887
24888
24918
24919
24921
24921
24924
24925
24931
24934
24935
24938
24939
24939
24939
24947
24961
24963
24967
24971
24973
24976
24980
24981
24982
24983
24984
24986
24990
24990
24995
24997
24998
25002
25007
25011
25019
25022
25024
25024
25028
25033
25042
25044
25046
25049
25056
25059
25061
25072
25084
25094
25094
25094
25101
25102
25111
25114
25116
25131
25135
25141
25141
25146
25148
25150
25153
25165
25165
25170
25179
25183
25184
25184
25186
25187
25192
25197
25199
25212
25213
25215
25222
25223
25228
25231
25233
25239
25240
25240
25241
25244
25247
25248
25251
25258
25258
25261
25262
25264
25265
25269
25270
25276
25276
25278
25281
25283
25287
25288
25295
25296
25302
25305
25310
25311
25313
25314
25315
25322
25327
25339
25350
25353
25354
25358
25360
25361
25362
25374
25376
25383
25388
25401
25408
25410
25412
25414
25416
25420
25434
25441
25444
25446
25452
25453
25456
25460
25466
25466
25466
25467
25469
25475
25480
25480
25485
25487
25488
25489
25489
25492
25497
25506
25506
25509
25510
25511
25515
25520
25526
25532
25535
25535
25536
25544
25545
25545
25548
25549
25560
25568
25570
25570
25575
25580
25582
25589
25595
25596
25604
25609
25610
25611
25615
25616
25618
25620
25621
25625
25634
25635
25637
25638
25639
25639
25647
25653
25654
25655
25657
25658
25658
25664
25665
25667
25670
25671
25673
25675
25679
25680
25681
25681
25683
25683
25686
25689
25689
25693
25693
25696
25705
25705
25708
25711
25714
25719
25719
25725
25732
25736
25745
25748
25753
25753
25762
25766
25771
25773
25776
25781
25784
25784
25787
25788
25788
25789
25793
25796
25803
25807
25814
25818
25828
25834
25838
25841
25841
25855
25864
25865
25867
25875
25876
25881
25882
25882
25882
25884
25887
25889
25889
25891
25893
25893
25894
25895
25895
25898
25903
25909
25909
25918
25919
25921
25922
25927
25932
25935
25938
25940
25942
25944
25945
25945
25946
25946
25946
25948
25949
25954
25955
25962
25962
25963
25964
25964
25965
25967
25968
25968
25969
25970
25972
25982
25984
25987
25998
26002
26010
26013
26014
26018
26021
26023
26024
26026
26035
26036
26049
26051
26051
26052
26055
26057
26058
26058
26064
26071
26073
26082
26083
26084
26085
26086
26086
26093
26094
26096
26102
26104
26109
26116
26117
26120
26121
26121
26124
26126
26126
26130
26139
26140
26143
26144
26145
26151
26159
26163
26167
26172
26175
26175
26175
26177
26180
26183
26185
26185
26187
26187
26188
26192
26194
26194
26203
26203
26207
26215
26216
26220
26221
26222
26225
26225
26229
26229
26229
26232
26239
26240
26246
26249
26251
26255
26259
26261
26262
26265
26266
26267
26271
26276
26279
26293
26294
26296
26297
26305
26306
26310
26317
26322
26327
26340
26340
26341
26354
26356
26359
26360
26361
26367
26370
26370
26375
26381
26383
26387
26387
26391
26392
26394
26394
26398
26398
26399
26401
26401
26404
26404
26409
26409
26415
26416
26417
26425
26430
26432
26434
26437
26439
26441
26441
26443
26445
26447
26447
26453
26455
26456
26457
26457
26475
26482
26488
26489
26496
26497
26499
26502
26504
26504
26504
26507
26521
26522
26527
26529
26529
26533
26535
26542
26542
26543
26547
26548
26555
26563
26568
26571
26578
26585
26594
26597
26598
26606
26606
26609
26610
26610
26610
26621
26622
26623
26625
26627
26629
26634
26635
26639
26639
26643
26648
26651
26651
26658
26658
26659
26664
26675
26675
26675
26676
26681
26682
26685
26685
26688
26696
26700
26702
26703
26714
26717
26720
26722
26732
26734
26743
26745
26746
26749
26750
26755
26756
26759
26759
26760
26768
26781
26783
26785
26786
26789
26790
26796
26801
26803
26805
26812
26823
26826
26829
26830
26831
26833
26839
26844
26850
26852
26862
26865
26866
26867
26868
26874
26875
26878
26880
26886
26890
26895
26900
26905
26906
26912
26917
26919
26919
26925
26927
26929
26929
26933
26939
26939
26942
26944
26953
26955
26958
26959
26960
26966
26968
26973
26980
26982
26983
26989
26989
26990
26992
26993
26996
27001
27004
27006
27010
27014
27016
27020
27022
27025
27026
27040
27048
27048
27058
27060
27062
27072
27076
27081
27081
27082
27084
27085
27089
27098
27115
27117
27121
27122
27126
27127
27129
27135
27139
27139
27145
27148
27152
27154
27159
27163
27163
27164
27165
27171
27176
27180
27182
27186
27186
27187
27187
27190
27191
27192
27198
27201
27211
27211
27212
27213
27213
27215
27218
27220
27229
27230
27232
27232
27234
27236
27237
27240
27242
27249
27253
27253
27258
27261
27261
27265
27267
27268
27275
27276
27279
27282
27282
27287
27287
27294
27306
27313
27313
27323
27328
27328
27329
27330
27330
27336
27342
27349
27350
27356
27359
27361
27372
27378
27382
27384
27385
27385
27387
27388
27393
27399
27402
27404
27404
27404
27412
27414
27418
27419
27420
27421
27422
27422
27426
27430
27438
27442
27450
27451
27454
27454
27465
27467
27473
27475
27478
27478
27488
27508
27510
27514
27517
27523
27527
27529
27529
27532
27535
27543
27544
27550
27562
27563
27569
27582
27584
27590
27590
27593
27596
27605
27607
27608
27614
27614
27615
27630
27630
27630
27630
27634
27644
27650
27651
27657
27662
27662
27665
27668
27670
27672
27682
27688
27696
27699
27703
27703
27707
27709
27710
27715
27715
27726
27726
27731
27742
27747
27748
27753
27754
27757
27757
27758
27759
27762
27764
27766
27771
27774
27775
27778
27779
27783
27784
27788
27800
27802
27802
27803
27807
27808
27810
27815
27815
27815
27820
27825
27825
27828
27828
27829
27833
27834
27840
27841
27844
27846
27847
27847
27849
27859
27860
27861
27863
27864
27867
27869
27870
27873
27879
27880
27885
27886
27890
27894
27896
27900
27901
27902
27904
27904
27909
27912
27915
27917
27927
27927
27928
27931
27932
27939
27944
27951
27954
27959
27959
27961
27962
27964
27964
27965
27967
27979
27983
27985
27987
27993
27994
28000
28003
28003
28005
28011
28011
28013
28014
28016
28019
28023
28031
28033
28033
28039
28044
28045
28052
28052
28056
28057
28060
28062
28079
28080
28086
28086
28092
28095
28095
28103
28104
28114
28117
28126
28132
28147
28149
28151
28154
28155
28156
28169
28172
28173
28183
28188
28189
28209
28215
28218
28218
28222
28223
28227
28229
28239
28250
28253
28260
28261
28270
28270
28276
28280
28284
28288
28295
28296
28301
28301
28303
28307
28310
28312
28313
28315
28315
28316
28316
28317
28321
28324
28325
28329
28337
28340
28342
28343
28345
28347
28349
28356
28359
28361
28362
28365
28368
28370
28380
28383
28385
28388
28394
28394
28394
28397
28405
28409
28422
28429
28438
28442
28443
28446
28446
28449
28453
28453
28458
28459
28461
28462
28464
28469
28471
28473
28485
28485
28486
28493
28498
28499
28499
28503
28504
28509
28510
28520
28521
28536
28538
28543
28548
28552
28554
28555
28558
28559
28562
28570
28576
28582
28590
28591
28593
28608
28609
28609
28614
28616
28620
28624
28630
28630
28633
28637
28641
28645
28648
28649
28662
28663
28663
28665
28669
28675
28679
28683
28689
28692
28700
28702
28704
28704
28708
28708
28710
28713
28717
28719
28720
28723
28732
28734
28742
28742
28746
28757
28764
28765
28773
28773
28780
28782
28782
28783
28783
28788
28801
28803
28810
28811
28812
28812
28812
28816
28816
28819
28826
28826
28828
28843
28843
28847
28847
28849
28849
28855
28856
28860
28865
28866
28869
28874
28876
28882
28884
28891
28891
28896
28897
28900
28900
28901
28904
28905
28905
28917
28917
28919
28920
28922
28926
28927
28928
28931
28931
28932
28933
28939
28943
28948
28951
28952
28955
28962
28962
28965
28968
28974
28999
29001
29001
29002
29006
29017
29022
29023
29023
29024
29025
29030
29033
29037
29038
29039
29041
29043
29043
29045
29045
29052
29052
29060
29066
29067
29068
29070
29076
29076
29087
29088
29094
29098
29102
29104
29105
29106
29115
29117
29118
29129
29130
29130
29134
29135
29137
29138
29139
29141
29141
29141
29142
29148
29150
29151
29154
29160
29164
29166
29175
29175
29176
29176
29176
29181
29181
29184
29185
29192
29192
29193
29195
29200
29201
29201
29202
29204
29205
29209
29211
29217
29217
29217
29220
29222
29224
29228
29230
29230
29233
29236
29237
29240
29243
29247
29249
29253
29255
29257
29257
29258
29262
29263
29266
29267
29267
29269
29270
29273
29280
29280
29283
29284
29286
29298
29307
29311
29312
29314
29318
29321
29322
29323
29325
29326
29335
29338
29339
29346
29356
29363
29369
29373
29373
29374
29379
29383
29389
29396
29399
29400
29406
29410
29414
29421
29421
29424
29424
29427
29427
29429
29430
29436
29436
29437
29445
29446
29447
29448
29450
29456
29457
29462
29463
29465
29468
29468
29476
29478
29489
29490
29493
29500
29501
29501
29504
29516
29520
29522
29536
29537
29540
29542
29542
29547
29547
29550
29552
29553
29553
29555
29555
29558
29564
29565
29571
29575
29583
29587
29597
29606
29609
29611
29611
29614
29616
29618
29621
29621
29624
29629
29632
29637
29638
29642
29642
29642
29642
29652
29657
29659
29661
29662
29668
29671
29674
29677
29688
29698
29699
29699
29700
29703
29717
29720
29721
29722
29725
29736
29740
29742
29743
29749
29754
29758
29758
29766
29766
29769
29777
29780
29780
29781
29787
29787
29800
29800
29802
29804
29805
29806
29816
29823
29825
29832
29838
29847
29850
29852
29863
29865
29867
29868
29879
29882
29884
29893
29893
29896
29900
29901
29903
29907
29911
29913
29915
29917
29921
29924
29925
29929
29931
29931
29935
29939
29939
29946
29948
29951
29959
29962
29972
29978
29980
29988
29992
29996
29998
29998
30004
30007
30010
30010
30011
30019
30022
30023
30024
30032
30033
30034
30034
30037
30039
30040
30040
30054
30055
30062
30064
30066
30068
30069
30070
30071
30074
30076
30080
30080
30082
30084
30084
30085
30087
30093
30096
30096
30102
30103
30104
30107
30107
30112
30121
30128
30134
30139
30145
30147
30147
30152
30154
30156
30168
30168
30172
30174
30174
30175
30176
30179
30180
30184
30194
30202
30202
30203
30208
30208
30213
30214
30215
30216
30218
30231
30243
30245
30247
30256
30257
30261
30261
30262
30263
30264
30271
30272
30273
30278
30279
30280
30281
30282
30285
30294
30300
30300
30302
30307
30309
30311
30311
30313
30314
30315
30317
30325
30340
30343
30347
30348
30351
30351
30353
30355
30355
30358
30358
30362
30363
30367
30367
30370
30377
30384
30384
30389
30390
30391
30394
30395
30398
30401
30407
30410
30410
30413
30420
30421
30432
30433
30436
30447
30448
30459
30459
30465
30466
30467
30471
30476
30477
30480
30481
30482
30483
30490
30494
30502
30503
30504
30508
30510
30513
30514
30515
30519
30521
30529
30529
30531
30532
30532
30538
30539
30539
30541
30542
30550
30551
30555
30562
30563
30571
30578
30579
30583
30583
30590
30594
30595
30596
30608
30610
30612
30613
30623
30626
30627
30628
30633
30637
30644
30649
30650
30654
30655
30655
30658
30662
30663
30664
30668
30680
30681
30685
30687
30695
30697
30702
30702
30706
30710
30712
30714
30715
30723
30725
30730
30733
30734
30743
30745
30749
30753
30760
30760
30767
30777
30784
30785
30787
30788
30789
30791
30793
30807
30809
30816
30819
30826
30826
30828
30835
30836
30838
30838
30843
30845
30846
30846
30847
30849
30850
30850
30854
30855
30859
30860
30867
30867
30872
30873
30877
30881
30883
30884
30889
30892
30895
30902
30904
30906
30909
30911
30913
30913
30915
30918
30918
30919
30921
30923
30924
30924
30926
30927
30928
30929
30929
30930
30932
30934
30945
30946
30946
30951
30952
30952
30967
30973
30976
30977
30979
30980
30983
30984
30984
30984
30990
30991
30991
30992
30997
31002
31012
31014
31016
31018
31021
31029
31030
31030
31037
31040
31041
31042
31044
31045
31046
31053
31060
31061
31065
31069
31077
31082
31082
31085
31089
31104
31105
31111
31111
31118
31119
31120
31123
31124
31125
31137
31146
31148
31148
31149
31152
31153
31154
31157
31158
31158
31159
31159
31161
31170
31182
31193
31196
31199
31201
31204
31205
31208
31209
31210
31213
31216
31218
31222
31234
31242
31243
31245
31254
31258
31258
31259
31261
31263
31267
31268
31268
31272
31284
31284
31286
31290
31294
31296
31297
31299
31304
31313
31313
31321
31321
31323
31323
31323
31325
31330
31331
31336
31340
31343
31346
31349
31351
31354
31360
31366
31366
31370
31382
31388
31389
31390
31395
31399
31401
31403
31410
31415
31420
31421
31422
31423
31426
31426
31431
31436
31436
31438
31439
31441
31443
31445
31449
31449
31454
31455
31459
31460
31460
31466
31466
31469
31477
31498
31502
31503
31505
31509
31518
31522
31530
31531
31532
31533
31536
31541
31552
31552
31561
31561
31562
31568
31581
31584
31585
31588
31589
31592
31595
31597
31598
31599
31600
31602
31605
31606
31608
31610
31622
31635
31637
31638
31642
31642
31644
31645
31655
31657
31662
31664
31667
31674
31678
31686
31691
31692
31699
31702
31703
31708
31710
31711
31714
31715
31716
31718
31720
31721
31722
31731
31733
31740
31744
31747
31748
31750
31751
31755
31759
31760
31764
31764
31765
31765
31765
31765
31770
31771
31776
31779
31782
31786
31787
31788
31788
31790
31791
31794
31798
31798
31799
31800
31803
31804
31807
31809
31810
31818
31818
31820
31827
31829
31833
31835
31837
31839
31840
31854
31856
31870
31872
31875
31880
31887
31889
31892
31893
31898
31898
31902
31904
31905
31909
31913
31915
31921
31924
31925
31928
31929
31947
31959
31961
31962
31973
31978
31980
31981
31982
31982
31983
31984
31984
31985
31989
32017
32017
32018
32030
32031
32034
32036
32046
32055
32056
32058
32062
32064
32068
32072
32072
32080
32085
32091
32096
32096
32098
32101
32102
32105
32105
32106
32111
32111
32118
32122
32124
32127
32129
32131
32132
32139
32140
32140
32142
32142
32145
32159
32162
32162
32163
32163
32165
32171
32172
32173
32177
32184
32187
32191
32195
32195
32195
32195
32196
32196
32199
32200
32206
32210
32223
32225
32226
32226
32234
32236
32236
32240
32244
32247
32249
32264
32276
32277
32279
32282
32283
32292
32296
32302
32307
32308
32310
32312
32319
32321
32328
32328
32332
32332
32337
32340
32344
32346
32346
32348
32352
32354
32356
32358
32361
32362
32367
32368
32376
32376
32382
32388
32389
32393
32394
32396
32399
32404
32414
32419
32429
32433
32434
32445
32457
32457
32463
32467
32468
32474
32475
32478
32479
32486
32488
32490
32496
32501
32502
32503
32508
32516
32519
32523
32524
32527
32528
32529
32529
32531
32531
32535
32537
32539
32542
32543
32546
32548
32550
32550
32554
32555
32555
32559
32562
32580
32587
32587
32590
32597
32600
32608
32614
32616
32617
32619
32619
32619
32621
32622
32627
32631
32634
32634
32636
32638
32648
32650
32650
32652
32653
32654
32657
32664
32670
32670
32672
32673
32676
32683
32684
32684
32690
32695
32702
32703
32705
32706
32707
32717
32718
32719
32731
32732
32743
32745
32745
32749
32753
32763
