7
16
18
19
21
22
27
35
35
39
47
50
54
55
57
58
63
67
69
71
72
78
79
82
85
86
91
94
96
103
104
108
110
113
126
129
129
130
136
139
147
147
150
150
152
156
156
163
170
177
184
187
194
195
195
198
199
203
204
210
211
213
213
219
223
223
224
224
224
227
236
243
251
254
258
271
271
274
276
278
279
281
283
287
289
291
294
299
299
300
301
305
307
308
312
313
317
317
317
321
333
335
337
337
337
338
339
361
361
362
362
369
371
374
375
377
379
386
390
398
400
402
410
416
424
426
427
427
430
435
440
440
441
441
442
448
450
453
454
458
459
459
463
463
467
471
473
480
481
483
484
484
487
489
493
495
499
510
511
514
514
515
515
518
518
519
522
527
536
541
541
543
544
545
549
554
555
565
566
568
572
572
574
575
581
583
585
591
593
594
604
605
610
612
615
615
617
618
628
630
630
644
645
652
653
654
657
659
666
666
667
670
676
681
689
689
696
704
706
710
712
731
734
737
741
746
747
761
766
777
782
786
791
793
803
805
807
810
811
814
826
829
829
830
840
846
850
864
871
878
878
879
883
884
885
887
890
890
898
899
899
900
900
909
920
922
925
928
930
935
939
942
949
949
950
962
968
968
969
972
976
977
990
994
1005
1011
1012
1020
1025
1026
1028
1030
1033
1036
1037
1040
1040
1044
1045
1056
1058
1058
1061
1078
1090
1094
1095
1100
1101
1106
1108
1109
1109
1119
1121
1122
1127
1130
1136
1142
1153
1157
1162
1163
1166
1168
1173
1174
1178
1181
1190
1191
1194
1195
1197
1200
1202
1208
1211
1213
1214
1215
1216
1216
1219
1222
1224
1227
1227
1228
1231
1232
1239
1249
1250
1253
1255
1257
1261
1261
1265
1269
1278
1282
1287
1289
1290
1290
1291
1298
1300
1300
1311
1311
1316
1317
1321
1331
1346
1348
1352
1352
1359
1365
1366
1367
1369
1372
1372
1379
1390
1393
1400
1403
1405
1410
1421
1429
1433
1435
1439
1443
1453
1468
1471
1473
1476
1477
1479
1486
1487
1487
1499
1499
1506
1517
1520
1524
1537
1540
1542
1543
1545
1546
1559
1561
1576
1576
1578
1582
1585
1593
1596
1598
1603
1603
1604
1607
1610
1612
1613
1614
1616
1620
1620
1621
1623
1628
1630
1632
1649
1656
1657
1658
1663
1663
1664
1673
1677
1680
1681
1683
1687
1694
1701
1702
1704
1704
1705
1705
1706
1709
1710
1714
1719
1722
1722
1724
1730
1730
1733
1734
1738
1739
1740
1741
1742
1747
1747
1748
1750
1757
1758
1763
1764
1768
1771
1774
1781
1781
1786
1790
1796
1797
1802
1804
1805
1807
1810
1811
1812
1817
1819
1821
1824
1828
1829
1833
1835
1844
1854
1856
1858
1858
1863
1863
1864
1864
1868
1868
1872
1875
1877
1882
1887
1893
1902
1906
1907
1909
1909
1910
1912
1913
1913
1916
1926
1926
1940
1942
1948
1948
1952
1955
1956
1956
1956
1961
1964
1966
1971
1973
1975
1983
1986
1988
1988
1996
1998
2002
2004
2008
2008
2012
2019
2020
2026
2027
2030
2032
2037
2038
2044
2053
2062
2063
2070
2074
2074
2075
2078
2079
2082
2085
2090
2092
2093
2094
2095
2107
2110
2111
2113
2117
2117
2120
2122
2125
2133
2134
2136
2137
2140
2140
2142
2143
2150
2152
2157
2160
2163
2165
2167
2176
2180
2181
2181
2181
2188
2190
2191
2193
2198
2204
2204
2205
2207
2217
2217
2218
2219
2226
2229
2229
2235
2237
2244
2246
2246
2248
2251
2262
2263
2268
2273
2278
2283
2292
2292
2293
2300
2301
2303
2305
2306
2312
2312
2313
2315
2317
2317
2323
2327
2329
2331
2335
2335
2338
2345
2345
2347
2350
2353
2354
2356
2362
2365
2370
2371
2376
2380
2382
2382
2386
2392
2393
2394
2396
2400
2404
2406
2409
2419
2425
2430
2431
2440
2450
2451
2452
2454
2455
2455
2458
2460
2465
2468
2470
2470
2474
2481
2491
2494
2494
2500
2502
2511
2525
2532
2538
2539
2541
2541
2544
2545
2551
2554
2558
2561
2567
2571
2571
2571
2572
2574
2574
2577
2578
2583
2585
2591
2592
2597
2600
2600
2602
2606
2607
2609
2613
2616
2616
2617
2617
2628
2632
2634
2645
2645
2646
2647
2652
2657
2660
2667
2668
2670
2671
2672
2673
2675
2678
2680
2684
2686
2689
2694
2694
2696
2699
2699
2719
2722
2725
2725
2725
2727
2728
2728
2735
2740
2744
2748
2757
2764
2765
2767
2768
2769
2773
2778
2782
2783
2791
2793
2794
2795
2797
2799
2801
2809
2810
2812
2814
2818
2828
2840
2840
2845
2847
2851
2857
2857
2858
2861
2861
2864
2865
2867
2868
2871
2871
2872
2872
2874
2891
2891
2893
2897
2904
2906
2909
2910
2911
2912
2913
2913
2917
2920
2920
2924
2924
2930
2931
2932
2932
2934
2944
2948
2964
2967
2969
2978
2979
2980
2986
2993
2993
2993
2994
2996
2998
2999
3009
3015
3020
3021
3023
3026
3033
3033
3035
3037
3039
3039
3042
3043
3048
3048
3051
3057
3063
3064
3067
3072
3073
3074
3079
3085
3090
3093
3096
3096
3112
3115
3120
3120
3122
3125
3129
3130
3132
3133
3134
3137
3137
3148
3151
3153
3155
3160
3164
3173
3176
3183
3185
3186
3189
3189
3192
3193
3193
3196
3197
3199
3209
3215
3223
3229
3233
3243
3254
3254
3254
3254
3255
3258
3259
3261
3261
3270
3271
3283
3287
3287
3291
3292
3293
3297
3297
3298
3299
3300
3308
3312
3312
3316
3318
3325
3326
3326
3341
3344
3344
3345
3345
3345
3346
3348
3349
3362
3362
3365
3366
3375
3378
3381
3383
3384
3391
3399
3406
3409
3416
3419
3419
3420
3421
3421
3422
3425
3426
3426
3428
3437
3440
3444
3447
3449
3450
3452
3458
3460
3467
3472
3474
3474
3481
3483
3484
3484
3485
3489
3490
3491
3494
3494
3496
3496
3496
3497
3500
3500
3502
3504
3506
3507
3508
3508
3510
3521
3531
3533
3534
3535
3535
3540
3543
3545
3545
3552
3553
3554
3557
3559
3563
3564
3568
3569
3573
3574
3580
3581
3583
3584
3584
3584
3587
3591
3592
3599
3603
3606
3610
3611
3614
3614
3618
3618
3620
3620
3621
3633
3636
3638
3640
3640
3641
3642
3647
3654
3656
3665
3667
3667
3669
3674
3676
3678
3684
3693
3694
3694
3696
3699
3702
3703
3709
3711
3714
3714
3715
3722
3726
3728
3731
3732
3734
3734
3742
3752
3753
3762
3763
3768
3768
3772
3772
3778
3782
3784
3786
3787
3788
3788
3794
3799
3799
3800
3801
3802
3806
3808
3810
3811
3817
3820
3826
3833
3833
3834
3838
3851
3855
3860
3866
3866
3867
3868
3869
3869
3872
3873
3877
3881
3883
3884
3891
3895
3899
3907
3908
3921
3928
3930
3932
3932
3933
3941
3943
3943
3943
3944
3945
3947
3949
3955
3961
3962
3967
3974
3975
3978
3980
3987
3992
3993
3994
3995
3999
4002
4008
4008
4012
4012
4016
4018
4019
4025
4026
4029
4030
4030
4039
4042
4042
4048
4049
4049
4050
4058
4062
4063
4064
4064
4067
4074
4074
4076
4076
4085
4086
4090
4094
4097
4098
4103
4105
4115
4116
4118
4122
4123
4124
4128
4133
4135
4139
4148
4154
4157
4165
4167
4175
4178
4179
4186
4190
4196
4196
4201
4201
4205
4210
4211
4212
4213
4215
4223
4226
4232
4232
4235
4236
4242
4242
4245
4251
4259
4264
4272
4273
4273
4276
4278
4282
4285
4288
4289
4289
4301
4310
4311
4312
4314
4317
4318
4320
4322
4322
4324
4325
4328
4330
4341
4343
4356
4358
4360
4360
4366
4367
4382
4384
4391
4395
4397
4400
4401
4402
4404
4404
4407
4408
4414
4419
4421
4423
4424
4426
4426
4429
4437
4439
4441
4445
4450
4451
4458
4464
4465
4467
4469
4470
4470
4470
4476
4476
4478
4479
4486
4492
4495
4498
4499
4502
4506
4507
4510
4513
4517
4521
4533
4550
4551
4557
4559
4559
4565
4569
4576
4584
4584
4588
4591
4591
4591
4592
4597
4597
4601
4604
4605
4610
4611
4615
4620
4624
4625
4638
4642
4642
4644
4648
4650
4651
4654
4655
4661
4665
4667
4673
4677
4679
4683
4683
4684
4685
4686
4694
4695
4699
4707
4710
4715
4715
4718
4722
4722
4726
4726
4735
4738
4746
4748
4748
4749
4764
4769
4775
4776
4780
4780
4781
4782
4783
4785
4787
4788
4790
4790
4793
4794
4795
4795
4796
4800
4803
4803
4805
4811
4814
4817
4818
4824
4825
4841
4844
4845
4847
4851
4855
4855
4857
4858
4862
4863
4870
4871
4872
4874
4874
4878
4878
4879
4881
4885
4886
4887
4892
4893
4894
4910
4918
4922
4925
4925
4934
4937
4946
4956
4959
4966
4967
4971
4972
4974
4975
4975
4976
4978
4980
4983
4987
4988
4995
4996
4998
5000
5001
5006
5006
5014
5016
5027
5028
5029
5031
5033
5039
5042
5053
5055
5055
5058
5062
5064
5066
5067
5068
5071
5076
5084
5088
5100
5103
5111
5111
5112
5114
5115
5115
5116
5116
5117
5118
5122
5124
5125
5128
5130
5132
5139
5143
5145
5150
5151
5153
5155
5156
5160
5161
5162
5162
5167
5176
5181
5181
5184
5187
5188
5199
5203
5208
5208
5209
5210
5214
5216
5218
5222
5224
5227
5229
5231
5238
5240
5244
5248
5251
5252
5252
5253
5257
5261
5270
5273
5273
5276
5276
5277
5279
5282
5288
5292
5294
5296
5300
5306
5315
5316
5323
5325
5331
5332
5333
5334
5338
5340
5346
5349
5367
5367
5369
5373
5376
5377
5378
5379
5379
5384
5384
5386
5390
5394
5404
5412
5413
5414
5417
5420
5422
5425
5425
5426
5431
5439
5446
5447
5447
5448
5454
5455
5457
5461
5463
5465
5467
5468
5473
5479
5480
5483
5489
5491
5493
5500
5501
5512
5518
5519
5526
5530
5531
5531
5536
5537
5547
5550
5551
5553
5553
5554
5559
5560
5560
5564
5565
5566
5567
5569
5571
5572
5574
5577
5584
5592
5592
5593
5596
5597
5597
5601
5601
5602
5606
5611
5616
5621
5624
5627
5629
5633
5634
5635
5636
5641
5642
5643
5643
5645
5646
5651
5654
5655
5655
5656
5657
5657
5662
5663
5664
5679
5683
5686
5687
5689
5690
5692
5692
5692
5694
5695
5701
5703
5704
5704
5707
5707
5714
5717
5718
5721
5725
5729
5729
5731
5743
5750
5752
5753
5756
5759
5760
5764
5772
5775
5778
5779
5785
5788
5790
5791
5792
5797
5814
5816
5819
5820
5826
5828
5828
5830
5835
5842
5842
5845
5849
5854
5858
5860
5868
5872
5873
5878
5879
5882
5882
5883
5883
5885
5886
5887
5887
5892
5894
5895
5896
5898
5899
5899
5905
5905
5905
5906
5914
5916
5921
5924
5925
5929
5936
5938
5950
5951
5953
5960
5965
5965
5970
5971
5974
5976
5977
5981
5982
5984
5988
5991
5993
5994
5995
5996
6000
6001
6004
6010
6010
6011
6012
6012
6017
6020
6021
6023
6026
6027
6032
6032
6039
6048
6048
6050
6053
6061
6062
6063
6069
6073
6073
6082
6082
6085
6099
6111
6121
6123
6126
6144
6144
6151
6153
6157
6159
6166
6170
6177
6179
6185
6188
6194
6203
6205
6206
6207
6210
6216
6219
6237
6243
6245
6247
6248
6249
6250
6251
6251
6253
6254
6257
6263
6263
6264
6268
6269
6271
6273
6281
6282
6283
6284
6288
6288
6290
6292
6292
6296
6302
6307
6308
6309
6313
6317
6321
6325
6330
6332
6335
6342
6351
6353
6363
6367
6367
6368
6369
6371
6392
6395
6396
6399
6400
6400
6404
6410
6413
6417
6421
6422
6426
6426
6428
6432
6441
6450
6455
6456
6458
6458
6458
6460
6462
6463
6465
6466
6468
6469
6469
6474
6474
6478
6480
6481
6481
6482
6486
6489
6490
6492
6494
6497
6513
6515
6520
6524
6542
6547
6551
6552
6556
6559
6562
6565
6569
6569
6569
6572
6574
6580
6582
6583
6584
6587
6590
6592
6595
6596
6598
6602
6605
6609
6610
6611
6611
6612
6613
6613
6615
6626
6632
6641
6646
6647
6650
6655
6661
6662
6664
6666
6667
6676
6682
6686
6687
6687
6713
6717
6718
6721
6735
6741
6755
6759
6759
6761
6765
6771
6771
6772
6777
6778
6782
6782
6782
6783
6783
6784
6785
6787
6789
6790
6798
6798
6802
6803
6804
6805
6807
6809
6809
6812
6814
6819
6821
6821
6823
6825
6827
6827
6833
6834
6838
6840
6842
6844
6847
6849
6849
6849
6853
6855
6857
6869
6869
6870
6871
6872
6877
6882
6887
6894
6896
6897
6897
6901
6902
6908
6912
6913
6915
6915
6922
6923
6926
6930
6931
6936
6937
6939
6944
6947
6949
6950
6951
6952
6954
6957
6959
6959
6960
6964
6969
6970
6971
6974
6976
6980
6982
6988
6988
7000
7004
7006
7006
7010
7015
7023
7024
7036
7040
7051
7065
7073
7077
7080
7087
7089
7090
7094
7097
7100
7104
7109
7112
7114
7122
7124
7126
7130
7130
7142
7147
7152
7157
7158
7179
7180
7185
7192
7195
7197
7199
7200
7204
7207
7207
7210
7216
7219
7230
7237
7242
7243
7245
7248
7253
7258
7260
7266
7274
7284
7284
7285
7286
7287
7296
7300
7300
7302
7306
7310
7319
7320
7323
7329
7330
7336
7337
7341
7343
7346
7349
7354
7362
7370
7371
7372
7388
7388
7401
7405
7408
7412
7416
7424
7431
7435
7436
7436
7443
7446
7449
7453
7457
7466
7473
7476
7479
7486
7486
7486
7487
7489
7499
7499
7499
7506
7507
7510
7514
7515
7516
7518
7523
7529
7532
7533
7533
7534
7538
7541
7541
7543
7544
7547
7551
7555
7556
7558
7559
7559
7560
7560
7561
7562
7569
7570
7572
7572
7573
7577
7577
7579
7581
7587
7589
7596
7598
7600
7601
7606
7608
7609
7610
7617
7622
7626
7626
7627
7628
7632
7632
7647
7652
7671
7672
7674
7681
7684
7687
7688
7698
7703
7706
7707
7708
7708
7709
7717
7728
7728
7733
7734
7737
7742
7745
7746
7747
7747
7750
7751
7751
7752
7756
7765
7766
7768
7770
7773
7775
7777
7778
7779
7784
7784
7791
7792
7794
7798
7802
7805
7809
7811
7823
7826
7827
7831
7832
7836
7839
7846
7855
7856
7862
7871
7877
7879
7881
7881
7885
7891
7895
7896
7897
7898
7898
7910
7918
7923
7925
7939
7946
7947
7954
7955
7961
7966
7974
7981
7982
7985
7988
7989
7989
7992
7993
7996
7999
8012
8015
8020
8022
8022
8026
8028
8033
8034
8036
8042
8042
8051
8054
8056
8057
8064
8065
8070
8075
8077
8078
8080
8088
8093
8094
8105
8108
8111
8113
8122
8123
8135
8142
8145
8145
8152
8159
8160
8163
8164
8166
8175
8176
8177
8179
8180
8183
8184
8197
8198
8199
8200
8203
8204
8204
8204
8204
8207
8211
8213
8213
8217
8221
8226
8227
8228
8231
8232
8234
8235
8240
8249
8255
8261
8263
8266
8269
8270
8272
8274
8277
8278
8282
8286
8289
8292
8293
8313
8315
8318
8319
8329
8335
8336
8339
8340
8342
8345
8354
8354
8355
8365
8365
8366
8367
8373
8380
8382
8382
8382
8388
8388
8392
8397
8400
8401
8401
8404
8405
8408
8423
8424
8428
8435
8435
8442
8443
8448
8452
8453
8454
8458
8462
8464
8464
8467
8468
8470
8475
8476
8478
8479
8479
8480
8483
8484
8488
8498
8505
8509
8509
8514
8516
8524
8525
8526
8527
8532
8535
8543
8544
8546
8547
8556
8558
8558
8559
8559
8570
8573
8575
8575
8578
8585
8585
8592
8594
8596
8597
8598
8608
8615
8615
8618
8619
8628
8628
8629
8630
8636
8639
8639
8647
8649
8649
8650
8650
8651
8654
8654
8656
8658
8659
8661
8662
8665
8668
8671
8679
8683
8684
8694
8697
8700
8701
8707
8710
8710
8712
8718
8718
8718
8724
8725
8725
8729
8736
8736
8736
8738
8742
8745
8746
8747
8748
8751
8757
8759
8760
8761
8763
8774
8776
8779
8784
8784
8785
8790
8795
8796
8800
8800
8802
8802
8803
8804
8806
8809
8816
8819
8828
8830
8835
8841
8845
8846
8851
8853
8856
8857
8863
8865
8870
8874
8874
8874
8879
8880
8887
8894
8897
8903
8905
8908
8918
8919
8926
8927
8928
8928
8929
8930
8934
8934
8942
8945
8948
8948
8955
8958
8964
8966
8968
8973
8974
8975
8985
8996
9001
9007
9007
9010
9015
9020
9038
9039
9044
9051
9054
9071
9077
9079
9080
9086
9086
9090
9091
9093
9094
9096
9097
9101
9108
9108
9108
9109
9115
9115
9116
9117
9118
9123
9129
9139
9139
9140
9145
9146
9152
9157
9157
9158
9175
9175
9176
9176
9177
9180
9181
9184
9188
9192
9193
9193
9197
9206
9207
9208
9210
9216
9217
9219
9226
9227
9228
9233
9240
9241
9246
9257
9258
9261
9265
9269
9272
9273
9275
9279
9281
9284
9286
9287
9291
9297
9299
9305
9307
9314
9315
9316
9318
9322
9324
9324
9326
9329
9330
9331
9333
9334
9341
9343
9343
9347
9352
9355
9361
9362
9365
9365
9366
9368
9368
9369
9370
9375
9386
9388
9388
9390
9390
9397
9400
9403
9407
9410
9412
9414
9420
9428
9433
9434
9435
9435
9436
9441
9442
9443
9447
9449
9454
9461
9462
9464
9465
9466
9470
9474
9476
9477
9480
9482
9483
9485
9490
9496
9497
9498
9500
9508
9509
9511
9512
9523
9523
9532
9534
9535
9537
9538
9547
9549
9552
9555
9557
9562
9566
9570
9573
9578
9580
9582
9583
9587
9599
9606
9611
9628
9633
9634
9635
9642
9649
9657
9661
9661
9662
9664
9665
9666
9666
9670
9676
9678
9681
9682
9685
9687
9690
9692
9692
9693
9693
9698
9701
9701
9702
9708
9713
9713
9715
9718
9720
9720
9722
9725
9726
9733
9734
9735
9736
9736
9736
9740
9750
9752
9752
9754
9754
9760
9768
9770
9772
9774
9778
9782
9788
9793
9798
9804
9806
9814
9817
9823
9825
9834
9835
9841
9843
9845
9850
9852
9861
9861
9873
9874
9876
9876
9876
9878
9878
9881
9883
9891
9892
9894
9894
9899
9899
9907
9914
9915
9919
9925
9925
9926
9927
9930
9933
9942
9946
9947
9947
9949
9952
9954
9956
9956
9958
9961
9964
9965
9967
9967
9971
9975
9981
9984
9988
9991
10000
10003
10006
10009
10011
10014
10018
10019
10027
10028
10030
10030
10038
10038
10040
10048
10058
10061
10061
10065
10070
10070
10072
10074
10075
10077
10083
10084
10086
10087
10092
10093
10093
10096
10098
10101
10102
10103
10113
10113
10122
10123
10128
10141
10141
10150
10150
10156
10158
10168
10172
10173
10175
10179
10182
10201
10202
10205
10206
10206
10206
10207
10212
10217
10225
10240
10241
10248
10258
10261
10263
10263
10265
10265
10265
10266
10266
10269
10272
10278
10279
10284
10288
10288
10289
10293
10298
10300
10310
10313
10316
10322
10323
10331
10333
10333
10335
10346
10352
10363
10364
10366
10368
10374
10375
10378
10383
10384
10388
10392
10401
10403
10405
10408
10408
10410
10415
10415
10418
10421
10422
10434
10435
10436
10440
10447
10447
10448
10449
10450
10453
10467
10471
10472
10474
10476
10481
10483
10483
10489
10489
10490
10493
10494
10494
10496
10497
10499
10503
10504
10506
10507
10508
10511
10518
10523
10525
10526
10529
10530
10542
10542
10546
10547
10552
10555
10559
10560
10561
10563
10565
10571
10571
10575
10575
10580
10583
10584
10587
10589
10589
10590
10598
10604
10608
10609
10610
10610
10613
10615
10617
10621
10624
10626
10627
10630
10635
10639
10641
10642
10643
10647
10651
10656
10658
10664
10668
10672
10675
10681
10685
10692
10695
10696
10697
10699
10704
10711
10714
10715
10715
10724
10728
10729
10730
10732
10735
10736
10739
10741
10742
10742
10744
10753
10754
10761
10764
10764
10764
10766
10766
10770
10775
10781
10783
10784
10786
10789
10790
10793
10800
10802
10807
10808
10809
10812
10813
10813
10818
10823
10828
10828
10834
10844
10845
10851
10854
10854
10856
10860
10861
10864
10865
10871
10873
10885
10886
10886
10887
10889
10890
10892
10895
10907
10913
10919
10919
10921
10921
10927
10931
10937
10939
10948
10954
10960
10962
10966
10975
10977
10979
10984
10986
10992
10995
10995
11004
11010
11019
11020
11031
11034
11036
11037
11042
11044
11044
11046
11047
11047
11049
11054
11055
11057
11063
11064
11065
11068
11073
11074
11077
11085
11089
11090
11093
11093
11095
11102
11104
11115
11123
11126
11133
11140
11144
11153
11156
11159
11167
11170
11170
11171
11175
11177
11179
11182
11182
11189
11189
11191
11194
11202
11211
11212
11215
11218
11219
11219
11221
11222
11226
11227
11230
11233
11236
11239
11246
11250
11251
11251
11253
11256
11257
11261
11261
11262
11270
11272
11275
11275
11277
11277
11285
11300
11302
11303
11303
11305
11305
11308
11310
11311
11314
11315
11315
11319
11322
11323
11328
11330
11331
11331
11336
11337
11341
11344
11346
11349
11350
11350
11350
11352
11353
11355
11357
11360
11363
11366
11367
11367
11369
11371
11374
11376
11379
11380
11396
11399
11402
11403
11410
11411
11411
11416
11419
11420
11424
11426
11426
11430
11430
11432
11436
11438
11438
11441
11447
11456
11460
11461
11463
11468
11469
11470
11476
11477
11478
11483
11485
11487
11488
11488
11489
11489
11490
11497
11513
11513
11515
11517
11518
11521
11522
11522
11523
11529
11531
11531
11532
11533
11535
11542
11548
11551
11552
11556
11557
11564
11564
11569
11575
11577
11580
11589
11589
11597
11598
11599
11600
11604
11607
11612
11617
11621
11622
11626
11638
11647
11652
11660
11662
11666
11671
11671
11673
11674
11674
11680
11683
11685
11685
11687
11689
11689
11689
11689
11690
11695
11696
11707
11709
11709
11709
11713
11713
11717
11719
11720
11720
11723
11725
11729
11729
11732
11732
11734
11734
11735
11736
11740
11743
11743
11745
11745
11746
11750
11756
11757
11758
11759
11762
11766
11773
11776
11781
11785
11790
11807
11810
11811
11817
11819
11826
11827
11830
11831
11833
11834
11836
11836
11837
11838
11852
11854
11855
11861
11866
11869
11871
11872
11873
11873
11883
11884
11887
11888
11893
11896
11897
11902
11904
11904
11905
11909
11912
11921
11930
11931
11932
11935
11935
11936
11945
11961
11965
11973
11974
11979
11985
11990
11990
11993
11997
12017
12019
12022
12025
12028
12030
12034
12040
12042
12044
12046
12048
12049
12051
12053
12062
12070
12070
12072
12074
12074
12076
12077
12079
12079
12079
12083
12094
12096
12096
12101
12110
12112
12115
12117
12119
12120
12123
12126
12142
12144
12149
12152
12161
12163
12163
12164
12167
12169
12172
12175
12179
12181
12188
12188
12189
12193
12198
12203
12204
12206
12206
12207
12208
12209
12209
12213
12215
12216
12216
12225
12226
12228
12239
12239
12240
12241
12243
12245
12247
12251
12253
12254
12254
12260
12267
12268
12270
12277
12277
12277
12280
12284
12284
12289
12303
12306
12316
12318
12320
12321
12334
12339
12339
12341
12342
12346
12350
12355
12357
12359
12359
12361
12363
12366
12366
12368
12371
12373
12374
12374
12376
12376
12379
12379
12382
12384
12386
12390
12393
12393
12413
12413
12425
12428
12430
12432
12435
12438
12442
12443
12445
12446
12448
12448
12452
12454
12456
12458
12465
12466
12469
12473
12474
12475
12495
12497
12501
12505
12508
12510
12511
12519
12524
12525
12525
12526
12528
12535
12535
12536
12538
12549
12553
12555
12556
12558
12561
12565
12568
12572
12573
12583
12588
12592
12593
12595
12598
12599
12599
12604
12606
12611
12611
12611
12613
12618
12618
12629
12638
12638
12642
12649
12657
12663
12665
12667
12668
12668
12668
12672
12672
12676
12677
12681
12681
12682
12682
12685
12688
12688
12693
12695
12696
12696
12697
12699
12712
12715
12717
12722
12723
12724
12727
12737
12739
12739
12740
12742
12747
12752
12754
12764
12764
12771
12772
12784
12786
12786
12790
12790
12794
12798
12808
12810
12811
12811
12812
12816
12819
12820
12826
12834
12834
12834
12838
12839
12840
12841
12844
12845
12846
12852
12856
12858
12860
12873
12875
12880
12880
12881
12889
12892
12894
12896
12899
12904
12906
12907
12911
12913
12914
12915
12916
12924
12926
12929
12931
12932
12933
12941
12941
12945
12946
12954
12957
12962
12966
12967
12972
12983
12985
12992
12997
13006
13007
13010
13015
13017
13022
13027
13027
13033
13033
13034
13037
13041
13041
13043
13045
13046
13047
13053
13053
13055
13058
13061
13062
13062
13063
13070
13078
13081
13081
13083
13085
13088
13091
13091
13094
13108
13112
13118
13119
13120
13122
13123
13128
13139
13144
13152
13159
13163
13163
13177
13179
13179
13181
13183
13185
13189
13203
13206
13209
13211
13216
13221
13222
13230
13234
13235
13244
13247
13255
13268
13270
13271
13272
13274
13278
13283
13283
13284
13287
13291
13295
13300
13306
13314
13314
13318
13324
13324
13329
13330
13332
13333
13344
13350
13352
13359
13363
13365
13368
13372
13377
13378
13382
13382
13395
13398
13401
13408
13414
13416
13418
13434
13441
13446
13448
13449
13449
13451
13454
13454
13454
13466
13468
13473
13474
13477
13480
13480
13484
13485
13487
13490
13504
13507
13513
13515
13518
13532
13542
13544
13545
13546
13548
13549
13554
13555
13571
13574
13575
13584
13596
13596
13597
13602
13612
13616
13621
13626
13629
13630
13634
13637
13637
13639
13641
13645
13653
13656
13662
13663
13663
13666
13667
13667
13670
13678
13678
13681
13682
13686
13692
13694
13696
13698
13701
13702
13702
13704
13707
13713
13717
13719
13725
13729
13736
13737
13739
13741
13753
13755
13760
13760
13763
13766
13784
13792
13793
13794
13795
13797
13799
13804
13809
13809
13816
13821
13822
13823
13823
13827
13839
13853
13853
13859
13860
13862
13867
13868
13875
13880
13883
13885
13886
13889
13890
13896
13897
13897
13899
13900
13903
13904
13905
13905
13907
13907
13913
13916
13920
13921
13927
13947
13953
13954
13955
13964
13978
13984
13985
13988
13996
13997
14003
14005
14008
14011
14013
14013
14014
14019
14022
14025
14028
14031
14033
14035
14041
14044
14045
14050
14050
14053
14059
14063
14068
14071
14071
14076
14078
14078
14087
14088
14089
14092
14095
14095
14100
14101
14110
14111
14112
14120
14123
14123
14125
14126
14132
14137
14137
14145
14145
14147
14151
14155
14163
14164
14175
14176
14185
14190
14193
14193
14194
14200
14205
14209
14213
14214
14216
14217
14224
14224
14225
14229
14232
14233
14244
14246
14246
14249
14253
14258
14262
14265
14267
14272
14279
14280
14283
14284
14294
14294
14298
14299
14302
14303
14303
14303
14311
14311
14315
14318
14320
14320
14324
14329
14336
14338
14342
14353
14354
14357
14362
14371
14387
14389
14390
14391
14392
14393
14394
14395
14398
14399
14404
14404
14404
14407
14407
14407
14408
14416
14419
14429
14431
14437
14447
14453
14455
14466
14468
14474
14481
14481
14482
14483
14486
14495
14496
14497
14497
14501
14502
14504
14504
14508
14508
14509
14509
14517
14518
14522
14524
14526
14526
14527
14543
14543
14545
14552
14553
14557
14562
14570
14570
14571
14574
14577
14580
14585
14586
14588
14594
14596
14598
14598
14602
14606
14607
14607
14609
14611
14616
14616
14618
14621
14627
14637
14639
14643
14646
14647
14648
14649
14650
14652
14652
14661
14669
14670
14678
14688
14689
14689
14696
14699
14702
14707
14711
14711
14712
14712
14714
14718
14730
14737
14742
14748
14749
14754
14755
14757
14761
14765
14770
14771
14774
14774
14779
14779
14779
14788
14790
14790
14792
14794
14795
14796
14804
14804
14809
14817
14820
14820
14826
14829
14831
14832
14834
14834
14842
14851
14854
14868
14869
14872
14875
14876
14881
14884
14886
14887
14888
14888
14889
14892
14896
14896
14898
14899
14900
14901
14907
14908
14909
14909
14909
14913
14913
14914
14921
14923
14924
14938
14941
14944
14946
14948
14952
14957
14961
14962
14964
14965
14966
14970
14974
14976
14977
14977
14981
14982
14984
14984
14988
14989
14992
14994
15002
15003
15005
15006
15009
15010
15023
15024
15036
15039
15042
15043
15043
15045
15051
15053
15061
15064
15068
15070
15072
15076
15077
15091
15092
15093
15097
15101
15103
15103
15105
15107
15110
15111
15119
15120
15121
15124
15126
15128
15132
15133
15133
15135
15137
15145
15146
15148
15152
15152
15159
15162
15171
15174
15174
15175
15179
15182
15186
15196
15201
15201
15208
15215
15215
15216
15222
15224
15226
15226
15230
15235
15239
15241
15242
15247
15252
15254
15263
15266
15274
15281
15282
15284
15285
15290
15291
15296
15297
15299
15300
15302
15303
15307
15310
15313
15322
15322
15325
15326
15326
15330
15331
15332
15335
15342
15343
15353
15358
15358
15360
15367
15370
15371
15376
15381
15383
15384
15388
15390
15392
15394
15398
15399
15399
15400
15401
15402
15403
15412
15413
15413
15425
15430
15431
15435
15435
15437
15446
15448
15452
15453
15457
15459
15476
15478
15482
15483
15489
15494
15500
15507
15509
15513
15515
15516
15517
15522
15523
15524
15529
15538
15540
15544
15550
15551
15560
15562
15563
15569
15569
15573
15578
15581
15583
15587
15587
15588
15589
15590
15591
15592
15596
15597
15598
15602
15609
15611
15614
15615
15615
15616
15619
15628
15639
15640
15642
15646
15648
15655
15656
15660
15660
15666
15666
15672
15673
15673
15676
15680
15683
15686
15688
15690
15690
15695
15696
15699
15700
15702
15705
15707
15713
15715
15719
15722
15728
15728
15729
15729
15730
15733
15734
15737
15743
15744
15745
15752
15763
15766
15773
15776
15779
15782
15786
15790
15792
15796
15801
15814
15820
15821
15827
15838
15838
15840
15840
15841
15841
15842
15847
15849
15850
15852
15854
15859
15869
15874
15876
15876
15878
15881
15881
15884
15889
15890
15892
15894
15910
15912
15914
15921
15923
15933
15933
15937
15938
15946
15947
15948
15956
15959
15965
15967
15972
15972
15977
15979
15981
15985
15985
15986
15987
16000
16000
16000
16006
16010
16011
16016
16017
16019
16019
16024
16026
16036
16037
16040
16043
16044
16047
16049
16056
16057
16060
16061
16063
16064
16067
16068
16070
16076
16078
16079
16080
16081
16088
16089
16091
16091
16093
16098
16099
16100
16100
16100
16104
16105
16106
16110
16113
16113
16115
16128
16130
16131
16131
16132
16132
16135
16136
16143
16143
16145
16146
16153
16154
16159
16163
16164
16166
16166
16167
16175
16181
16181
16183
16187
16188
16189
16194
16194
16196
16196
16205
16206
16208
16209
16216
16218
16221
16221
16221
16223
16225
16228
16229
16237
16245
16246
16249
16249
16251
16255
16259
16271
16274
16276
16277
16287
16288
16289
16294
16300
16300
16302
16319
16323
16325
16327
16327
16335
16343
16347
16350
16353
16365
16367
16368
16370
16373
16380
16381
16383
16387
16387
16391
16391
16399
16400
16401
16409
16415
16417
16422
16428
16430
16431
16431
16431
16437
16440
16441
16446
16448
16456
16456
16459
16461
16462
16464
16467
16474
16485
16487
16487
16491
16497
16499
16504
16505
16507
16507
16507
16510
16518
16518
16522
16527
16538
16542
16549
16551
16553
16556
16556
16557
16558
16560
16563
16568
16571
16573
16583
16584
16587
16589
16594
16595
16595
16596
16600
16601
16605
16608
16608
16610
16615
16615
16617
16619
16621
16636
16643
16644
16645
16646
16648
16651
16653
16654
16655
16658
16660
16661
16663
16666
16668
16669
16671
16672
16677
16678
16680
16681
16681
16691
16697
16705
16714
16718
16718
16718
16720
16721
16722
16728
16731
16732
16734
16742
16748
16749
16756
16764
16769
16772
16786
16788
16791
16791
16797
16797
16800
16802
16807
16815
16821
16823
16826
16829
16835
16835
16847
16849
16859
16863
16863
16865
16866
16868
16869
16872
16876
16880
16882
16885
16887
16891
16896
16899
16901
16902
16905
16905
16909
16911
16917
16919
16926
16927
16928
16929
16935
16936
16939
16943
16958
16962
16964
16969
16970
16970
16972
16976
16976
16984
16997
16998
16999
17014
17017
17021
17022
17022
17024
17027
17028
17030
17032
17034
17036
17039
17042
17042
17052
17058
17068
17076
17080
17082
17086
17087
17089
17092
17094
17094
17102
17104
17105
17111
17112
17125
17127
17133
17135
17135
17136
17137
17146
17146
17147
17147
17151
17152
17154
17155
17156
17157
17160
17160
17167
17171
17174
17174
17184
17188
17190
17196
17196
17197
17204
17206
17208
17211
17220
17226
17242
17247
17250
17251
17254
17256
17267
17268
17270
17274
17275
17277
17278
17278
17280
17281
17282
17286
17291
17291
17293
17295
17300
17300
17301
17302
17303
17304
17304
17309
17310
17314
17315
17316
17317
17320
17321
17326
17334
17342
17343
17345
17347
17348
17348
17352
17354
17359
17361
17365
17366
17368
17368
17369
17370
17372
17374
17376
17376
17388
17390
17400
17403
17405
17411
17418
17420
17420
17422
17424
17426
17427
17430
17432
17433
17434
17435
17436
17441
17445
17455
17456
17458
17464
17467
17475
17478
17480
17487
17491
17491
17494
17495
17498
17499
17500
17500
17500
17502
17502
17503
17504
17505
17506
17511
17511
17512
17512
17518
17519
17520
17521
17521
17529
17534
17535
17536
17539
17547
17552
17554
17561
17561
17564
17571
17573
17573
17574
17580
17584
17584
17585
17588
17594
17595
17597
17597
17602
17603
17603
17606
17619
17619
17620
17620
17621
17630
17631
17634
17639
17641
17643
17647
17653
17653
17654
17656
17656
17658
17659
17663
17668
17676
17683
17684
17687
17692
17694
17704
17704
17707
17709
17710
17711
17718
17720
17722
17725
17725
17726
17731
17737
17739
17742
17742
17747
17748
17749
17757
17761
17765
17767
17775
17777
17780
17785
17785
17787
17787
17790
17791
17792
17793
17800
17804
17807
17807
17809
17809
17810
17810
17810
17811
17814
17822
17823
17829
17832
17840
17840
17840
17843
17847
17848
17849
17853
17861
17863
17868
17869
17880
17884
17884
17885
17886
17886
17890
17892
17894
17901
17902
17905
17905
17912
17915
17915
17927
17927
17934
17935
17941
17942
17943
17945
17946
17950
17953
17954
17956
17959
17959
17960
17963
17966
17968
17972
17976
17977
17978
17985
17995
17996
18000
18007
18010
18020
18022
18025
18030
18030
18031
18037
18038
18038
18042
18054
18062
18063
18075
18076
18082
18089
18090
18098
18104
18113
18114
18116
18117
18117
18121
18123
18123
18125
18130
18132
18133
18136
18137
18142
18143
18146
18147
18151
18153
18153
18158
18161
18164
18165
18168
18179
18182
18184
18185
18188
18193
18199
18203
18211
18212
18212
18212
18219
18221
18229
18231
18232
18233
18235
18240
18240
18241
18244
18244
18245
18250
18252
18255
18257
18259
18260
18268
18270
18271
18272
18278
18278
18283
18286
18288
18291
18291
18292
18299
18306
18309
18313
18316
18318
18320
18325
18328
18328
18329
18330
18331
18335
18337
18340
18341
18343
18353
18354
18355
18359
18369
18369
18371
18378
18378
18379
18386
18393
18396
18416
18417
18420
18421
18423
18427
18437
18444
18445
18446
18447
18447
18448
18450
18452
18456
18457
18460
18461
18461
18462
18463
18468
18470
18475
18476
18478
18481
18489
18490
18491
18491
18495
18497
18499
18499
18500
18508
18508
18511
18512
18515
18522
18523
18526
18538
18541
18542
18550
18552
18556
18557
18557
18559
18562
18564
18565
18567
18567
18578
18579
18583
18585
18587
18588
18589
18589
18595
18596
18600
18602
18603
18606
18608
18609
18610
18610
18612
18614
18617
18620
18625
18631
18633
18636
18637
18645
18648
18648
18649
18651
18651
18652
18652
18653
18656
18657
18662
18668
18672
18675
18675
18676
18676
18678
18681
18684
18685
18691
18692
18694
18698
18704
18704
18704
18705
18713
18713
18716
18729
18729
18731
18735
18742
18748
18758
18765
18765
18768
18770
18771
18772
18781
18781
18788
18788
18791
18794
18794
18801
18805
18806
18807
18809
18814
18820
18822
18825
18827
18829
18840
18842
18845
18852
18853
18853
18856
18857
18877
18879
18880
18881
18885
18889
18891
18892
18892
18896
18897
18898
18899
18901
18903
18903
18905
18927
18933
18940
18940
18952
18952
18953
18960
18962
18968
18971
18974
18978
18979
18979
18981
18982
18986
18986
18988
18990
18993
18997
18997
19000
19005
19005
19006
19012
19017
19020
19023
19024
19024
19024
19029
19034
19040
19043
19043
19044
19052
19054
19063
19068
19071
19074
19074
19075
19079
19081
19084
19085
19091
19093
19095
19096
19100
19103
19103
19104
19106
19106
19107
19112
19113
19125
19126
19136
19140
19144
19145
19147
19150
19152
19152
19153
19156
19156
19158
19159
19160
19171
19172
19173
19174
19175
19176
19181
19181
19194
19199
19201
19204
19219
19222
19228
19235
19242
19251
19253
19254
19254
19257
19266
19269
19270
19278
19285
19286
19295
19296
19301
19302
19305
19307
19308
19312
19318
19324
19327
19328
19339
19343
19345
19347
19355
19357
19359
19361
19362
19363
19366
19370
19375
19377
19378
19381
19384
19386
19390
19390
19391
19395
19398
19403
19405
19412
19412
19414
19414
19416
19420
19422
19422
19422
19428
19429
19432
19437
19451
19455
19467
19472
19473
19476
19476
19478
19479
19481
19484
19485
19490
19493
19498
19498
19500
19500
19511
19511
19512
19512
19513
19516
19517
19521
19524
19527
19528
19538
19541
19544
19545
19545
19546
19553
19554
19563
19577
19578
19579
19581
19585
19586
19593
19594
19602
19604
19604
19609
19610
19611
19619
19627
19628
19634
19635
19641
19641
19643
19644
19647
19648
19649
19651
19653
19661
19663
19666
19666
19668
19669
19670
19673
19674
19675
19685
19686
19695
19698
19706
19706
19707
19710
19711
19714
19717
19719
19721
19736
19745
19756
19758
19774
19775
19777
19784
19787
19792
19803
19805
19806
19807
19811
19811
19820
19825
19825
19831
19833
19834
19837
19837
19838
19851
19855
19857
19861
19864
19864
19864
19865
19867
19871
19872
19882
19901
19902
19903
19904
19909
19912
19916
19917
19925
19928
19933
19934
19941
19947
19948
19951
19955
19955
19957
19961
19964
19964
19964
19966
19973
19979
19986
19988
19988
19995
19996
20007
20010
20011
20012
20018
20020
20023
20023
20026
20027
20027
20032
20038
20040
20044
20051
20051
20057
20060
20061
20062
20063
20069
20070
20077
20078
20079
20080
20083
20083
20088
20092
20107
20108
20109
20112
20114
20132
20136
20137
20141
20146
20150
20150
20154
20156
20156
20156
20158
20165
20166
20167
20171
20173
20176
20180
20181
20184
20187
20187
20187
20189
20205
20208
20214
20215
20216
20218
20219
20225
20230
20231
20233
20237
20238
20242
20253
20254
20255
20256
20256
20256
20261
20262
20262
20262
20264
20264
20267
20273
20274
20282
20285
20291
20294
20311
20313
20314
20321
20325
20327
20329
20332
20337
20342
20344
20346
20359
20360
20362
20362
20364
20373
20376
20379
20379
20380
20384
20386
20389
20389
20390
20390
20392
20394
20394
20396
20397
20397
20399
20401
20401
20404
20404
20406
20408
20409
20418
20422
20425
20429
20432
20436
20438
20440
20442
20444
20446
20449
20450
20453
20454
20456
20458
20460
20461
20462
20465
20468
20470
20475
20476
20476
20476
20479
20480
20483
20486
20486
20487
20487
20487
20487
20489
20491
20492
20494
20495
20499
20499
20500
20501
20510
20511
20522
20527
20528
20532
20534
20534
20534
20535
20538
20538
20554
20557
20559
20561
20562
20562
20563
20563
20566
20578
20579
20580
20583
20585
20587
20587
20587
20588
20593
20597
20598
20601
20605
20612
20624
20624
20627
20629
20642
20652
20656
20662
20667
20668
20670
20671
20673
20681
20682
20685
20685
20688
20690
20695
20696
20696
20702
20707
20712
20720
20726
20737
20739
20740
20743
20755
20761
20762
20765
20768
20773
20776
20791
20795
20796
20803
20810
20816
20829
20838
20845
20849
20851
20858
20861
20863
20867
20881
20882
20887
20888
20890
20890
20891
20895
20897
20901
20903
20904
20905
20909
20918
20918
20919
20924
20933
20935
20936
20939
20942
20942
20944
20945
20946
20948
20952
20953
20954
20959
20964
20965
20965
20971
20978
20981
20984
20985
20992
20995
21000
21001
21005
21005
21008
21011
21014
21019
21028
21032
21032
21036
21036
21038
21044
21044
21048
21048
21050
21052
21056
21056
21058
21061
21063
21073
21074
21074
21076
21077
21077
21078
21083
21083
21083
21084
21087
21099
21099
21101
21103
21106
21107
21108
21111
21112
21115
21118
21130
21130
21133
21134
21138
21141
21144
21146
21148
21151
21152
21157
21164
21168
21172
21177
21177
21180
21181
21184
21188
21197
21197
21200
21200
21203
21204
21207
21208
21212
21214
21216
21220
21221
21226
21227
21229
21240
21241
21244
21245
21247
21249
21251
21253
21255
21257
21259
21259
21261
21266
21272
21274
21274
21279
21282
21284
21288
21295
21311
21312
21312
21319
21319
21319
21330
21339
21341
21342
21343
21344
21345
21347
21348
21352
21358
21360
21363
21365
21376
21377
21388
21391
21393
21394
21397
21398
21399
21400
21401
21402
21404
21409
21412
21413
21413
21424
21429
21431
21431
21433
21437
21440
21441
21443
21450
21451
21452
21453
21458
21459
21467
21469
21474
21480
21484
21485
21487
21489
21491
21492
21503
21503
21506
21514
21515
21517
21520
21522
21529
21529
21536
21543
21553
21558
21559
21561
21565
21565
21567
21571
21571
21572
21573
21573
21574
21579
21585
21588
21588
21591
21594
21596
21602
21603
21605
21607
21608
21610
21615
21617
21618
21620
21624
21628
21629
21636
21639
21641
21647
21647
21652
21654
21667
21669
21681
21686
21687
21696
21696
21702
21702
21704
21706
21708
21710
21712
21714
21723
21724
21727
21732
21733
21734
21741
21741
21745
21746
21747
21756
21760
21785
21791
21794
21796
21798
21804
21807
21808
21812
21813
21813
21814
21817
21823
21823
21824
21827
21833
21835
21836
21839
21841
21841
21842
21844
21845
21848
21850
21851
21854
21855
21858
21859
21859
21865
21868
21869
21870
21874
21882
21882
21886
21889
21890
21894
21896
21896
21897
21899
21900
21900
21903
21914
21917
21924
21925
21925
21926
21928
21934
21935
21935
21939
21940
21944
21946
21948
21956
21956
21959
21962
21981
21981
21984
21993
21993
21994
21998
21999
22004
22015
22020
22023
22023
22024
22032
22034
22034
22038
22048
22051
22052
22058
22061
22064
22064
22070
22071
22072
22075
22076
22077
22078
22080
22080
22081
22084
22086
22088
22091
22098
22098
22098
22100
22100
22113
22114
22120
22123
22124
22125
22127
22128
22131
22134
22134
22139
22141
22144
22151
22160
22161
22164
22165
22165
22169
22175
22178
22182
22183
22184
22188
22189
22190
22196
22200
22203
22205
22208
22211
22213
22213
22215
22221
22230
22230
22236
22240
22242
22242
22242
22243
22246
22252
22253
22257
22257
22258
22260
22262
22270
22271
22272
22275
22275
22281
22286
22287
22288
22290
22301
22305
22308
22309
22309
22309
22312
22313
22320
22324
22326
22331
22333
22334
22335
22340
22346
22357
22360
22361
22362
22363
22368
22374
22376
22377
22386
22387
22388
22393
22403
22406
22406
22408
22409
22414
22425
22425
22426
22427
22433
22435
22435
22435
22444
22445
22447
22448
22451
22458
22461
22463
22465
22467
22473
22478
22479
22488
22491
22492
22492
22495
22506
22520
22521
22523
22523
22527
22529
22531
22532
22536
22540
22541
22542
22544
22545
22546
22549
22550
22551
22553
22557
22568
22568
22572
22578
22579
22580
22581
22583
22585
22587
22591
22594
22595
22602
22602
22605
22607
22608
22608
22611
22614
22615
22617
22621
22623
22631
22642
22647
22652
22654
22658
22662
22664
22668
22668
22674
22674
22676
22676
22679
22695
22697
22702
22706
22706
22709
22713
22714
22721
22726
22737
22740
22746
22747
22748
22748
22751
22754
22756
22765
22765
22770
22780
22780
22783
22783
22786
22788
22789
22793
22796
22796
22797
22804
22804
22806
22806
22807
22811
22813
22814
22816
22823
22824
22828
22829
22829
22830
22834
22837
22837
22838
22840
22841
22841
22845
22850
22852
22854
22856
22856
22860
22869
22873
22877
22883
22888
22892
22894
22895
22898
22899
22899
22900
22904
22905
22905
22906
22909
22909
22913
22919
22927
22927
22928
22929
22935
22935
22938
22946
22948
22950
22952
22957
22965
22966
22973
22974
22974
22975
22975
22980
22981
22982
22985
22988
22995
23003
23004
23006
23009
23014
23017
23019
23023
23023
23024
23026
23028
23030
23042
23043
23044
23045
23045
23047
23054
23054
23055
23059
23059
23060
23061
23065
23071
23071
23075
23076
23077
23078
23079
23080
23081
23088
23090
23098
23099
23107
23110
23111
23115
23116
23117
23118
23120
23122
23122
23123
23125
23127
23128
23130
23136
23137
23144
23153
23153
23168
23170
23171
23175
23185
23190
23199
23211
23215
23215
23218
23221
23222
23225
23227
23232
23235
23240
23247
23262
23265
23271
23275
23277
23287
23300
23305
23310
23312
23315
23317
23324
23333
23334
23341
23345
23347
23348
23348
23351
23351
23357
23362
23372
23375
23377
23378
23379
23385
23387
23388
23388
23390
23397
23397
23401
23407
23415
23417
23424
23428
23433
23434
23436
23445
23447
23458
23459
23459
23469
23471
23471
23472
23479
23488
23489
23489
23489
23492
23492
23498
23499
23505
23506
23507
23510
23510
23515
23516
23522
23525
23525
23539
23549
23554
23557
23560
23566
23568
23571
23574
23578
23579
23587
23590
23594
23600
23603
23604
23604
23607
23607
23608
23609
23618
23622
23624
23631
23632
23632
23640
23643
23653
23654
23656
23658
23663
23665
23671
23673
23684
23688
23689
23689
23692
23692
23699
23702
23704
23705
23707
23708
23708
23710
23716
23717
23717
23718
23718
23726
23729
23734
23746
23750
23752
23752
23752
23759
23762
23762
23766
23767
23768
23777
23781
23790
23792
23797
23798
23799
23804
23808
23811
23811
23812
23820
23826
23827
23830
23836
23846
23847
23855
23859
23860
23865
23874
23877
23880
23882
23884
23888
23888
23890
23892
23897
23897
23900
23902
23902
23906
23907
23913
23914
23921
23924
23927
23930
23932
23933
23935
23939
23955
23955
23958
23962
23963
23964
23966
23968
23972
23974
23977
23980
23984
23986
23987
23988
23989
24009
24012
24023
24024
24035
24037
24040
24040
24041
24041
24043
24044
24045
24049
24057
24063
24063
24064
24064
24066
24067
24068
24086
24089
24092
24094
24103
24107
24109
24118
24125
24131
24132
24136
24147
24148
24156
24166
24177
24181
24182
24183
24188
24190
24202
24207
24213
24227
24231
24233
24233
24236
24240
24241
24244
24246
24248
24252
24255
24258
24262
24267
24270
24275
24277
24278
24284
24287
24289
24299
24304
24308
24309
24320
24323
24324
24324
24327
24327
24327
24328
24328
24333
24333
24336
24337
24337
24337
24340
24342
24342
24345
24354
24359
24360
24366
24373
24374
24375
24376
24377
24382
24386
24387
24387
24393
24394
24395
24396
24400
24413
24419
24419
24420
24423
24425
24431
24435
24436
24446
24460
24464
24472
24472
24474
24477
24477
24477
24480
24481
24492
24515
24517
24521
24522
24526
24527
24529
24531
24535
24537
24539
24541
24542
24552
24554
24561
24562
24562
24569
24573
24577
24580
24582
24583
24591
24601
24604
24607
24608
24616
24619
24620
24626
24628
24630
24630
24632
24639
24647
24647
24650
24659
24668
24670
24670
24676
24679
24680
24683
24689
24697
24698
24702
24709
24711
24714
24715
24720
24723
24724
24725
24727
24730
24740
24740
24750
24754
24755
24758
24761
24772
24774
24783
24783
24785
24789
24790
24790
24796
24800
24804
24810
24811
24814
24822
24825
24827
24832
24834
24837
24839
24841
24842
24851
24855
24857
24860
24870
24875
24894
24895
24903
24905
24905
24911
24913
24916
24918
24922
24923
24928
24933
24936
24939
24942
24944
24945
24947
24950
24954
24954
24954
24954
24959
24965
24966
24966
24967
24968
24971
24974
24977
24979
24982
24983
24984
24993
24994
24997
24999
25001
25007
25008
25008
25010
25011
25016
25024
25038
25052
25052
25057
25058
25059
25063
25068
25069
25072
25075
25078
25083
25089
25092
25096
25109
25109
25111
25111
25113
25113
25117
25123
25126
25130
25131
25132
25134
25135
25137
25139
25147
25157
25160
25160
25161
25164
25169
25187
25191
25195
25195
25196
25198
25199
25208
25219
25226
25231
25232
25240
25240
25247
25252
25263
25267
25271
25277
25278
25280
25283
25284
25289
25297
25298
25299
25299
25300
25301
25302
25309
25311
25318
25320
25323
25326
25327
25334
25339
25347
25349
25355
25359
25377
25380
25380
25389
25394
25395
25396
25398
25399
25402
25409
25411
25411
25416
25419
25419
25426
25428
25432
25433
25436
25438
25442
25445
25447
25450
25462
25468
25469
25471
25472
25475
25476
25476
25477
25478
25479
25479
25481
25484
25491
25492
25493
25512
25513
25514
25518
25518
25523
25523
25525
25528
25529
25530
25538
25538
25539
25542
25553
25564
25564
25564
25566
25569
25572
25579
25596
25601
25613
25621
25624
25626
25626
25627
25628
25630
25633
25635
25636
25636
25639
25640
25646
25652
25653
25656
25661
25663
25663
25667
25669
25674
25680
25682
25684
25686
25689
25690
25695
25696
25698
25700
25701
25702
25710
25712
25715
25720
25721
25730
25732
25733
25737
25738
25742
25744
25744
25748
25751
25752
25769
25776
25777
25779
25782
25782
25788
25789
25794
25795
25796
25799
25799
25803
25806
25807
25809
25811
25815
25823
25827
25831
25832
25835
25837
25837
25846
25849
25851
25864
25869
25872
25878
25885
25888
25892
25892
25893
25894
25895
25901
25905
25906
25911
25912
25915
25916
25918
25920
25923
25924
25929
25930
25934
25937
25943
25947
25949
25950
25950
25963
25964
25964
25967
25969
25970
25976
25976
25976
25980
25982
25987
25990
25990
25991
25992
25994
25996
25998
26011
26012
26017
26022
26027
26027
26029
26052
26054
26056
26057
26064
26072
26072
26074
26075
26077
26077
26083
26083
26084
26086
26089
26091
26098
26101
26105
26108
26110
26112
26118
26119
26123
26126
26126
26131
26136
26138
26139
26145
26150
26168
26169
26170
26171
26184
26191
26193
26194
26196
26196
26206
26207
26208
26210
26218
26221
26221
26223
26223
26224
26226
26226
26230
26234
26240
26241
26244
26249
26250
26250
26252
26255
26255
26260
26263
26265
26271
26272
26273
26274
26279
26287
26292
26300
26303
26304
26305
26305
26307
26309
26309
26315
26316
26318
26319
26324
26325
26332
26333
26335
26341
26347
26348
26348
26350
26355
26357
26361
26363
26368
26368
26373
26378
26379
26381
26396
26399
26406
26408
26408
26409
26411
26412
26420
26424
26424
26427
26428
26436
26439
26440
26444
26448
26450
26451
26453
26455
26458
26461
26465
26465
26469
26473
26477
26477
26480
26482
26488
26489
26490
26490
26496
26507
26511
26514
26521
26530
26535
26537
26538
26542
26546
26554
26573
26592
26596
26608
26608
26612
26627
26627
26629
26636
26643
26649
26657
26661
26664
26678
26679
26683
26683
26685
26685
26686
26686
26693
26693
26693
26695
26695
26711
26712
26724
26733
26740
26741
26742
26750
26751
26752
26752
26755
26757
26763
26765
26765
26770
26772
26774
26784
26791
26796
26800
26803
26805
26811
26814
26818
26820
26822
26823
26830
26833
26837
26843
26845
26846
26850
26850
26851
26855
26859
26859
26863
26865
26866
26874
26876
26890
26895
26895
26897
26901
26911
26912
26912
26915
26921
26924
26928
26928
26930
26935
26937
26948
26951
26952
26959
26960
26962
26963
26968
26968
26975
26976
26986
26987
26990
26992
26995
26997
27016
27018
27019
27022
27023
27029
27032
27032
27033
27037
27042
27045
27046
27046
27050
27050
27052
27055
27066
27072
27076
27077
27077
27079
27082
27083
27085
27092
27094
27096
27097
27098
27098
27098
27104
27115
27115
27121
27124
27129
27132
27133
27133
27138
27140
27150
27152
27152
27152
27156
27162
27164
27166
27174
27183
27188
27195
27196
27199
27204
27206
27213
27215
27223
27227
27227
27229
27231
27233
27234
27234
27242
27244
27244
27251
27252
27254
27256
27257
27259
27260
27265
27268
27268
27271
27275
27282
27282
27283
27286
27299
27300
27305
27305
27310
27312
27315
27322
27323
27327
27331
27332
27337
27337
27339
27342
27343
27349
27351
27355
27356
27360
27368
27373
27376
27380
27382
27384
27387
27401
27403
27404
27405
27405
27407
27408
27420
27420
27429
27432
27433
27436
27437
27448
27453
27460
27466
27467
27467
27467
27469
27470
27473
27478
27483
27483
27485
27491
27514
27522
27523
27531
27539
27542
27544
27544
27555
27556
27557
27558
27564
27565
27570
27580
27586
27586
27589
27590
27594
27596
27598
27599
27600
27601
27603
27605
27607
27612
27612
27615
27615
27616
27617
27622
27627
27627
27630
27636
27637
27645
27645
27645
27648
27650
27654
27656
27664
27670
27673
27687
27689
27690
27690
27691
27703
27707
27713
27713
27717
27718
27718
27720
27720
27727
27729
27729
27731
27738
27740
27742
27744
27751
27752
27752
27754
27759
27763
27764
27767
27768
27774
27775
27779
27788
27790
27792
27793
27795
27807
27809
27813
27813
27813
27818
27820
27823
27825
27830
27837
27838
27838
27839
27842
27849
27850
27855
27858
27860
27865
27868
27869
27871
27876
27881
27882
27885
27889
27890
27894
27894
27895
27897
27900
27906
27909
27909
27911
27913
27917
27919
27920
27922
27922
27926
27928
27931
27934
27938
27939
27944
27946
27951
27952
27965
27968
27970
27975
27975
27979
27980
27981
27981
27993
27998
28000
28001
28005
28010
28011
28012
28014
28016
28018
28021
28030
28031
28031
28033
28038
28038
28040
28042
28042
28047
28052
28056
28063
28064
28064
28067
28078
28078
28081
28083
28087
28092
28093
28093
28094
28102
28103
28104
28109
28111
28112
28112
28112
28115
28116
28118
28127
28137
28148
28150
28150
28151
28152
28162
28163
28175
28179
28180
28180
28180
28187
28192
28195
28198
28198
28201
28206
28207
28208
28209
28210
28212
28213
28215
28218
28220
28225
28227
28228
28253
28255
28255
28257
28261
28265
28266
28269
28277
28279
28284
28297
28299
28299
28302
28302
28303
28308
28310
28312
28313
28313
28315
28316
28317
28319
28325
28335
28342
28345
28348
28349
28352
28354
28366
28374
28377
28379
28382
28384
28385
28386
28388
28388
28398
28404
28404
28405
28407
28418
28421
28423
28425
28426
28431
28440
28442
28446
28450
28454
28458
28458
28467
28467
28468
28471
28472
28474
28476
28479
28480
28480
28496
28502
28505
28510
28510
28512
28517
28535
28536
28541
28557
28558
28560
28560
28562
28570
28571
28572
28578
28585
28588
28589
28599
28601
28602
28603
28606
28607
28607
28616
28619
28623
28624
28627
28629
28629
28638
28647
28659
28662
28664
28674
28677
28684
28685
28686
28688
28688
28689
28692
28694
28696
28697
28699
28700
28704
28705
28705
28707
28711
28711
28712
28715
28719
28723
28725
28730
28734
28734
28737
28744
28745
28746
28758
28760
28764
28766
28771
28782
28785
28786
28790
28793
28797
28798
28804
28807
28813
28814
28815
28822
28822
28828
28828
28829
28834
28836
28837
28840
28842
28846
28850
28851
28853
28855
28865
28865
28869
28876
28877
28879
28879
28882
28885
28887
28888
28899
28903
28904
28905
28909
28913
28916
28918
28918
28919
28928
28931
28937
28944
28951
28951
28952
28953
28956
28959
28962
28962
28963
28972
28976
28977
28977
28983
28983
28984
28985
28986
28986
28987
28987
28987
28990
28991
28993
28993
29000
29006
29007
29007
29008
29010
29017
29023
29029
29032
29034
29034
29036
29036
29041
29044
29053
29058
29060
29064
29068
29068
29069
29070
29071
29078
29083
29088
29089
29095
29101
29102
29103
29108
29111
29113
29118
29122
29123
29128
29128
29130
29130
29132
29135
29136
29140
29141
29142
29156
29156
29161
29162
29175
29184
29185
29191
29197
29198
29199
29206
29209
29212
29214
29216
29223
29226
29229
29230
29231
29236
29240
29249
29250
29257
29258
29262
29269
29274
29275
29277
29280
29280
29282
29284
29292
29293
29294
29294
29297
29297
29300
29303
29304
29304
29306
29312
29319
29320
29326
29333
29334
29335
29339
29341
29344
29344
29346
29347
29347
29347
29355
29356
29360
29364
29372
29373
29373
29374
29375
29376
29384
29402
29404
29406
29407
29409
29412
29413
29414
29417
29417
29420
29421
29425
29430
29431
29440
29442
29444
29446
29447
29449
29455
29457
29461
29467
29468
29470
29488
29490
29496
29501
29510
29511
29513
29517
29521
29525
29525
29526
29528
29530
29547
29550
29552
29554
29559
29561
29562
29569
29570
29570
29570
29571
29580
29582
29584
29592
29598
29602
29602
29604
29604
29613
29613
29617
29623
29623
29629
29630
29631
29631
29640
29648
29648
29649
29651
29656
29663
29665
29670
29670
29672
29674
29678
29682
29685
29691
29692
29693
29704
29706
29709
29709
29709
29713
29725
29730
29730
29737
29738
29738
29741
29746
29748
29748
29751
29755
29757
29758
29762
29763
29764
29772
29773
29773
29777
29777
29778
29779
29780
29782
29787
29792
29800
29801
29803
29806
29814
29814
29824
29830
29832
29837
29845
29846
29850
29851
29853
29856
29858
29859
29863
29865
29872
29876
29882
29883
29885
29886
29894
29897
29902
29905
29908
29915
29919
29919
29921
29922
29924
29926
29927
29930
29933
29935
29943
29944
29945
29945
29955
29963
29968
29968
29972
29973
29973
29974
29975
29976
29979
29979
29979
29981
29983
30018
30020
30022
30025
30031
30034
30039
30047
30047
30048
30049
30053
30057
30059
30066
30066
30068
30071
30087
30088
30093
30097
30101
30102
30104
30107
30111
30127
30129
30131
30131
30140
30141
30144
30145
30148
30149
30154
30155
30157
30163
30164
30169
30169
30171
30174
30175
30177
30184
30186
30192
30197
30197
30197
30206
30209
30214
30216
30216
30217
30222
30224
30231
30232
30236
30238
30239
30243
30243
30243
30243
30247
30248
30259
30260
30261
30264
30267
30267
30272
30279
30281
30282
30287
30290
30296
30303
30308
30310
30311
30318
30319
30319
30321
30326
30326
30327
30330
30331
30341
30343
30344
30346
30347
30347
30350
30352
30353
30357
30363
30375
30377
30378
30383
30383
30384
30386
30390
30395
30402
30409
30410
30416
30416
30419
30421
30424
30426
30433
30434
30435
30436
30437
30439
30440
30445
30451
30454
30458
30458
30460
30476
30485
30489
30491
30499
30503
30511
30512
30516
30518
30520
30522
30525
30532
30532
30534
30540
30540
30546
30547
30556
30557
30560
30571
30573
30576
30580
30583
30588
30589
30592
30607
30607
30608
30611
30618
30622
30625
30627
30627
30628
30630
30641
30643
30645
30651
30652
30653
30657
30663
30667
30668
30675
30675
30680
30693
30694
30699
30699
30706
30712
30715
30722
30723
30729
30733
30735
30739
30744
30746
30750
30750
30750
30758
30764
30765
30767
30776
30781
30781
30786
30788
30788
30798
30798
30801
30804
30804
30814
30821
30826
30828
30829
30838
30841
30849
30853
30855
30856
30857
30862
30866
30868
30888
30890
30894
30898
30900
30904
30904
30911
30914
30917
30918
30918
30921
30923
30925
30929
30931
30932
30939
30940
30943
30947
30950
30954
30954
30955
30960
30961
30962
30962
30964
30970
30972
30974
30979
30983
30984
30987
30997
31002
31005
31006
31021
31022
31025
31031
31035
31035
31035
31045
31047
31049
31050
31061
31066
31072
31079
31083
31084
31086
31086
31095
31095
31095
31097
31109
31110
31114
31121
31125
31127
31129
31133
31135
31137
31138
31139
31143
31145
31147
31148
31151
31152
31152
31157
31158
31163
31164
31165
31172
31172
31174
31177
31188
31194
31205
31207
31219
31220
31220
31222
31230
31236
31236
31239
31239
31241
31246
31248
31251
31253
31256
31263
31265
31266
31269
31273
31274
31277
31279
31281
31293
31299
31300
31302
31303
31304
31307
31308
31314
31314
31315
31315
31316
31324
31330
31331
31336
31342
31350
31352
31353
31356
31367
31367
31368
31374
31375
31377
31380
31382
31386
31389
31389
31393
31397
31398
31403
31405
31413
31415
31419
31420
31426
31428
31433
31435
31440
31442
31442
31442
31445
31448
31453
31455
31459
31461
31465
31466
31474
31476
31477
31478
31480
31481
31488
31491
31492
31494
31498
31499
31501
31502
31504
31512
31518
31519
31527
31528
31532
31532
31537
31539
31539
31542
31559
31560
31561
31568
31571
31571
31573
31580
31593
31595
31595
31602
31609
31609
31611
31613
31620
31621
31631
31638
31644
31645
31645
31647
31651
31661
31664
31665
31668
31668
31670
31672
31673
31676
31678
31678
31681
31682
31685
31686
31687
31694
31694
31699
31703
31704
31704
31706
31707
31707
31709
31712
31715
31717
31717
31720
31727
31741
31756
31757
31761
31765
31765
31767
31769
31772
31787
31792
31793
31797
31798
31809
31812
31814
31815
31816
31821
31823
31825
31828
31828
31831
31842
31846
31856
31861
31863
31864
31864
31866
31868
31871
31876
31877
31878
31879
31884
31887
31888
31894
31897
31897
31898
31899
31900
31908
31913
31914
31914
31915
31917
31917
31938
31942
31944
31953
31954
31954
31957
31957
31960
31960
31961
31961
31963
31974
31976
31980
31987
31991
31995
31997
32000
32003
32003
32004
32005
32007
32009
32009
32011
32015
32019
32021
32023
32027
32027
32028
32031
32031
32036
32038
32040
32041
32042
32043
32045
32053
32055
32057
32058
32060
32067
32068
32074
32074
32081
32084
32086
32088
32089
32089
32091
32094
32095
32098
32101
32101
32105
32109
32117
32120
32133
32133
32136
32139
32141
32142
32143
32153
32154
32157
32159
32159
32160
32182
32182
32183
32185
32189
32189
32190
32191
32195
32198
32201
32205
32205
32205
32207
32209
32214
32215
32215
32220
32222
32225
32228
32233
32239
32244
32245
32251
32253
32253
32254
32258
32258
32260
32269
32269
32271
32274
32274
32277
32279
32279
32282
32285
32294
32294
32296
32300
32300
32301
32306
32313
32313
32316
32317
32320
32324
32331
32331
32334
32334
32344
32345
32357
32357
32358
32361
32363
32368
32369
32370
32370
32373
32378
32390
32393
32404
32408
32409
32413
32417
32420
32420
32421
32426
32428
32429
32436
32440
32448
32453
32455
32472
32479
32482
32494
32495
32499
32501
32502
32509
32509
32511
32512
32516
32525
32527
32534
32535
32538
32540
32542
32543
32552
32555
32558
32562
32563
32568
32568
32574
32577
32577
32582
32582
32586
32586
32587
32588
32590
32590
32591
32597
32599
32601
32605
32608
32608
32609
32610
32610
32613
32616
32618
32619
32621
32631
32633
32633
32637
32637
32638
32640
32642
32647
32649
32650
32653
32657
32658
32662
32662
32662
32664
32666
32668
32671
32678
32679
32685
32686
32687
32689
32696
32698
32699
32708
32710
32711
32712
32713
32722
32723
32724
32728
32734
32734
32735
32742
32752
32753
32754
32763
32765
