5
5
7
7
13
14
16
17
18
19
19
28
35
37
38
43
48
48
49
58
69
77
82
83
84
89
93
94
100
102
104
107
112
118
121
122
123
126
127
128
129
131
133
134
137
142
143
146
146
148
157
160
164
170
173
177
191
192
194
199
200
205
207
209
211
211
213
216
218
226
227
227
233
233
237
240
240
244
245
246
247
248
252
264
264
264
275
276
276
279
285
290
291
292
293
296
300
304
305
305
328
331
339
343
345
349
351
353
353
361
363
367
368
372
373
384
384
388
389
389
393
394
397
397
398
408
409
417
419
420
423
424
424
429
434
438
440
442
445
445
452
455
457
460
462
466
467
472
473
477
478
485
492
495
498
499
507
508
518
520
520
525
526
529
532
539
543
545
549
550
560
565
569
574
575
576
579
584
588
589
600
601
606
606
612
612
614
615
616
616
627
631
633
634
637
646
647
647
649
651
652
656
658
661
665
667
668
675
677
678
680
700
701
704
705
705
707
713
718
722
722
726
730
730
732
732
733
740
747
752
753
753
755
759
761
762
763
765
771
775
781
787
793
794
799
802
810
810
811
813
816
817
820
827
831
832
834
834
840
844
851
854
856
857
857
859
864
866
870
873
878
881
888
891
896
903
904
904
905
910
918
918
920
920
920
921
928
929
929
934
937
938
942
943
958
962
965
965
973
973
976
986
987
995
1000
1002
1002
1003
1004
1005
1006
1012
1014
1014
1014
1019
1023
1025
1031
1033
1040
1041
1043
1056
1058
1063
1064
1065
1068
1069
1072
1075
1081
1085
1089
1101
1101
1102
1103
1114
1116
1132
1133
1134
1138
1140
1141
1146
1149
1149
1150
1151
1153
1154
1157
1158
1170
1171
1181
1183
1193
1198
1204
1206
1211
1213
1214
1217
1221
1226
1227
1235
1235
1236
1240
1250
1250
1252
1252
1255
1256
1264
1268
1272
1279
1282
1287
1295
1297
1297
1298
1298
1300
1302
1307
1312
1316
1318
1321
1325
1329
1335
1341
1346
1347
1347
1348
1349
1354
1356
1361
1362
1363
1365
1367
1369
1378
1384
1385
1387
1389
1392
1393
1394
1395
1395
1405
1410
1414
1414
1415
1429
1430
1430
1440
1442
1444
1449
1451
1453
1462
1464
1467
1469
1472
1474
1480
1481
1485
1485
1488
1490
1492
1501
1501
1507
1509
1516
1516
1523
1523
1523
1527
1530
1531
1533
1533
1539
1540
1549
1549
1550
1552
1553
1556
1556
1567
1568
1568
1571
1573
1574
1574
1576
1579
1579
1587
1592
1594
1609
1617
1617
1622
1623
1627
1629
1639
1644
1646
1648
1649
1649
1653
1656
1657
1657
1658
1659
1660
1667
1667
1668
1669
1669
1678
1678
1682
1686
1690
1694
1701
1704
1705
1712
1717
1722
1722
1723
1724
1738
1742
1744
1745
1746
1746
1765
1768
1769
1772
1775
1775
1777
1784
1792
1792
1798
1799
1803
1803
1805
1805
1812
1813
1827
1828
1829
1831
1834
1838
1842
1844
1844
1862
1863
1870
1873
1873
1879
1882
1884
1888
1889
1894
1896
1897
1898
1899
1900
1902
1903
1912
1918
1918
1919
1923
1926
1934
1939
1939
1944
1948
1952
1956
1961
1962
1966
1968
1969
1972
1977
1985
1988
2006
2010
2010
2010
2013
2016
2018
2019
2027
2028
2030
2039
2041
2043
2050
2050
2054
2057
2059
2061
2062
2063
2064
2070
2071
2072
2073
2076
2076
2078
2079
2081
2082
2086
2086
2090
2103
2108
2109
2112
2113
2123
2145
2146
2162
2165
2165
2166
2172
2179
2179
2186
2186
2188
2192
2194
2196
2199
2202
2206
2220
2231
2231
2231
2233
2233
2233
2234
2241
2241
2242
2242
2246
2247
2252
2256
2258
2258
2259
2262
2262
2268
2271
2276
2278
2289
2289
2290
2294
2302
2303
2308
2309
2318
2322
2333
2334
2335
2336
2337
2337
2346
2346
2347
2355
2358
2358
2359
2361
2368
2370
2371
2372
2378
2389
2390
2397
2398
2398
2399
2406
2406
2408
2415
2424
2426
2428
2434
2438
2439
2439
2446
2446
2448
2463
2464
2468
2469
2475
2479
2480
2481
2487
2493
2496
2498
2500
2501
2515
2516
2518
2520
2525
2533
2534
2535
2537
2540
2540
2541
2543
2543
2544
2549
2549
2560
2560
2566
2572
2573
2574
2581
2586
2587
2590
2594
2595
2595
2596
2603
2604
2606
2611
2612
2613
2615
2617
2622
2632
2638
2655
2658
2668
2669
2669
2670
2674
2676
2688
2691
2705
2708
2708
2715
2717
2717
2719
2722
2726
2726
2728
2728
2731
2732
2734
2739
2739
2740
2754
2760
2763
2766
2769
2769
2772
2773
2773
2777
2778
2782
2785
2791
2792
2794
2801
2802
2809
2810
2811
2812
2813
2814
2818
2821
2822
2823
2827
2833
2842
2843
2844
2847
2849
2851
2856
2867
2870
2870
2873
2876
2879
2886
2887
2895
2895
2897
2899
2899
2900
2902
2905
2910
2913
2926
2928
2934
2940
2944
2946
2947
2948
2952
2962
2964
2965
2979
2980
2982
2984
2985
2986
2993
2995
2995
3002
3011
3015
3019
3019
3020
3026
3039
3045
3051
3054
3059
3062
3063
3067
3070
3076
3077
3087
3092
3093
3093
3097
3097
3104
3106
3112
3114
3122
3122
3123
3126
3128
3129
3131
3137
3137
3138
3142
3143
3144
3144
3148
3149
3152
3153
3156
3156
3163
3164
3169
3172
3188
3195
3197
3198
3205
3205
3220
3227
3229
3229
3229
3235
3238
3243
3243
3250
3252
3260
3268
3268
3269
3269
3269
3270
3274
3283
3284
3285
3287
3290
3294
3295
3302
3306
3306
3309
3309
3310
3314
3318
3319
3321
3322
3328
3330
3334
3359
3359
3362
3363
3365
3371
3374
3374
3375
3379
3380
3382
3388
3394
3399
3409
3410
3412
3413
3414
3417
3418
3420
3424
3426
3432
3435
3436
3441
3442
3443
3443
3450
3452
3457
3458
3460
3464
3466
3468
3468
3469
3470
3472
3488
3491
3493
3493
3498
3498
3504
3506
3510
3514
3523
3525
3529
3532
3534
3535
3539
3540
3542
3547
3549
3552
3558
3565
3569
3577
3578
3580
3581
3582
3587
3589
3590
3594
3604
3611
3613
3615
3618
3620
3624
3625
3630
3631
3633
3638
3640
3640
3642
3648
3652
3660
3667
3669
3670
3673
3675
3676
3678
3678
3679
3680
3683
3686
3687
3688
3690
3694
3697
3701
3703
3706
3707
3709
3709
3715
3718
3723
3723
3724
3730
3731
3732
3740
3742
3743
3743
3764
3770
3771
3779
3787
3793
3793
3794
3799
3806
3807
3810
3812
3812
3812
3815
3815
3817
3821
3822
3822
3830
3832
3837
3838
3839
3841
3842
3842
3843
3844
3845
3848
3849
3852
3855
3858
3859
3861
3861
3861
3865
3866
3868
3878
3881
3886
3889
3891
3896
3899
3899
3912
3923
3925
3928
3930
3932
3933
3935
3935
3938
3943
3945
3949
3956
3956
3963
3963
3965
3967
3971
3972
3975
3975
3979
3984
3987
3989
3990
3992
4002
4004
4006
4007
4010
4012
4017
4031
4036
4037
4040
4045
4047
4048
4049
4050
4051
4053
4054
4054
4063
4069
4073
4075
4076
4087
4087
4088
4090
4091
4099
4100
4112
4113
4119
4123
4128
4130
4134
4141
4147
4148
4149
4151
4151
4161
4162
4170
4178
4180
4181
4187
4193
4193
4195
4199
4200
4203
4205
4213
4213
4214
4215
4218
4222
4225
4240
4241
4242
4244
4245
4248
4249
4250
4253
4255
4264
4273
4275
4276
4280
4285
4285
4289
4300
4304
4307
4308
4309
4310
4310
4315
4315
4319
4320
4322
4322
4328
4328
4328
4347
4349
4350
4350
4350
4352
4352
4353
4361
4362
4364
4366
4368
4370
4381
4386
4388
4393
4394
4402
4403
4408
4410
4412
4413
4417
4424
4428
4431
4433
4438
4439
4439
4445
4445
4448
4450
4452
4459
4463
4469
4469
4476
4480
4482
4483
4498
4504
4510
4510
4510
4512
4512
4516
4518
4523
4531
4533
4535
4538
4539
4547
4548
4551
4554
4560
4560
4579
4579
4581
4586
4586
4587
4603
4612
4614
4616
4627
4635
4635
4640
4642
4642
4645
4646
4647
4650
4651
4657
4665
4667
4668
4668
4670
4673
4677
4681
4687
4688
4692
4694
4696
4702
4718
4728
4733
4733
4733
4734
4736
4739
4746
4747
4748
4752
4754
4756
4757
4764
4764
4770
4770
4772
4774
4776
4778
4779
4780
4780
4782
4794
4797
4801
4804
4806
4808
4811
4814
4817
4819
4820
4821
4822
4826
4829
4835
4837
4837
4841
4845
4845
4853
4854
4858
4867
4876
4876
4876
4884
4884
4887
4887
4888
4890
4897
4900
4901
4902
4904
4906
4909
4909
4916
4923
4923
4924
4924
4924
4925
4927
4931
4934
4935
4941
4947
4948
4955
4955
4957
4958
4965
4965
4965
4968
4971
4974
4979
4982
4986
4988
4992
4992
4999
5002
5002
5004
5007
5009
5012
5015
5018
5018
5019
5025
5033
5034
5035
5037
5038
5038
5042
5045
5061
5061
5064
5066
5068
5071
5073
5075
5076
5086
5090
5093
5094
5097
5100
5100
5101
5101
5105
5109
5111
5121
5121
5121
5123
5123
5124
5127
5127
5128
5130
5131
5131
5135
5147
5151
5155
5156
5157
5161
5161
5162
5169
5171
5171
5176
5176
5180
5182
5184
5184
5187
5189
5189
5191
5197
5203
5205
5211
5219
5228
5238
5239
5240
5244
5252
5256
5262
5269
5283
5289
5290
5291
5295
5301
5306
5306
5309
5315
5318
5325
5328
5332
5341
5350
5352
5352
5357
5358
5360
5366
5367
5372
5372
5377
5381
5383
5387
5389
5390
5393
5413
5415
5420
5424
5425
5428
5436
5440
5441
5441
5451
5455
5458
5458
5463
5464
5470
5480
5480
5483
5487
5489
5493
5493
5499
5502
5503
5504
5506
5508
5508
5510
5513
5513
5514
5515
5523
5524
5527
5529
5537
5537
5538
5539
5539
5539
5542
5545
5546
5547
5551
5552
5553
5554
5555
5555
5563
5564
5570
5572
5575
5575
5578
5580
5584
5588
5599
5601
5605
5613
5617
5620
5625
5627
5628
5629
5631
5632
5633
5636
5638
5638
5642
5643
5644
5646
5649
5656
5656
5657
5657
5659
5663
5667
5670
5672
5675
5696
5701
5704
5705
5705
5706
5707
5729
5730
5733
5734
5736
5741
5742
5746
5747
5748
5749
5750
5753
5757
5761
5765
5766
5770
5773
5792
5800
5809
5811
5812
5812
5821
5828
5830
5832
5834
5834
5839
5842
5845
5846
5846
5847
5850
5850
5856
5858
5859
5862
5862
5868
5870
5870
5871
5871
5872
5874
5880
5880
5884
5887
5890
5897
5899
5903
5903
5919
5928
5934
5936
5946
5953
5962
5964
5966
5978
5978
5981
5985
5986
5986
5988
5989
5995
5999
6001
6003
6004
6007
6009
6013
6013
6015
6016
6020
6024
6025
6025
6026
6029
6035
6038
6044
6049
6051
6052
6055
6060
6060
6060
6065
6066
6066
6075
6076
6080
6081
6083
6090
6091
6096
6099
6104
6107
6114
6120
6121
6127
6139
6140
6143
6145
6146
6150
6153
6153
6158
6160
6161
6163
6168
6168
6174
6176
6176
6179
6181
6182
6188
6189
6189
6192
6193
6202
6207
6210
6212
6215
6216
6218
6218
6222
6223
6225
6231
6233
6239
6243
6266
6269
6277
6279
6281
6283
6284
6287
6287
6291
6293
6297
6297
6298
6300
6302
6304
6311
6313
6313
6313
6321
6321
6325
6327
6330
6332
6334
6347
6356
6356
6363
6370
6371
6372
6373
6374
6385
6388
6392
6394
6395
6399
6400
6401
6401
6406
6407
6410
6421
6434
6436
6439
6440
6443
6444
6446
6446
6452
6453
6466
6467
6467
6478
6479
6488
6490
6491
6494
6498
6498
6499
6499
6499
6500
6500
6501
6502
6505
6506
6507
6513
6520
6520
6525
6528
6529
6531
6540
6542
6545
6563
6573
6573
6576
6576
6581
6587
6592
6593
6597
6600
6603
6607
6614
6616
6621
6622
6624
6629
6629
6630
6631
6631
6633
6639
6641
6645
6648
6654
6656
6658
6659
6667
6667
6667
6675
6682
6684
6686
6689
6691
6695
6695
6698
6699
6710
6719
6724
6728
6739
6742
6742
6743
6754
6755
6758
6760
6763
6766
6767
6768
6773
6775
6778
6781
6789
6791
6792
6793
6795
6801
6803
6811
6811
6812
6814
6815
6819
6831
6834
6837
6842
6842
6843
6847
6848
6855
6860
6860
6872
6874
6877
6906
6907
6912
6914
6924
6929
6930
6933
6938
6945
6946
6954
6955
6959
6960
6960
6965
6966
6969
6970
6971
6975
6978
6978
6979
6993
6994
6994
6998
6999
7006
7007
7009
7009
7013
7015
7016
7018
7020
7021
7023
7024
7030
7040
7049
7054
7055
7057
7070
7074
7084
7084
7093
7093
7093
7098
7099
7106
7112
7123
7125
7126
7129
7133
7133
7134
7148
7152
7154
7155
7161
7161
7163
7163
7164
7166
7176
7177
7184
7185
7187
7189
7190
7192
7194
7197
7201
7204
7205
7211
7214
7217
7221
7245
7249
7254
7259
7259
7261
7264
7279
7282
7283
7285
7286
7289
7295
7298
7303
7309
7311
7312
7314
7318
7319
7320
7320
7320
7326
7328
7333
7334
7334
7342
7345
7350
7356
7359
7361
7365
7367
7369
7371
7376
7377
7384
7388
7397
7400
7400
7403
7408
7413
7415
7423
7426
7427
7427
7429
7436
7437
7439
7441
7441
7444
7450
7450
7450
7452
7455
7464
7467
7470
7477
7479
7486
7487
7488
7490
7491
7491
7496
7498
7500
7501
7504
7504
7507
7513
7518
7540
7544
7547
7548
7550
7556
7558
7559
7560
7562
7567
7577
7578
7579
7583
7602
7602
7604
7610
7614
7614
7625
7632
7634
7635
7637
7644
7646
7647
7647
7649
7650
7657
7657
7669
7672
7673
7673
7675
7680
7681
7686
7689
7691
7691
7692
7692
7693
7693
7693
7693
7703
7704
7704
7704
7704
7706
7708
7711
7713
7714
7714
7717
7717
7724
7727
7730
7733
7735
7740
7744
7746
7750
7762
7770
7773
7776
7777
7782
7786
7790
7799
7800
7800
7800
7803
7811
7823
7824
7825
7828
7839
7839
7844
7845
7848
7851
7854
7857
7862
7871
7873
7876
7888
7888
7893
7893
7895
7896
7898
7899
7900
7901
7904
7907
7908
7915
7916
7921
7922
7923
7924
7925
7926
7926
7931
7933
7935
7936
7938
7941
7943
7949
7950
7951
7957
7958
7965
7968
7975
7978
7979
7980
7981
7985
7993
7995
7999
8000
8002
8003
8004
8004
8008
8009
8016
8018
8018
8018
8020
8021
8024
8026
8027
8029
8031
8037
8040
8046
8060
8062
8064
8070
8071
8072
8077
8079
8086
8086
8092
8101
8108
8125
8132
8133
8134
8142
8146
8146
8147
8151
8156
8160
8163
8164
8165
8165
8166
8177
8179
8188
8192
8193
8195
8197
8198
8201
8204
8208
8213
8214
8216
8222
8224
8230
8233
8235
8235
8235
8241
8241
8248
8252
8262
8262
8263
8266
8277
8278
8278
8282
8286
8289
8292
8293
8294
8295
8297
8300
8300
8303
8305
8306
8307
8309
8311
8312
8315
8317
8318
8320
8334
8335
8346
8351
8356
8369
8375
8376
8376
8383
8386
8388
8394
8403
8404
8405
8406
8407
8419
8424
8426
8428
8429
8430
8430
8433
8438
8440
8444
8446
8450
8451
8451
8455
8457
8459
8461
8463
8465
8469
8480
8483
8484
8484
8487
8487
8490
8490
8493
8497
8502
8504
8505
8511
8511
8518
8522
8524
8526
8537
8540
8541
8545
8548
8548
8554
8555
8556
8559
8561
8562
8564
8565
8570
8576
8578
8580
8582
8583
8590
8591
8593
8594
8595
8595
8600
8600
8603
8606
8619
8622
8636
8637
8643
8645
8647
8652
8652
8659
8662
8665
8667
8674
8682
8682
8683
8687
8690
8698
8699
8699
8701
8702
8708
8711
8720
8727
8728
8740
8748
8750
8752
8767
8771
8771
8774
8775
8777
8785
8804
8805
8806
8812
8814
8817
8823
8828
8836
8838
8840
8845
8846
8846
8847
8854
8855
8858
8858
8858
8862
8868
8868
8868
8869
8870
8872
8875
8885
8894
8900
8900
8903
8905
8906
8912
8916
8916
8921
8926
8933
8939
8939
8941
8951
8954
8960
8968
8973
8974
8977
8982
8984
8988
8991
8995
8997
8997
9001
9001
9003
9009
9011
9020
9021
9026
9036
9039
9040
9040
9044
9047
9057
9057
9065
9078
9082
9082
9085
9088
9090
9094
9103
9111
9116
9117
9118
9129
9131
9145
9150
9157
9158
9163
9166
9177
9178
9181
9181
9182
9183
9184
9185
9188
9190
9200
9201
9203
9206
9207
9207
9219
9220
9223
9225
9234
9236
9238
9242
9242
9243
9244
9245
9246
9255
9257
9258
9262
9266
9269
9270
9271
9274
9276
9277
9279
9280
9282
9284
9285
9293
9295
9295
9295
9296
9297
9301
9302
9304
9306
9314
9315
9315
9316
9317
9317
9318
9319
9321
9324
9326
9329
9329
9331
9336
9337
9348
9348
9352
9360
9360
9362
9364
9367
9380
9383
9383
9386
9388
9396
9401
9413
9414
9418
9420
9420
9421
9425
9430
9434
9435
9437
9440
9442
9442
9445
9450
9450
9450
9452
9453
9456
9458
9462
9465
9474
9474
9480
9487
9490
9495
9502
9502
9518
9519
9520
9522
9523
9531
9536
9539
9542
9544
9546
9554
9557
9558
9558
9560
9564
9564
9578
9579
9581
9582
9587
9588
9594
9594
9598
9608
9610
9612
9612
9615
9616
9616
9624
9625
9628
9628
9630
9635
9636
9642
9646
9646
9651
9667
9669
9673
9680
9682
9687
9687
9696
9697
9699
9701
9702
9706
9711
9714
9715
9717
9717
9718
9724
9728
9737
9737
9738
9741
9741
9743
9745
9745
9749
9752
9753
9766
9772
9774
9777
9779
9781
9786
9787
9789
9790
9796
9797
9802
9812
9812
9814
9815
9819
9825
9826
9831
9835
9839
9840
9842
9843
9849
9853
9857
9857
9862
9862
9865
9865
9869
9876
9878
9884
9885
9885
9887
9897
9897
9898
9900
9905
9910
9911
9912
9912
9914
9916
9917
9917
9918
9920
9921
9921
9922
9930
9930
9934
9937
9948
9952
9954
9955
9965
9966
9966
9968
9968
9970
9975
9976
9979
9983
9988
9995
10000
10000
10001
10002
10008
10009
10011
10011
10021
10024
10025
10030
10032
10039
10043
10045
10059
10067
10068
10068
10073
10080
10090
10098
10099
10101
10105
10109
10112
10113
10114
10115
10116
10118
10121
10121
10122
10127
10128
10130
10136
10137
10146
10147
10153
10156
10157
10158
10165
10169
10170
10171
10174
10178
10184
10194
10197
10200
10200
10201
10204
10211
10213
10217
10219
10226
10234
10236
10244
10247
10248
10248
10250
10255
10262
10263
10265
10265
10278
10283
10288
10289
10289
10291
10297
10297
10298
10298
10304
10308
10314
10318
10318
10331
10333
10342
10345
10347
10356
10372
10374
10375
10377
10377
10377
10379
10402
10404
10408
10409
10412
10413
10419
10422
10424
10428
10432
10437
10439
10450
10452
10458
10463
10466
10473
10477
10477
10494
10501
10503
10507
10507
10511
10512
10512
10518
10528
10533
10534
10535
10537
10537
10538
10541
10543
10543
10551
10567
10567
10568
10570
10574
10574
10579
10581
10592
10596
10609
10611
10612
10616
10616
10618
10627
10628
10632
10633
10643
10647
10648
10649
10649
10654
10661
10665
10666
10668
10670
10670
10671
10672
10672
10676
10677
10681
10683
10684
10689
10690
10692
10695
10700
10706
10709
10715
10719
10719
10720
10730
10737
10739
10741
10743
10746
10750
10753
10760
10761
10761
10766
10773
10776
10778
10779
10795
10795
10796
10804
10810
10819
10829
10831
10837
10845
10848
10850
10853
10853
10854
10855
10856
10859
10860
10861
10865
10877
10883
10883
10884
10888
10889
10890
10890
10891
10897
10899
10900
10905
10906
10909
10910
10912
10925
10928
10935
10935
10936
10941
10950
10953
10955
10958
10958
10963
10967
10967
10968
10973
10981
10981
10985
10986
10987
10989
10991
10998
11001
11002
11004
11004
11006
11007
11008
11009
11011
11011
11013
11014
11015
11015
11019
11021
11030
11030
11030
11032
11044
11047
11049
11050
11054
11058
11060
11061
11062
11081
11090
11094
11095
11095
11099
11099
11101
11101
11104
11106
11107
11107
11115
11116
11118
11122
11125
11125
11127
11132
11134
11140
11147
11149
11153
11157
11157
11160
11162
11167
11168
11171
11178
11187
11191
11192
11192
11193
11193
11194
11199
11200
11202
11207
11216
11220
11224
11225
11230
11230
11240
11245
11248
11262
11262
11268
11269
11269
11272
11282
11285
11286
11286
11287
11290
11291
11292
11309
11312
11313
11314
11320
11320
11321
11324
11325
11328
11329
11331
11338
11343
11350
11352
11352
11354
11355
11362
11362
11363
11365
11379
11379
11382
11382
11383
11383
11385
11386
11389
11393
11402
11405
11408
11408
11412
11413
11415
11416
11418
11419
11421
11424
11426
11430
11432
11438
11451
11459
11462
11463
11463
11466
11468
11471
11478
11480
11486
11488
11489
11491
11495
11496
11497
11498
11500
11502
11504
11507
11511
11518
11522
11528
11530
11533
11534
11540
11553
11558
11559
11563
11568
11569
11573
11581
11585
11586
11586
11589
11589
11591
11592
11594
11602
11602
11603
11608
11609
11610
11617
11619
11622
11627
11627
11628
11629
11633
11642
11645
11645
11645
11655
11665
11667
11670
11673
11679
11679
11686
11695
11700
11701
11701
11702
11702
11714
11714
11714
11717
11718
11721
11734
11735
11736
11739
11743
11744
11744
11746
11746
11750
11756
11763
11766
11766
11767
11773
11777
11782
11783
11784
11784
11789
11793
11794
11795
11795
11798
11798
11798
11800
11800
11804
11804
11806
11814
11816
11818
11819
11821
11834
11834
11843
11843
11851
11853
11856
11859
11859
11860
11866
11867
11872
11874
11877
11878
11879
11881
11882
11886
11889
11892
11893
11894
11895
11897
11899
11906
11908
11910
11917
11921
11928
11929
11932
11939
11954
11960
11964
11972
11973
11975
11976
11977
11982
11987
11989
11990
11991
11991
11998
12000
12000
12003
12006
12006
12008
12010
12011
12011
12011
12015
12016
12021
12022
12027
12031
12038
12041
12042
12045
12047
12048
12049
12054
12054
12054
12055
12060
12069
12069
12071
12071
12074
12075
12077
12081
12085
12097
12105
12109
12119
12124
12125
12127
12128
12128
12129
12139
12141
12145
12149
12154
12159
12164
12166
12166
12174
12178
12180
12181
12181
12183
12187
12195
12195
12195
12195
12214
12216
12216
12219
12223
12226
12231
12232
12234
12239
12242
12242
12243
12246
12249
12251
12253
12265
12265
12271
12274
12277
12277
12289
12291
12294
12295
12298
12300
12303
12305
12310
12311
12315
12319
12323
12328
12328
12329
12331
12334
12341
12343
12345
12349
12354
12359
12361
12364
12368
12371
12371
12372
12373
12375
12379
12393
12394
12396
12396
12396
12396
12398
12403
12406
12408
12408
12410
12410
12412
12415
12418
12420
12421
12422
12427
12428
12430
12438
12451
12452
12453
12453
12461
12465
12470
12474
12474
12477
12478
12497
12502
12503
12504
12510
12510
12511
12512
12513
12513
12516
12518
12519
12520
12522
12524
12528
12529
12529
12530
12532
12533
12534
12537
12549
12549
12550
12550
12555
12556
12557
12558
12558
12559
12571
12573
12573
12574
12575
12577
12581
12584
12590
12595
12595
12600
12607
12610
12613
12613
12614
12617
12621
12623
12623
12624
12626
12626
12629
12634
12636
12640
12640
12649
12649
12649
12655
12660
12660
12661
12662
12662
12665
12681
12683
12686
12689
12698
12699
12704
12707
12711
12712
12715
12718
12718
12722
12723
12723
12732
12732
12732
12732
12734
12744
12745
12747
12748
12751
12751
12752
12753
12761
12767
12771
12771
12771
12777
12778
12785
12786
12787
12792
12793
12793
12796
12796
12798
12817
12818
12818
12823
12825
12827
12831
12832
12832
12835
12836
12837
12840
12842
12842
12847
12849
12849
12859
12861
12863
12869
12871
12872
12872
12876
12877
12888
12891
12893
12897
12900
12903
12905
12910
12913
12915
12917
12922
12926
12955
12960
12970
12972
12972
12976
12977
12978
12979
12980
12989
12998
13000
13002
13002
13003
13003
13004
13005
13008
13013
13018
13020
13032
13037
13042
13046
13047
13049
13051
13056
13060
13067
13069
13076
13085
13090
13092
13094
13095
13096
13102
13105
13107
13107
13110
13111
13116
13120
13120
13127
13129
13137
13138
13141
13143
13147
13150
13151
13152
13153
13153
13164
13164
13165
13169
13170
13171
13172
13172
13175
13179
13180
13182
13183
13192
13193
13194
13194
13200
13200
13204
13205
13205
13205
13209
13211
13230
13230
13231
13240
13241
13244
13247
13249
13251
13252
13252
13258
13262
13263
13270
13270
13272
13275
13283
13290
13292
13292
13293
13301
13306
13315
13322
13322
13324
13332
13332
13342
13342
13345
13348
13356
13360
13360
13361
13362
13362
13364
13364
13364
13372
13374
13379
13383
13393
13396
13398
13401
13401
13401
13404
13405
13406
13406
13407
13407
13411
13415
13418
13420
13426
13426
13428
13432
13446
13447
13452
13453
13453
13462
13462
13466
13468
13472
13474
13478
13489
13492
13495
13500
13502
13505
13505
13510
13520
13521
13522
13528
13546
13549
13550
13552
13557
13558
13563
13575
13578
13578
13583
13586
13586
13597
13604
13605
13606
13618
13622
13623
13630
13634
13647
13652
13652
13654
13657
13665
13672
13674
13676
13676
13683
13684
13696
13696
13705
13708
13714
13717
13720
13720
13723
13724
13724
13728
13729
13732
13737
13738
13740
13741
13744
13749
13756
13758
13765
13772
13784
13790
13797
13802
13805
13810
13823
13826
13843
13851
13851
13860
13860
13864
13873
13874
13875
13897
13898
13902
13902
13903
13903
13910
13911
13914
13915
13916
13918
13926
13932
13938
13942
13942
13943
13947
13951
13959
13959
13960
13961
13962
13966
13990
13992
13996
14001
14001
14002
14004
14007
14015
14020
14020
14023
14029
14033
14035
14039
14039
14045
14047
14054
14075
14078
14081
14082
14083
14091
14097
14098
14100
14108
14117
14117
14117
14125
14129
14131
14135
14135
14139
14143
14154
14159
14162
14166
14166
14168
14178
14184
14185
14186
14186
14190
14192
14196
14198
14201
14203
14210
14212
14212
14215
14216
14220
14223
14226
14228
14236
14244
14246
14247
14248
14256
14258
14259
14269
14272
14273
14274
14280
14280
14285
14288
14295
14296
14307
14309
14310
14316
14321
14323
14324
14325
14329
14333
14338
14358
14359
14361
14363
14363
14367
14380
14384
14384
14395
14399
14404
14406
14407
14408
14409
14412
14414
14426
14429
14429
14433
14440
14442
14443
14444
14445
14448
14450
14451
14451
14452
14454
14465
14465
14470
14473
14481
14485
14487
14487
14496
14506
14509
14509
14511
14517
14519
14520
14520
14520
14522
14523
14524
14524
14533
14534
14541
14549
14558
14558
14559
14559
14559
14562
14568
14570
14573
14576
14578
14578
14579
14589
14589
14589
14590
14591
14591
14593
14608
14611
14618
14618
14618
14626
14634
14634
14636
14639
14639
14643
14643
14647
14650
14651
14651
14651
14652
14653
14654
14674
14680
14693
14699
14706
14718
14721
14721
14722
14724
14725
14733
14737
14740
14740
14749
14750
14753
14754
14756
14756
14758
14763
14765
14766
14768
14768
14772
14774
14777
14782
14783
14783
14784
14790
14795
14801
14804
14805
14806
14810
14810
14817
14823
14831
14833
14842
14844
14849
14849
14851
14851
14852
14854
14857
14865
14866
14869
14870
14873
14874
14875
14875
14876
14880
14880
14880
14883
14883
14888
14889
14894
14898
14898
14905
14906
14912
14913
14917
14918
14919
14920
14925
14926
14931
14937
14940
14940
14941
14942
14946
14950
14954
14955
14956
14960
14962
14963
14964
14967
14968
14973
14974
14978
14980
14989
14990
14993
14994
14996
15000
15001
15003
15009
15010
15017
15018
15019
15036
15036
15041
15044
15046
15056
15058
15065
15068
15070
15074
15076
15079
15084
15085
15086
15090
15090
15093
15095
15097
15101
15108
15108
15111
15113
15116
15120
15130
15132
15132
15133
15138
15138
15140
15147
15152
15154
15162
15171
15179
15182
15190
15192
15195
15197
15199
15199
15200
15202
15209
15211
15214
15221
15231
15232
15235
15236
15241
15243
15247
15251
15253
15254
15265
15266
15268
15271
15273
15281
15285
15285
15287
15294
15294
15294
15294
15299
15303
15305
15305
15308
15320
15326
15335
15338
15338
15340
15342
15349
15354
15356
15359
15364
15370
15372
15376
15378
15383
15384
15387
15392
15399
15400
15401
15402
15403
15406
15414
15415
15423
15424
15425
15426
15426
15433
15442
15445
15447
15453
15458
15461
15465
15475
15479
15479
15480
15480
15481
15481
15483
15484
15489
15493
15493
15496
15499
15499
15502
15505
15516
15518
15523
15526
15527
15529
15530
15532
15532
15533
15537
15541
15542
15543
15546
15550
15551
15553
15558
15559
15560
15567
15568
15569
15572
15575
15575
15576
15581
15582
15584
15585
15590
15592
15599
15605
15606
15607
15607
15610
15612
15613
15615
15615
15619
15626
15627
15637
15640
15648
15648
15651
15652
15654
15657
15662
15675
15685
15695
15695
15719
15720
15723
15723
15725
15726
15728
15729
15730
15736
15738
15738
15739
15740
15745
15746
15747
15750
15752
15753
15754
15756
15765
15765
15774
15776
15781
15782
15782
15783
15783
15784
15785
15787
15790
15790
15792
15799
15802
15805
15805
15806
15809
15816
15819
15822
15833
15837
15837
15840
15849
15850
15856
15871
15874
15874
15875
15877
15880
15883
15889
15895
15899
15903
15909
15909
15909
15913
15913
15920
15920
15922
15923
15924
15926
15937
15944
15946
15947
15949
15964
15965
15972
15973
15977
15980
15982
15982
15984
15986
15994
15996
15999
15999
16003
16005
16013
16014
16020
16021
16022
16023
16024
16025
16025
16031
16031
16034
16040
16044
16046
16053
16055
16056
16062
16067
16072
16072
16073
16074
16075
16078
16080
16080
16081
16081
16081
16081
16084
16089
16094
16100
16101
16102
16111
16111
16114
16117
16119
16123
16124
16128
16129
16136
16140
16153
16153
16153
16157
16165
16166
16171
16173
16179
16179
16180
16185
16189
16190
16191
16191
16192
16193
16194
16194
16199
16210
16211
16225
16231
16234
16235
16237
16237
16244
16252
16257
16265
16271
16278
16302
16302
16305
16308
16309
16311
16312
16317
16324
16325
16331
16338
16339
16339
16340
16348
16352
16352
16355
16356
16356
16368
16370
16371
16372
16384
16384
16384
16385
16388
16391
16391
16398
16410
16412
16414
16423
16425
16425
16427
16434
16434
16435
16441
16441
16448
16449
16450
16451
16465
16469
16470
16474
16475
16483
16486
16486
16494
16495
16499
16505
16509
16513
16513
16522
16525
16527
16528
16528
16531
16532
16532
16532
16536
16541
16542
16547
16548
16553
16553
16554
16564
16567
16572
16576
16583
16584
16586
16588
16595
16598
16599
16601
16603
16603
16606
16607
16608
16610
16612
16617
16619
16619
16624
16626
16628
16628
16644
16645
16645
16645
16646
16650
16651
16656
16657
16658
16660
16670
16692
16700
16701
16702
16703
16704
16704
16706
16710
16711
16718
16719
16719
16723
16723
16724
16726
16729
16729
16731
16736
16736
16739
16747
16750
16751
16752
16754
16756
16762
16763
16767
16780
16787
16787
16789
16796
16799
16803
16808
16809
16812
16814
16814
16822
16823
16827
16828
16832
16832
16837
16838
16838
16844
16844
16847
16847
16848
16849
16853
16854
16859
16863
16873
16875
16886
16887
16889
16891
16904
16905
16912
16917
16918
16919
16919
16921
16922
16923
16924
16925
16928
16929
16929
16930
16931
16936
16937
16942
16942
16944
16950
16957
16958
16962
16964
16970
16972
16973
16975
16980
16981
16988
16989
16991
16995
17003
17004
17005
17006
17013
17015
17016
17020
17032
17032
17034
17036
17041
17043
17049
17049
17052
17061
17061
17061
17062
17065
17065
17066
17068
17069
17071
17073
17076
17076
17078
17080
17085
17088
17090
17098
17100
17104
17104
17105
17105
17106
17114
17117
17120
17123
17123
17124
17130
17136
17138
17139
17145
17147
17148
17153
17159
17159
17161
17165
17166
17166
17171
17179
17181
17184
17185
17192
17195
17200
17207
17210
17213
17214
17227
17239
17245
17245
17246
17247
17253
17256
17257
17259
17267
17272
17279
17283
17283
17285
17291
17295
17297
17308
17309
17324
17325
17330
17338
17344
17344
17346
17349
17352
17352
17358
17361
17362
17363
17369
17370
17374
17376
17378
17379
17384
17384
17385
17386
17388
17389
17389
17392
17392
17395
17397
17397
17402
17403
17404
17407
17408
17415
17424
17428
17429
17430
17435
17439
17440
17440
17441
17444
17450
17450
17461
17464
17465
17467
17472
17473
17474
17481
17483
17489
17494
17506
17508
17511
17520
17522
17529
17534
17535
17536
17540
17540
17540
17551
17551
17551
17552
17555
17556
17556
17557
17559
17560
17567
17569
17570
17574
17575
17577
17586
17587
17590
17590
17591
17593
17598
17603
17605
17608
17617
17621
17624
17624
17625
17626
17627
17627
17632
17637
17641
17643
17648
17650
17650
17652
17657
17659
17660
17664
17670
17673
17678
17680
17681
17681
17685
17688
17689
17694
17694
17695
17695
17696
17700
17706
17707
17708
17726
17728
17734
17735
17737
17742
17748
17751
17752
17755
17761
17762
17774
17780
17785
17789
17793
17801
17805
17809
17809
17813
17826
17827
17834
17839
17841
17844
17846
17847
17847
17848
17849
17853
17859
17863
17863
17864
17873
17874
17881
17883
17885
17886
17889
17904
17904
17911
17913
17923
17928
17928
17941
17941
17944
17944
17947
17955
17963
17964
17969
17970
17971
17976
17987
17988
17992
17994
18009
18024
18025
18028
18029
18030
18034
18037
18038
18040
18041
18049
18050
18056
18058
18058
18060
18063
18063
18064
18068
18073
18076
18077
18077
18085
18085
18087
18093
18096
18097
18099
18102
18109
18117
18119
18126
18129
18132
18134
18146
18147
18155
18157
18160
18160
18163
18169
18169
18169
18171
18172
18174
18175
18181
18182
18183
18185
18188
18190
18194
18208
18209
18212
18217
18220
18226
18231
18231
18239
18239
18241
18242
18245
18245
18251
18253
18258
18263
18265
18268
18270
18275
18278
18281
18289
18291
18297
18306
18309
18309
18309
18313
18314
18319
18320
18320
18322
18322
18326
18327
18332
18333
18336
18336
18337
18338
18339
18341
18343
18345
18347
18349
18350
18351
18363
18366
18370
18374
18379
18380
18380
18380
18383
18386
18393
18393
18394
18400
18407
18407
18411
18412
18415
18421
18424
18425
18425
18425
18429
18429
18431
18432
18434
18434
18436
18440
18441
18443
18443
18443
18444
18456
18459
18459
18462
18462
18464
18470
18488
18488
18490
18492
18494
18501
18504
18506
18511
18516
18521
18528
18533
18539
18542
18543
18548
18548
18555
18559
18566
18567
18568
18568
18580
18582
18582
18582
18584
18585
18586
18586
18587
18594
18599
18599
18606
18608
18609
18611
18611
18612
18616
18618
18619
18626
18636
18639
18645
18646
18651
18654
18655
18656
18660
18668
18676
18677
18682
18688
18694
18709
18711
18713
18719
18731
18734
18734
18736
18738
18744
18751
18753
18755
18761
18761
18761
18761
18763
18764
18764
18771
18785
18786
18788
18794
18796
18797
18799
18800
18803
18804
18808
18809
18811
18814
18815
18818
18819
18825
18827
18831
18837
18848
18851
18855
18862
18864
18866
18868
18871
18879
18881
18884
18892
18893
18893
18899
18909
18913
18914
18916
18932
18937
18938
18939
18948
18949
18960
18960
18961
18962
18963
18968
18973
18976
18979
18984
18994
18997
19004
19004
19005
19021
19021
19022
19024
19027
19047
19053
19056
19058
19060
19061
19061
19066
19067
19071
19071
19076
19078
19084
19087
19087
19088
19089
19090
19092
19093
19096
19099
19099
19103
19106
19107
19114
19121
19124
19132
19136
19143
19148
19150
19151
19151
19157
19158
19162
19163
19165
19165
19166
19177
19181
19182
19186
19186
19187
19192
19197
19200
19200
19202
19214
19215
19216
19218
19221
19226
19236
19237
19248
19249
19251
19251
19252
19257
19268
19272
19274
19275
19276
19281
19284
19286
19288
19288
19290
19294
19298
19307
19308
19319
19325
19332
19335
19337
19338
19345
19350
19351
19354
19357
19358
19361
19361
19374
19380
19381
19389
19390
19391
19399
19402
19403
19403
19409
19414
19417
19418
19418
19424
19424
19426
19428
19428
19431
19434
19435
19444
19445
19446
19451
19453
19454
19454
19454
19457
19458
19459
19461
19464
19466
19468
19483
19484
19494
19494
19494
19496
19500
19503
19510
19514
19515
19520
19520
19532
19540
19541
19542
19543
19547
19548
19549
19552
19554
19556
19558
19560
19563
19566
19569
19572
19573
19575
19584
19592
19592
19605
19606
19610
19611
19614
19620
19621
19632
19637
19645
19645
19647
19647
19648
19655
19657
19680
19687
19688
19688
19689
19692
19706
19712
19713
19726
19730
19731
19737
19737
19744
19744
19746
19754
19757
19760
19761
19765
19766
19769
19775
19782
19782
19784
19789
19800
19802
19805
19806
19808
19814
19815
19817
19821
19822
19825
19829
19830
19831
19836
19838
19841
19842
19843
19844
19845
19849
19854
19854
19858
19861
19866
19875
19891
19893
19894
19895
19897
19898
19905
19909
19913
19914
19920
19921
19925
19928
19930
19934
19934
19938
19947
19949
19953
19956
19961
19965
19965
19967
19968
19974
19983
19993
19994
20001
20002
20011
20016
20018
20018
20023
20024
20031
20031
20036
20038
20040
20042
20043
20044
20049
20059
20070
20071
20076
20076
20078
20080
20083
20085
20085
20086
20087
20088
20088
20090
20091
20095
20104
20111
20116
20127
20130
20140
20141
20145
20146
20149
20153
20153
20155
20157
20159
20173
20182
20183
20185
20190
20193
20193
20193
20194
20203
20204
20211
20222
20222
20229
20237
20238
20241
20246
20251
20254
20255
20257
20260
20261
20262
20276
20281
20285
20287
20290
20291
20294
20300
20306
20307
20308
20309
20314
20315
20321
20321
20325
20326
20328
20328
20332
20333
20335
20346
20355
20355
20362
20364
20366
20371
20373
20381
20381
20382
20386
20387
20392
20392
20400
20400
20404
20407
20411
20413
20413
20416
20424
20424
20439
20441
20442
20444
20447
20449
20451
20458
20459
20463
20464
20467
20468
20468
20468
20469
20476
20477
20478
20480
20481
20484
20484
20489
20496
20501
20507
20510
20511
20515
20515
20518
20519
20522
20523
20524
20526
20526
20528
20531
20533
20540
20541
20542
20545
20546
20547
20548
20549
20549
20552
20553
20554
20554
20555
20557
20562
20568
20570
20573
20575
20579
20580
20580
20581
20585
20585
20586
20590
20611
20611
20612
20616
20618
20620
20623
20624
20629
20629
20631
20635
20639
20642
20645
20655
20660
20663
20667
20671
20672
20675
20678
20682
20690
20692
20693
20693
20694
20696
20698
20708
20716
20721
20724
20726
20730
20731
20740
20744
20746
20746
20746
20747
20760
20760
20761
20768
20770
20771
20777
20777
20782
20786
20806
20808
20809
20813
20819
20822
20823
20826
20828
20829
20830
20831
20833
20834
20834
20835
20850
20850
20857
20858
20858
20860
20861
20863
20863
20864
20872
20879
20883
20884
20887
20888
20888
20893
20893
20893
20898
20900
20907
20912
20913
20918
20919
20922
20922
20923
20925
20932
20932
20938
20938
20942
20948
20950
20957
20957
20958
20958
20962
20965
20968
20971
20976
20979
20980
20989
20991
20999
21003
21009
21010
21018
21019
21024
21025
21030
21031
21032
21037
21039
21043
21044
21046
21047
21049
21051
21052
21055
21056
21069
21072
21072
21075
21075
21078
21082
21088
21090
21096
21115
21118
21119
21121
21127
21131
21133
21142
21142
21145
21146
21146
21147
21151
21155
21157
21163
21166
21168
21176
21177
21177
21181
21184
21185
21185
21189
21197
21200
21201
21204
21206
21207
21215
21215
21218
21222
21223
21223
21228
21230
21233
21234
21236
21238
21240
21241
21243
21244
21251
21254
21257
21258
21258
21260
21269
21269
21270
21276
21276
21280
21281
21283
21284
21289
21289
21298
21298
21300
21308
21311
21311
21313
21317
21319
21334
21340
21341
21342
21343
21353
21362
21364
21368
21375
21377
21389
21403
21404
21408
21409
21411
21414
21424
21426
21426
21429
21438
21441
21443
21446
21448
21450
21450
21451
21460
21460
21462
21462
21462
21466
21468
21470
21471
21478
21482
21483
21484
21484
21486
21487
21487
21490
21490
21490
21492
21504
21505
21505
21505
21506
21518
21519
21521
21528
21532
21536
21537
21538
21547
21547
21552
21552
21557
21566
21567
21568
21572
21573
21574
21581
21582
21583
21585
21588
21589
21592
21598
21599
21606
21606
21606
21608
21610
21612
21616
21625
21628
21631
21632
21634
21635
21639
21640
21642
21642
21643
21645
21645
21651
21658
21659
21666
21669
21671
21673
21675
21678
21680
21681
21686
21690
21693
21693
21702
21702
21704
21708
21714
21717
21719
21724
21726
21735
21736
21737
21743
21743
21743
21745
21755
21761
21769
21770
21772
21773
21779
21786
21794
21797
21800
21804
21805
21811
21812
21819
21820
21822
21825
21828
21830
21831
21834
21844
21845
21849
21849
21851
21852
21859
21869
21873
21877
21878
21880
21881
21885
21887
21888
21889
21891
21904
21910
21911
21919
21920
21928
21936
21942
21946
21946
21947
21948
21953
21966
21968
21969
21972
21977
21977
21980
21980
21980
21983
21986
21986
21986
21991
21992
21995
21997
22000
22003
22004
22007
22013
22013
22015
22020
22023
22028
22029
22030
22038
22044
22046
22048
22048
22053
22053
22054
22060
22061
22064
22064
22069
22070
22075
22078
22078
22079
22081
22089
22092
22100
22110
22115
22115
22117
22128
22135
22137
22148
22159
22162
22166
22170
22174
22177
22182
22183
22184
22184
22185
22189
22195
22196
22196
22201
22201
22207
22209
22212
22213
22214
22216
22218
22222
22222
22226
22226
22229
22238
22243
22243
22245
22249
22252
22253
22253
22253
22260
22268
22273
22277
22278
22280
22289
22290
22296
22299
22311
22312
22318
22322
22334
22338
22342
22342
22345
22348
22348
22348
22349
22352
22358
22364
22367
22367
22373
22375
22376
22380
22380
22390
22393
22395
22400
22406
22407
22408
22410
22412
22416
22423
22426
22427
22432
22434
22437
22443
22445
22448
22452
22460
22460
22461
22462
22473
22475
22481
22483
22484
22484
22486
22487
22488
22497
22497
22502
22503
22507
22508
22510
22511
22514
22516
22519
22520
22527
22529
22532
22535
22536
22536
22539
22542
22543
22544
22545
22546
22547
22552
22553
22554
22555
22556
22560
22561
22561
22573
22576
22576
22578
22578
22581
22581
22582
22584
22587
22590
22599
22603
22604
22609
22610
22612
22618
22629
22630
22644
22645
22646
22648
22648
22653
22653
22658
22671
22673
22677
22685
22694
22701
22701
22714
22716
22718
22720
22720
22723
22730
22732
22745
22752
22753
22757
22757
22761
22762
22764
22765
22778
22788
22790
22791
22791
22792
22796
22798
22799
22802
22803
22804
22805
22808
22811
22812
22815
22821
22824
22830
22835
22842
22844
22845
22846
22847
22850
22852
22852
22853
22853
22853
22854
22854
22856
22861
22866
22869
22869
22875
22877
22877
22878
22883
22886
22896
22897
22899
22899
22902
22902
22903
22904
22910
22911
22914
22916
22917
22920
22923
22925
22926
22927
22931
22932
22937
22938
22944
22946
22952
22952
22958
22961
22963
22966
22967
22968
22970
22974
22975
22975
22979
22983
22985
22996
22999
23000
23006
23007
23013
23014
23016
23022
23023
23026
23036
23036
23043
23047
23051
23053
23059
23062
23062
23064
23069
23073
23075
23081
23086
23096
23098
23098
23103
23105
23108
23108
23109
23127
23128
23128
23130
23130
23136
23137
23138
23143
23144
23151
23152
23153
23154
23159
23162
23163
23170
23175
23178
23187
23190
23190
23191
23193
23197
23199
23209
23209
23213
23214
23214
23217
23217
23223
23224
23230
23232
23233
23234
23239
23240
23241
23246
23248
23254
23257
23261
23266
23269
23270
23270
23278
23280
23282
23282
23291
23294
23297
23300
23304
23305
23305
23307
23308
23311
23315
23322
23333
23335
23340
23342
23347
23348
23352
23355
23356
23360
23360
23368
23370
23370
23371
23379
23383
23385
23386
23390
23398
23401
23405
23419
23421
23427
23429
23431
23431
23431
23432
23436
23438
23439
23440
23444
23445
23447
23448
23451
23452
23458
23463
23466
23469
23474
23474
23478
23481
23481
23487
23490
23491
23497
23498
23509
23514
23515
23518
23521
23529
23530
23534
23546
23554
23561
23561
23561
23567
23569
23569
23574
23584
23587
23588
23594
23602
23603
23605
23608
23620
23621
23621
23621
23624
23629
23631
23639
23645
23652
23653
23663
23665
23669
23676
23681
23681
23683
23685
23687
23694
23699
23705
23705
23708
23710
23712
23715
23715
23716
23718
23720
23721
23722
23723
23724
23729
23737
23739
23740
23745
23752
23754
23757
23762
23764
23766
23774
23774
23782
23784
23792
23795
23796
23797
23798
23799
23800
23808
23808
23810
23812
23817
23819
23821
23826
23830
23840
23842
23842
23848
23853
23853
23855
23859
23859
23864
23871
23872
23877
23878
23879
23880
23884
23884
23885
23885
23897
23899
23900
23903
23905
23908
23914
23914
23915
23915
23915
23916
23924
23929
23930
23932
23933
23936
23938
23947
23949
23952
23953
23962
23963
23963
23979
23979
23982
23983
23986
23990
23994
23995
23996
24001
24003
24005
24005
24014
24016
24020
24022
24024
24025
24031
24032
24035
24035
24036
24037
24043
24044
24045
24046
24052
24057
24057
24057
24058
24063
24066
24071
24072
24075
24080
24089
24092
24093
24095
24100
24104
24116
24116
24118
24118
24120
24121
24125
24127
24127
24128
24133
24135
24146
24148
24155
24159
24160
24166
24169
24171
24173
24173
24175
24180
24185
24186
24196
24203
24208
24211
24214
24215
24220
24227
24232
24237
24248
24249
24250
24255
24264
24267
24269
24269
24274
24275
24284
24284
24286
24287
24291
24302
24302
24302
24304
24304
24306
24309
24310
24314
24315
24315
24316
24324
24329
24331
24332
24336
24341
24343
24343
24354
24356
24361
24361
24365
24366
24369
24372
24375
24387
24389
24391
24394
24401
24405
24407
24409
24415
24416
24418
24420
24424
24424
24426
24427
24436
24439
24439
24443
24447
24450
24451
24454
24461
24464
24469
24471
24476
24480
24482
24484
24485
24488
24488
24489
24489
24492
24501
24505
24509
24509
24510
24521
24521
24523
24524
24534
24537
24538
24543
24546
24546
24558
24570
24574
24576
24585
24586
24588
24592
24597
24598
24610
24612
24613
24613
24615
24620
24621
24622
24630
24630
24632
24634
24635
24640
24641
24642
24643
24644
24648
24652
24657
24661
24661
24670
24670
24670
24670
24670
24682
24685
24691
24694
24703
24708
24717
24717
24725
24725
24733
24734
24739
24739
24742
24758
24759
24766
24778
24781
24781
24781
24787
24792
24799
24803
24814
24816
24817
24818
24819
24830
24832
24833
24834
24836
24842
24843
24844
24847
24848
24853
24854
24856
24858
24859
24866
24867
24868
24868
24869
24869
24870
24873
24875
24877
24880
24882
24884
24888
24890
24893
24897
24904
24906
24912
24913
24914
24916
24917
24919
24922
24927
24928
24933
24935
24937
24940
24942
24942
24946
24948
24951
24952
24954
24955
24957
24960
24961
24963
24986
24987
24989
24991
24993
25002
25004
25007
25007
25012
25015
25023
25027
25033
25038
25038
25040
25046
25049
25052
25055
25063
25063
25064
25065
25066
25072
25072
25078
25086
25086
25090
25090
25091
25097
25105
25110
25113
25119
25121
25122
25124
25126
25130
25131
25141
25144
25144
25150
25153
25154
25162
25164
25165
25165
25169
25172
25172
25173
25174
25180
25181
25186
25187
25187
25191
25200
25200
25203
25204
25206
25207
25208
25210
25214
25219
25220
25221
25223
25223
25225
25225
25235
25236
25240
25247
25247
25247
25247
25250
25251
25251
25260
25262
25264
25264
25266
25268
25273
25279
25282
25284
25285
25286
25288
25296
25299
25302
25309
25320
25322
25322
25327
25327
25328
25331
25333
25340
25344
25346
25347
25347
25350
25363
25365
25373
25376
25377
25380
25384
25386
25386
25387
25388
25390
25391
25393
25394
25397
25403
25404
25405
25405
25420
25420
25425
25425
25428
25429
25431
25436
25436
25440
25443
25444
25444
25446
25455
25455
25455
25458
25460
25460
25464
25465
25467
25470
25475
25477
25483
25484
25485
25485
25486
25488
25494
25495
25504
25506
25509
25509
25510
25515
25515
25517
25519
25525
25528
25529
25534
25535
25537
25540
25543
25553
25554
25555
25557
25560
25560
25562
25564
25567
25588
25588
25588
25589
25593
25598
25601
25609
25611
25616
25618
25619
25622
25625
25628
25629
25633
25633
25639
25645
25645
25652
25652
25653
25657
25658
25658
25659
25663
25666
25668
25670
25670
25670
25671
25679
25681
25682
25687
25694
25698
25708
25709
25713
25716
25716
25718
25724
25726
25730
25732
25732
25739
25740
25742
25745
25745
25747
25755
25758
25758
25764
25764
25764
25766
25778
25782
25782
25785
25786
25787
25792
25793
25796
25801
25802
25806
25808
25809
25810
25811
25813
25822
25824
25826
25827
25830
25837
25837
25841
25842
25851
25861
25861
25865
25867
25872
25873
25883
25884
25888
25892
25895
25897
25898
25899
25903
25907
25907
25921
25923
25924
25925
25933
25933
25937
25939
25941
25942
25954
25958
25964
25965
25967
25969
25969
25970
25977
25978
25980
25985
25986
25987
25990
25997
25999
26012
26022
26026
26032
26032
26037
26040
26048
26049
26049
26051
26058
26065
26067
26074
26077
26088
26089
26097
26108
26112
26112
26113
26123
26125
26132
26135
26136
26137
26141
26141
26142
26146
26148
26159
26160
26167
26169
26171
26172
26178
26180
26182
26185
26185
26188
26190
26200
26202
26203
26204
26208
26209
26212
26214
26222
26226
26229
26230
26238
26240
26241
26248
26248
26250
26251
26253
26257
26258
26259
26266
26266
26272
26275
26280
26282
26282
26285
26285
26286
26290
26298
26300
26301
26309
26314
26318
26326
26331
26333
26334
26338
26341
26349
26351
26352
26353
26353
26354
26356
26356
26363
26363
26364
26366
26368
26369
26371
26379
26380
26382
26388
26392
26400
26402
26405
26406
26409
26411
26412
26413
26416
26422
26432
26432
26433
26437
26441
26442
26462
26471
26473
26479
26483
26485
26489
26496
26498
26501
26501
26506
26507
26507
26512
26513
26518
26521
26522
26525
26531
26532
26532
26536
26540
26540
26541
26544
26547
26553
26561
26563
26567
26576
26578
26580
26581
26581
26582
26584
26585
26588
26592
26593
26600
26600
26602
26602
26606
26611
26612
26614
26616
26619
26624
26625
26631
26641
26643
26645
26651
26652
26654
26657
26657
26662
26669
26672
26673
26674
26674
26676
26683
26685
26686
26686
26688
26694
26695
26696
26706
26712
26713
26713
26718
26722
26727
26727
26730
26734
26734
26738
26742
26749
26761
26767
26770
26772
26775
26776
26777
26778
26779
26783
26786
26794
26806
26807
26808
26814
26816
26822
26823
26829
26829
26835
26839
26850
26859
26866
26875
26884
26885
26885
26890
26890
26897
26906
26909
26910
26914
26916
26918
26919
26921
26927
26937
26939
26946
26949
26958
26960
26961
26970
26972
26972
26973
26983
26984
26985
26990
26995
26997
27001
27014
27017
27017
27024
27025
27028
27029
27033
27039
27042
27045
27047
27048
27049
27051
27059
27067
27067
27070
27073
27073
27078
27078
27080
27080
27081
27082
27084
27087
27090
27097
27097
27099
27100
27104
27108
27114
27130
27144
27153
27155
27157
27160
27162
27167
27167
27170
27171
27174
27177
27179
27187
27187
27189
27197
27197
27209
27210
27213
27221
27222
27226
27232
27233
27234
27238
27242
27244
27244
27244
27248
27251
27252
27255
27255
27257
27259
27267
27268
27272
27273
27275
27276
27291
27293
27294
27296
27296
27299
27303
27303
27306
27306
27311
27315
27317
27317
27324
27325
27326
27330
27333
27335
27336
27338
27339
27339
27354
27356
27357
27358
27362
27362
27365
27372
27372
27373
27378
27379
27381
27382
27388
27390
27393
27393
27397
27397
27398
27398
27401
27404
27410
27415
27418
27425
27425
27427
27430
27435
27435
27435
27441
27442
27443
27443
27443
27449
27449
27454
27459
27459
27460
27461
27464
27469
27471
27477
27482
27493
27497
27502
27503
27504
27510
27516
27517
27521
27524
27529
27530
27531
27534
27535
27535
27536
27536
27540
27542
27542
27542
27543
27550
27552
27553
27563
27563
27564
27570
27574
27576
27577
27579
27585
27585
27594
27598
27599
27602
27603
27607
27607
27611
27620
27621
27622
27622
27626
27630
27632
27632
27640
27643
27644
27646
27650
27650
27652
27655
27655
27660
27664
27671
27690
27690
27694
27705
27708
27712
27714
27714
27714
27715
27716
27717
27722
27723
27724
27724
27730
27736
27737
27739
27741
27743
27746
27753
27757
27760
27767
27768
27770
27771
27772
27776
27778
27780
27783
27783
27789
27790
27796
27797
27798
27804
27805
27805
27808
27810
27812
27812
27813
27814
27814
27816
27838
27838
27842
27848
27849
27856
27860
27862
27865
27869
27869
27872
27872
27881
27881
27891
27902
27904
27909
27912
27916
27919
27925
27926
27930
27930
27934
27942
27945
27955
27956
27956
27957
27959
27973
27985
27988
27992
27993
27995
28000
28007
28009
28010
28011
28012
28014
28017
28017
28018
28027
28028
28029
28032
28035
28035
28037
28040
28043
28044
28044
28047
28051
28053
28055
28055
28059
28062
28065
28066
28066
28067
28070
28070
28081
28082
28083
28083
28094
28098
28100
28100
28102
28102
28104
28112
28114
28114
28115
28116
28120
28127
28129
28134
28146
28147
28153
28154
28160
28162
28165
28170
28171
28173
28176
28182
28185
28192
28196
28202
28211
28215
28216
28218
28219
28219
28223
28225
28247
28249
28250
28253
28261
28264
28265
28275
28276
28276
28276
28277
28278
28279
28282
28286
28286
28288
28289
28293
28304
28304
28314
28319
28326
28337
28339
28341
28341
28342
28345
28346
28352
28358
28361
28364
28367
28379
28380
28385
28385
28386
28392
28395
28402
28402
28403
28405
28405
28406
28411
28413
28417
28421
28422
28423
28423
28425
28426
28426
28427
28430
28432
28433
28439
28439
28440
28441
28443
28457
28465
28468
28473
28475
28477
28479
28481
28482
28494
28499
28501
28501
28502
28503
28506
28508
28512
28519
28520
28526
28530
28531
28532
28538
28539
28540
28552
28553
28556
28558
28564
28565
28573
28575
28583
28586
28591
28600
28601
28602
28606
28607
28607
28608
28609
28612
28613
28616
28618
28624
28625
28625
28629
28636
28637
28637
28639
28642
28644
28648
28649
28650
28655
28660
28661
28661
28664
28665
28666
28669
28672
28678
28686
28687
28688
28690
28692
28695
28695
28698
28701
28702
28703
28703
28704
28705
28707
28708
28709
28714
28716
28717
28721
28725
28728
28729
28742
28744
28746
28751
28752
28754
28754
28756
28757
28757
28759
28760
28760
28763
28763
28765
28774
28781
28786
28793
28793
28797
28800
28804
28807
28807
28811
28812
28815
28815
28817
28821
28825
28825
28830
28831
28848
28855
28856
28858
28858
28859
28862
28863
28863
28864
28865
28865
28867
28869
28873
28873
28876
28879
28881
28893
28895
28896
28897
28898
28911
28913
28917
28918
28921
28923
28926
28928
28931
28932
28932
28938
28939
28941
28942
28948
28955
28959
28961
28962
28963
28966
28969
28973
28973
28973
28977
28979
28983
28984
28987
28989
28991
28992
29001
29001
29003
29006
29007
29007
29007
29008
29017
29018
29021
29030
29033
29033
29038
29044
29047
29053
29055
29056
29059
29060
29060
29061
29061
29063
29063
29068
29075
29079
29079
29084
29091
29102
29105
29109
29114
29115
29117
29118
29118
29120
29122
29125
29131
29137
29137
29138
29141
29142
29147
29151
29160
29162
29164
29164
29168
29173
29174
29176
29182
29187
29188
29188
29189
29189
29194
29200
29204
29204
29210
29218
29221
29222
29226
29227
29228
29233
29236
29242
29245
29248
29249
29252
29254
29257
29264
29271
29273
29274
29280
29285
29286
29289
29291
29294
29300
29312
29314
29325
29336
29337
29339
29347
29349
29356
29357
29360
29361
29368
29377
29379
29380
29381
29382
29383
29387
29389
29392
29395
29396
29396
29397
29403
29405
29406
29406
29407
29407
29408
29409
29412
29417
29420
29421
29422
29425
29425
29428
29429
29429
29438
29439
29448
29454
29455
29463
29473
29474
29476
29478
29482
29484
29491
29493
29502
29505
29507
29508
29516
29519
29521
29521
29522
29522
29524
29525
29529
29530
29536
29536
29540
29542
29558
29559
29561
29562
29567
29572
29577
29578
29581
29583
29583
29584
29593
29612
29616
29621
29622
29624
29625
29626
29626
29630
29631
29635
29636
29639
29643
29645
29650
29651
29653
29661
29663
29663
29670
29674
29677
29677
29678
29680
29681
29682
29683
29684
29684
29698
29701
29706
29710
29712
29713
29717
29721
29730
29730
29732
29733
29733
29737
29740
29743
29746
29748
29753
29756
29760
29762
29769
29770
29771
29776
29776
29777
29778
29780
29781
29786
29787
29788
29789
29797
29800
29813
29819
29825
29834
29838
29846
29847
29853
29854
29855
29855
29861
29862
29875
29876
29878
29881
29881
29884
29884
29886
29887
29889
29890
29890
29894
29895
29897
29899
29906
29909
29909
29913
29917
29923
29924
29928
29936
29938
29941
29943
29943
29945
29947
29948
29949
29952
29953
29955
29956
29957
29959
29961
29965
29973
29974
29975
29977
29984
29986
29986
29986
29993
29995
29995
29995
29998
30001
30003
30004
30004
30005
30008
30008
30009
30010
30014
30016
30018
30019
30028
30029
30029
30035
30047
30049
30052
30052
30057
30057
30057
30061
30062
30062
30065
30065
30067
30068
30068
30071
30075
30081
30086
30087
30093
30093
30097
30099
30102
30107
30114
30119
30121
30123
30124
30125
30127
30128
30138
30138
30141
30142
30157
30160
30161
30166
30171
30183
30184
30184
30193
30195
30196
30197
30204
30206
30208
30214
30217
30218
30225
30227
30228
30228
30229
30230
30234
30236
30238
30240
30243
30247
30248
30255
30256
30257
30261
30265
30271
30277
30280
30281
30283
30287
30296
30306
30308
30308
30311
30316
30320
30324
30325
30329
30330
30336
30339
30348
30348
30350
30353
30356
30356
30358
30365
30368
30371
30376
30383
30386
30390
30397
30406
30411
30417
30421
30422
30435
30447
30450
30451
30456
30457
30462
30468
30473
30478
30480
30481
30486
30486
30487
30497
30498
30499
30500
30500
30508
30520
30524
30529
30532
30532
30532
30533
30535
30543
30543
30551
30555
30560
30569
30573
30574
30580
30587
30589
30593
30593
30598
30605
30609
30611
30614
30616
30625
30629
30629
30630
30630
30636
30638
30638
30640
30643
30644
30648
30653
30656
30658
30659
30661
30664
30665
30669
30671
30672
30673
30679
30690
30691
30693
30696
30703
30704
30705
30706
30708
30710
30710
30711
30712
30717
30717
30718
30721
30729
30731
30731
30739
30746
30751
30756
30758
30765
30772
30780
30781
30783
30783
30785
30786
30787
30787
30793
30793
30795
30800
30803
30805
30810
30815
30817
30821
30825
30828
30829
30830
30831
30832
30832
30834
30841
30843
30847
30859
30860
30862
30867
30868
30869
30870
30871
30872
30872
30873
30876
30878
30879
30881
30882
30883
30885
30886
30887
30895
30896
30896
30896
30897
30899
30903
30912
30915
30915
30917
30918
30925
30926
30928
30929
30930
30938
30939
30943
30943
30945
30946
30950
30953
30957
30962
30965
30966
30966
30969
30970
30971
30974
30982
30983
30986
30986
30991
30992
30993
30993
30994
30997
30999
31003
31006
31008
31012
31015
31021
31027
31029
31031
31034
31035
31037
31037
31040
31050
31052
31053
31054
31055
31055
31057
31060
31065
31071
31079
31095
31096
31096
31105
31109
31111
31116
31117
31117
31129
31129
31132
31132
31145
31149
31149
31152
31153
31153
31156
31159
31161
31162
31162
31163
31164
31166
31169
31169
31179
31187
31190
31190
31192
31193
31205
31207
31211
31225
31229
31231
31233
31233
31234
31235
31235
31238
31243
31249
31253
31254
31257
31259
31263
31265
31267
31270
31272
31275
31275
31279
31284
31288
31292
31293
31294
31297
31300
31301
31301
31303
31309
31319
31322
31324
31331
31332
31341
31342
31346
31349
31349
31350
31355
31359
31374
31376
31376
31381
31391
31393
31398
31401
31406
31407
31412
31413
31413
31414
31414
31423
31424
31425
31429
31429
31431
31432
31433
31433
31441
31443
31451
31453
31453
31455
31462
31470
31471
31476
31479
31491
31493
31510
31513
31518
31523
31525
31528
31529
31529
31533
31537
31541
31542
31543
31549
31550
31556
31559
31560
31573
31578
31579
31580
31580
31580
31593
31594
31596
31597
31602
31606
31608
31613
31615
31617
31617
31626
31632
31636
31637
31637
31637
31644
31646
31648
31649
31649
31652
31667
31668
31672
31676
31677
31683
31686
31688
31691
31693
31694
31695
31699
31700
31701
31705
31708
31709
31709
31709
31711
31713
31722
31723
31730
31731
31733
31733
31739
31740
31744
31746
31749
31751
31752
31756
31757
31762
31762
31765
31766
31767
31769
31775
31781
31781
31796
31798
31804
31804
31805
31812
31818
31819
31819
31822
31828
31830
31831
31832
31834
31835
31837
31842
31844
31846
31847
31849
31849
31850
31855
31855
31860
31862
31865
31867
31869
31870
31872
31874
31876
31878
31878
31879
31882
31882
31883
31890
31898
31899
31901
31901
31901
31904
31907
31908
31908
31909
31911
31918
31920
31922
31923
31926
31928
31933
31934
31936
31939
31951
31951
31956
31956
31960
31960
31972
31981
31989
31992
31994
31997
32002
32008
32008
32008
32008
32009
32010
32017
32022
32022
32023
32025
32029
32032
32033
32035
32036
32038
32039
32041
32042
32044
32044
32049
32054
32054
32055
32067
32068
32071
32075
32085
32086
32089
32091
32092
32094
32095
32098
32100
32102
32106
32107
32107
32109
32113
32119
32121
32125
32127
32128
32132
32136
32137
32137
32143
32147
32153
32153
32157
32160
32162
32165
32167
32175
32176
32186
32186
32188
32189
32191
32209
32216
32220
32226
32231
32232
32235
32237
32240
32244
32245
32246
32258
32261
32261
32264
32282
32284
32285
32291
32292
32292
32295
32297
32297
32300
32303
32309
32314
32321
32322
32323
32324
32326
32330
32334
32334
32337
32344
32347
32347
32348
32350
32352
32356
32357
32358
32363
32363
32375
32383
32388
32401
32403
32407
32409
32417
32418
32423
32433
32434
32435
32435
32442
32446
32448
32450
32451
32452
32455
32466
32466
32467
32469
32477
32479
32482
32485
32495
32496
32500
32509
32512
32512
32521
32523
32531
32533
32537
32538
32538
32542
32544
32544
32546
32546
32551
32561
32567
32568
32572
32583
32586
32587
32588
32600
32603
32609
32619
32625
32628
32630
32631
32636
32637
32646
32646
32648
32653
32656
32658
32661
32663
32666
32667
32675
32678
32678
32681
32681
32689
32690
32691
32691
32695
32695
32700
32700
32702
32714
32721
32723
32727
32733
32736
32738
32748
32753
32758
32760
32763
32767
32767
32767
