1
3
5
10
11
13
15
16
18
20
26
30
32
35
39
39
43
43
44
44
49
51
55
57
58
61
62
68
71
72
72
76
83
88
89
102
103
105
111
123
125
131
139
141
148
151
151
153
157
158
163
163
165
168
174
175
178
178
184
185
198
198
205
208
212
213
216
222
222
230
232
237
241
243
248
250
250
250
251
252
254
257
267
270
273
276
279
282
288
295
298
300
300
303
306
307
309
312
316
316
329
331
332
333
334
337
338
344
353
356
362
369
372
376
377
385
390
390
390
398
401
406
410
410
410
415
415
421
425
427
428
429
431
434
434
439
454
459
459
467
468
469
473
479
485
496
502
508
509
512
512
513
516
519
520
521
522
524
524
524
526
526
530
531
531
544
550
555
556
556
556
564
565
567
578
580
580
581
584
593
597
602
612
615
616
620
621
625
628
634
636
645
646
649
658
663
666
666
666
666
668
673
678
678
680
681
682
693
696
701
707
728
728
730
742
746
747
751
757
758
766
773
774
781
784
784
792
796
801
802
805
806
807
818
819
824
825
832
839
841
842
843
846
847
852
852
862
867
871
874
875
879
888
890
890
892
895
900
906
909
910
912
912
914
917
919
920
920
926
928
929
941
944
946
948
949
950
954
963
964
964
966
968
970
972
979
989
989
992
1000
1001
1005
1006
1007
1009
1009
1009
1012
1013
1014
1017
1019
1019
1027
1030
1031
1040
1050
1054
1057
1065
1070
1076
1079
1086
1086
1091
1091
1092
1098
1102
1104
1104
1107
1109
1111
1112
1114
1118
1120
1123
1125
1133
1134
1135
1136
1145
1147
1162
1163
1168
1171
1172
1176
1176
1177
1183
1188
1190
1191
1191
1192
1193
1193
1196
1198
1198
1214
1217
1220
1229
1234
1239
1242
1243
1243
1246
1246
1248
1249
1250
1250
1255
1261
1263
1266
1266
1270
1271
1275
1277
1277
1279
1282
1286
1293
1298
1304
1308
1312
1313
1319
1320
1320
1320
1322
1325
1326
1330
1336
1340
1342
1348
1349
1350
1350
1354
1355
1358
1358
1368
1369
1370
1373
1373
1382
1390
1405
1406
1420
1421
1423
1424
1438
1441
1446
1449
1454
1455
1459
1460
1462
1466
1468
1470
1471
1471
1473
1475
1475
1476
1480
1484
1484
1487
1501
1505
1508
1510
1512
1513
1518
1518
1521
1522
1524
1526
1528
1530
1531
1532
1539
1546
1547
1551
1553
1555
1555
1555
1561
1562
1565
1570
1578
1583
1587
1588
1605
1612
1621
1627
1627
1630
1632
1633
1633
1635
1641
1642
1644
1648
1655
1655
1657
1659
1666
1667
1669
1674
1676
1677
1682
1685
1685
1692
1695
1700
1703
1705
1705
1714
1714
1717
1717
1720
1721
1726
1729
1733
1734
1739
1739
1742
1743
1747
1749
1753
1756
1761
1762
1766
1769
1770
1770
1774
1780
1786
1788
1791
1800
1807
1808
1809
1809
1810
1810
1811
1811
1812
1817
1820
1824
1831
1831
1832
1832
1835
1840
1843
1846
1851
1867
1870
1875
1884
1886
1888
1889
1891
1891
1892
1893
1901
1902
1905
1912
1927
1929
1932
1941
1942
1944
1945
1949
1950
1955
1956
1964
1967
1968
1968
1968
1969
1969
1971
1975
1985
1986
1995
1996
1999
2001
2012
2015
2018
2019
2020
2022
2023
2023
2023
2025
2031
2033
2039
2045
2047
2047
2051
2057
2059
2059
2067
2068
2070
2070
2073
2078
2078
2090
2091
2091
2092
2095
2101
2104
2108
2109
2109
2115
2115
2115
2119
2125
2127
2128
2129
2130
2137
2144
2144
2148
2150
2156
2157
2159
2159
2160
2166
2174
2181
2183
2184
2196
2199
2207
2209
2220
2223
2230
2235
2235
2235
2238
2241
2244
2245
2246
2247
2250
2259
2260
2261
2274
2275
2284
2285
2287
2288
2297
2298
2299
2300
2303
2312
2318
2331
2334
2349
2350
2355
2357
2373
2378
2378
2382
2383
2390
2395
2397
2398
2400
2401
2402
2405
2406
2407
2408
2412
2414
2418
2419
2420
2425
2426
2428
2431
2431
2433
2435
2438
2448
2452
2471
2472
2474
2478
2478
2485
2487
2487
2487
2489
2491
2494
2497
2499
2499
2500
2504
2504
2510
2515
2516
2536
2536
2539
2541
2546
2552
2554
2556
2557
2557
2558
2560
2560
2565
2571
2574
2576
2580
2581
2581
2595
2597
2599
2600
2603
2614
2618
2618
2618
2618
2619
2621
2623
2627
2628
2631
2633
2638
2641
2643
2643
2644
2651
2666
2668
2668
2673
2675
2679
2686
2689
2692
2694
2695
2695
2702
2705
2705
2707
2713
2719
2721
2729
2730
2735
2738
2740
2756
2757
2758
2762
2762
2763
2766
2771
2771
2772
2780
2784
2784
2786
2787
2796
2797
2802
2803
2807
2812
2814
2819
2830
2830
2850
2862
2863
2873
2873
2873
2884
2886
2887
2895
2897
2898
2901
2902
2906
2908
2910
2911
2921
2923
2926
2936
2937
2937
2937
2938
2941
2943
2945
2953
2956
2961
2961
2963
2966
2966
2967
2974
2976
2978
2979
2986
2987
2989
2990
2995
2995
3001
3002
3003
3010
3016
3017
3028
3028
3030
3037
3039
3041
3046
3054
3056
3058
3059
3062
3064
3065
3085
3091
3098
3118
3123
3135
3137
3138
3138
3140
3143
3144
3151
3152
3157
3158
3159
3161
3164
3166
3178
3178
3180
3180
3181
3184
3184
3195
3201
3201
3202
3206
3211
3213
3213
3213
3220
3224
3224
3234
3236
3236
3237
3246
3249
3250
3256
3256
3257
3260
3265
3266
3271
3272
3276
3277
3284
3285
3286
3291
3295
3301
3306
3309
3315
3325
3326
3327
3328
3338
3348
3350
3356
3361
3361
3363
3366
3367
3368
3372
3375
3378
3378
3381
3385
3386
3392
3397
3403
3409
3410
3412
3412
3417
3419
3424
3425
3426
3428
3431
3438
3439
3448
3451
3451
3453
3463
3468
3468
3472
3473
3476
3477
3482
3483
3486
3492
3492
3497
3507
3512
3513
3513
3514
3520
3523
3524
3524
3529
3533
3535
3538
3539
3544
3545
3546
3549
3549
3550
3559
3571
3574
3579
3582
3589
3589
3593
3599
3601
3603
3603
3605
3610
3611
3612
3623
3638
3644
3657
3659
3673
3681
3685
3688
3690
3692
3693
3695
3700
3701
3702
3705
3706
3708
3708
3709
3711
3711
3712
3712
3714
3714
3724
3727
3730
3731
3731
3734
3734
3749
3753
3757
3760
3766
3773
3776
3777
3781
3782
3788
3803
3804
3815
3817
3822
3822
3823
3825
3827
3834
3844
3846
3848
3856
3865
3875
3880
3881
3881
3883
3887
3889
3890
3894
3895
3896
3900
3902
3905
3911
3915
3926
3933
3934
3936
3937
3937
3938
3940
3943
3944
3945
3949
3951
3956
3962
3966
3968
3969
3973
3975
3983
3986
3999
4002
4003
4011
4025
4031
4034
4034
4035
4035
4036
4037
4039
4042
4045
4047
4049
4050
4061
4063
4064
4076
4078
4078
4080
4089
4089
4096
4105
4107
4110
4110
4115
4119
4120
4121
4127
4133
4134
4147
4148
4154
4154
4155
4159
4161
4162
4169
4170
4172
4174
4176
4177
4177
4184
4184
4187
4187
4199
4203
4204
4207
4208
4213
4213
4226
4227
4232
4233
4234
4237
4239
4242
4245
4250
4250
4250
4253
4256
4256
4260
4265
4273
4273
4276
4281
4284
4288
4288
4291
4295
4298
4298
4300
4305
4309
4309
4310
4324
4327
4334
4335
4339
4341
4356
4357
4357
4359
4361
4366
4369
4372
4373
4374
4378
4381
4382
4384
4390
4392
4393
4395
4402
4404
4408
4412
4415
4416
4418
4423
4428
4429
4437
4440
4447
4449
4452
4452
4452
4458
4461
4466
4466
4468
4468
4470
4474
4481
4485
4488
4495
4499
4507
4517
4518
4518
4519
4520
4523
4526
4528
4538
4539
4547
4555
4565
4565
4567
4572
4575
4580
4583
4590
4594
4597
4603
4604
4605
4612
4613
4617
4619
4625
4634
4634
4637
4641
4646
4647
4649
4650
4653
4657
4657
4658
4660
4666
4668
4668
4670
4671
4675
4676
4681
4698
4712
4713
4714
4721
4731
4732
4740
4742
4742
4743
4743
4750
4752
4752
4753
4766
4772
4773
4784
4785
4790
4791
4794
4805
4805
4805
4807
4814
4817
4822
4828
4840
4841
4844
4844
4845
4856
4858
4863
4865
4875
4876
4879
4880
4882
4883
4883
4886
4888
4890
4892
4895
4898
4901
4906
4908
4908
4909
4914
4918
4919
4927
4929
4930
4932
4935
4936
4942
4946
4947
4957
4958
4959
4961
4961
4964
4981
4985
4985
4988
4990
4991
4992
5008
5009
5021
5023
5026
5037
5037
5041
5043
5058
5062
5063
5065
5067
5067
5068
5070
5070
5078
5079
5079
5085
5091
5091
5099
5107
5109
5117
5120
5126
5131
5135
5137
5140
5141
5145
5146
5149
5151
5152
5159
5160
5165
5167
5167
5176
5178
5180
5180
5183
5183
5184
5184
5187
5192
5195
5202
5203
5204
5221
5223
5225
5237
5243
5244
5251
5252
5256
5263
5264
5266
5268
5273
5279
5282
5288
5289
5293
5297
5309
5311
5313
5318
5326
5329
5329
5331
5333
5334
5337
5340
5345
5352
5354
5361
5364
5371
5372
5372
5376
5377
5381
5383
5385
5389
5389
5396
5397
5402
5409
5412
5423
5425
5431
5432
5432
5432
5436
5440
5441
5446
5447
5447
5449
5451
5453
5457
5461
5462
5465
5472
5480
5489
5490
5492
5494
5497
5509
5510
5514
5524
5529
5531
5532
5536
5538
5542
5547
5549
5552
5558
5560
5567
5568
5572
5582
5591
5595
5597
5600
5606
5608
5612
5620
5633
5634
5635
5635
5637
5641
5641
5645
5647
5649
5652
5652
5662
5664
5664
5666
5666
5669
5672
5677
5680
5683
5691
5695
5700
5704
5707
5709
5722
5731
5744
5745
5749
5750
5754
5758
5759
5775
5780
5785
5786
5787
5792
5792
5793
5793
5798
5798
5803
5806
5807
5809
5811
5814
5817
5817
5819
5820
5823
5824
5825
5825
5825
5831
5832
5834
5838
5841
5841
5843
5845
5845
5851
5870
5875
5877
5878
5878
5888
5888
5894
5897
5901
5909
5924
5927
5932
5936
5938
5940
5941
5950
5950
5950
5957
5958
5967
5968
5974
5975
5977
5985
5990
5990
5999
6006
6007
6009
6010
6016
6020
6024
6025
6026
6027
6028
6032
6035
6046
6047
6050
6051
6054
6063
6066
6069
6069
6071
6076
6083
6087
6089
6090
6090
6091
6092
6093
6098
6099
6108
6109
6110
6110
6113
6128
6148
6151
6151
6152
6152
6153
6155
6156
6157
6160
6161
6164
6171
6178
6179
6180
6183
6187
6189
6189
6192
6194
6195
6200
6201
6204
6208
6210
6217
6219
6219
6219
6222
6222
6222
6224
6226
6228
6229
6230
6231
6233
6242
6245
6251
6254
6256
6257
6263
6271
6280
6280
6281
6285
6295
6299
6301
6305
6306
6308
6314
6315
6317
6319
6319
6326
6328
6329
6337
6342
6344
6344
6345
6347
6347
6350
6357
6357
6359
6365
6367
6367
6368
6376
6378
6383
6387
6399
6409
6413
6426
6430
6445
6446
6450
6451
6451
6453
6453
6454
6455
6455
6465
6465
6467
6478
6482
6486
6487
6488
6489
6489
6493
6496
6496
6501
6506
6507
6510
6511
6515
6515
6522
6527
6528
6534
6543
6549
6551
6553
6555
6558
6565
6566
6567
6573
6575
6577
6578
6579
6579
6584
6586
6587
6588
6589
6593
6598
6601
6602
6606
6608
6619
6621
6621
6626
6628
6637
6639
6641
6643
6644
6647
6648
6649
6649
6667
6670
6672
6674
6674
6680
6685
6686
6698
6700
6700
6704
6704
6705
6705
6710
6711
6720
6723
6724
6726
6735
6736
6738
6740
6748
6749
6753
6756
6758
6761
6762
6768
6772
6774
6775
6781
6786
6788
6788
6789
6790
6794
6795
6797
6803
6806
6807
6812
6816
6818
6819
6820
6821
6823
6829
6830
6831
6838
6838
6851
6856
6865
6865
6865
6867
6870
6870
6870
6872
6873
6882
6882
6883
6885
6889
6909
6909
6909
6912
6913
6921
6923
6926
6931
6938
6941
6946
6954
6958
6961
6965
6969
6982
6985
6986
6988
6991
6995
6997
7000
7004
7017
7022
7028
7044
7052
7063
7068
7071
7073
7074
7079
7082
7087
7096
7102
7103
7104
7112
7113
7119
7125
7137
7139
7140
7142
7143
7145
7146
7147
7148
7148
7155
7161
7162
7175
7180
7182
7184
7189
7189
7189
7190
7196
7201
7205
7205
7207
7208
7209
7213
7215
7216
7220
7224
7229
7234
7239
7243
7246
7247
7256
7258
7261
7263
7264
7267
7273
7274
7274
7280
7284
7293
7301
7305
7310
7311
7311
7312
7313
7320
7322
7322
7324
7331
7332
7344
7344
7346
7350
7351
7356
7360
7361
7367
7369
7376
7377
7378
7380
7383
7386
7387
7391
7394
7394
7402
7402
7403
7406
7407
7410
7413
7416
7416
7416
7424
7431
7434
7435
7437
7439
7439
7439
7440
7441
7443
7444
7447
7448
7449
7452
7453
7453
7455
7456
7459
7462
7463
7463
7466
7466
7468
7475
7478
7492
7497
7500
7502
7509
7521
7522
7539
7542
7550
7556
7560
7562
7566
7569
7569
7576
7581
7585
7585
7585
7598
7601
7602
7604
7605
7611
7612
7626
7629
7636
7640
7643
7645
7645
7646
7648
7655
7658
7658
7659
7662
7663
7663
7667
7668
7668
7677
7680
7686
7687
7687
7687
7693
7696
7698
7700
7705
7706
7708
7710
7719
7721
7725
7735
7741
7741
7742
7744
7744
7747
7751
7753
7763
7766
7768
7770
7770
7773
7775
7783
7788
7789
7789
7789
7793
7803
7805
7805
7809
7811
7817
7820
7822
7826
7826
7828
7831
7831
7836
7839
7842
7845
7846
7847
7850
7864
7869
7870
7874
7875
7877
7883
7887
7888
7890
7894
7897
7897
7905
7909
7910
7917
7926
7929
7931
7933
7934
7934
7938
7943
7946
7950
7960
7963
7963
7964
7964
7968
7971
7971
7978
7982
7994
8000
8001
8007
8008
8011
8012
8016
8020
8021
8023
8023
8024
8024
8027
8032
8039
8041
8044
8047
8048
8049
8049
8057
8061
8071
8072
8073
8075
8079
8080
8084
8093
8094
8098
8098
8102
8108
8109
8111
8128
8130
8136
8137
8142
8142
8143
8151
8153
8153
8158
8159
8162
8168
8174
8175
8180
8180
8185
8185
8185
8186
8186
8187
8187
8203
8204
8205
8206
8207
8210
8211
8212
8212
8215
8221
8224
8224
8231
8232
8234
8236
8238
8242
8249
8262
8264
8264
8265
8275
8278
8278
8279
8283
8287
8292
8298
8301
8304
8304
8315
8319
8320
8321
8322
8323
8324
8324
8324
8332
8340
8341
8344
8349
8352
8354
8356
8356
8359
8367
8367
8371
8373
8376
8376
8383
8384
8391
8393
8396
8398
8405
8410
8414
8416
8423
8426
8428
8433
8434
8439
8439
8444
8444
8446
8447
8448
8448
8450
8451
8452
8456
8457
8459
8460
8461
8462
8464
8465
8470
8471
8472
8477
8477
8481
8483
8487
8490
8502
8505
8509
8511
8515
8517
8524
8524
8524
8525
8530
8545
8547
8548
8549
8549
8553
8556
8560
8561
8561
8567
8571
8572
8574
8575
8585
8588
8591
8591
8592
8600
8603
8604
8606
8607
8610
8618
8620
8628
8631
8633
8646
8649
8650
8655
8659
8659
8662
8665
8667
8672
8677
8678
8685
8689
8692
8696
8697
8700
8702
8710
8718
8721
8722
8725
8732
8733
8735
8736
8738
8749
8752
8756
8757
8759
8761
8763
8768
8771
8772
8774
8775
8778
8778
8780
8783
8789
8792
8793
8799
8802
8804
8808
8809
8816
8817
8819
8821
8822
8825
8826
8832
8835
8835
8839
8845
8846
8846
8846
8847
8850
8857
8860
8865
8868
8871
8872
8873
8880
8882
8884
8890
8892
8894
8902
8903
8904
8914
8915
8918
8920
8921
8929
8930
8930
8942
8942
8944
8949
8951
8952
8959
8960
8962
8964
8965
8967
8968
8969
8978
8979
8982
8983
8984
8991
8996
8997
9011
9014
9014
9018
9024
9033
9034
9034
9034
9036
9038
9042
9042
9045
9050
9057
9058
9064
9065
9066
9067
9069
9075
9079
9081
9085
9087
9088
9090
9091
9092
9092
9096
9103
9107
9107
9111
9112
9112
9116
9117
9120
9122
9126
9128
9131
9134
9135
9139
9144
9148
9149
9151
9153
9154
9156
9158
9159
9162
9168
9170
9174
9178
9179
9180
9186
9192
9202
9202
9207
9212
9216
9218
9226
9227
9229
9235
9242
9244
9249
9249
9250
9253
9254
9257
9267
9268
9270
9270
9272
9274
9276
9277
9279
9286
9286
9288
9293
9298
9301
9303
9304
9307
9309
9309
9312
9317
9327
9327
9336
9337
9341
9348
9350
9351
9356
9357
9363
9364
9365
9367
9384
9386
9389
9392
9392
9394
9404
9407
9408
9414
9419
9427
9428
9432
9441
9444
9446
9446
9453
9455
9456
9459
9468
9471
9479
9482
9484
9485
9486
9488
9490
9491
9491
9492
9492
9495
9504
9504
9505
9506
9507
9515
9516
9519
9520
9521
9529
9536
9539
9540
9542
9549
9550
9551
9554
9560
9567
9580
9581
9592
9595
9598
9599
9600
9605
9606
9607
9608
9608
9611
9612
9616
9618
9619
9633
9634
9636
9639
9648
9652
9652
9654
9654
9657
9658
9659
9665
9665
9668
9674
9674
9675
9676
9677
9681
9681
9688
9689
9694
9697
9698
9703
9709
9714
9718
9719
9724
9729
9732
9735
9739
9740
9744
9747
9749
9752
9755
9758
9760
9761
9762
9767
9771
9779
9783
9785
9787
9788
9794
9804
9808
9809
9809
9809
9815
9815
9815
9816
9816
9818
9818
9823
9823
9828
9832
9835
9839
9857
9858
9864
9868
9874
9876
9879
9882
9894
9897
9906
9907
9908
9910
9913
9916
9917
9919
9921
9924
9925
9925
9926
9929
9932
9933
9940
9959
9961
9966
9968
9969
9975
9976
9980
9980
9981
9983
9985
9985
9986
9987
9990
9990
9992
9994
9997
10008
10008
10014
10014
10017
10023
10025
10028
10029
10033
10035
10035
10038
10045
10046
10049
10054
10057
10058
10058
10059
10060
10062
10062
10066
10073
10078
10081
10082
10082
10088
10089
10094
10098
10099
10100
10100
10101
10107
10113
10115
10117
10122
10126
10126
10131
10133
10134
10136
10137
10139
10139
10140
10141
10143
10144
10145
10149
10155
10166
10168
10174
10183
10186
10186
10187
10198
10201
10201
10202
10206
10208
10208
10211
10211
10215
10218
10224
10228
10230
10230
10240
10244
10244
10256
10262
10264
10267
10270
10272
10281
10290
10290
10291
10294
10296
10298
10300
10302
10304
10306
10306
10314
10315
10323
10328
10329
10337
10338
10341
10342
10344
10344
10345
10351
10352
10354
10356
10357
10358
10366
10368
10371
10373
10374
10376
10376
10376
10378
10382
10387
10391
10395
10398
10399
10400
10404
10405
10406
10406
10410
10410
10412
10422
10423
10423
10426
10430
10435
10435
10442
10445
10452
10453
10455
10457
10460
10464
10468
10472
10482
10485
10490
10492
10492
10493
10493
10500
10501
10510
10512
10514
10515
10519
10525
10527
10539
10551
10554
10555
10559
10561
10562
10564
10564
10565
10568
10569
10571
10575
10576
10578
10582
10583
10585
10585
10588
10591
10591
10593
10594
10594
10602
10603
10605
10607
10609
10610
10615
10619
10620
10621
10626
10628
10635
10639
10641
10650
10654
10654
10655
10657
10658
10659
10660
10661
10665
10670
10674
10675
10680
10683
10689
10691
10691
10694
10694
10696
10696
10697
10702
10703
10709
10719
10722
10736
10736
10738
10745
10747
10750
10752
10765
10769
10771
10775
10786
10787
10790
10796
10797
10801
10807
10809
10812
10814
10826
10834
10834
10838
10843
10847
10851
10852
10854
10854
10858
10859
10860
10864
10871
10873
10874
10874
10877
10882
10891
10897
10899
10904
10905
10911
10912
10913
10915
10921
10924
10926
10926
10927
10928
10932
10938
10944
10948
10949
10953
10956
10957
10957
10958
10963
10965
10965
10966
10970
10975
10976
10985
10990
10991
10992
11000
11002
11003
11005
11010
11015
11016
11021
11022
11023
11023
11023
11025
11026
11027
11029
11034
11039
11050
11052
11055
11057
11057
11058
11062
11065
11065
11066
11070
11075
11075
11080
11085
11088
11091
11092
11093
11097
11099
11102
11106
11106
11109
11113
11114
11117
11128
11132
11133
11136
11146
11148
11152
11164
11165
11167
11167
11175
11175
11179
11179
11181
11189
11193
11194
11196
11206
11218
11220
11226
11226
11228
11231
11233
11239
11240
11245
11245
11246
11255
11257
11262
11268
11277
11277
11296
11307
11310
11311
11320
11328
11334
11334
11336
11339
11342
11343
11348
11348
11351
11354
11354
11362
11363
11363
11369
11369
11370
11371
11371
11374
11375
11380
11382
11383
11385
11388
11389
11391
11392
11393
11393
11394
11394
11395
11396
11400
11402
11405
11406
11407
11408
11409
11409
11413
11414
11418
11422
11440
11441
11442
11449
11456
11458
11458
11460
11466
11466
11474
11475
11479
11485
11485
11485
11492
11492
11493
11497
11498
11502
11505
11509
11510
11512
11513
11516
11518
11518
11533
11535
11535
11542
11551
11553
11555
11559
11562
11563
11565
11568
11572
11576
11577
11595
11595
11600
11601
11601
11602
11608
11608
11612
11617
11618
11634
11636
11638
11641
11643
11647
11648
11648
11651
11652
11653
11654
11655
11657
11657
11670
11671
11677
11681
11684
11686
11688
11696
11696
11697
11698
11703
11707
11707
11711
11718
11722
11724
11727
11729
11733
11737
11737
11742
11754
11758
11761
11763
11764
11765
11766
11769
11780
11780
11783
11786
11792
11793
11801
11803
11806
11815
11815
11830
11831
11833
11834
11835
11838
11839
11839
11841
11850
11854
11858
11862
11864
11867
11870
11871
11871
11889
11890
11898
11899
11910
11911
11915
11915
11927
11939
11949
11951
11955
11955
11959
11965
11968
11969
11972
11975
11981
11986
11986
11993
11998
12002
12002
12003
12006
12009
12013
12019
12019
12022
12024
12027
12031
12035
12036
12036
12038
12043
12044
12047
12048
12063
12074
12076
12077
12082
12086
12086
12087
12090
12094
12097
12098
12105
12106
12107
12108
12111
12121
12128
12130
12136
12138
12139
12145
12148
12153
12154
12161
12170
12175
12182
12187
12189
12190
12191
12191
12196
12198
12200
12207
12208
12210
12211
12215
12216
12217
12218
12221
12224
12241
12242
12245
12248
12255
12257
12262
12262
12266
12267
12270
12277
12279
12279
12286
12287
12290
12297
12297
12298
12302
12302
12308
12315
12322
12323
12325
12345
12347
12349
12352
12357
12357
12364
12364
12373
12375
12387
12388
12389
12391
12393
12400
12403
12404
12405
12407
12409
12410
12412
12415
12415
12415
12417
12419
12426
12428
12433
12437
12439
12445
12446
12453
12456
12457
12461
12462
12463
12466
12468
12469
12469
12472
12476
12479
12480
12484
12487
12499
12509
12512
12516
12523
12523
12528
12529
12532
12533
12533
12535
12535
12538
12539
12540
12543
12544
12545
12546
12560
12568
12569
12572
12574
12575
12575
12576
12585
12587
12590
12591
12591
12594
12594
12600
12602
12604
12612
12612
12613
12614
12615
12616
12619
12620
12626
12626
12629
12629
12644
12646
12646
12650
12651
12651
12659
12670
12674
12675
12676
12682
12684
12684
12686
12688
12692
12696
12701
12704
12704
12705
12705
12711
12717
12718
12719
12720
12730
12732
12737
12737
12740
12755
12758
12760
12763
12764
12765
12767
12767
12776
12781
12781
12784
12785
12786
12787
12791
12797
12800
12801
12802
12805
12806
12808
12812
12813
12815
12816
12820
12822
12823
12825
12831
12835
12845
12849
12851
12853
12856
12857
12869
12876
12876
12877
12878
12880
12881
12881
12887
12893
12897
12902
12904
12905
12912
12913
12913
12914
12918
12920
12920
12924
12925
12927
12930
12930
12930
12936
12942
12946
12953
12954
12956
12958
12960
12963
12964
12964
12964
12966
12971
12972
12976
12976
12976
12977
12986
12992
12992
12993
12993
12993
12994
12998
12998
13003
13006
13009
13011
13012
13012
13015
13017
13017
13019
13023
13025
13031
13037
13038
13042
13042
13047
13052
13054
13056
13061
13062
13063
13064
13069
13070
13074
13077
13083
13087
13087
13090
13096
13098
13098
13103
13104
13106
13109
13113
13113
13113
13118
13118
13119
13119
13120
13138
13141
13150
13152
13153
13157
13159
13160
13164
13166
13167
13167
13169
13169
13170
13176
13176
13177
13179
13180
13182
13182
13189
13189
13192
13197
13197
13197
13199
13200
13200
13201
13203
13205
13205
13212
13222
13223
13228
13229
13232
13232
13234
13235
13236
13238
13251
13253
13255
13256
13262
13262
13264
13265
13267
13271
13272
13275
13275
13275
13276
13276
13280
13280
13288
13290
13292
13293
13294
13294
13295
13297
13310
13311
13313
13317
13320
13322
13325
13326
13336
13337
13338
13339
13341
13343
13346
13348
13348
13356
13359
13365
13366
13367
13370
13372
13373
13380
13383
13385
13388
13395
13397
13401
13401
13402
13406
13407
13409
13413
13414
13416
13418
13418
13427
13428
13431
13432
13438
13438
13440
13441
13447
13452
13454
13457
13468
13474
13476
13477
13483
13484
13489
13490
13491
13494
13502
13503
13504
13506
13511
13516
13517
13517
13520
13521
13521
13525
13526
13527
13528
13528
13529
13530
13532
13532
13537
13540
13542
13548
13548
13548
13550
13551
13552
13553
13561
13563
13564
13564
13577
13578
13586
13589
13593
13595
13599
13601
13602
13604
13613
13617
13621
13625
13626
13627
13627
13628
13633
13633
13636
13641
13642
13643
13647
13650
13658
13658
13663
13664
13669
13669
13671
13676
13678
13679
13679
13692
13696
13698
13699
13711
13712
13712
13713
13715
13721
13724
13727
13728
13728
13738
13746
13746
13750
13750
13751
13754
13754
13756
13759
13765
13766
13773
13775
13785
13785
13790
13794
13799
13800
13803
13806
13807
13809
13815
13823
13832
13834
13842
13846
13849
13857
13858
13859
13861
13863
13866
13866
13868
13869
13870
13874
13879
13889
13889
13890
13894
13897
13899
13900
13901
13902
13907
13907
13910
13911
13913
13913
13914
13915
13916
13922
13926
13930
13931
13935
13935
13937
13941
13943
13943
13943
13944
13945
13945
13946
13955
13955
13958
13960
13975
13979
13983
13986
13990
13991
13991
14001
14005
14008
14010
14013
14014
14028
14031
14034
14037
14042
14043
14046
14047
14050
14056
14067
14067
14069
14072
14079
14079
14080
14085
14086
14087
14094
14098
14101
14103
14104
14106
14111
14115
14116
14120
14130
14132
14134
14136
14142
14154
14155
14156
14169
14176
14176
14179
14183
14183
14183
14185
14188
14190
14191
14191
14199
14207
14210
14211
14217
14221
14221
14225
14226
14228
14229
14240
14241
14241
14241
14243
14243
14246
14246
14249
14251
14257
14260
14261
14263
14272
14279
14291
14312
14313
14313
14314
14319
14338
14339
14342
14344
14350
14351
14351
14356
14356
14358
14359
14362
14369
14369
14371
14372
14381
14382
14389
14390
14395
14395
14397
14398
14399
14400
14402
14407
14408
14417
14420
14426
14429
14432
14434
14444
14447
14449
14451
14459
14467
14470
14474
14484
14486
14486
14488
14490
14495
14496
14496
14497
14498
14502
14502
14504
14505
14505
14520
14521
14525
14526
14530
14536
14537
14540
14544
14545
14547
14553
14556
14560
14560
14563
14566
14577
14579
14580
14582
14584
14594
14595
14598
14600
14602
14603
14610
14611
14616
14617
14618
14620
14622
14625
14630
14632
14634
14636
14637
14640
14641
14643
14643
14643
14645
14655
14658
14662
14664
14668
14675
14682
14684
14688
14692
14692
14699
14712
14713
14715
14719
14719
14726
14735
14740
14745
14747
14747
14750
14753
14754
14756
14757
14758
14764
14774
14777
14780
14782
14784
14784
14785
14785
14788
14788
14793
14795
14795
14796
14796
14800
14801
14814
14816
14819
14820
14822
14823
14824
14833
14839
14839
14840
14841
14848
14850
14851
14852
14852
14863
14863
14868
14874
14875
14879
14883
14885
14888
14888
14889
14890
14891
14892
14896
14905
14908
14910
14914
14916
14918
14918
14930
14930
14931
14934
14939
14941
14945
14950
14951
14951
14971
14972
14974
14974
14981
14982
14982
14985
14986
14990
14993
14993
14994
14994
14995
14996
14996
14998
15007
15010
15015
15020
15024
15025
15029
15033
15037
15038
15045
15049
15049
15054
15057
15059
15063
15064
15073
15076
15078
15079
15084
15084
15093
15094
15095
15097
15098
15102
15109
15112
15113
15118
15118
15127
15130
15132
15133
15133
15137
15141
15147
15153
15156
15166
15172
15177
15180
15186
15187
15191
15206
15210
15211
15212
15214
15214
15216
15218
15221
15225
15225
15229
15232
15233
15237
15240
15244
15247
15248
15255
15256
15259
15263
15266
15266
15266
15271
15273
15276
15280
15285
15286
15289
15292
15294
15296
15299
15303
15310
15311
15314
15314
15316
15317
15320
15324
15327
15328
15331
15333
15333
15346
15349
15350
15350
15351
15355
15355
15361
15364
15365
15367
15368
15369
15373
15374
15377
15380
15382
15384
15389
15390
15395
15396
15400
15403
15404
15404
15406
15407
15407
15421
15423
15424
15426
15427
15429
15439
15440
15443
15444
15448
15449
15449
15449
15450
15453
15460
15466
15468
15471
15472
15473
15475
15478
15480
15485
15486
15487
15487
15490
15491
15491
15493
15494
15499
15499
15501
15503
15503
15504
15505
15507
15512
15518
15520
15524
15524
15525
15526
15528
15529
15531
15532
15534
15540
15541
15545
15546
15546
15546
15547
15549
15550
15557
15561
15567
15570
15570
15571
15572
15576
15580
15586
15590
15592
15594
15596
15602
15606
15607
15615
15620
15620
15622
15623
15626
15630
15634
15635
15636
15636
15636
15642
15647
15647
15649
15651
15657
15658
15659
15663
15664
15667
15671
15671
15679
15684
15686
15686
15689
15693
15695
15695
15712
15718
15725
15725
15727
15728
15729
15738
15738
15743
15743
15746
15748
15748
15748
15753
15756
15757
15757
15760
15762
15772
15773
15773
15774
15776
15787
15788
15790
15793
15794
15795
15799
15802
15803
15804
15813
15820
15834
15838
15839
15843
15851
15857
15858
15859
15860
15863
15868
15870
15874
15884
15899
15912
15914
15914
15916
15917
15918
15922
15931
15932
15935
15939
15939
15940
15943
15955
15961
15962
15964
15967
15969
15970
15971
15972
15973
15973
15988
15991
15994
15996
15996
15999
16000
16005
16011
16011
16011
16019
16023
16026
16027
16028
16031
16032
16044
16048
16050
16053
16058
16059
16060
16070
16072
16078
16082
16084
16085
16089
16089
16095
16101
16103
16107
16108
16111
16114
16114
16120
16125
16125
16125
16131
16135
16136
16136
16142
16144
16144
16148
16150
16152
16153
16154
16156
16158
16161
16162
16163
16165
16171
16172
16174
16175
16179
16183
16184
16187
16193
16195
16198
16202
16207
16209
16210
16214
16215
16218
16226
16231
16233
16240
16244
16247
16248
16248
16253
16255
16263
16267
16272
16274
16284
16290
16292
16292
16296
16296
16297
16309
16309
16313
16325
16332
16336
16340
16346
16347
16348
16352
16353
16356
16359
16359
16361
16367
16370
16372
16374
16376
16380
16385
16387
16390
16395
16397
16400
16401
16403
16404
16411
16413
16414
16423
16424
16432
16452
16453
16455
16456
16462
16465
16474
16478
16478
16479
16484
16486
16488
16491
16491
16492
16497
16499
16500
16501
16502
16502
16508
16512
16513
16518
16524
16527
16528
16532
16533
16533
16534
16544
16549
16556
16562
16571
16575
16577
16579
16581
16582
16592
16594
16599
16605
16607
16610
16613
16614
16615
16616
16622
16623
16624
16629
16630
16632
16633
16637
16653
16655
16666
16666
16667
16668
16669
16675
16676
16679
16679
16680
16684
16684
16685
16687
16688
16689
16703
16707
16708
16711
16713
16714
16721
16722
16722
16725
16725
16727
16730
16734
16736
16740
16742
16745
16749
16752
16753
16754
16754
16755
16756
16763
16765
16769
16769
16772
16783
16784
16786
16790
16793
16793
16800
16803
16805
16815
16816
16816
16817
16819
16822
16824
16831
16832
16834
16834
16843
16843
16844
16845
16857
16862
16863
16887
16892
16899
16911
16912
16914
16916
16916
16920
16920
16925
16927
16930
16932
16935
16936
16946
16948
16949
16954
16955
16958
16960
16961
16962
16966
16967
16969
16970
16979
16981
16986
16990
16995
16999
17000
17003
17005
17007
17017
17019
17029
17031
17031
17032
17035
17039
17042
17046
17049
17052
17055
17061
17061
17064
17065
17069
17077
17083
17089
17090
17092
17093
17100
17101
17108
17109
17112
17117
17132
17134
17136
17142
17143
17145
17147
17160
17163
17165
17167
17168
17170
17172
17181
17183
17184
17185
17185
17186
17188
17190
17191
17192
17193
17194
17196
17201
17205
17205
17209
17211
17211
17211
17214
17217
17217
17226
17226
17228
17229
17235
17243
17245
17246
17248
17251
17251
17252
17260
17262
17270
17272
17273
17278
17286
17288
17289
17290
17298
17309
17310
17310
17310
17310
17313
17314
17319
17320
17321
17322
17334
17335
17335
17344
17347
17348
17350
17350
17352
17364
17369
17369
17370
17372
17376
17378
17381
17383
17389
17391
17401
17402
17409
17414
17415
17417
17418
17419
17420
17428
17431
17431
17442
17442
17443
17444
17449
17450
17451
17458
17461
17467
17472
17475
17481
17484
17484
17486
17492
17497
17497
17510
17513
17514
17521
17522
17522
17527
17527
17529
17536
17551
17552
17554
17560
17561
17565
17565
17578
17582
17585
17585
17585
17590
17594
17599
17601
17601
17604
17608
17620
17623
17624
17625
17626
17626
17627
17630
17630
17632
17633
17634
17638
17647
17650
17652
17656
17658
17668
17670
17675
17679
17682
17686
17688
17693
17701
17702
17703
17706
17710
17712
17722
17729
17729
17730
17732
17735
17740
17741
17742
17748
17756
17766
17766
17769
17770
17772
17774
17780
17784
17786
17789
17790
17791
17793
17797
17798
17800
17803
17804
17804
17806
17811
17812
17813
17818
17821
17823
17833
17840
17841
17842
17844
17848
17848
17848
17851
17856
17857
17865
17868
17870
17871
17873
17874
17875
17875
17875
17887
17891
17893
17893
17894
17896
17898
17900
17901
17908
17910
17914
17915
17916
17916
17919
17920
17925
17925
17930
17932
17933
17936
17937
17941
17949
17953
17954
17957
17961
17963
17966
17977
17979
17984
17987
17989
17995
18001
18006
18012
18013
18016
18016
18017
18020
18023
18029
18035
18036
18039
18041
18057
18060
18061
18069
18072
18077
18077
18082
18085
18089
18089
18092
18098
18103
18103
18107
18117
18117
18121
18121
18125
18131
18135
18140
18141
18143
18145
18155
18163
18165
18165
18165
18169
18170
18174
18181
18185
18187
18188
18188
18189
18191
18195
18202
18204
18205
18206
18206
18209
18212
18214
18215
18216
18218
18219
18221
18222
18231
18232
18235
18235
18237
18238
18239
18241
18244
18245
18250
18250
18253
18254
18256
18258
18260
18263
18265
18267
18271
18275
18276
18277
18277
18280
18282
18286
18288
18288
18293
18295
18295
18296
18297
18303
18307
18313
18314
18315
18322
18325
18330
18336
18338
18344
18348
18352
18356
18361
18374
18383
18383
18386
18393
18400
18405
18406
18410
18414
18417
18421
18430
18430
18431
18433
18435
18438
18440
18442
18446
18451
18456
18456
18457
18460
18461
18462
18465
18466
18473
18475
18477
18477
18477
18483
18489
18492
18493
18494
18495
18497
18500
18506
18510
18511
18516
18518
18521
18525
18526
18527
18530
18531
18531
18533
18535
18535
18541
18546
18548
18550
18553
18555
18557
18561
18561
18561
18563
18566
18566
18567
18572
18581
18582
18588
18591
18593
18594
18601
18604
18606
18607
18617
18622
18628
18630
18634
18640
18642
18644
18647
18649
18649
18654
18658
18658
18661
18663
18663
18667
18682
18685
18691
18695
18697
18708
18708
18709
18711
18712
18713
18714
18716
18722
18724
18730
18732
18733
18741
18748
18748
18758
18758
18761
18761
18762
18771
18778
18779
18785
18798
18799
18800
18806
18807
18808
18810
18811
18816
18830
18832
18840
18840
18841
18847
18851
18853
18854
18855
18862
18867
18868
18870
18871
18881
18882
18884
18896
18901
18907
18907
18925
18926
18928
18930
18931
18933
18935
18936
18941
18944
18945
18948
18949
18951
18952
18955
18956
18958
18959
18965
18966
18970
18972
18977
18979
18979
18981
18989
19007
19009
19011
19013
19014
19022
19023
19026
19026
19033
19037
19043
19044
19048
19056
19057
19064
19064
19064
19068
19070
19071
19077
19083
19085
19100
19100
19103
19110
19112
19113
19118
19125
19128
19130
19133
19146
19152
19155
19166
19171
19171
19172
19177
19181
19182
19182
19184
19187
19187
19188
19189
19190
19192
19193
19200
19204
19210
19211
19212
19213
19214
19216
19219
19219
19220
19223
19226
19237
19239
19243
19248
19253
19259
19276
19280
19283
19284
19286
19290
19291
19293
19293
19294
19297
19298
19302
19302
19303
19303
19313
19315
19316
19316
19316
19317
19319
19320
19325
19335
19339
19339
19349
19354
19356
19361
19362
19368
19369
19371
19373
19374
19375
19384
19384
19387
19389
19389
19393
19404
19409
19410
19413
19413
19417
19420
19422
19425
19428
19428
19428
19432
19433
19435
19441
19441
19444
19445
19446
19449
19449
19450
19451
19454
19454
19457
19461
19464
19464
19467
19468
19469
19469
19469
19470
19471
19473
19475
19476
19477
19481
19483
19483
19490
19492
19493
19499
19502
19502
19504
19506
19508
19513
19515
19521
19532
19535
19536
19541
19544
19552
19552
19562
19571
19574
19584
19587
19591
19601
19605
19605
19605
19610
19611
19612
19617
19628
19630
19630
19633
19639
19640
19640
19641
19645
19646
19651
19653
19654
19655
19656
19659
19660
19671
19680
19684
19691
19692
19692
19704
19705
19710
19716
19720
19728
19730
19733
19737
19737
19738
19739
19744
19745
19746
19748
19752
19754
19756
19758
19758
19760
19765
19770
19777
19778
19781
19796
19797
19802
19809
19810
19811
19813
19823
19828
19829
19839
19841
19842
19843
19848
19851
19851
19858
19858
19863
19863
19863
19880
19886
19886
19891
19891
19892
19893
19901
19904
19904
19907
19909
19911
19915
19920
19921
19926
19926
19929
19940
19948
19948
19950
19958
19959
19964
19970
19971
19974
19977
19984
19986
19988
19990
20000
20003
20005
20014
20016
20027
20033
20034
20040
20041
20054
20056
20059
20062
20062
20063
20064
20065
20065
20066
20067
20075
20077
20077
20079
20079
20079
20084
20087
20091
20097
20106
20107
20113
20113
20113
20119
20122
20128
20129
20131
20141
20144
20153
20155
20157
20158
20159
20163
20166
20170
20170
20172
20179
20190
20192
20193
20195
20195
20195
20196
20196
20197
20201
20202
20205
20209
20211
20211
20212
20213
20222
20222
20225
20227
20227
20228
20231
20235
20236
20236
20244
20248
20260
20267
20274
20274
20274
20287
20289
20290
20293
20295
20304
20308
20318
20318
20319
20327
20332
20333
20335
20337
20338
20340
20341
20352
20354
20357
20360
20364
20367
20372
20375
20375
20379
20380
20388
20389
20394
20398
20400
20401
20403
20406
20410
20410
20413
20418
20421
20423
20428
20429
20433
20441
20449
20450
20451
20454
20460
20466
20467
20471
20478
20482
20482
20487
20489
20489
20490
20490
20496
20507
20509
20509
20509
20515
20529
20529
20530
20531
20534
20534
20537
20542
20542
20547
20550
20559
20568
20572
20573
20576
20581
20582
20584
20589
20591
20593
20596
20596
20596
20597
20602
20603
20604
20606
20606
20608
20617
20617
20619
20619
20622
20624
20628
20633
20637
20645
20646
20652
20653
20654
20654
20662
20672
20673
20675
20677
20679
20683
20683
20684
20686
20686
20689
20701
20704
20704
20716
20717
20717
20726
20729
20730
20739
20742
20745
20745
20750
20751
20752
20753
20765
20765
20766
20773
20777
20779
20780
20785
20786
20792
20793
20793
20800
20804
20806
20808
20810
20817
20838
20839
20841
20842
20843
20853
20853
20854
20860
20864
20864
20868
20868
20868
20874
20876
20878
20879
20879
20892
20895
20895
20903
20904
20918
20918
20919
20923
20925
20932
20933
20933
20934
20935
20937
20938
20941
20946
20947
20950
20958
20959
20961
20963
20965
20967
20972
20972
20977
20978
20980
20987
20992
20992
20994
20995
20999
21007
21020
21023
21027
21029
21034
21035
21052
21057
21062
21069
21071
21073
21073
21077
21085
21089
21090
21090
21097
21101
21105
21107
21111
21112
21114
21118
21120
21128
21131
21132
21141
21141
21142
21143
21145
21146
21152
21165
21165
21175
21179
21181
21182
21192
21198
21200
21202
21208
21209
21210
21211
21212
21212
21216
21221
21225
21229
21235
21237
21237
21238
21240
21243
21248
21250
21251
21254
21255
21258
21258
21270
21280
21282
21295
21298
21300
21305
21310
21316
21322
21325
21334
21339
21339
21342
21351
21355
21357
21358
21362
21367
21372
21389
21390
21393
21394
21400
21402
21402
21402
21403
21404
21406
21421
21422
21428
21429
21432
21439
21445
21450
21452
21455
21464
21470
21471
21479
21480
21482
21483
21485
21485
21486
21491
21495
21500
21515
21517
21523
21523
21527
21530
21531
21532
21538
21545
21546
21547
21549
21550
21550
21550
21552
21555
21561
21563
21564
21564
21566
21567
21571
21572
21578
21581
21581
21582
21587
21589
21590
21598
21603
21612
21613
21617
21619
21620
21622
21622
21624
21624
21624
21624
21628
21631
21641
21643
21647
21647
21651
21652
21654
21668
21669
21670
21675
21676
21678
21682
21682
21684
21690
21693
21700
21702
21704
21707
21707
21714
21717
21718
21719
21725
21729
21731
21733
21734
21740
21741
21748
21754
21757
21766
21768
21770
21771
21774
21781
21786
21788
21797
21797
21798
21799
21806
21806
21809
21812
21815
21817
21821
21822
21824
21826
21834
21836
21841
21844
21845
21847
21847
21847
21848
21851
21855
21859
21866
21872
21873
21881
21886
21890
21891
21895
21896
21901
21903
21903
21907
21914
21927
21929
21929
21930
21930
21931
21938
21941
21946
21946
21948
21948
21959
21963
21971
21973
21975
21979
21980
21981
21981
21982
21983
21984
21986
21988
21989
21989
21990
21992
21993
22005
22006
22018
22027
22035
22035
22036
22037
22038
22044
22044
22044
22048
22059
22063
22065
22067
22068
22073
22077
22080
22084
22088
22089
22089
22091
22099
22101
22104
22108
22109
22113
22113
22128
22134
22140
22142
22142
22148
22150
22152
22153
22156
22157
22163
22169
22171
22174
22180
22196
22201
22202
22211
22214
22217
22222
22224
22229
22233
22234
22239
22241
22248
22258
22260
22262
22266
22268
22268
22269
22270
22274
22277
22278
22279
22280
22280
22280
22290
22293
22296
22304
22306
22310
22310
22320
22321
22321
22324
22333
22336
22340
22343
22350
22352
22353
22357
22357
22358
22359
22360
22361
22366
22368
22375
22381
22381
22385
22388
22391
22391
22392
22394
22403
22423
22433
22433
22435
22436
22439
22444
22446
22446
22451
22452
22454
22462
22462
22468
22469
22470
22476
22477
22482
22504
22506
22506
22516
22519
22519
22521
22523
22523
22524
22530
22530
22538
22540
22542
22542
22542
22544
22548
22555
22558
22563
22570
22572
22575
22575
22576
22579
22586
22588
22591
22592
22600
22603
22607
22608
22620
22624
22628
22630
22638
22639
22639
22641
22647
22649
22653
22658
22662
22662
22665
22668
22670
22673
22677
22678
22686
22704
22705
22719
22721
22733
22734
22737
22738
22743
22749
22751
22752
22758
22762
22765
22767
22771
22771
22773
22775
22777
22780
22783
22783
22783
22783
22787
22791
22805
22812
22813
22813
22814
22815
22816
22817
22820
22823
22827
22828
22829
22831
22834
22836
22841
22843
22843
22846
22853
22870
22870
22871
22881
22881
22882
22887
22888
22888
22889
22891
22893
22898
22902
22908
22916
22918
22923
22939
22947
22952
22952
22955
22956
22961
22961
22968
22974
22985
22986
22991
22992
22995
23003
23014
23015
23022
23023
23023
23025
23026
23027
23031
23031
23032
23032
23032
23035
23037
23040
23050
23050
23057
23061
23062
23068
23069
23070
23071
23076
23078
23080
23080
23082
23084
23088
23089
23094
23104
23107
23109
23113
23114
23122
23132
23133
23134
23142
23143
23148
23158
23160
23160
23161
23168
23172
23174
23175
23178
23181
23184
23189
23192
23193
23194
23198
23201
23204
23209
23210
23213
23224
23225
23231
23238
23244
23246
23248
23248
23256
23258
23260
23260
23267
23274
23276
23282
23284
23291
23291
23292
23294
23309
23311
23313
23321
23321
23329
23336
23339
23340
23342
23345
23353
23356
23359
23362
23362
23363
23365
23374
23375
23379
23382
23384
23388
23388
23393
23406
23406
23411
23424
23424
23430
23439
23440
23440
23442
23443
23447
23460
23460
23460
23461
23461
23462
23471
23475
23479
23482
23489
23492
23497
23502
23504
23511
23511
23512
23515
23516
23519
23526
23528
23530
23531
23533
23544
23550
23552
23557
23558
23563
23568
23571
23574
23578
23582
23591
23592
23598
23609
23617
23617
23622
23629
23634
23636
23655
23655
23656
23656
23668
23671
23672
23672
23675
23676
23680
23682
23683
23685
23686
23690
23690
23694
23698
23699
23701
23703
23708
23712
23714
23716
23716
23721
23728
23730
23730
23738
23739
23744
23747
23751
23752
23767
23771
23779
23781
23787
23790
23794
23800
23806
23807
23817
23817
23817
23824
23825
23825
23826
23831
23837
23838
23839
23844
23851
23862
23866
23867
23868
23868
23871
23872
23872
23880
23882
23883
23883
23886
23887
23892
23896
23898
23907
23908
23911
23914
23916
23919
23919
23922
23922
23923
23926
23933
23936
23936
23939
23946
23948
23949
23953
23954
23957
23963
23964
23965
23965
23967
23969
23970
23975
23986
23988
23990
23990
23991
23996
24001
24011
24011
24014
24016
24021
24023
24026
24027
24045
24055
24055
24065
24068
24080
24081
24086
24087
24095
24097
24100
24105
24108
24111
24112
24118
24125
24131
24131
24134
24141
24142
24142
24143
24144
24149
24153
24158
24159
24160
24161
24163
24166
24166
24167
24174
24176
24178
24180
24181
24183
24185
24187
24188
24194
24199
24202
24202
24206
24206
24209
24214
24215
24215
24216
24222
24225
24226
24229
24229
24240
24240
24241
24243
24244
24246
24248
24250
24250
24257
24259
24264
24265
24270
24272
24273
24281
24282
24282
24295
24296
24297
24297
24302
24305
24308
24311
24313
24313
24323
24329
24330
24333
24336
24337
24339
24339
24350
24353
24357
24362
24362
24364
24366
24382
24383
24384
24384
24386
24394
24401
24404
24407
24407
24409
24411
24418
24421
24422
24428
24429
24430
24433
24438
24447
24448
24448
24449
24453
24453
24454
24455
24458
24458
24458
24459
24460
24461
24463
24468
24469
24472
24479
24479
24482
24485
24488
24488
24488
24488
24491
24494
24494
24494
24495
24504
24515
24518
24519
24520
24520
24524
24524
24526
24528
24528
24530
24533
24534
24536
24536
24537
24540
24541
24544
24546
24549
24549
24557
24561
24563
24569
24569
24573
24583
24586
24590
24592
24595
24595
24596
24597
24618
24623
24625
24626
24627
24628
24629
24631
24634
24637
24637
24640
24645
24648
24649
24649
24650
24653
24656
24667
24670
24672
24677
24679
24683
24684
24686
24687
24690
24692
24699
24700
24701
24703
24705
24705
24706
24708
24711
24712
24713
24713
24717
24717
24719
24720
24723
24725
24726
24730
24732
24743
24747
24747
24751
24751
24763
24765
24775
24780
24784
24788
24790
24792
24793
24797
24799
24804
24810
24812
24813
24817
24817
24819
24822
24822
24823
24824
24827
24827
24829
24831
24836
24838
24847
24849
24849
24849
24850
24852
24854
24855
24855
24857
24860
24866
24876
24879
24881
24884
24885
24888
24889
24889
24895
24895
24900
24915
24919
24919
24920
24921
24921
24924
24925
24927
24929
24935
24938
24944
24951
24957
24959
24962
24965
24968
24973
24978
24979
24987
24989
24993
24994
25000
25003
25008
25013
25014
25019
25024
25025
25026
25029
25035
25035
25038
25040
25040
25046
25055
25065
25066
25067
25068
25068
25071
25075
25080
25082
25089
25094
25099
25103
25113
25116
25117
25121
25127
25128
25130
25132
25135
25154
25156
25161
25164
25172
25178
25183
25186
25188
25190
25203
25208
25212
25213
25216
25217
25219
25221
25223
25224
25228
25230
25235
25238
25240
25240
25241
25243
25243
25267
25270
25270
25279
25279
25287
25288
25299
25302
25302
25306
25307
25315
25315
25318
25319
25320
25321
25327
25331
25332
25332
25339
25340
25345
25354
25356
25361
25366
25368
25368
25374
25380
25382
25383
25385
25388
25392
25392
25394
25395
25396
25400
25405
25405
25406
25411
25412
25414
25420
25420
25425
25429
25430
25436
25443
25445
25449
25450
25452
25458
25459
25465
25468
25471
25474
25475
25487
25489
25490
25496
25497
25499
25513
25518
25519
25521
25526
25530
25535
25535
25536
25536
25538
25539
25539
25545
25545
25546
25549
25553
25560
25560
25561
25561
25563
25565
25567
25568
25569
25577
25581
25585
25599
25602
25602
25610
25633
25644
25647
25647
25648
25650
25652
25659
25662
25664
25672
25674
25676
25676
25677
25683
25683
25692
25693
25705
25709
25713
25714
25726
25735
25735
25740
25742
25744
25744
25745
25748
25750
25754
25763
25770
25777
25781
25783
25787
25789
25799
25801
25803
25810
25813
25814
25816
25818
25819
25821
25821
25821
25822
25823
25826
25830
25831
25835
25840
25849
25851
25867
25868
25869
25871
25873
25875
25875
25877
25878
25878
25887
25890
25897
25900
25903
25906
25916
25919
25920
25920
25922
25925
25926
25933
25935
25937
25940
25942
25943
25946
25947
25951
25951
25952
25952
25953
25955
25956
25957
25959
25961
25966
25968
25969
25973
25976
25976
25978
25983
25987
25993
25995
26005
26006
26006
26013
26014
26019
26025
26028
26028
26036
26043
26050
26050
26055
26056
26057
26059
26061
26067
26069
26075
26076
26081
26084
26086
26090
26090
26093
26094
26095
26097
26104
26108
26109
26114
26115
26116
26121
26126
26127
26128
26130
26130
26131
26134
26135
26140
26143
26144
26151
26155
26158
26158
26162
26165
26169
26170
26174
26180
26183
26191
26194
26195
26196
26197
26199
26201
26201
26202
26214
26220
26222
26222
26224
26225
26230
26235
26248
26259
26259
26265
26268
26269
26276
26277
26284
26287
26294
26297
26298
26298
26299
26301
26302
26303
26304
26308
26309
26314
26323
26325
26329
26337
26339
26342
26347
26347
26348
26354
26357
26362
26365
26369
26372
26375
26376
26380
26387
26387
26388
26392
26398
26409
26409
26413
26414
26416
26420
26424
26427
26428
26429
26431
26438
26440
26443
26445
26446
26455
26455
26458
26461
26461
26462
26472
26474
26475
26476
26478
26479
26482
26491
26500
26504
26508
26515
26521
26521
26529
26529
26531
26532
26533
26539
26540
26542
26544
26545
26546
26547
26548
26548
26552
26552
26557
26562
26562
26568
26573
26576
26588
26589
26590
26593
26595
26597
26611
26611
26615
26621
26622
26625
26627
26630
26634
26642
26643
26648
26649
26649
26652
26655
26658
26664
26665
26668
26674
26674
26676
26684
26686
26687
26694
26701
26703
26704
26706
26710
26710
26713
26713
26718
26719
26727
26733
26738
26738
26747
26749
26753
26754
26754
26758
26761
26767
26777
26779
26779
26784
26787
26788
26790
26801
26801
26802
26803
26807
26808
26810
26814
26816
26816
26817
26820
26830
26830
26850
26851
26862
26864
26868
26873
26879
26881
26887
26888
26890
26892
26895
26895
26896
26896
26903
26904
26907
26907
26918
26918
26930
26933
26933
26933
26935
26940
26941
26941
26941
26943
26944
26947
26949
26951
26951
26953
26965
26967
26969
26975
26983
26986
26987
26988
26992
26995
26996
27000
27006
27009
27014
27015
27017
27024
27037
27039
27050
27051
27051
27052
27052
27053
27068
27069
27072
27072
27073
27081
27084
27090
27094
27096
27099
27103
27110
27114
27117
27117
27121
27121
27122
27124
27128
27131
27132
27134
27135
27136
27136
27138
27138
27142
27143
27160
27161
27164
27171
27172
27176
27179
27179
27181
27182
27183
27187
27187
27188
27193
27200
27205
27208
27216
27219
27219
27220
27221
27224
27229
27234
27237
27238
27240
27242
27244
27249
27251
27252
27252
27263
27263
27269
27271
27272
27272
27272
27277
27278
27278
27279
27287
27288
27288
27293
27299
27302
27314
27316
27319
27320
27324
27324
27325
27327
27330
27334
27334
27338
27341
27341
27342
27348
27350
27363
27371
27374
27374
27379
27381
27384
27391
27393
27394
27398
27400
27401
27402
27405
27412
27417
27418
27423
27434
27436
27437
27441
27449
27452
27454
27456
27458
27463
27470
27478
27480
27481
27482
27488
27490
27491
27497
27497
27500
27503
27504
27509
27513
27515
27515
27522
27525
27531
27535
27543
27555
27555
27555
27557
27558
27559
27559
27564
27581
27583
27589
27590
27592
27600
27601
27604
27606
27607
27608
27613
27617
27617
27618
27618
27622
27625
27626
27628
27628
27631
27633
27637
27639
27640
27643
27646
27646
27649
27650
27660
27663
27665
27669
27674
27675
27677
27680
27681
27683
27686
27692
27694
27703
27703
27705
27706
27710
27712
27717
27719
27727
27736
27739
27750
27757
27761
27763
27764
27766
27768
27773
27774
27778
27783
27787
27796
27803
27804
27815
27815
27817
27818
27822
27824
27826
27831
27833
27836
27836
27841
27844
27845
27845
27847
27852
27852
27857
27857
27859
27864
27873
27882
27884
27892
27892
27901
27902
27906
27910
27917
27919
27921
27921
27927
27934
27936
27943
27944
27946
27946
27952
27959
27960
27963
27977
27979
27980
27981
27985
27987
27991
27991
27996
27999
28001
28005
28010
28014
28016
28020
28028
28028
28031
28031
28040
28040
28047
28049
28051
28052
28052
28053
28055
28057
28058
28061
28070
28070
28072
28074
28090
28096
28102
28106
28113
28114
28132
28135
28140
28142
28142
28144
28151
28152
28162
28163
28169
28170
28175
28175
28190
28190
28191
28192
28194
28197
28200
28209
28213
28216
28218
28220
28221
28223
28224
28230
28237
28238
28242
28248
28256
28259
28261
28264
28264
28265
28265
28265
28275
28276
28276
28277
28278
28279
28281
28284
28285
28288
28296
28296
28301
28310
28315
28327
28332
28333
28336
28338
28339
28343
28346
28349
28352
28361
28366
28379
28380
28384
28391
28406
28407
28409
28410
28411
28414
28416
28420
28428
28429
28429
28434
28435
28439
28447
28448
28448
28451
28454
28461
28466
28468
28478
28479
28480
28480
28483
28485
28489
28495
28496
28498
28502
28502
28507
28508
28510
28510
28513
28515
28515
28525
28526
28528
28528
28529
28529
28541
28545
28548
28552
28553
28553
28557
28560
28564
28568
28568
28574
28576
28578
28581
28588
28588
28594
28597
28605
28608
28609
28610
28618
28622
28622
28627
28627
28632
28632
28638
28647
28648
28653
28655
28658
28661
28667
28669
28670
28675
28675
28679
28684
28692
28693
28701
28702
28705
28709
28715
28715
28718
28719
28720
28725
28725
28732
28751
28758
28759
28761
28766
28770
28781
28788
28788
28790
28793
28795
28806
28807
28809
28810
28811
28824
28828
28831
28831
28832
28836
28841
28842
28843
28848
28849
28849
28850
28855
28855
28861
28865
28867
28876
28877
28878
28879
28882
28882
28887
28890
28891
28892
28892
28895
28899
28902
28903
28908
28915
28920
28921
28922
28925
28927
28930
28937
28938
28938
28940
28947
28948
28952
28960
28967
28967
28969
28969
28977
28978
28980
28988
28991
28992
29000
29000
29005
29012
29018
29018
29021
29033
29039
29044
29044
29044
29045
29046
29049
29051
29053
29054
29058
29059
29063
29063
29071
29071
29071
29077
29077
29079
29079
29080
29084
29087
29088
29088
29089
29098
29101
29108
29114
29119
29121
29121
29121
29122
29123
29124
29124
29124
29131
29132
29133
29135
29135
29139
29140
29145
29149
29149
29150
29155
29155
29156
29159
29161
29162
29170
29173
29182
29183
29189
29190
29192
29194
29194
29196
29203
29203
29207
29209
29210
29213
29218
29222
29224
29227
29227
29229
29229
29230
29230
29230
29237
29247
29249
29251
29252
29260
29260
29276
29288
29292
29295
29300
29300
29303
29306
29306
29311
29313
29314
29314
29321
29327
29329
29329
29329
29330
29333
29336
29336
29339
29340
29341
29344
29346
29349
29354
29355
29357
29361
29363
29370
29370
29371
29372
29376
29380
29383
29383
29384
29386
29387
29388
29393
29394
29394
29396
29397
29401
29409
29410
29412
29416
29416
29417
29425
29427
29429
29430
29431
29432
29438
29442
29448
29453
29456
29457
29458
29481
29486
29487
29490
29491
29491
29492
29493
29493
29497
29500
29504
29504
29514
29516
29522
29522
29524
29525
29527
29531
29533
29535
29547
29552
29553
29555
29557
29558
29564
29565
29568
29575
29581
29588
29589
29590
29594
29594
29598
29607
29610
29613
29613
29614
29617
29620
29624
29633
29634
29635
29636
29639
29648
29656
29657
29660
29666
29672
29676
29677
29681
29685
29690
29694
29694
29695
29699
29701
29704
29721
29721
29725
29728
29730
29730
29733
29743
29745
29750
29751
29755
29764
29767
29767
29781
29781
29783
29786
29787
29788
29792
29797
29797
29800
29801
29805
29806
29812
29815
29826
29829
29829
29832
29833
29834
29834
29840
29843
29843
29849
29853
29853
29853
29854
29854
29855
29859
29872
29876
29880
29882
29884
29890
29892
29893
29896
29897
29897
29897
29907
29907
29909
29912
29916
29919
29925
29932
29932
29933
29935
29938
29938
29939
29942
29943
29943
29944
29945
29947
29948
29950
29956
29960
29965
29967
29972
29973
29974
29975
29978
29978
29982
29988
29996
29998
29998
29998
30000
30000
30004
30022
30023
30032
30034
30037
30037
30040
30053
30054
30059
30060
30060
30064
30065
30065
30065
30075
30078
30091
30109
30113
30114
30120
30134
30134
30135
30136
30141
30149
30151
30152
30153
30155
30167
30175
30177
30188
30190
30193
30199
30201
30207
30207
30208
30211
30221
30232
30235
30236
30237
30242
30250
30250
30252
30255
30263
30264
30265
30268
30270
30273
30278
30281
30283
30286
30291
30291
30302
30302
30306
30307
30310
30314
30317
30317
30323
30325
30325
30328
30332
30335
30335
30335
30337
30338
30339
30341
30346
30347
30348
30372
30373
30374
30386
30386
30394
30399
30406
30409
30411
30416
30420
30421
30421
30424
30428
30438
30439
30439
30441
30448
30460
30460
30461
30463
30470
30472
30473
30479
30480
30482
30486
30487
30487
30488
30494
30500
30503
30504
30504
30506
30508
30509
30510
30511
30512
30512
30526
30530
30540
30541
30541
30545
30546
30557
30558
30559
30560
30568
30569
30570
30570
30571
30577
30579
30586
30593
30598
30599
30600
30601
30603
30606
30607
30607
30608
30609
30609
30610
30614
30617
30628
30634
30640
30641
30651
30651
30653
30657
30658
30659
30665
30667
30683
30684
30684
30686
30690
30691
30691
30693
30700
30704
30705
30705
30707
30709
30713
30713
30714
30721
30723
30726
30726
30729
30737
30737
30740
30741
30746
30747
30747
30749
30751
30754
30768
30772
30774
30776
30776
30778
30780
30787
30802
30802
30805
30806
30808
30825
30826
30827
30827
30841
30843
30844
30844
30845
30849
30851
30852
30854
30856
30857
30859
30861
30864
30873
30876
30881
30884
30885
30886
30890
30892
30894
30901
30905
30907
30910
30911
30912
30913
30914
30917
30918
30918
30918
30920
30920
30921
30922
30923
30925
30926
30945
30946
30947
30948
30953
30961
30973
30975
30977
30978
30982
30986
30991
30993
30994
30996
30996
30997
31003
31004
31004
31010
31014
31017
31019
31023
31026
31031
31031
31035
31037
31037
31038
31038
31040
31042
31044
31048
31048
31060
31062
31076
31076
31080
31082
31083
31086
31087
31089
31090
31092
31097
31102
31102
31102
31105
31107
31109
31111
31112
31119
31121
31122
31133
31135
31135
31142
31144
31146
31147
31150
31151
31153
31158
31160
31165
31166
31168
31174
31179
31180
31180
31181
31184
31204
31205
31207
31207
31207
31216
31219
31223
31227
31229
31229
31238
31239
31243
31245
31254
31255
31257
31259
31261
31265
31272
31274
31278
31281
31282
31291
31299
31301
31304
31304
31311
31315
31316
31318
31319
31322
31323
31326
31330
31331
31332
31334
31338
31342
31342
31344
31345
31348
31354
31354
31357
31362
31364
31364
31367
31370
31372
31372
31373
31374
31375
31375
31375
31376
31376
31377
31380
31383
31384
31386
31394
31395
31398
31400
31403
31405
31408
31415
31415
31417
31418
31421
31431
31432
31432
31438
31440
31446
31448
31450
31461
31470
31472
31478
31490
31496
31498
31502
31503
31503
31504
31507
31509
31510
31511
31512
31518
31523
31525
31529
31537
31538
31539
31542
31543
31544
31547
31551
31552
31558
31562
31568
31568
31575
31577
31578
31579
31581
31582
31585
31588
31588
31594
31594
31596
31606
31609
31611
31612
31613
31615
31618
31618
31621
31622
31623
31625
31625
31629
31632
31638
31639
31643
31643
31645
31647
31648
31653
31654
31654
31658
31660
31663
31664
31671
31671
31674
31679
31693
31699
31701
31704
31708
31713
31713
31718
31723
31731
31732
31733
31735
31742
31745
31749
31756
31760
31764
31765
31767
31772
31773
31774
31774
31780
31782
31784
31788
31791
31793
31794
31795
31795
31799
31801
31802
31804
31806
31811
31811
31811
31820
31821
31821
31824
31829
31831
31831
31837
31840
31843
31852
31859
31862
31862
31864
31867
31868
31871
31871
31874
31876
31880
31885
31889
31896
31902
31907
31910
31911
31912
31914
31914
31916
31918
31921
31925
31926
31930
31932
31934
31935
31942
31962
31963
31970
31979
31980
31981
31983
31995
31998
32000
32004
32008
32009
32016
32016
32020
32021
32022
32028
32032
32032
32034
32036
32036
32037
32037
32040
32044
32045
32047
32048
32050
32050
32051
32053
32058
32059
32066
32070
32074
32076
32081
32084
32085
32087
32111
32111
32116
32133
32135
32136
32141
32142
32144
32144
32147
32151
32154
32157
32158
32164
32172
32174
32176
32177
32178
32180
32188
32188
32191
32197
32200
32219
32222
32224
32226
32229
32232
32234
32247
32249
32250
32255
32258
32261
32264
32264
32266
32268
32269
32270
32274
32279
32280
32288
32295
32296
32300
32304
32304
32308
32310
32310
32315
32315
32315
32316
32318
32321
32326
32334
32336
32337
32340
32345
32350
32354
32358
32359
32360
32361
32370
32373
32375
32376
32377
32377
32378
32378
32380
32383
32386
32387
32389
32401
32406
32407
32409
32413
32416
32416
32417
32420
32422
32424
32441
32445
32446
32449
32449
32451
32452
32452
32454
32458
32459
32462
32465
32465
32465
32466
32472
32474
32482
32491
32492
32494
32494
32501
32502
32503
32505
32506
32508
32513
32518
32520
32524
32524
32531
32536
32540
32540
32542
32546
32546
32555
32558
32561
32562
32563
32565
32567
32567
32568
32571
32571
32574
32584
32585
32588
32591
32601
32602
32614
32626
32627
32629
32630
32637
32638
32643
32643
32658
32661
32665
32667
32668
32672
32677
32680
32682
32683
32689
32690
32691
32691
32695
32697
32698
32699
32700
32702
32704
32710
32710
32711
32715
32717
32718
32721
32724
32728
32729
32736
32741
32741
32741
32741
32743
32743
32752
32763
32766
