6
6
8
10
19
31
31
38
42
42
44
46
49
50
55
60
68
69
70
72
73
77
84
84
85
85
88
88
90
90
92
93
95
96
98
98
99
110
114
126
128
129
130
131
134
144
148
159
162
162
167
167
170
180
182
183
184
192
204
205
207
210
211
221
226
230
234
238
238
239
242
244
245
246
251
259
264
270
270
273
274
284
287
287
290
292
294
299
300
302
302
303
303
311
323
325
326
327
328
330
331
332
334
343
344
347
349
353
355
359
362
365
368
372
382
382
385
386
394
395
395
395
397
404
409
411
414
448
449
453
459
461
462
462
462
472
478
478
480
481
482
482
483
485
490
492
494
495
497
499
500
506
506
517
521
525
526
528
529
530
531
538
550
554
556
556
557
561
562
565
571
573
576
579
585
585
586
594
594
600
601
603
606
606
609
613
614
617
622
625
626
628
629
631
640
642
644
645
647
651
662
667
672
672
674
675
677
679
679
687
687
688
696
700
701
705
706
706
714
715
722
723
725
725
730
731
741
746
749
750
753
754
754
756
757
761
766
767
769
777
779
780
780
782
784
784
787
788
791
793
794
794
798
802
809
812
816
837
840
843
847
847
848
859
860
861
866
868
871
871
877
877
882
882
884
886
901
905
907
908
914
916
922
922
922
926
938
941
942
945
947
947
954
955
962
963
964
965
970
970
975
975
979
989
990
994
997
1007
1010
1012
1020
1031
1039
1039
1039
1044
1046
1050
1050
1061
1073
1081
1082
1089
1090
1093
1104
1107
1108
1117
1118
1118
1120
1122
1131
1135
1137
1139
1140
1150
1150
1150
1159
1166
1167
1167
1172
1177
1180
1181
1184
1189
1192
1194
1194
1195
1196
1196
1197
1199
1200
1200
1202
1205
1208
1209
1212
1217
1221
1222
1228
1230
1234
1236
1242
1243
1244
1254
1257
1258
1259
1261
1269
1273
1283
1283
1285
1296
1300
1302
1303
1304
1304
1307
1316
1317
1320
1322
1334
1334
1334
1340
1351
1354
1360
1360
1360
1361
1365
1366
1367
1369
1374
1379
1386
1386
1387
1391
1395
1396
1401
1401
1401
1402
1403
1404
1406
1407
1409
1418
1423
1425
1429
1431
1431
1436
1439
1442
1461
1462
1465
1465
1472
1474
1481
1486
1487
1492
1499
1499
1500
1502
1502
1505
1513
1518
1519
1521
1529
1532
1535
1537
1538
1549
1556
1556
1559
1567
1569
1575
1579
1579
1584
1584
1592
1600
1611
1614
1619
1619
1625
1629
1629
1638
1643
1645
1648
1648
1649
1650
1651
1652
1664
1669
1669
1672
1679
1681
1687
1688
1688
1695
1695
1696
1696
1707
1708
1721
1723
1724
1727
1727
1730
1731
1731
1731
1736
1737
1740
1740
1741
1747
1750
1753
1764
1767
1771
1776
1776
1784
1786
1787
1789
1793
1794
1795
1799
1800
1807
1814
1820
1826
1826
1830
1842
1844
1851
1853
1855
1859
1860
1863
1865
1867
1868
1869
1870
1876
1876
1882
1885
1887
1887
1887
1888
1891
1896
1896
1898
1899
1899
1901
1902
1903
1905
1906
1917
1919
1919
1920
1921
1923
1931
1935
1935
1939
1939
1940
1941
1942
1942
1942
1943
1946
1948
1949
1957
1959
1962
1963
1964
1970
1972
1975
1977
1977
1992
1993
1994
1997
2004
2006
2007
2008
2011
2011
2016
2017
2017
2020
2035
2038
2038
2041
2043
2046
2048
2049
2057
2062
2064
2070
2070
2072
2073
2076
2077
2077
2081
2090
2096
2096
2099
2105
2111
2116
2118
2120
2127
2128
2133
2136
2137
2138
2140
2140
2143
2145
2156
2156
2159
2161
2163
2166
2171
2173
2173
2174
2178
2179
2184
2184
2189
2192
2195
2196
2196
2201
2202
2209
2211
2212
2213
2213
2217
2218
2219
2219
2223
2225
2228
2232
2240
2252
2252
2254
2256
2258
2258
2258
2260
2261
2270
2277
2277
2290
2292
2309
2311
2316
2319
2324
2326
2329
2333
2335
2337
2345
2345
2345
2345
2346
2350
2357
2357
2362
2363
2366
2371
2374
2378
2387
2389
2401
2404
2406
2407
2410
2412
2414
2427
2432
2433
2434
2435
2436
2439
2448
2451
2462
2462
2469
2470
2470
2472
2480
2481
2483
2484
2486
2488
2491
2496
2497
2506
2510
2512
2512
2518
2520
2520
2525
2530
2531
2532
2532
2534
2542
2543
2543
2544
2544
2544
2545
2551
2553
2554
2555
2565
2569
2571
2572
2584
2584
2590
2591
2592
2592
2596
2597
2602
2606
2606
2608
2609
2613
2619
2622
2624
2625
2626
2627
2628
2631
2631
2631
2632
2633
2635
2636
2641
2646
2647
2649
2651
2659
2666
2666
2668
2672
2674
2676
2676
2679
2681
2685
2688
2694
2695
2704
2706
2707
2708
2708
2709
2710
2727
2731
2739
2740
2746
2748
2749
2751
2756
2772
2774
2782
2784
2784
2787
2787
2788
2788
2788
2805
2814
2830
2836
2837
2838
2838
2842
2843
2848
2849
2852
2855
2857
2860
2862
2869
2872
2874
2877
2885
2885
2886
2887
2893
2894
2894
2894
2898
2904
2916
2931
2937
2940
2950
2955
2957
2958
2958
2961
2962
2967
2971
2972
2973
2978
2980
2982
2986
2989
2990
2992
2995
2998
2998
3004
3008
3008
3015
3018
3025
3025
3028
3032
3034
3041
3044
3048
3052
3054
3057
3063
3066
3069
3072
3074
3075
3077
3079
3083
3086
3086
3087
3087
3089
3095
3103
3103
3106
3110
3112
3113
3115
3128
3128
3129
3129
3132
3135
3137
3152
3158
3159
3159
3160
3160
3165
3169
3170
3175
3190
3193
3194
3198
3200
3201
3209
3209
3209
3210
3210
3210
3211
3213
3213
3224
3225
3232
3233
3237
3237
3242
3246
3254
3257
3263
3264
3273
3277
3278
3278
3279
3282
3283
3285
3291
3302
3307
3313
3318
3320
3323
3323
3325
3326
3327
3331
3335
3347
3347
3348
3349
3356
3357
3362
3362
3364
3365
3373
3375
3376
3377
3384
3384
3385
3390
3390
3392
3396
3399
3406
3407
3407
3408
3411
3413
3420
3423
3437
3438
3441
3442
3445
3448
3475
3478
3481
3486
3486
3491
3498
3499
3504
3506
3506
3507
3508
3510
3514
3514
3516
3518
3521
3522
3523
3523
3525
3526
3528
3534
3536
3536
3542
3545
3546
3546
3549
3554
3565
3566
3567
3571
3573
3578
3588
3592
3593
3594
3596
3599
3599
3605
3607
3608
3615
3620
3629
3631
3635
3640
3651
3652
3653
3658
3659
3661
3663
3665
3671
3677
3683
3683
3684
3685
3700
3707
3713
3713
3714
3714
3719
3722
3724
3725
3729
3730
3730
3735
3735
3739
3752
3752
3752
3757
3764
3764
3771
3773
3777
3779
3779
3780
3797
3803
3804
3806
3808
3808
3810
3810
3812
3816
3820
3827
3830
3833
3833
3835
3839
3839
3841
3850
3850
3859
3859
3860
3864
3868
3869
3870
3872
3880
3884
3891
3904
3904
3909
3912
3915
3918
3921
3922
3927
3928
3930
3932
3936
3939
3939
3948
3952
3954
3956
3957
3957
3958
3960
3962
3965
3966
3970
3980
3983
3987
4013
4019
4020
4020
4021
4022
4026
4028
4029
4034
4035
4039
4040
4041
4041
4045
4046
4049
4050
4053
4055
4059
4067
4069
4070
4073
4075
4076
4078
4080
4086
4091
4092
4097
4097
4099
4100
4111
4115
4115
4123
4124
4124
4132
4134
4135
4146
4148
4148
4163
4163
4165
4167
4168
4168
4179
4185
4186
4187
4188
4189
4192
4192
4195
4197
4207
4209
4210
4215
4219
4222
4229
4230
4234
4236
4237
4244
4244
4245
4245
4246
4253
4260
4264
4264
4265
4266
4266
4269
4271
4271
4271
4272
4275
4276
4276
4277
4277
4278
4279
4280
4286
4289
4292
4293
4295
4297
4304
4310
4312
4314
4317
4325
4326
4326
4338
4343
4347
4350
4354
4357
4359
4363
4364
4365
4377
4379
4380
4385
4387
4389
4391
4396
4400
4405
4408
4408
4412
4423
4433
4434
4446
4447
4449
4455
4463
4463
4465
4469
4477
4481
4486
4488
4501
4505
4510
4511
4514
4519
4525
4527
4530
4535
4536
4539
4539
4540
4552
4555
4559
4561
4565
4567
4571
4574
4582
4583
4584
4589
4592
4593
4593
4596
4601
4602
4602
4602
4607
4611
4626
4638
4643
4648
4649
4651
4651
4652
4657
4666
4673
4677
4683
4684
4686
4689
4692
4692
4694
4695
4695
4702
4705
4714
4714
4722
4725
4728
4731
4735
4735
4736
4740
4741
4745
4753
4755
4759
4760
4764
4772
4772
4775
4776
4778
4784
4787
4790
4790
4790
4793
4793
4794
4797
4803
4806
4812
4813
4814
4817
4826
4827
4834
4835
4838
4844
4866
4869
4872
4875
4877
4881
4882
4883
4884
4885
4890
4897
4901
4902
4909
4910
4910
4916
4918
4922
4929
4931
4937
4944
4945
4948
4949
4955
4961
4963
4964
4967
4967
4967
4976
4980
4983
4990
4996
4999
5009
5013
5015
5016
5023
5025
5028
5029
5030
5030
5032
5033
5036
5036
5037
5039
5040
5057
5062
5068
5070
5071
5080
5083
5088
5097
5115
5116
5117
5119
5121
5121
5127
5133
5139
5140
5144
5144
5147
5152
5156
5157
5158
5159
5159
5159
5167
5167
5170
5172
5178
5179
5180
5194
5194
5195
5199
5202
5204
5208
5213
5217
5221
5222
5224
5228
5229
5235
5239
5239
5248
5250
5251
5255
5256
5257
5259
5260
5260
5260
5268
5272
5274
5278
5281
5290
5290
5291
5293
5296
5298
5301
5310
5311
5315
5324
5326
5330
5339
5343
5346
5362
5365
5370
5372
5374
5382
5385
5386
5389
5395
5398
5402
5415
5416
5416
5418
5420
5421
5426
5426
5430
5434
5435
5437
5438
5439
5440
5440
5442
5443
5444
5448
5450
5451
5452
5452
5459
5466
5466
5467
5473
5478
5479
5481
5484
5485
5494
5503
5504
5504
5516
5524
5534
5540
5540
5541
5543
5544
5557
5572
5583
5586
5588
5591
5593
5603
5611
5613
5616
5624
5634
5643
5654
5664
5665
5667
5671
5676
5676
5682
5683
5692
5692
5692
5693
5693
5695
5698
5703
5705
5714
5716
5717
5722
5722
5728
5728
5732
5733
5741
5750
5755
5755
5760
5761
5764
5767
5767
5770
5770
5773
5777
5777
5780
5781
5781
5781
5789
5792
5793
5795
5796
5798
5799
5810
5820
5822
5824
5827
5833
5834
5839
5843
5844
5849
5852
5853
5855
5856
5856
5857
5861
5862
5869
5874
5874
5876
5882
5885
5898
5905
5909
5912
5913
5917
5919
5919
5923
5923
5928
5930
5931
5935
5942
5950
5954
5961
5965
5966
5966
5970
5972
5976
5980
5983
5984
5985
5989
5990
5993
5993
6002
6008
6012
6015
6017
6019
6021
6024
6037
6046
6050
6054
6058
6059
6060
6060
6076
6080
6080
6085
6086
6086
6088
6089
6093
6094
6102
6105
6108
6112
6113
6113
6128
6134
6134
6140
6143
6145
6152
6153
6159
6162
6164
6171
6171
6176
6180
6181
6184
6185
6193
6194
6195
6198
6201
6202
6203
6204
6204
6205
6209
6213
6215
6219
6222
6223
6223
6224
6225
6229
6234
6244
6244
6250
6251
6252
6254
6258
6258
6258
6273
6277
6278
6281
6282
6283
6283
6284
6286
6287
6295
6297
6302
6311
6313
6314
6315
6316
6322
6323
6324
6332
6338
6339
6339
6341
6341
6344
6352
6352
6352
6356
6359
6360
6363
6369
6371
6372
6378
6383
6383
6383
6390
6393
6408
6412
6414
6415
6416
6422
6424
6425
6426
6426
6432
6433
6436
6440
6454
6459
6460
6460
6461
6463
6463
6467
6467
6468
6468
6476
6478
6479
6480
6482
6484
6486
6489
6493
6502
6503
6513
6514
6524
6528
6528
6536
6537
6545
6549
6554
6554
6555
6557
6558
6562
6563
6563
6575
6576
6579
6580
6591
6599
6603
6604
6609
6612
6616
6625
6640
6644
6649
6652
6664
6665
6669
6676
6677
6677
6682
6686
6694
6695
6702
6705
6706
6707
6709
6718
6726
6730
6739
6741
6748
6751
6757
6761
6763
6763
6766
6768
6773
6774
6775
6775
6781
6787
6793
6793
6794
6795
6796
6801
6805
6805
6808
6808
6811
6813
6817
6818
6820
6821
6824
6827
6828
6828
6838
6839
6841
6843
6848
6848
6849
6856
6859
6863
6866
6871
6878
6882
6883
6884
6887
6890
6901
6909
6913
6920
6922
6937
6953
6954
6959
6970
6973
6977
6978
6992
6995
7003
7010
7010
7013
7022
7023
7024
7024
7024
7030
7032
7033
7033
7038
7045
7052
7053
7056
7071
7073
7074
7076
7081
7088
7088
7091
7091
7092
7094
7094
7095
7096
7096
7098
7100
7100
7105
7114
7121
7121
7125
7126
7128
7129
7131
7143
7156
7157
7158
7166
7166
7166
7168
7172
7175
7186
7190
7190
7191
7192
7193
7196
7196
7208
7210
7213
7217
7218
7218
7223
7224
7226
7230
7234
7237
7238
7244
7245
7248
7260
7262
7268
7274
7276
7276
7277
7278
7281
7282
7288
7289
7290
7290
7291
7292
7294
7297
7302
7303
7306
7307
7308
7317
7323
7325
7325
7332
7335
7337
7337
7344
7344
7347
7348
7350
7355
7356
7371
7391
7398
7402
7403
7405
7409
7414
7424
7424
7427
7427
7428
7438
7438
7438
7441
7444
7451
7451
7451
7454
7456
7461
7466
7476
7486
7487
7490
7493
7501
7504
7509
7519
7526
7530
7531
7535
7538
7546
7548
7559
7560
7560
7575
7577
7583
7583
7586
7587
7588
7588
7591
7603
7606
7612
7612
7613
7616
7619
7620
7621
7621
7626
7632
7636
7641
7644
7645
7649
7653
7653
7653
7659
7663
7669
7670
7674
7674
7677
7679
7680
7680
7692
7692
7693
7694
7696
7699
7702
7703
7713
7720
7721
7722
7727
7728
7731
7735
7738
7742
7743
7744
7747
7750
7754
7757
7760
7761
7773
7779
7782
7792
7793
7796
7796
7798
7802
7804
7813
7815
7821
7822
7823
7824
7827
7828
7830
7833
7836
7838
7840
7842
7844
7846
7849
7851
7857
7863
7868
7870
7874
7879
7881
7887
7889
7890
7893
7893
7896
7900
7901
7902
7903
7903
7908
7910
7913
7916
7916
7917
7919
7919
7920
7923
7927
7928
7931
7932
7934
7939
7940
7942
7945
7947
7949
7952
7953
7957
7958
7961
7968
7973
7979
7980
7982
7983
7984
7987
7991
8004
8027
8031
8032
8033
8039
8040
8042
8047
8053
8056
8064
8070
8079
8093
8093
8099
8105
8110
8110
8116
8121
8121
8126
8129
8135
8151
8158
8159
8167
8174
8181
8182
8182
8183
8192
8195
8198
8199
8201
8201
8204
8209
8211
8213
8213
8217
8227
8227
8231
8236
8241
8241
8244
8251
8256
8258
8259
8269
8276
8279
8283
8287
8289
8290
8291
8296
8296
8298
8298
8302
8306
8308
8311
8312
8312
8314
8320
8321
8323
8332
8337
8339
8348
8354
8357
8359
8361
8371
8371
8371
8377
8377
8377
8378
8378
8378
8384
8387
8391
8396
8398
8400
8400
8401
8410
8412
8413
8414
8417
8423
8434
8434
8435
8438
8440
8444
8446
8446
8449
8450
8450
8454
8455
8457
8457
8461
8462
8462
8466
8474
8474
8475
8478
8483
8485
8487
8488
8489
8490
8497
8499
8504
8504
8505
8507
8507
8507
8508
8510
8515
8516
8521
8528
8531
8533
8534
8538
8542
8549
8550
8550
8552
8552
8555
8568
8570
8570
8571
8572
8573
8573
8576
8576
8580
8580
8584
8588
8596
8599
8601
8607
8608
8609
8610
8617
8619
8625
8639
8639
8642
8644
8644
8644
8645
8646
8648
8650
8650
8656
8658
8659
8660
8667
8670
8672
8681
8683
8685
8687
8690
8697
8702
8707
8712
8714
8716
8721
8726
8726
8727
8734
8737
8740
8741
8742
8746
8748
8759
8765
8766
8768
8768
8770
8771
8773
8779
8780
8783
8783
8785
8786
8793
8794
8795
8808
8814
8816
8818
8837
8841
8849
8850
8856
8860
8869
8869
8871
8877
8877
8878
8886
8889
8889
8892
8892
8895
8906
8907
8908
8915
8917
8923
8929
8939
8939
8940
8940
8943
8944
8950
8951
8956
8958
8961
8961
8964
8967
8968
8972
8974
8974
8977
8988
8992
8993
8999
9001
9001
9005
9010
9011
9011
9017
9018
9019
9026
9035
9039
9039
9041
9043
9049
9059
9060
9062
9063
9063
9072
9072
9074
9078
9079
9097
9100
9100
9101
9102
9107
9110
9115
9125
9135
9138
9138
9139
9160
9165
9166
9169
9170
9175
9179
9184
9185
9187
9194
9199
9204
9205
9205
9205
9206
9207
9218
9231
9234
9239
9244
9252
9253
9264
9264
9265
9268
9269
9270
9271
9275
9277
9282
9285
9298
9306
9310
9313
9313
9315
9317
9325
9327
9328
9332
9339
9344
9346
9347
9355
9357
9360
9365
9381
9384
9385
9385
9387
9394
9402
9411
9412
9412
9414
9424
9426
9435
9435
9437
9443
9449
9449
9458
9462
9464
9465
9466
9477
9478
9478
9480
9482
9486
9488
9492
9497
9497
9498
9507
9507
9508
9509
9510
9515
9517
9517
9520
9525
9528
9536
9538
9539
9540
9545
9546
9556
9560
9560
9561
9564
9565
9569
9570
9573
9574
9575
9576
9578
9582
9582
9587
9588
9589
9590
9592
9593
9600
9601
9601
9603
9607
9609
9609
9609
9609
9614
9621
9623
9623
9627
9630
9632
9636
9648
9659
9660
9666
9666
9676
9677
9682
9686
9687
9690
9691
9691
9691
9701
9702
9704
9707
9708
9710
9715
9716
9724
9727
9733
9735
9738
9750
9759
9760
9764
9772
9775
9778
9779
9780
9781
9786
9791
9793
9794
9794
9795
9798
9800
9801
9802
9805
9805
9806
9807
9810
9815
9816
9818
9823
9827
9829
9831
9832
9832
9835
9837
9840
9848
9848
9848
9849
9851
9851
9851
9852
9855
9856
9864
9866
9876
9877
9885
9886
9890
9895
9897
9900
9902
9904
9905
9905
9909
9911
9914
9916
9919
9921
9923
9932
9942
9946
9946
9947
9947
9955
9962
9966
9968
9971
9977
9977
9980
9991
9993
9996
9997
9997
10002
10009
10011
10014
10014
10015
10015
10016
10019
10020
10021
10024
10032
10033
10036
10043
10044
10045
10045
10045
10059
10060
10065
10070
10070
10077
10077
10078
10079
10080
10085
10086
10090
10090
10093
10098
10102
10102
10105
10105
10109
10114
10136
10136
10140
10145
10147
10152
10154
10156
10156
10156
10157
10160
10165
10171
10174
10178
10188
10189
10194
10206
10208
10215
10217
10219
10221
10222
10225
10226
10227
10227
10230
10231
10232
10234
10242
10249
10258
10260
10264
10265
10268
10273
10276
10278
10284
10288
10295
10296
10306
10309
10311
10315
10319
10322
10325
10336
10343
10344
10344
10348
10352
10356
10367
10375
10378
10378
10380
10380
10385
10391
10391
10394
10398
10404
10405
10408
10409
10409
10411
10411
10416
10418
10435
10442
10450
10451
10453
10459
10466
10468
10476
10483
10489
10491
10493
10494
10496
10502
10502
10502
10502
10502
10507
10509
10512
10529
10538
10538
10541
10548
10548
10552
10554
10554
10556
10559
10563
10563
10566
10569
10570
10579
10584
10584
10586
10589
10592
10599
10600
10600
10601
10606
10610
10616
10616
10618
10624
10632
10634
10635
10635
10635
10637
10641
10643
10652
10654
10664
10667
10669
10670
10672
10690
10694
10695
10697
10706
10706
10709
10710
10711
10713
10715
10716
10720
10720
10723
10724
10724
10726
10726
10727
10731
10731
10732
10733
10733
10738
10740
10743
10748
10753
10754
10756
10759
10760
10763
10767
10768
10786
10786
10787
10791
10791
10792
10795
10796
10796
10798
10799
10805
10809
10825
10829
10843
10847
10853
10854
10859
10864
10864
10865
10868
10873
10877
10878
10878
10882
10890
10891
10896
10905
10925
10928
10945
10947
10955
10957
10963
10969
10973
10975
10984
10988
10990
10992
11001
11001
11003
11004
11010
11012
11013
11013
11014
11018
11019
11020
11022
11028
11028
11032
11041
11044
11051
11060
11075
11081
11081
11083
11085
11086
11090
11091
11095
11101
11107
11110
11114
11116
11117
11118
11118
11137
11147
11148
11151
11153
11159
11169
11171
11175
11176
11180
11180
11180
11185
11187
11190
11198
11204
11204
11206
11216
11217
11217
11217
11222
11223
11223
11228
11233
11234
11236
11240
11240
11242
11243
11245
11247
11249
11254
11256
11256
11261
11267
11268
11270
11271
11272
11272
11274
11276
11277
11282
11283
11284
11284
11287
11291
11300
11300
11300
11303
11305
11306
11309
11323
11323
11327
11331
11332
11338
11343
11354
11360
11365
11371
11371
11373
11373
11384
11396
11397
11398
11420
11421
11422
11424
11425
11430
11434
11435
11439
11441
11445
11450
11451
11459
11463
11467
11467
11469
11469
11471
11476
11476
11478
11481
11484
11486
11488
11491
11491
11492
11498
11500
11502
11503
11511
11512
11517
11525
11536
11537
11538
11542
11548
11556
11557
11560
11560
11561
11568
11584
11586
11586
11592
11593
11593
11594
11596
11603
11603
11607
11613
11619
11628
11629
11633
11634
11635
11637
11643
11649
11650
11651
11655
11658
11659
11662
11664
11665
11665
11667
11678
11678
11679
11681
11689
11690
11690
11691
11692
11694
11695
11696
11703
11704
11704
11710
11711
11713
11714
11719
11721
11727
11732
11733
11737
11739
11739
11741
11742
11749
11752
11758
11760
11765
11767
11767
11771
11774
11774
11777
11780
11789
11790
11791
11792
11794
11794
11794
11795
11796
11801
11804
11806
11808
11810
11812
11815
11819
11822
11823
11824
11833
11838
11841
11847
11850
11851
11857
11857
11858
11865
11872
11874
11875
11875
11879
11880
11886
11896
11896
11897
11904
11905
11908
11914
11917
11919
11924
11928
11930
11936
11936
11948
11950
11953
11957
11961
11964
11966
11971
11973
11974
11976
11986
11993
12007
12007
12010
12013
12014
12017
12019
12020
12026
12029
12034
12039
12041
12048
12048
12050
12058
12059
12060
12064
12066
12072
12075
12083
12084
12086
12092
12092
12093
12095
12098
12100
12100
12102
12104
12105
12106
12108
12109
12116
12118
12130
12132
12133
12137
12143
12143
12146
12149
12154
12155
12159
12160
12160
12166
12172
12175
12179
12186
12188
12190
12190
12191
12192
12194
12195
12196
12201
12206
12221
12223
12226
12227
12231
12231
12232
12235
12237
12239
12240
12245
12250
12251
12253
12262
12267
12268
12271
12274
12275
12278
12284
12285
12286
12290
12292
12296
12299
12300
12300
12304
12304
12309
12311
12317
12320
12322
12324
12325
12331
12332
12336
12342
12343
12350
12350
12350
12351
12353
12353
12356
12358
12363
12364
12375
12378
12379
12384
12390
12399
12399
12400
12400
12405
12405
12406
12409
12412
12419
12419
12428
12429
12430
12431
12434
12435
12437
12438
12440
12440
12441
12441
12447
12453
12455
12463
12464
12465
12470
12471
12474
12488
12497
12499
12499
12503
12505
12514
12526
12531
12532
12533
12535
12535
12537
12540
12544
12548
12549
12551
12552
12553
12557
12557
12559
12560
12563
12564
12566
12568
12570
12571
12577
12580
12584
12584
12589
12590
12590
12599
12606
12607
12609
12609
12613
12616
12620
12622
12636
12641
12647
12647
12650
12651
12655
12658
12659
12659
12661
12664
12670
12671
12684
12694
12697
12698
12700
12702
12711
12712
12712
12718
12719
12720
12723
12724
12727
12730
12732
12745
12745
12747
12748
12764
12765
12769
12774
12789
12790
12790
12791
12794
12796
12798
12798
12801
12807
12810
12815
12818
12823
12832
12848
12850
12852
12860
12867
12871
12872
12875
12876
12879
12888
12889
12899
12903
12904
12909
12911
12917
12929
12931
12935
12940
12942
12944
12949
12957
12959
12960
12967
12967
12973
12974
12976
12977
12990
12992
12998
12999
13000
13008
13009
13015
13016
13021
13022
13023
13025
13026
13034
13036
13037
13037
13039
13042
13043
13044
13062
13071
13072
13073
13076
13077
13083
13085
13089
13089
13096
13098
13099
13100
13102
13102
13105
13106
13117
13129
13132
13138
13141
13145
13153
13161
13162
13171
13174
13175
13177
13179
13185
13186
13188
13190
13191
13195
13200
13201
13204
13223
13226
13229
13232
13235
13243
13249
13260
13262
13263
13264
13268
13271
13275
13278
13279
13279
13287
13297
13300
13300
13301
13302
13309
13309
13314
13325
13331
13334
13338
13339
13342
13345
13345
13351
13351
13351
13361
13364
13374
13375
13376
13380
13387
13388
13392
13392
13395
13396
13397
13397
13402
13406
13406
13412
13417
13417
13418
13420
13422
13428
13435
13437
13443
13448
13452
13460
13477
13477
13483
13486
13492
13495
13506
13508
13519
13521
13526
13527
13528
13534
13545
13549
13551
13553
13561
13561
13563
13563
13567
13570
13575
13579
13585
13591
13600
13602
13609
13610
13612
13615
13617
13618
13629
13633
13644
13644
13648
13654
13656
13657
13663
13674
13674
13675
13677
13680
13681
13685
13687
13691
13691
13694
13700
13717
13724
13726
13730
13733
13733
13734
13751
13751
13752
13757
13758
13761
13765
13765
13769
13774
13782
13790
13790
13792
13795
13800
13805
13814
13814
13818
13819
13821
13832
13844
13851
13851
13852
13860
13867
13868
13872
13875
13875
13876
13883
13883
13884
13890
13890
13896
13899
13902
13902
13906
13908
13909
13911
13915
13919
13923
13929
13929
13934
13940
13942
13947
13948
13949
13949
13949
13950
13958
13958
13963
13963
13965
13980
13982
13982
13983
13985
13985
13992
14004
14005
14007
14020
14020
14032
14032
14033
14033
14034
14036
14037
14042
14047
14048
14049
14053
14053
14053
14064
14064
14067
14067
14068
14068
14069
14073
14074
14077
14078
14078
14091
14091
14092
14097
14097
14101
14103
14109
14113
14115
14118
14122
14124
14125
14125
14129
14133
14135
14143
14144
14145
14148
14149
14149
14152
14156
14159
14164
14168
14173
14176
14176
14176
14180
14183
14184
14184
14186
14186
14192
14193
14193
14197
14198
14198
14201
14203
14204
14226
14227
14227
14233
14235
14239
14239
14243
14248
14249
14259
14261
14263
14264
14264
14264
14270
14271
14272
14274
14276
14278
14278
14288
14289
14294
14295
14297
14299
14304
14307
14309
14311
14311
14314
14316
14321
14326
14333
14334
14340
14342
14351
14355
14357
14358
14359
14361
14364
14364
14372
14376
14376
14379
14381
14384
14384
14390
14393
14394
14400
14401
14409
14411
14415
14418
14420
14425
14430
14438
14438
14438
14440
14440
14444
14444
14458
14460
14462
14466
14467
14467
14469
14470
14473
14477
14480
14482
14485
14485
14490
14492
14494
14498
14499
14502
14502
14507
14509
14515
14518
14519
14527
14528
14529
14531
14532
14533
14534
14535
14537
14545
14546
14550
14551
14551
14553
14553
14564
14571
14578
14579
14593
14596
14604
14605
14618
14620
14624
14628
14629
14636
14637
14638
14648
14648
14653
14654
14656
14657
14658
14659
14660
14667
14667
14669
14670
14672
14672
14679
14680
14682
14687
14689
14692
14698
14703
14707
14714
14715
14724
14729
14731
14735
14735
14735
14743
14743
14744
14748
14749
14754
14754
14757
14758
14761
14764
14767
14769
14779
14786
14797
14800
14805
14812
14813
14815
14817
14820
14821
14827
14837
14837
14838
14840
14841
14841
14845
14846
14847
14847
14849
14850
14851
14868
14870
14870
14872
14877
14878
14895
14896
14898
14901
14904
14912
14916
14920
14922
14927
14931
14931
14931
14940
14943
14946
14947
14948
14950
14954
14956
14962
14962
14965
14966
14968
14968
14969
14969
14973
14975
14976
14979
14983
14991
14991
14997
14999
15000
15001
15003
15005
15006
15007
15007
15009
15010
15011
15011
15013
15016
15024
15029
15030
15037
15038
15039
15044
15045
15053
15053
15054
15058
15059
15061
15065
15065
15073
15073
15073
15079
15081
15082
15095
15095
15097
15100
15102
15105
15109
15109
15114
15116
15116
15118
15120
15123
15127
15132
15134
15135
15139
15139
15153
15156
15156
15158
15170
15174
15174
15176
15178
15179
15184
15187
15189
15190
15196
15199
15200
15206
15206
15217
15219
15219
15227
15229
15233
15246
15252
15255
15257
15257
15265
15265
15266
15267
15269
15269
15270
15272
15272
15272
15273
15277
15279
15279
15280
15281
15281
15283
15285
15289
15290
15291
15300
15300
15300
15306
15310
15316
15321
15322
15323
15323
15329
15338
15338
15338
15340
15344
15348
15355
15355
15361
15366
15367
15367
15372
15377
15384
15389
15391
15392
15401
15402
15403
15405
15406
15410
15410
15415
15417
15420
15426
15428
15431
15437
15444
15447
15449
15451
15454
15461
15467
15468
15470
15472
15475
15479
15490
15490
15491
15493
15497
15499
15509
15512
15514
15514
15514
15516
15516
15519
15527
15532
15532
15532
15539
15539
15542
15545
15553
15563
15564
15564
15568
15572
15572
15572
15573
15578
15579
15582
15585
15587
15588
15590
15602
15602
15602
15603
15608
15613
15614
15616
15625
15626
15628
15631
15633
15636
15636
15641
15645
15646
15651
15652
15652
15656
15656
15659
15662
15663
15668
15670
15677
15677
15680
15681
15687
15690
15697
15711
15711
15712
15712
15714
15714
15716
15717
15718
15719
15725
15727
15728
15729
15730
15734
15738
15741
15754
15763
15764
15767
15771
15773
15774
15777
15781
15782
15783
15783
15787
15790
15791
15792
15797
15800
15804
15809
15810
15815
15818
15822
15827
15827
15830
15834
15849
15854
15860
15860
15868
15868
15869
15872
15874
15876
15878
15879
15883
15886
15887
15892
15894
15896
15900
15918
15921
15925
15927
15927
15931
15937
15947
15950
15951
15954
15956
15962
15970
15970
15972
15974
15974
15981
15985
15987
15989
15989
15990
15997
16000
16004
16006
16009
16011
16013
16023
16033
16035
16035
16036
16037
16039
16040
16045
16046
16047
16051
16053
16055
16055
16057
16058
16058
16060
16063
16070
16070
16071
16072
16078
16079
16082
16083
16086
16087
16089
16089
16097
16098
16101
16102
16103
16105
16108
16117
16118
16127
16134
16135
16135
16138
16142
16146
16149
16161
16164
16165
16168
16168
16172
16174
16175
16178
16184
16186
16187
16189
16190
16191
16196
16196
16197
16198
16199
16199
16202
16213
16217
16218
16218
16218
16222
16224
16229
16231
16242
16247
16254
16254
16254
16255
16255
16259
16267
16274
16276
16283
16284
16284
16284
16287
16289
16290
16292
16296
16297
16298
16300
16305
16305
16314
16318
16320
16320
16324
16327
16330
16330
16331
16335
16341
16344
16347
16347
16348
16354
16359
16365
16369
16373
16373
16379
16392
16399
16400
16405
16405
16408
16414
16415
16415
16416
16418
16424
16424
16438
16442
16443
16455
16456
16459
16464
16466
16468
16470
16471
16482
16482
16482
16484
16487
16488
16488
16491
16493
16498
16505
16506
16510
16522
16523
16523
16525
16527
16527
16528
16536
16542
16542
16546
16554
16561
16564
16576
16578
16580
16581
16584
16585
16585
16587
16609
16610
16617
16620
16621
16628
16631
16632
16637
16641
16642
16642
16644
16651
16653
16655
16658
16660
16666
16667
16671
16672
16676
16676
16678
16681
16686
16688
16693
16695
16698
16700
16702
16703
16707
16709
16710
16712
16720
16732
16738
16746
16755
16758
16768
16769
16770
16772
16774
16780
16780
16783
16783
16797
16805
16807
16807
16809
16813
16815
16820
16821
16821
16822
16823
16832
16838
16843
16844
16850
16860
16860
16869
16876
16878
16881
16883
16888
16889
16895
16896
16901
16902
16904
16907
16911
16911
16911
16918
16919
16920
16927
16928
16928
16929
16929
16930
16930
16930
16936
16936
16945
16945
16947
16948
16952
16956
16965
16975
16977
16978
16979
16982
16984
16987
16993
16994
16994
16999
17001
17002
17005
17013
17017
17017
17020
17025
17026
17030
17031
17033
17036
17038
17039
17044
17044
17048
17052
17056
17058
17059
17064
17072
17074
17080
17083
17085
17092
17108
17111
17111
17119
17121
17128
17131
17131
17132
17137
17144
17146
17148
17149
17150
17152
17164
17167
17169
17169
17186
17188
17189
17194
17194
17199
17201
17204
17210
17214
17218
17219
17223
17225
17229
17234
17235
17236
17242
17242
17246
17247
17247
17251
17254
17262
17265
17267
17275
17279
17285
17290
17293
17295
17299
17303
17304
17304
17305
17306
17308
17310
17310
17313
17313
17315
17316
17330
17332
17335
17336
17340
17341
17352
17358
17359
17361
17365
17366
17368
17368
17376
17377
17378
17378
17382
17384
17386
17387
17392
17392
17404
17404
17407
17408
17408
17414
17417
17420
17422
17431
17434
17435
17439
17449
17455
17464
17469
17470
17473
17481
17484
17503
17505
17506
17510
17511
17513
17517
17520
17522
17522
17532
17541
17543
17545
17545
17546
17552
17553
17557
17558
17559
17559
17560
17563
17564
17567
17569
17569
17569
17569
17574
17574
17576
17577
17585
17586
17586
17589
17589
17593
17593
17593
17600
17603
17606
17609
17620
17622
17623
17625
17640
17640
17641
17644
17647
17650
17656
17657
17660
17667
17671
17674
17675
17686
17687
17689
17690
17696
17701
17702
17708
17717
17726
17726
17735
17743
17744
17750
17753
17753
17759
17760
17768
17772
17772
17773
17775
17779
17785
17791
17792
17802
17802
17808
17816
17819
17822
17826
17829
17830
17832
17834
17841
17843
17848
17850
17850
17855
17862
17865
17871
17875
17877
17880
17882
17883
17883
17894
17897
17897
17900
17901
17904
17904
17905
17907
17913
17916
17918
17920
17921
17925
17926
17934
17936
17939
17942
17947
17952
17957
17959
17966
17971
17972
17985
17986
17987
17988
17990
17992
17993
18004
18006
18009
18010
18011
18016
18021
18024
18029
18031
18037
18038
18040
18041
18043
18048
18054
18055
18055
18059
18061
18061
18063
18064
18065
18065
18067
18068
18078
18080
18087
18087
18088
18091
18092
18095
18097
18097
18097
18097
18100
18105
18108
18110
18120
18120
18127
18142
18143
18145
18149
18151
18154
18162
18167
18168
18169
18171
18174
18175
18179
18180
18182
18182
18184
18184
18190
18198
18200
18204
18206
18207
18211
18216
18234
18238
18240
18248
18254
18256
18258
18259
18260
18269
18270
18272
18274
18276
18281
18298
18298
18308
18309
18311
18314
18316
18316
18322
18330
18334
18344
18351
18357
18362
18363
18370
18374
18374
18382
18383
18384
18384
18387
18394
18399
18399
18400
18400
18402
18403
18403
18405
18410
18410
18412
18414
18425
18426
18428
18436
18441
18449
18452
18455
18457
18458
18460
18461
18465
18466
18470
18470
18472
18473
18484
18492
18496
18496
18498
18499
18508
18515
18525
18535
18538
18538
18538
18546
18554
18560
18564
18564
18568
18571
18583
18583
18584
18585
18590
18590
18596
18599
18599
18601
18602
18605
18609
18613
18620
18623
18626
18631
18635
18641
18644
18650
18656
18660
18663
18665
18667
18672
18679
18680
18680
18681
18685
18686
18687
18691
18700
18704
18711
18713
18718
18723
18731
18739
18743
18743
18745
18748
18749
18750
18750
18753
18755
18757
18758
18758
18761
18764
18765
18767
18767
18768
18773
18783
18784
18788
18791
18791
18795
18805
18805
18808
18813
18823
18824
18826
18830
18831
18832
18833
18842
18842
18844
18847
18848
18849
18853
18857
18858
18867
18871
18872
18872
18873
18876
18878
18882
18886
18890
18895
18897
18898
18902
18905
18905
18906
18912
18912
18918
18928
18935
18936
18937
18948
18949
18952
18963
18966
18967
18968
18970
18971
18972
18980
18992
18994
18997
18997
18998
19005
19010
19012
19013
19017
19018
19032
19037
19040
19044
19046
19052
19056
19056
19057
19065
19067
19068
19075
19076
19078
19081
19086
19087
19089
19098
19104
19106
19110
19115
19123
19128
19128
19129
19130
19132
19133
19134
19134
19142
19144
19146
19152
19154
19156
19158
19160
19160
19166
19168
19170
19170
19172
19175
19178
19179
19182
19183
19199
19203
19203
19204
19205
19216
19220
19224
19227
19234
19237
19241
19247
19252
19252
19254
19255
19256
19257
19264
19265
19271
19275
19277
19284
19286
19286
19289
19291
19292
19300
19302
19302
19303
19305
19310
19311
19311
19319
19319
19328
19331
19333
19336
19342
19342
19347
19351
19354
19358
19359
19361
19365
19369
19369
19371
19375
19376
19378
19386
19390
19396
19397
19403
19403
19403
19407
19408
19408
19409
19414
19415
19416
19431
19432
19437
19444
19451
19457
19461
19467
19469
19470
19475
19477
19479
19481
19484
19485
19487
19488
19490
19491
19492
19492
19502
19504
19504
19505
19511
19513
19518
19523
19523
19523
19531
19532
19533
19536
19537
19538
19539
19544
19546
19547
19549
19549
19562
19564
19573
19574
19577
19580
19583
19584
19585
19585
19602
19603
19607
19608
19608
19616
19618
19621
19625
19627
19633
19635
19637
19638
19638
19640
19642
19646
19647
19649
19657
19657
19657
19664
19664
19664
19667
19675
19679
19682
19685
19691
19696
19700
19702
19702
19707
19709
19714
19714
19716
19717
19717
19724
19724
19726
19735
19735
19740
19745
19748
19754
19758
19758
19758
19759
19778
19780
19781
19783
19787
19788
19789
19791
19796
19802
19802
19803
19805
19805
19806
19808
19811
19823
19824
19830
19834
19841
19856
19860
19862
19862
19863
19866
19866
19867
19868
19870
19871
19877
19877
19879
19892
19893
19894
19895
19902
19914
19927
19932
19944
19945
19947
19947
19947
19952
19955
19964
19967
19970
19989
19996
19997
19998
20003
20004
20012
20012
20020
20028
20032
20033
20034
20041
20044
20044
20044
20045
20045
20048
20055
20055
20056
20060
20061
20062
20062
20065
20066
20067
20068
20075
20080
20081
20081
20085
20088
20108
20114
20115
20117
20119
20119
20126
20126
20127
20134
20135
20136
20140
20141
20144
20145
20147
20147
20149
20150
20151
20155
20157
20161
20164
20175
20176
20177
20178
20179
20191
20192
20197
20198
20211
20222
20222
20227
20230
20232
20233
20233
20236
20239
20242
20243
20244
20246
20251
20253
20254
20256
20259
20264
20269
20272
20273
20277
20277
20279
20280
20288
20289
20292
20296
20303
20310
20318
20318
20325
20326
20334
20342
20343
20349
20350
20351
20351
20351
20358
20359
20360
20365
20366
20369
20369
20380
20385
20389
20390
20390
20390
20397
20399
20403
20407
20407
20409
20410
20412
20412
20414
20415
20426
20428
20431
20431
20435
20436
20438
20439
20439
20444
20450
20452
20452
20452
20455
20457
20461
20467
20475
20476
20476
20476
20481
20482
20483
20486
20493
20494
20495
20498
20499
20506
20511
20512
20513
20513
20516
20517
20523
20526
20531
20536
20540
20545
20548
20548
20548
20549
20550
20552
20554
20562
20563
20567
20568
20570
20578
20579
20581
20586
20590
20602
20606
20612
20616
20617
20620
20630
20631
20641
20645
20647
20652
20658
20665
20671
20676
20683
20689
20700
20701
20702
20703
20703
20708
20711
20713
20715
20716
20717
20719
20720
20724
20724
20726
20727
20734
20736
20747
20757
20759
20760
20763
20765
20766
20768
20774
20776
20776
20778
20785
20787
20789
20793
20793
20801
20804
20816
20817
20818
20821
20822
20824
20824
20824
20832
20833
20835
20835
20844
20854
20864
20866
20871
20872
20872
20874
20874
20881
20883
20892
20896
20898
20900
20903
20904
20906
20912
20913
20915
20918
20918
20918
20919
20919
20928
20935
20945
20949
20950
20955
20962
20963
20964
20971
20972
20977
20979
20980
20982
20987
20991
20991
21003
21009
21010
21012
21013
21021
21028
21030
21048
21058
21059
21066
21069
21069
21073
21077
21083
21085
21085
21102
21114
21116
21119
21128
21135
21138
21144
21144
21154
21155
21167
21168
21169
21171
21180
21182
21185
21186
21189
21190
21194
21201
21204
21204
21204
21206
21212
21223
21223
21227
21228
21228
21235
21237
21239
21239
21239
21239
21242
21244
21250
21253
21260
21263
21263
21263
21264
21268
21275
21276
21277
21299
21305
21305
21307
21310
21310
21316
21320
21320
21323
21325
21330
21336
21337
21346
21351
21353
21361
21363
21371
21377
21378
21379
21379
21380
21383
21392
21396
21404
21404
21408
21409
21409
21409
21410
21416
21417
21420
21425
21428
21430
21433
21433
21440
21441
21443
21444
21448
21449
21452
21455
21467
21469
21473
21474
21477
21479
21482
21483
21489
21492
21496
21497
21498
21499
21504
21505
21506
21507
21508
21509
21511
21515
21516
21521
21527
21544
21557
21563
21565
21565
21571
21575
21575
21578
21592
21595
21600
21603
21605
21609
21610
21611
21614
21615
21618
21623
21623
21623
21623
21626
21627
21630
21631
21642
21643
21643
21643
21644
21645
21646
21654
21655
21659
21662
21668
21671
21673
21674
21677
21686
21687
21688
21689
21694
21695
21696
21706
21707
21708
21708
21723
21732
21733
21736
21739
21739
21743
21744
21745
21745
21746
21750
21752
21752
21753
21754
21757
21764
21764
21770
21772
21775
21776
21779
21788
21791
21792
21794
21801
21803
21806
21815
21817
21819
21819
21828
21833
21835
21835
21836
21838
21839
21843
21845
21847
21847
21848
21848
21850
21851
21860
21862
21864
21867
21871
21876
21878
21878
21880
21884
21888
21893
21895
21899
21900
21919
21923
21925
21929
21930
21940
21946
21947
21949
21956
21957
21963
21963
21964
21965
21967
21970
21972
21974
21977
21980
21980
21981
21984
21984
21986
21993
21996
21999
22004
22009
22012
22012
22014
22016
22020
22024
22024
22028
22033
22034
22035
22039
22044
22050
22055
22056
22062
22062
22064
22064
22065
22067
22072
22073
22074
22077
22078
22085
22088
22100
22101
22105
22105
22107
22121
22121
22128
22129
22135
22136
22136
22138
22138
22142
22143
22144
22149
22149
22151
22155
22160
22167
22182
22183
22184
22187
22195
22196
22202
22204
22207
22211
22221
22222
22223
22226
22231
22232
22235
22236
22240
22242
22243
22247
22248
22252
22252
22256
22256
22257
22257
22259
22268
22274
22281
22287
22293
22297
22299
22299
22300
22301
22303
22303
22303
22305
22312
22312
22313
22316
22319
22320
22330
22331
22331
22333
22334
22334
22338
22347
22355
22358
22358
22360
22360
22361
22369
22379
22383
22384
22390
22395
22398
22399
22401
22402
22404
22405
22406
22411
22413
22415
22418
22421
22421
22422
22423
22423
22432
22436
22437
22440
22444
22446
22446
22447
22448
22461
22462
22462
22463
22469
22469
22472
22476
22480
22487
22488
22488
22492
22492
22496
22500
22509
22515
22527
22530
22538
22538
22540
22541
22543
22544
22546
22548
22555
22558
22562
22562
22564
22568
22570
22574
22575
22579
22580
22580
22588
22594
22598
22600
22600
22605
22606
22607
22608
22615
22615
22616
22617
22618
22619
22619
22620
22623
22624
22627
22631
22634
22638
22641
22652
22652
22654
22656
22656
22661
22662
22667
22675
22679
22688
22690
22693
22694
22695
22696
22701
22707
22708
22709
22718
22724
22727
22730
22730
22734
22737
22740
22742
22742
22743
22745
22757
22759
22759
22762
22768
22771
22772
22772
22778
22780
22781
22789
22791
22791
22792
22792
22793
22793
22794
22794
22797
22797
22797
22797
22800
22800
22808
22811
22811
22812
22815
22816
22821
22822
22834
22836
22841
22846
22846
22850
22851
22851
22865
22865
22866
22871
22872
22880
22881
22881
22882
22884
22885
22888
22892
22896
22898
22898
22900
22901
22905
22905
22908
22912
22913
22926
22931
22935
22935
22937
22937
22938
22941
22941
22942
22942
22945
22948
22948
22956
22959
22965
22965
22967
22968
22970
22971
22980
22981
22983
22987
22991
22996
22997
23000
23003
23003
23004
23004
23004
23015
23022
23023
23024
23024
23025
23026
23026
23027
23034
23054
23055
23060
23065
23068
23069
23073
23074
23075
23077
23080
23081
23083
23085
23086
23091
23091
23093
23095
23097
23098
23101
23104
23108
23108
23109
23111
23115
23115
23117
23119
23125
23130
23139
23148
23149
23152
23152
23158
23161
23162
23163
23166
23169
23173
23173
23174
23177
23185
23188
23191
23193
23197
23200
23204
23213
23217
23218
23218
23220
23223
23224
23225
23227
23231
23233
23237
23238
23241
23242
23250
23250
23256
23258
23258
23269
23271
23272
23276
23283
23285
23288
23300
23302
23304
23304
23306
23310
23310
23312
23326
23327
23337
23342
23345
23363
23364
23364
23369
23371
23376
23378
23378
23387
23390
23403
23405
23411
23411
23415
23418
23427
23430
23437
23437
23444
23462
23467
23475
23475
23479
23479
23486
23488
23488
23491
23497
23497
23499
23499
23501
23504
23505
23505
23511
23516
23530
23532
23533
23533
23535
23536
23536
23536
23537
23537
23538
23539
23540
23541
23544
23547
23556
23564
23564
23565
23570
23570
23575
23578
23579
23583
23584
23584
23584
23589
23598
23600
23611
23617
23619
23626
23635
23635
23637
23637
23638
23641
23644
23646
23647
23664
23677
23679
23685
23690
23693
23694
23696
23698
23701
23704
23705
23705
23709
23719
23728
23733
23736
23737
23739
23740
23749
23750
23754
23757
23759
23760
23761
23764
23770
23771
23771
23782
23786
23807
23811
23817
23822
23836
23845
23849
23850
23851
23854
23856
23866
23870
23872
23875
23879
23879
23884
23888
23896
23902
23904
23907
23914
23914
23915
23926
23936
23938
23941
23949
23949
23950
23951
23953
23960
23961
23970
23972
23973
23974
23977
23989
23994
23995
23996
24001
24004
24005
24007
24010
24010
24011
24012
24013
24015
24024
24025
24036
24042
24043
24048
24053
24057
24060
24062
24066
24067
24067
24067
24073
24073
24074
24075
24078
24078
24089
24093
24094
24103
24103
24105
24106
24110
24118
24119
24122
24127
24130
24143
24149
24150
24151
24155
24164
24165
24169
24176
24178
24180
24185
24186
24196
24197
24199
24203
24212
24221
24221
24225
24225
24230
24232
24237
24238
24238
24241
24244
24245
24256
24257
24259
24259
24259
24260
24263
24264
24265
24265
24267
24267
24279
24281
24281
24284
24284
24285
24285
24286
24286
24293
24294
24298
24301
24301
24308
24318
24322
24326
24327
24329
24333
24334
24334
24340
24365
24366
24371
24376
24376
24377
24381
24382
24387
24390
24394
24394
24395
24395
24395
24397
24398
24398
24400
24400
24401
24402
24408
24409
24411
24416
24418
24420
24426
24428
24429
24430
24438
24442
24445
24449
24450
24453
24454
24454
24455
24456
24460
24464
24466
24474
24477
24479
24482
24485
24490
24490
24503
24504
24504
24508
24520
24523
24524
24526
24529
24530
24537
24537
24545
24546
24554
24558
24561
24561
24562
24563
24563
24567
24568
24580
24581
24588
24590
24590
24595
24607
24613
24613
24615
24618
24620
24621
24627
24629
24629
24633
24639
24642
24642
24647
24649
24652
24653
24664
24669
24673
24675
24680
24680
24681
24682
24685
24687
24687
24696
24700
24700
24703
24703
24704
24704
24715
24716
24726
24733
24734
24745
24747
24749
24755
24756
24758
24758
24758
24762
24766
24768
24770
24772
24774
24778
24781
24782
24783
24783
24790
24793
24796
24799
24800
24821
24823
24834
24838
24839
24839
24840
24841
24843
24843
24851
24860
24860
24862
24862
24869
24869
24873
24874
24879
24887
24895
24897
24902
24903
24904
24911
24920
24927
24928
24931
24937
24938
24939
24942
24947
24947
24954
24956
24956
24958
24966
24972
24979
24981
24983
24985
24985
24987
24987
24988
24995
24996
24996
24998
25000
25000
25003
25008
25008
25010
25019
25025
25028
25028
25041
25042
25042
25047
25047
25055
25055
25068
25068
25069
25073
25073
25075
25076
25080
25082
25083
25090
25090
25090
25099
25099
25101
25105
25110
25110
25112
25116
25121
25125
25126
25128
25134
25135
25144
25144
25146
25150
25152
25152
25153
25153
25155
25158
25162
25162
25170
25171
25176
25181
25183
25187
25188
25191
25200
25201
25202
25206
25211
25211
25214
25218
25219
25221
25223
25227
25230
25232
25235
25235
25239
25241
25244
25248
25250
25252
25257
25258
25263
25263
25264
25264
25267
25275
25279
25286
25287
25290
25291
25294
25295
25297
25298
25301
25301
25302
25303
25303
25304
25306
25311
25315
25319
25319
25322
25324
25324
25329
25330
25330
25342
25343
25345
25345
25349
25353
25359
25365
25365
25370
25372
25376
25378
25385
25399
25404
25406
25414
25416
25417
25420
25425
25429
25430
25430
25435
25436
25441
25446
25456
25457
25458
25469
25469
25473
25476
25479
25484
25487
25487
25489
25489
25490
25490
25492
25494
25496
25504
25510
25512
25516
25520
25521
25522
25523
25528
25529
25530
25532
25534
25536
25538
25546
25549
25550
25552
25553
25561
25562
25563
25568
25568
25573
25580
25584
25590
25592
25593
25594
25597
25599
25601
25602
25605
25611
25612
25614
25618
25621
25626
25627
25627
25629
25632
25634
25635
25635
25639
25641
25642
25647
25650
25652
25656
25663
25670
25672
25675
25676
25686
25686
25689
25691
25692
25698
25700
25708
25710
25711
25714
25717
25724
25724
25727
25731
25737
25739
25741
25741
25742
25743
25743
25755
25757
25759
25761
25768
25776
25780
25780
25786
25795
25796
25800
25806
25808
25810
25811
25812
25816
25827
25832
25833
25837
25838
25838
25839
25841
25842
25842
25852
25853
25855
25855
25857
25859
25859
25861
25862
25862
25868
25869
25874
25879
25888
25893
25894
25895
25898
25904
25907
25908
25914
25917
25922
25922
25927
25929
25932
25943
25945
25947
25962
25966
25970
25970
25971
25971
25972
25974
25977
25979
25979
25984
25985
25989
25992
25992
25995
25996
25997
26001
26003
26006
26009
26009
26014
26027
26029
26033
26037
26045
26047
26051
26053
26059
26064
26065
26066
26067
26067
26070
26075
26079
26079
26081
26090
26092
26094
26104
26107
26108
26110
26113
26115
26117
26120
26121
26121
26126
26126
26127
26130
26130
26131
26131
26133
26133
26139
26140
26143
26144
26145
26145
26148
26157
26160
26167
26175
26176
26180
26182
26184
26188
26191
26192
26193
26197
26197
26199
26201
26209
26211
26215
26217
26219
26223
26225
26226
26228
26229
26240
26248
26252
26255
26255
26255
26258
26260
26266
26273
26274
26276
26287
26293
26295
26300
26301
26301
26309
26312
26313
26316
26316
26319
26323
26324
26325
26325
26332
26333
26333
26337
26342
26343
26343
26347
26348
26356
26360
26360
26363
26365
26365
26367
26367
26371
26372
26372
26377
26381
26384
26384
26386
26387
26393
26399
26401
26403
26411
26412
26413
26419
26419
26424
26426
26428
26432
26432
26434
26445
26445
26450
26453
26455
26456
26456
26460
26463
26464
26466
26468
26469
26473
26474
26474
26476
26477
26478
26483
26483
26487
26490
26495
26496
26500
26502
26502
26502
26503
26505
26508
26512
26515
26519
26522
26528
26534
26534
26535
26537
26540
26540
26541
26544
26545
26546
26547
26551
26551
26551
26551
26552
26553
26556
26565
26569
26572
26576
26577
26587
26588
26592
26593
26594
26598
26598
26601
26601
26603
26605
26606
26607
26608
26608
26609
26610
26611
26613
26618
26619
26625
26626
26630
26631
26636
26645
26650
26653
26655
26660
26666
26673
26675
26675
26681
26681
26689
26698
26700
26701
26701
26703
26704
26705
26707
26707
26716
26720
26728
26728
26733
26744
26753
26762
26765
26770
26770
26773
26778
26785
26786
26791
26794
26796
26799
26800
26804
26809
26810
26820
26826
26828
26833
26836
26837
26842
26850
26852
26855
26858
26861
26863
26866
26871
26872
26873
26882
26883
26890
26891
26894
26901
26911
26920
26922
26929
26933
26935
26938
26946
26950
26952
26953
26954
26957
26961
26963
26964
26965
26967
26969
26972
26974
26976
26978
26979
26979
26980
26982
26987
26991
26994
26997
26998
27002
27002
27005
27009
27009
27013
27013
27014
27017
27020
27025
27026
27031
27032
27038
27044
27046
27047
27049
27058
27059
27059
27061
27061
27073
27084
27086
27087
27095
27095
27097
27102
27106
27107
27107
27110
27114
27118
27123
27137
27146
27149
27154
27154
27156
27156
27159
27165
27171
27175
27179
27179
27180
27185
27188
27199
27206
27206
27207
27211
27216
27219
27220
27221
27221
27222
27224
27225
27234
27240
27243
27251
27254
27258
27258
27262
27265
27270
27272
27272
27272
27276
27277
27279
27280
27286
27289
27292
27296
27306
27310
27313
27315
27317
27318
27319
27324
27325
27327
27328
27328
27328
27330
27332
27334
27335
27337
27344
27347
27351
27353
27362
27368
27371
27372
27372
27376
27379
27379
27379
27382
27385
27396
27398
27400
27401
27402
27402
27403
27414
27418
27418
27420
27423
27430
27434
27437
27443
27444
27444
27444
27446
27449
27450
27450
27453
27454
27460
27465
27471
27474
27475
27478
27482
27484
27485
27486
27491
27495
27501
27501
27503
27503
27503
27508
27516
27518
27519
27520
27528
27529
27529
27531
27539
27541
27543
27544
27555
27556
27562
27563
27569
27575
27578
27579
27585
27587
27588
27591
27596
27598
27598
27599
27600
27601
27602
27603
27610
27615
27615
27617
27619
27620
27624
27627
27628
27628
27629
27634
27634
27641
27645
27645
27655
27659
27660
27661
27663
27664
27665
27666
27673
27677
27677
27682
27690
27693
27698
27701
27707
27709
27714
27717
27720
27726
27728
27729
27729
27730
27730
27733
27735
27742
27747
27751
27762
27763
27764
27765
27766
27771
27775
27777
27777
27777
27779
27780
27782
27784
27785
27789
27790
27791
27791
27792
27792
27798
27801
27805
27807
27815
27819
27820
27829
27830
27830
27830
27836
27846
27849
27850
27853
27856
27861
27867
27870
27896
27898
27900
27904
27907
27909
27911
27913
27914
27918
27922
27923
27924
27924
27931
27938
27938
27946
27946
27946
27951
27953
27955
27959
27959
27960
27961
27962
27969
27970
27972
27973
27973
27974
27974
27982
27983
27984
27986
27986
27987
27988
27988
27989
27990
27990
27991
27992
27996
28004
28006
28011
28016
28021
28022
28026
28029
28036
28039
28040
28040
28043
28056
28057
28057
28061
28062
28063
28065
28067
28069
28071
28072
28075
28075
28077
28089
28092
28098
28103
28103
28106
28108
28110
28112
28117
28117
28118
28120
28124
28125
28129
28134
28134
28135
28143
28143
28144
28145
28147
28154
28155
28157
28160
28167
28168
28171
28172
28174
28185
28188
28193
28196
28202
28204
28205
28206
28210
28214
28214
28215
28221
28222
28225
28226
28229
28229
28232
28235
28237
28239
28239
28240
28240
28242
28242
28244
28246
28250
28254
28256
28261
28266
28267
28278
28278
28284
28287
28296
28298
28302
28304
28306
28309
28310
28314
28318
28319
28323
28324
28324
28328
28332
28332
28333
28333
28336
28336
28338
28338
28340
28341
28348
28349
28350
28350
28355
28360
28360
28361
28369
28370
28372
28372
28373
28374
28374
28382
28384
28386
28389
28389
28391
28399
28400
28404
28406
28407
28409
28431
28436
28440
28445
28446
28450
28453
28455
28457
28458
28459
28461
28461
28462
28464
28466
28468
28469
28471
28472
28476
28481
28481
28483
28485
28485
28487
28492
28501
28503
28504
28514
28514
28523
28524
28524
28526
28533
28534
28538
28541
28543
28543
28545
28549
28555
28556
28557
28560
28562
28563
28563
28563
28568
28568
28572
28579
28580
28581
28581
28584
28587
28590
28599
28606
28617
28625
28625
28627
28627
28628
28629
28629
28634
28647
28650
28650
28652
28653
28657
28657
28666
28680
28687
28690
28690
28691
28693
28694
28697
28702
28712
28714
28716
28717
28722
28724
28725
28728
28731
28732
28737
28740
28744
28746
28747
28748
28751
28758
28760
28760
28761
28766
28768
28770
28772
28775
28777
28777
28777
28780
28788
28790
28792
28795
28795
28796
28799
28803
28809
28810
28810
28811
28813
28814
28814
28816
28818
28820
28822
28832
28833
28833
28841
28842
28843
28843
28844
28851
28852
28854
28856
28857
28864
28865
28866
28871
28879
28883
28883
28886
28886
28897
28900
28901
28901
28906
28911
28914
28915
28920
28928
28929
28936
28936
28937
28941
28943
28945
28946
28950
28952
28953
28955
28955
28957
28964
28965
28965
28972
28972
28977
28979
28985
28985
28993
28995
29000
29005
29009
29015
29019
29031
29039
29040
29051
29057
29058
29059
29064
29067
29067
29068
29068
29069
29070
29073
29074
29074
29087
29087
29088
29090
29097
29106
29115
29117
29120
29121
29122
29126
29127
29127
29128
29128
29132
29135
29139
29139
29145
29150
29154
29159
29169
29171
29177
29179
29180
29185
29187
29192
29196
29209
29212
29218
29227
29228
29241
29242
29243
29244
29246
29248
29249
29249
29250
29250
29252
29258
29261
29262
29268
29269
29272
29278
29284
29293
29302
29303
29305
29308
29313
29314
29316
29317
29320
29322
29331
29333
29336
29337
29339
29340
29343
29347
29347
29350
29360
29370
29371
29375
29378
29381
29384
29398
29399
29402
29406
29414
29415
29417
29427
29428
29429
29429
29430
29432
29438
29443
29445
29447
29468
29472
29474
29476
29477
29483
29483
29484
29485
29486
29491
29496
29511
29514
29522
29526
29531
29538
29540
29541
29543
29544
29552
29553
29554
29562
29563
29564
29571
29585
29585
29587
29589
29590
29600
29600
29600
29603
29606
29606
29607
29611
29613
29618
29622
29624
29634
29655
29656
29663
29665
29670
29671
29671
29672
29674
29680
29681
29684
29685
29687
29700
29700
29702
29703
29712
29714
29720
29721
29721
29723
29727
29737
29737
29742
29748
29748
29750
29752
29755
29758
29758
29758
29763
29765
29768
29768
29770
29774
29774
29781
29783
29787
29788
29790
29793
29796
29802
29805
29807
29812
29813
29816
29817
29817
29818
29820
29821
29823
29826
29838
29842
29851
29852
29853
29853
29853
29858
29862
29870
29878
29880
29881
29883
29887
29890
29890
29895
29903
29904
29907
29909
29914
29915
29919
29920
29920
29927
29933
29934
29935
29936
29939
29944
29947
29948
29951
29956
29958
29969
29969
29977
29978
29984
29984
29987
29989
29994
30006
30006
30012
30012
30021
30022
30026
30028
30028
30032
30032
30034
30037
30043
30044
30046
30048
30055
30059
30067
30069
30073
30074
30077
30079
30082
30082
30087
30087
30087
30088
30089
30093
30093
30095
30096
30097
30098
30100
30100
30101
30110
30111
30111
30113
30121
30123
30129
30135
30141
30142
30156
30156
30163
30163
30164
30165
30167
30167
30170
30171
30172
30176
30177
30180
30184
30190
30190
30190
30199
30201
30204
30207
30209
30214
30219
30225
30228
30231
30232
30254
30256
30269
30270
30270
30271
30272
30278
30280
30281
30282
30287
30299
30299
30302
30304
30317
30321
30331
30336
30339
30340
30343
30346
30359
30371
30371
30372
30376
30377
30377
30383
30385
30388
30390
30394
30403
30404
30406
30408
30419
30431
30434
30436
30439
30442
30446
30448
30454
30455
30456
30459
30466
30467
30472
30474
30475
30478
30481
30483
30490
30490
30491
30497
30503
30504
30507
30512
30514
30514
30521
30524
30526
30526
30527
30528
30529
30530
30532
30537
30539
30540
30546
30553
30556
30564
30564
30571
30574
30579
30583
30586
30598
30599
30601
30606
30615
30628
30629
30632
30634
30635
30648
30650
30651
30653
30659
30659
30660
30660
30664
30665
30666
30671
30671
30674
30680
30686
30694
30695
30699
30706
30709
30713
30715
30720
30722
30724
30725
30736
30741
30744
30744
30745
30745
30746
30747
30750
30751
30764
30764
30770
30776
30780
30781
30784
30788
30790
30792
30793
30798
30801
30809
30814
30814
30819
30821
30825
30825
30827
30828
30828
30830
30831
30831
30833
30844
30851
30854
30857
30860
30871
30874
30878
30882
30885
30898
30898
30903
30904
30911
30911
30919
30921
30923
30923
30924
30926
30929
30932
30932
30934
30940
30944
30944
30945
30949
30949
30950
30951
30953
30956
30957
30959
30959
30963
30966
30971
30972
30973
30973
30974
30975
30975
30977
30978
30978
30979
30983
30994
30999
31002
31003
31003
31004
31005
31006
31010
31012
31012
31016
31018
31031
31056
31056
31056
31058
31060
31060
31062
31062
31062
31065
31077
31087
31098
31099
31102
31102
31112
31112
31112
31113
31115
31121
31124
31131
31132
31133
31138
31139
31139
31141
31142
31145
31150
31152
31153
31156
31157
31162
31171
31176
31183
31183
31184
31189
31193
31194
31200
31203
31205
31208
31212
31217
31237
31239
31241
31246
31248
31249
31249
31252
31255
31255
31258
31259
31264
31265
31269
31269
31269
31270
31273
31274
31277
31278
31280
31285
31289
31292
31293
31293
31295
31295
31299
31301
31304
31308
31309
31313
31314
31319
31319
31322
31325
31332
31336
31340
31344
31345
31347
31347
31353
31356
31359
31361
31366
31367
31367
31368
31369
31371
31372
31383
31386
31386
31388
31388
31389
31394
31396
31398
31399
31404
31405
31407
31407
31412
31414
31416
31418
31419
31420
31421
31433
31435
31436
31442
31443
31444
31447
31452
31455
31456
31460
31460
31464
31470
31474
31478
31480
31486
31489
31492
31495
31497
31499
31500
31501
31502
31502
31503
31504
31511
31513
31517
31519
31519
31521
31521
31521
31522
31531
31532
31534
31535
31537
31547
31549
31553
31553
31554
31555
31563
31564
31565
31566
31568
31572
31572
31576
31578
31580
31596
31596
31596
31596
31599
31602
31602
31606
31606
31608
31620
31621
31621
31623
31631
31634
31639
31639
31648
31648
31663
31665
31666
31666
31667
31669
31670
31690
31691
31697
31701
31704
31708
31710
31715
31718
31719
31720
31721
31728
31730
31733
31735
31736
31738
31740
31741
31741
31741
31743
31743
31751
31754
31757
31760
31760
31762
31765
31772
31773
31776
31778
31780
31784
31784
31784
31785
31786
31795
31798
31805
31814
31816
31825
31832
31835
31839
31842
31844
31846
31849
31850
31855
31856
31864
31869
31877
31877
31884
31886
31887
31891
31893
31893
31893
31898
31908
31908
31910
31910
31913
31913
31917
31926
31929
31932
31933
31934
31937
31946
31951
31951
31954
31954
31956
31959
31964
31971
31977
31980
31980
31980
31989
31990
31992
31992
31993
31997
31998
31999
31999
32004
32008
32009
32014
32016
32017
32024
32035
32043
32044
32056
32060
32063
32065
32066
32066
32075
32075
32077
32080
32081
32082
32083
32084
32085
32086
32088
32094
32107
32108
32113
32113
32114
32119
32122
32123
32126
32133
32137
32139
32142
32143
32150
32153
32155
32160
32160
32162
32163
32177
32178
32198
32200
32201
32204
32210
32212
32212
32224
32228
32232
32232
32239
32239
32241
32243
32244
32246
32247
32249
32260
32264
32265
32266
32270
32272
32273
32277
32280
32282
32284
32284
32285
32295
32298
32300
32300
32302
32306
32313
32315
32319
32323
32324
32325
32325
32334
32336
32339
32342
32345
32348
32349
32351
32352
32352
32357
32357
32359
32359
32371
32378
32379
32386
32387
32388
32392
32394
32399
32403
32403
32409
32410
32415
32422
32425
32436
32442
32442
32443
32448
32449
32454
32458
32465
32468
32476
32479
32481
32484
32485
32487
32490
32490
32493
32494
32498
32499
32501
32501
32505
32508
32510
32519
32519
32526
32527
32540
32540
32541
32541
32543
32551
32551
32559
32559
32565
32566
32572
32580
32586
32590
32592
32592
32594
32594
32597
32600
32602
32604
32609
32610
32611
32612
32614
32623
32624
32627
32631
32635
32636
32640
32641
32642
32644
32645
32648
32649
32658
32664
32666
32671
32676
32678
32678
32679
32681
32682
32683
32685
32686
32687
32691
32692
32695
32695
32708
32713
32716
32719
32724
32726
32726
32727
32741
32745
32745
32747
32748
32750
32753
32754
32762
32765
32765
