1
2
6
12
15
18
22
24
24
28
33
33
33
38
43
47
47
49
50
52
54
55
56
57
59
61
63
64
67
72
72
73
76
76
78
78
78
80
82
85
85
88
91
95
96
101
103
104
107
109
111
116
118
122
125
131
132
140
141
143
147
150
153
154
166
169
170
170
180
191
192
194
194
194
198
213
213
215
215
221
223
224
231
231
242
244
246
249
253
254
260
262
264
268
269
270
273
279
280
281
281
288
289
292
294
294
294
305
312
319
321
323
324
327
328
334
335
337
346
347
348
350
351
352
352
357
358
358
359
361
363
368
368
369
374
384
391
392
397
399
407
410
410
413
414
415
420
425
426
426
426
432
447
448
450
451
453
456
457
465
470
470
476
479
479
480
485
489
492
498
501
501
505
508
509
510
512
513
524
525
525
526
530
534
535
536
539
539
540
547
548
549
550
551
552
554
554
558
565
568
571
572
578
578
579
581
584
585
591
601
601
606
608
610
621
622
623
623
626
644
651
657
657
659
659
662
669
671
675
675
681
683
689
689
697
698
698
700
701
701
705
709
715
715
723
724
727
728
730
731
732
736
736
739
744
746
750
757
762
764
771
772
774
785
786
792
792
797
797
808
809
813
816
821
821
823
826
827
827
829
832
836
839
841
844
846
847
848
855
858
859
864
868
870
877
878
878
882
884
889
889
892
892
903
904
911
915
920
923
923
924
928
933
938
938
939
941
946
948
952
958
961
961
968
973
977
979
980
982
984
986
989
989
990
994
995
1000
1003
1004
1008
1008
1025
1025
1028
1031
1031
1036
1036
1037
1040
1040
1045
1051
1054
1058
1066
1067
1069
1069
1070
1074
1076
1077
1085
1087
1091
1091
1091
1093
1094
1097
1107
1107
1110
1114
1115
1118
1119
1120
1127
1129
1129
1129
1131
1141
1144
1144
1146
1148
1150
1150
1151
1165
1166
1167
1169
1172
1176
1176
1176
1177
1184
1186
1192
1192
1193
1195
1195
1203
1203
1207
1208
1217
1224
1226
1239
1243
1248
1252
1254
1254
1261
1265
1267
1267
1272
1275
1278
1292
1293
1294
1295
1297
1298
1302
1302
1314
1316
1320
1328
1329
1334
1335
1341
1342
1348
1355
1360
1360
1365
1369
1379
1380
1383
1388
1390
1390
1391
1396
1398
1400
1401
1402
1403
1405
1407
1407
1409
1414
1414
1418
1418
1420
1421
1422
1431
1432
1434
1435
1437
1445
1447
1457
1459
1470
1475
1476
1483
1483
1486
1489
1494
1503
1509
1511
1511
1511
1516
1519
1521
1523
1526
1526
1527
1529
1529
1535
1538
1538
1540
1542
1547
1553
1559
1559
1564
1566
1578
1584
1584
1588
1594
1594
1599
1605
1611
1612
1613
1614
1622
1625
1627
1630
1632
1633
1633
1633
1639
1642
1647
1654
1658
1666
1668
1680
1680
1681
1683
1686
1687
1687
1693
1698
1699
1699
1700
1706
1712
1714
1722
1725
1725
1728
1732
1733
1741
1741
1747
1750
1752
1760
1760
1767
1773
1776
1779
1783
1791
1796
1796
1797
1800
1802
1807
1811
1815
1817
1817
1818
1819
1826
1826
1827
1828
1829
1830
1837
1838
1841
1842
1843
1849
1851
1852
1854
1855
1860
1863
1864
1866
1874
1876
1877
1882
1883
1891
1896
1896
1897
1902
1904
1908
1920
1925
1926
1930
1934
1935
1935
1937
1938
1943
1946
1948
1950
1951
1954
1957
1960
1975
1976
1983
1985
1987
1988
1988
1991
1994
2003
2007
2008
2011
2014
2014
2025
2028
2047
2051
2052
2054
2055
2055
2056
2058
2077
2079
2081
2083
2084
2086
2088
2091
2098
2100
2100
2101
2107
2109
2112
2112
2120
2123
2123
2148
2149
2151
2164
2168
2170
2173
2173
2182
2183
2189
2195
2199
2203
2205
2206
2217
2220
2223
2230
2241
2242
2245
2248
2255
2255
2263
2270
2271
2273
2274
2275
2279
2280
2281
2289
2290
2291
2293
2302
2304
2309
2312
2315
2315
2320
2326
2333
2340
2344
2344
2345
2354
2358
2360
2363
2364
2375
2377
2383
2387
2387
2389
2397
2398
2406
2407
2409
2411
2418
2420
2424
2427
2428
2429
2432
2433
2433
2440
2442
2447
2450
2451
2454
2462
2468
2474
2477
2479
2479
2481
2485
2494
2495
2496
2498
2501
2502
2507
2516
2516
2518
2532
2536
2543
2546
2550
2551
2556
2556
2559
2568
2586
2587
2589
2590
2590
2595
2597
2607
2609
2615
2623
2626
2627
2630
2633
2634
2635
2637
2641
2642
2647
2651
2652
2660
2670
2671
2683
2692
2714
2718
2720
2725
2725
2727
2728
2733
2735
2744
2749
2753
2754
2757
2760
2768
2768
2768
2794
2795
2796
2799
2800
2803
2806
2813
2819
2820
2825
2825
2827
2831
2835
2835
2841
2843
2851
2852
2857
2864
2871
2872
2872
2879
2880
2884
2887
2888
2895
2896
2897
2901
2903
2904
2905
2906
2907
2913
2920
2926
2928
2929
2937
2938
2940
2952
2954
2955
2957
2958
2959
2961
2963
2964
2966
2966
2973
2973
2973
2974
2981
2981
2987
2988
2989
2994
2996
2998
3001
3006
3006
3009
3016
3017
3021
3023
3026
3026
3031
3036
3036
3037
3037
3040
3045
3046
3053
3054
3055
3059
3070
3074
3078
3082
3085
3097
3098
3106
3106
3107
3107
3108
3109
3112
3113
3113
3117
3117
3120
3134
3136
3137
3143
3153
3156
3168
3168
3168
3168
3177
3182
3187
3191
3192
3194
3197
3199
3201
3202
3204
3208
3210
3216
3218
3221
3221
3236
3242
3248
3253
3260
3265
3278
3278
3281
3286
3290
3292
3294
3297
3301
3303
3305
3306
3313
3319
3322
3326
3326
3334
3337
3339
3341
3350
3359
3361
3362
3366
3367
3380
3382
3384
3388
3397
3397
3400
3404
3406
3408
3408
3410
3420
3420
3420
3422
3424
3424
3437
3437
3440
3440
3446
3453
3455
3456
3464
3465
3465
3471
3473
3476
3477
3479
3484
3487
3488
3490
3491
3494
3494
3496
3497
3498
3499
3500
3501
3504
3505
3508
3510
3512
3515
3519
3525
3535
3536
3539
3542
3547
3548
3556
3570
3574
3578
3587
3587
3591
3592
3601
3603
3607
3609
3613
3617
3628
3631
3632
3632
3635
3640
3642
3642
3644
3644
3647
3648
3651
3654
3658
3659
3660
3668
3670
3673
3679
3693
3694
3703
3705
3707
3709
3709
3713
3713
3715
3716
3717
3721
3726
3727
3728
3730
3730
3734
3737
3737
3741
3742
3742
3743
3743
3745
3756
3761
3764
3769
3773
3775
3784
3796
3811
3815
3817
3821
3827
3828
3834
3834
3842
3846
3849
3849
3850
3851
3854
3863
3865
3865
3867
3869
3883
3883
3885
3886
3892
3892
3897
3906
3909
3909
3914
3915
3916
3917
3921
3924
3924
3928
3932
3947
3949
3950
3957
3970
3971
3972
3973
3978
3985
3987
3991
3992
3995
3999
4001
4002
4002
4016
4019
4024
4031
4034
4035
4037
4039
4039
4039
4041
4043
4043
4053
4054
4061
4062
4065
4069
4072
4075
4075
4080
4085
4094
4097
4103
4105
4107
4108
4109
4112
4115
4116
4117
4123
4126
4132
4145
4158
4162
4170
4175
4178
4178
4182
4192
4194
4196
4199
4207
4215
4219
4219
4227
4228
4237
4239
4241
4242
4245
4247
4252
4254
4255
4258
4259
4273
4275
4278
4286
4290
4292
4293
4294
4295
4297
4301
4304
4306
4309
4313
4314
4315
4317
4317
4318
4319
4320
4321
4330
4333
4338
4339
4339
4340
4341
4349
4351
4361
4362
4366
4368
4370
4372
4373
4384
4394
4396
4399
4399
4400
4411
4411
4413
4413
4414
4415
4415
4415
4420
4422
4426
4427
4428
4429
4429
4436
4438
4439
4443
4452
4453
4453
4454
4461
4465
4465
4467
4471
4473
4482
4486
4487
4490
4491
4491
4495
4497
4505
4506
4510
4513
4520
4521
4522
4530
4533
4534
4535
4543
4548
4555
4564
4564
4566
4573
4575
4577
4581
4585
4586
4594
4595
4599
4608
4609
4610
4617
4620
4621
4621
4624
4629
4630
4630
4631
4635
4638
4642
4643
4643
4649
4650
4656
4659
4660
4663
4663
4665
4672
4676
4680
4684
4685
4685
4685
4694
4702
4710
4718
4719
4723
4725
4728
4730
4739
4741
4744
4745
4745
4745
4748
4748
4751
4754
4755
4756
4757
4757
4762
4762
4763
4768
4768
4775
4775
4780
4780
4781
4783
4789
4790
4790
4791
4792
4797
4797
4800
4801
4802
4805
4811
4811
4820
4825
4830
4835
4841
4842
4845
4848
4850
4863
4875
4885
4886
4891
4892
4893
4899
4907
4915
4917
4920
4921
4922
4922
4924
4931
4931
4933
4933
4937
4943
4947
4954
4973
4990
4997
4998
4999
5001
5002
5009
5019
5027
5027
5028
5029
5041
5042
5046
5057
5063
5069
5070
5077
5078
5087
5087
5088
5095
5095
5099
5099
5100
5114
5114
5116
5123
5123
5126
5131
5132
5133
5135
5139
5140
5145
5150
5151
5152
5152
5159
5161
5161
5162
5168
5172
5173
5174
5176
5179
5182
5187
5201
5211
5217
5224
5231
5233
5239
5240
5241
5245
5246
5254
5256
5257
5261
5271
5278
5281
5283
5284
5284
5284
5295
5300
5303
5304
5304
5316
5317
5320
5322
5325
5325
5332
5332
5342
5346
5348
5349
5352
5355
5356
5357
5363
5369
5375
5388
5389
5394
5395
5398
5404
5410
5414
5417
5419
5427
5427
5430
5439
5440
5444
5444
5446
5446
5452
5457
5458
5467
5475
5477
5485
5485
5489
5491
5494
5495
5495
5496
5496
5499
5503
5505
5507
5508
5508
5509
5515
5524
5524
5532
5534
5544
5548
5553
5553
5556
5559
5570
5570
5570
5571
5582
5588
5590
5591
5598
5603
5604
5606
5606
5607
5613
5614
5618
5619
5620
5621
5621
5621
5623
5627
5628
5630
5631
5643
5644
5648
5657
5663
5669
5670
5672
5674
5678
5680
5682
5686
5687
5698
5700
5701
5701
5703
5704
5706
5709
5711
5712
5716
5724
5724
5731
5750
5753
5760
5765
5765
5767
5772
5774
5775
5781
5783
5789
5790
5794
5796
5798
5800
5802
5808
5809
5811
5825
5828
5832
5833
5833
5834
5843
5844
5845
5848
5867
5867
5871
5871
5871
5874
5875
5881
5881
5893
5894
5900
5902
5904
5913
5914
5916
5921
5922
5922
5929
5931
5938
5943
5946
5946
5951
5957
5957
5960
5960
5962
5966
5966
5972
5972
5972
5973
5974
5979
5983
5985
5985
5987
5990
5991
5997
5997
6001
6002
6002
6004
6008
6008
6009
6013
6016
6017
6019
6021
6029
6029
6029
6032
6035
6051
6052
6053
6054
6057
6059
6060
6062
6064
6065
6071
6074
6075
6076
6078
6079
6079
6085
6087
6093
6097
6101
6106
6108
6109
6115
6119
6119
6124
6129
6135
6136
6143
6154
6154
6158
6161
6162
6163
6169
6170
6172
6173
6175
6177
6177
6183
6183
6183
6186
6192
6197
6199
6214
6223
6223
6225
6226
6232
6235
6236
6236
6244
6246
6246
6248
6250
6250
6252
6253
6260
6263
6266
6269
6272
6273
6274
6274
6275
6276
6284
6284
6286
6286
6291
6294
6299
6304
6308
6313
6315
6316
6316
6317
6319
6321
6321
6322
6327
6328
6335
6339
6339
6347
6354
6356
6356
6359
6360
6361
6367
6374
6377
6384
6387
6391
6394
6403
6406
6406
6413
6416
6423
6424
6427
6427
6434
6439
6440
6443
6460
6469
6494
6504
6505
6508
6511
6512
6514
6515
6518
6526
6526
6527
6531
6534
6534
6540
6541
6545
6546
6550
6559
6562
6562
6572
6573
6575
6576
6578
6585
6593
6601
6606
6607
6608
6615
6620
6623
6623
6625
6628
6630
6638
6638
6654
6663
6665
6670
6675
6684
6685
6686
6687
6688
6694
6695
6695
6704
6708
6708
6716
6719
6719
6719
6720
6726
6729
6731
6731
6738
6743
6744
6749
6751
6753
6757
6765
6767
6778
6778
6778
6781
6783
6784
6784
6785
6787
6787
6796
6799
6807
6809
6819
6828
6831
6832
6833
6835
6838
6839
6847
6849
6850
6859
6863
6877
6889
6898
6898
6898
6898
6902
6904
6908
6908
6912
6917
6921
6922
6922
6928
6932
6938
6938
6942
6943
6947
6962
6963
6966
6968
6970
6975
6977
6981
6987
6989
7002
7003
7013
7015
7018
7022
7023
7026
7028
7032
7035
7038
7038
7039
7040
7046
7050
7050
7051
7053
7055
7063
7064
7067
7070
7073
7073
7076
7090
7096
7099
7103
7103
7104
7123
7123
7124
7137
7140
7142
7147
7149
7149
7149
7151
7154
7154
7159
7165
7167
7174
7175
7179
7180
7183
7184
7185
7195
7196
7197
7198
7199
7199
7199
7201
7205
7207
7210
7212
7222
7226
7227
7230
7231
7232
7237
7239
7243
7247
7247
7252
7257
7257
7261
7265
7266
7268
7273
7273
7280
7284
7285
7286
7289
7291
7293
7307
7310
7310
7314
7315
7315
7317
7320
7321
7328
7329
7330
7332
7342
7351
7353
7355
7355
7356
7358
7360
7364
7365
7371
7375
7376
7377
7378
7381
7384
7386
7390
7395
7395
7396
7396
7398
7399
7403
7407
7407
7408
7409
7415
7416
7420
7425
7425
7427
7428
7428
7430
7433
7434
7435
7440
7440
7443
7444
7446
7446
7449
7453
7453
7459
7459
7461
7466
7467
7470
7471
7473
7481
7497
7506
7507
7515
7515
7518
7519
7520
7526
7532
7543
7543
7543
7552
7552
7556
7558
7564
7568
7569
7574
7575
7581
7583
7583
7587
7587
7590
7592
7592
7595
7601
7612
7614
7622
7625
7629
7640
7642
7642
7643
7644
7645
7660
7661
7663
7663
7667
7671
7675
7676
7681
7685
7691
7691
7695
7699
7699
7707
7708
7715
7717
7719
7723
7729
7730
7730
7735
7735
7736
7744
7745
7747
7749
7753
7754
7754
7756
7757
7765
7765
7769
7770
7770
7774
7777
7782
7785
7787
7788
7791
7792
7793
7795
7797
7797
7807
7826
7829
7838
7843
7844
7848
7849
7850
7854
7857
7859
7872
7872
7881
7884
7886
7887
7892
7898
7899
7899
7903
7905
7906
7909
7910
7914
7915
7918
7920
7925
7937
7937
7938
7938
7942
7950
7952
7952
7954
7958
7967
7968
7972
7973
7980
7984
7987
7988
7989
7991
7999
8006
8007
8012
8012
8012
8020
8027
8029
8029
8030
8033
8035
8036
8036
8037
8038
8040
8045
8052
8055
8062
8063
8064
8070
8071
8071
8078
8079
8081
8083
8084
8085
8089
8092
8094
8094
8100
8104
8104
8105
8110
8123
8128
8129
8131
8135
8138
8138
8139
8143
8149
8158
8167
8170
8178
8178
8179
8180
8187
8189
8189
8190
8191
8193
8196
8197
8200
8200
8200
8201
8205
8212
8212
8216
8219
8220
8224
8224
8233
8238
8254
8254
8257
8260
8262
8267
8267
8271
8273
8276
8281
8283
8292
8292
8293
8297
8304
8306
8307
8308
8315
8315
8316
8320
8322
8324
8330
8337
8346
8346
8346
8348
8353
8354
8355
8357
8358
8358
8360
8365
8368
8368
8371
8374
8385
8389
8399
8400
8405
8412
8412
8414
8414
8414
8416
8418
8419
8419
8423
8426
8428
8434
8437
8446
8447
8452
8454
8455
8466
8472
8478
8483
8483
8485
8486
8487
8488
8492
8497
8498
8507
8508
8512
8514
8515
8516
8520
8521
8525
8525
8526
8528
8534
8537
8542
8548
8555
8561
8568
8569
8573
8579
8588
8589
8591
8594
8601
8608
8608
8610
8611
8612
8613
8626
8629
8630
8631
8635
8635
8643
8644
8648
8649
8654
8664
8665
8666
8669
8673
8677
8679
8679
8680
8681
8684
8684
8686
8687
8690
8693
8702
8705
8710
8720
8721
8722
8725
8729
8732
8740
8750
8751
8754
8755
8759
8760
8763
8771
8777
8778
8780
8783
8784
8790
8791
8791
8792
8795
8795
8802
8807
8810
8811
8812
8816
8820
8821
8823
8824
8826
8828
8830
8845
8849
8855
8855
8857
8857
8860
8860
8861
8865
8869
8874
8875
8878
8879
8879
8886
8888
8889
8890
8897
8897
8900
8912
8916
8919
8927
8928
8933
8934
8937
8942
8951
8952
8954
8961
8961
8963
8969
8979
8980
8980
8984
8988
8991
8995
9001
9001
9001
9012
9014
9015
9020
9024
9032
9039
9045
9045
9069
9070
9077
9078
9078
9078
9083
9086
9103
9105
9106
9107
9109
9109
9111
9116
9117
9117
9118
9121
9122
9123
9125
9135
9139
9140
9140
9147
9148
9150
9153
9153
9156
9170
9170
9171
9172
9176
9177
9177
9180
9185
9191
9196
9199
9200
9202
9202
9215
9216
9219
9225
9226
9230
9233
9239
9245
9246
9256
9263
9263
9264
9269
9269
9271
9281
9281
9282
9283
9283
9283
9290
9297
9297
9299
9302
9303
9303
9306
9307
9313
9319
9327
9333
9333
9336
9337
9339
9343
9345
9346
9360
9362
9363
9364
9367
9367
9367
9375
9381
9381
9386
9387
9389
9400
9403
9409
9410
9419
9426
9434
9435
9436
9439
9443
9444
9449
9459
9461
9465
9468
9470
9475
9483
9485
9486
9487
9488
9495
9495
9496
9499
9503
9512
9516
9516
9516
9518
9521
9521
9525
9532
9534
9535
9540
9540
9541
9542
9546
9548
9549
9551
9558
9559
9565
9566
9567
9570
9571
9572
9572
9574
9584
9586
9595
9606
9613
9613
9615
9615
9618
9625
9631
9632
9632
9633
9642
9649
9657
9667
9671
9677
9681
9683
9686
9686
9693
9694
9695
9701
9705
9715
9718
9720
9723
9730
9735
9735
9737
9738
9738
9745
9746
9752
9752
9759
9760
9763
9764
9768
9776
9781
9783
9791
9793
9793
9796
9800
9802
9804
9804
9807
9810
9810
9815
9817
9819
9819
9822
9823
9824
9825
9827
9840
9848
9854
9857
9860
9861
9868
9870
9881
9886
9892
9893
9895
9898
9899
9901
9903
9908
9910
9914
9916
9917
9923
9925
9927
9928
9928
9929
9931
9933
9933
9935
9935
9941
9944
9947
9954
9955
9959
9962
9966
9969
9973
9974
9976
9977
9982
9982
9983
9987
9990
9992
9992
9993
9993
9994
10000
10005
10006
10011
10016
10021
10023
10025
10027
10029
10031
10036
10037
10043
10044
10047
10047
10050
10059
10062
10063
10067
10071
10073
10074
10076
10077
10082
10083
10086
10087
10087
10095
10102
10103
10104
10107
10109
10112
10113
10125
10127
10132
10133
10134
10138
10141
10142
10143
10147
10151
10155
10156
10160
10163
10164
10164
10173
10178
10180
10194
10198
10198
10203
10204
10207
10207
10209
10218
10219
10227
10229
10235
10236
10244
10254
10259
10261
10265
10266
10267
10267
10268
10271
10274
10275
10281
10284
10287
10289
10296
10299
10300
10310
10313
10319
10325
10325
10336
10338
10340
10345
10347
10351
10353
10354
10357
10357
10360
10361
10366
10370
10378
10381
10381
10382
10382
10383
10385
10385
10387
10389
10389
10390
10398
10398
10398
10400
10407
10409
10414
10419
10429
10431
10435
10438
10439
10441
10442
10446
10452
10456
10456
10458
10466
10468
10473
10474
10475
10477
10478
10480
10487
10492
10494
10495
10500
10511
10520
10526
10527
10530
10531
10531
10534
10534
10536
10537
10538
10541
10542
10551
10561
10562
10567
10567
10571
10572
10575
10575
10576
10577
10580
10582
10586
10588
10589
10590
10591
10594
10599
10600
10601
10607
10611
10611
10615
10618
10626
10628
10632
10632
10632
10635
10636
10639
10641
10642
10645
10649
10655
10656
10667
10667
10668
10669
10671
10676
10678
10680
10684
10685
10689
10690
10698
10699
10705
10715
10715
10727
10731
10731
10733
10733
10743
10748
10749
10750
10758
10758
10767
10769
10773
10774
10782
10786
10786
10789
10792
10795
10803
10804
10809
10814
10827
10827
10828
10832
10834
10834
10838
10843
10844
10846
10856
10857
10861
10863
10867
10870
10872
10873
10876
10881
10881
10883
10884
10888
10891
10892
10896
10897
10898
10900
10902
10904
10913
10917
10923
10924
10925
10927
10928
10935
10937
10941
10942
10942
10945
10950
10955
10960
10962
10970
10970
10974
10975
10976
10980
10981
10986
10989
10992
10993
10993
10999
11001
11001
11002
11006
11007
11009
11017
11018
11021
11021
11025
11028
11033
11036
11043
11045
11050
11050
11051
11052
11055
11058
11059
11059
11064
11065
11065
11072
11077
11078
11078
11079
11080
11080
11093
11100
11101
11102
11109
11109
11110
11111
11115
11117
11118
11120
11120
11124
11125
11127
11131
11134
11135
11139
11140
11151
11161
11164
11166
11168
11169
11172
11173
11181
11183
11187
11189
11191
11193
11196
11209
11214
11220
11225
11225
11238
11245
11246
11247
11251
11252
11253
11254
11254
11255
11257
11259
11259
11260
11272
11278
11281
11284
11290
11290
11293
11297
11297
11300
11308
11309
11319
11320
11320
11322
11324
11325
11326
11330
11338
11345
11349
11349
11350
11352
11352
11354
11355
11365
11367
11370
11371
11375
11376
11380
11388
11391
11392
11392
11399
11405
11407
11410
11412
11419
11419
11420
11423
11427
11428
11429
11433
11434
11434
11442
11443
11447
11447
11449
11454
11458
11459
11460
11464
11469
11470
11471
11475
11480
11482
11487
11498
11503
11504
11507
11507
11507
11508
11511
11511
11513
11516
11519
11528
11528
11529
11535
11537
11537
11540
11551
11552
11562
11562
11562
11569
11570
11576
11576
11576
11576
11586
11588
11589
11590
11592
11601
11608
11609
11612
11613
11614
11616
11616
11620
11621
11624
11631
11631
11632
11633
11636
11643
11643
11658
11660
11661
11666
11670
11671
11673
11676
11680
11687
11687
11689
11690
11693
11701
11701
11702
11702
11702
11704
11707
11709
11712
11714
11715
11716
11716
11716
11717
11725
11728
11730
11732
11739
11741
11742
11744
11749
11751
11752
11754
11756
11767
11768
11769
11776
11778
11783
11785
11794
11796
11806
11813
11813
11814
11829
11830
11831
11832
11833
11833
11835
11835
11839
11841
11842
11842
11844
11855
11856
11861
11864
11870
11874
11876
11880
11884
11887
11890
11893
11894
11902
11904
11910
11914
11915
11918
11918
11926
11931
11939
11940
11946
11948
11951
11958
11960
11963
11965
11968
11968
11975
11978
11991
11993
11998
12000
12019
12020
12022
12028
12040
12045
12052
12054
12055
12061
12068
12080
12086
12088
12089
12091
12096
12097
12098
12101
12109
12110
12112
12112
12116
12121
12123
12124
12126
12129
12142
12142
12143
12151
12159
12162
12165
12166
12170
12170
12172
12175
12180
12181
12185
12185
12187
12188
12198
12200
12200
12201
12206
12208
12210
12215
12216
12218
12227
12228
12233
12234
12237
12238
12238
12241
12241
12243
12248
12251
12255
12258
12260
12260
12271
12272
12273
12274
12277
12277
12278
12279
12281
12281
12281
12284
12290
12290
12297
12297
12301
12309
12311
12311
12312
12312
12313
12314
12314
12315
12318
12327
12328
12333
12340
12343
12350
12351
12352
12362
12369
12369
12372
12373
12377
12379
12379
12383
12395
12411
12413
12417
12418
12418
12433
12434
12437
12438
12445
12449
12449
12450
12454
12462
12467
12476
12477
12481
12483
12495
12497
12500
12502
12508
12512
12514
12516
12517
12518
12523
12524
12527
12527
12533
12536
12539
12539
12540
12542
12543
12548
12548
12553
12554
12556
12565
12573
12573
12579
12579
12587
12589
12591
12595
12602
12606
12607
12608
12609
12609
12611
12616
12616
12619
12622
12624
12629
12629
12631
12631
12633
12634
12637
12638
12638
12640
12650
12657
12659
12659
12661
12666
12669
12672
12674
12676
12680
12686
12690
12691
12692
12705
12705
12707
12707
12714
12715
12716
12716
12718
12723
12725
12726
12728
12731
12733
12740
12751
12751
12757
12760
12767
12780
12781
12785
12785
12787
12789
12790
12791
12792
12798
12806
12806
12808
12809
12810
12814
12816
12821
12821
12822
12824
12824
12824
12829
12831
12831
12831
12833
12833
12834
12839
12841
12841
12846
12861
12862
12864
12864
12866
12871
12872
12873
12878
12881
12883
12885
12904
12905
12912
12912
12914
12916
12919
12921
12926
12932
12939
12948
12949
12951
12952
12957
12958
12958
12960
12962
12969
12978
12984
12991
12991
12994
12995
13000
13002
13002
13005
13005
13005
13007
13008
13009
13010
13017
13030
13034
13035
13037
13042
13044
13044
13048
13051
13051
13053
13057
13059
13061
13062
13064
13072
13073
13074
13074
13076
13077
13077
13078
13081
13088
13090
13095
13100
13101
13102
13115
13117
13118
13125
13127
13132
13134
13138
13140
13142
13147
13149
13150
13153
13154
13154
13160
13165
13168
13170
13172
13173
13178
13181
13182
13183
13190
13191
13193
13200
13207
13210
13213
13218
13222
13223
13233
13234
13236
13243
13247
13250
13252
13259
13260
13260
13263
13266
13268
13272
13278
13278
13286
13293
13296
13300
13300
13302
13302
13306
13307
13308
13324
13330
13334
13339
13341
13344
13344
13344
13351
13353
13361
13362
13366
13366
13367
13371
13372
13372
13374
13383
13386
13391
13397
13401
13403
13407
13421
13429
13432
13433
13436
13439
13440
13443
13445
13451
13457
13457
13458
13460
13463
13463
13464
13468
13468
13471
13473
13478
13480
13482
13488
13489
13495
13496
13496
13503
13505
13505
13507
13507
13515
13516
13521
13522
13527
13529
13529
13533
13540
13542
13545
13546
13546
13555
13555
13556
13556
13567
13568
13574
13575
13578
13581
13591
13592
13598
13598
13599
13599
13601
13609
13611
13618
13618
13621
13626
13629
13629
13633
13635
13637
13637
13644
13645
13646
13647
13647
13647
13654
13655
13656
13657
13658
13660
13664
13670
13670
13671
13674
13675
13676
13676
13678
13680
13681
13683
13685
13687
13689
13691
13693
13694
13700
13702
13713
13717
13718
13719
13723
13724
13726
13731
13734
13737
13744
13745
13751
13752
13754
13756
13758
13762
13762
13764
13764
13767
13777
13781
13783
13783
13784
13784
13786
13800
13801
13806
13808
13812
13820
13825
13832
13833
13835
13837
13843
13849
13851
13855
13857
13858
13865
13866
13866
13868
13870
13870
13873
13876
13877
13885
13885
13888
13895
13896
13900
13903
13906
13913
13923
13933
13941
13941
13942
13942
13942
13943
13945
13945
13954
13959
13960
13964
13970
13972
13975
13975
13976
13978
13985
13986
13990
13995
13996
14003
14007
14008
14012
14019
14020
14022
14023
14024
14028
14034
14036
14037
14041
14051
14051
14052
14056
14056
14056
14070
14077
14079
14079
14098
14100
14100
14102
14103
14103
14109
14111
14112
14112
14112
14113
14118
14118
14121
14122
14123
14124
14127
14129
14137
14143
14148
14150
14153
14159
14161
14166
14170
14176
14177
14178
14181
14183
14186
14193
14197
14198
14203
14205
14209
14211
14213
14213
14216
14216
14219
14222
14224
14227
14229
14233
14237
14238
14243
14244
14246
14248
14249
14250
14259
14261
14266
14266
14276
14277
14277
14284
14284
14286
14291
14296
14302
14303
14303
14306
14306
14309
14312
14313
14316
14319
14327
14343
14346
14348
14350
14352
14365
14367
14368
14372
14374
14374
14384
14388
14394
14396
14401
14406
14406
14407
14409
14411
14413
14414
14417
14431
14440
14441
14445
14445
14446
14446
14448
14448
14451
14454
14461
14466
14468
14470
14473
14475
14478
14478
14478
14484
14485
14485
14485
14486
14487
14488
14490
14494
14495
14496
14497
14501
14501
14510
14510
14519
14525
14526
14527
14527
14536
14540
14546
14547
14549
14558
14559
14563
14564
14569
14575
14576
14578
14578
14582
14583
14583
14584
14585
14587
14591
14595
14597
14598
14603
14606
14614
14615
14616
14618
14619
14622
14623
14624
14625
14636
14640
14643
14644
14645
14645
14647
14651
14652
14661
14662
14665
14666
14670
14670
14671
14671
14672
14673
14678
14679
14685
14686
14687
14688
14688
14690
14692
14696
14700
14714
14715
14717
14717
14719
14727
14729
14731
14731
14734
14735
14735
14737
14739
14741
14750
14760
14762
14770
14770
14773
14773
14777
14781
14783
14783
14785
14787
14792
14792
14793
14795
14797
14800
14801
14808
14824
14824
14825
14830
14834
14835
14843
14844
14848
14849
14849
14857
14860
14864
14866
14872
14877
14881
14883
14884
14886
14888
14889
14890
14891
14893
14901
14901
14903
14905
14906
14910
14917
14919
14923
14931
14932
14936
14937
14939
14940
14940
14950
14951
14954
14966
14967
14968
14969
14969
14971
14972
14975
14978
14991
14991
14992
14994
15004
15011
15030
15034
15038
15043
15047
15048
15051
15055
15063
15063
15071
15071
15074
15079
15082
15084
15087
15088
15088
15091
15091
15103
15103
15109
15110
15111
15115
15128
15132
15132
15139
15139
15141
15142
15144
15150
15150
15152
15153
15161
15163
15164
15171
15174
15176
15176
15179
15179
15185
15195
15198
15200
15205
15206
15212
15213
15216
15219
15219
15220
15224
15225
15236
15238
15238
15244
15250
15252
15259
15265
15265
15268
15269
15271
15288
15288
15289
15300
15304
15306
15310
15318
15318
15323
15323
15327
15334
15341
15342
15345
15347
15349
15354
15356
15359
15360
15362
15364
15365
15366
15372
15373
15374
15377
15377
15383
15384
15385
15390
15397
15399
15417
15417
15423
15438
15438
15441
15443
15445
15455
15457
15462
15463
15474
15481
15481
15481
15484
15489
15490
15492
15492
15493
15499
15505
15508
15508
15508
15512
15527
15528
15531
15531
15532
15532
15540
15543
15549
15553
15557
15557
15558
15558
15560
15561
15562
15566
15568
15568
15570
15581
15582
15584
15586
15589
15597
15599
15602
15603
15605
15610
15612
15616
15617
15620
15629
15631
15632
15632
15635
15636
15639
15643
15647
15652
15654
15657
15658
15663
15669
15680
15681
15683
15686
15688
15692
15694
15698
15699
15701
15703
15704
15712
15713
15720
15724
15724
15730
15737
15740
15744
15754
15758
15760
15761
15767
15770
15770
15770
15771
15772
15775
15786
15791
15794
15795
15797
15798
15813
15815
15819
15824
15825
15831
15831
15832
15835
15836
15840
15845
15845
15850
15852
15859
15859
15860
15861
15862
15862
15867
15868
15871
15872
15877
15877
15880
15890
15892
15896
15899
15900
15904
15905
15905
15908
15920
15928
15928
15940
15942
15942
15943
15951
15954
15957
15958
15964
15973
15974
15976
15979
15983
15984
15985
15986
15991
15996
16004
16012
16014
16021
16021
16033
16034
16034
16037
16038
16044
16044
16045
16047
16052
16057
16058
16059
16062
16066
16067
16072
16080
16085
16087
16090
16099
16105
16107
16109
16113
16113
16116
16120
16124
16129
16131
16134
16141
16151
16155
16155
16156
16162
16166
16166
16172
16173
16174
16175
16175
16179
16180
16181
16182
16182
16182
16183
16187
16187
16190
16193
16195
16198
16215
16220
16226
16227
16237
16244
16249
16251
16251
16253
16253
16255
16257
16259
16266
16267
16268
16275
16286
16289
16289
16290
16290
16291
16292
16294
16294
16294
16297
16298
16299
16305
16308
16309
16310
16313
16313
16315
16317
16319
16319
16321
16321
16324
16325
16326
16326
16329
16331
16332
16339
16342
16346
16348
16354
16363
16366
16370
16373
16373
16377
16377
16377
16387
16393
16396
16399
16400
16403
16403
16405
16405
16414
16417
16417
16418
16421
16423
16423
16424
16428
16432
16443
16443
16452
16456
16464
16468
16470
16476
16477
16479
16480
16494
16495
16499
16500
16504
16506
16509
16510
16513
16513
16514
16516
16518
16518
16521
16521
16523
16524
16525
16533
16534
16541
16542
16545
16557
16558
16561
16562
16566
16571
16573
16574
16579
16580
16587
16590
16595
16603
16603
16612
16613
16614
16614
16618
16625
16628
16635
16637
16638
16639
16648
16649
16650
16663
16665
16665
16666
16669
16672
16673
16676
16677
16682
16683
16686
16690
16693
16700
16702
16705
16708
16717
16719
16726
16728
16728
16728
16729
16729
16738
16739
16739
16745
16748
16748
16749
16759
16761
16764
16765
16769
16772
16773
16773
16777
16778
16779
16785
16786
16788
16793
16795
16795
16796
16804
16806
16809
16810
16812
16815
16819
16819
16820
16828
16829
16835
16835
16837
16839
16843
16845
16846
16847
16848
16849
16851
16852
16855
16857
16860
16865
16867
16868
16869
16869
16873
16874
16882
16885
16887
16890
16892
16894
16901
16908
16911
16912
16924
16929
16933
16942
16946
16950
16954
16957
16958
16961
16961
16971
16976
16980
16984
16990
16991
16993
16996
17001
17018
17037
17046
17048
17053
17055
17057
17060
17061
17061
17063
17065
17067
17067
17071
17072
17079
17082
17092
17092
17094
17096
17097
17098
17101
17101
17110
17111
17117
17120
17124
17125
17127
17133
17133
17134
17136
17142
17145
17147
17149
17152
17158
17163
17164
17165
17170
17171
17173
17174
17175
17175
17187
17190
17194
17195
17205
17207
17217
17219
17220
17223
17224
17226
17229
17230
17230
17234
17238
17239
17241
17245
17248
17251
17251
17261
17262
17262
17263
17265
17265
17265
17266
17268
17270
17273
17273
17281
17284
17285
17285
17293
17293
17298
17298
17301
17302
17307
17307
17311
17315
17316
17318
17328
17333
17334
17335
17337
17341
17341
17342
17350
17354
17355
17357
17358
17359
17361
17364
17365
17370
17384
17389
17394
17402
17403
17411
17417
17419
17425
17427
17429
17430
17430
17430
17436
17436
17438
17440
17442
17446
17451
17456
17463
17465
17466
17467
17467
17469
17475
17479
17482
17482
17483
17486
17486
17490
17495
17498
17499
17499
17501
17512
17517
17520
17521
17524
17527
17527
17534
17534
17544
17550
17558
17562
17567
17575
17581
17587
17587
17588
17602
17606
17607
17612
17614
17621
17628
17631
17632
17632
17633
17640
17642
17644
17644
17645
17651
17653
17657
17657
17658
17665
17667
17674
17681
17681
17686
17691
17692
17693
17693
17693
17695
17697
17698
17700
17701
17703
17704
17705
17706
17706
17711
17712
17715
17716
17724
17742
17747
17748
17759
17763
17764
17765
17766
17767
17776
17780
17781
17790
17791
17792
17800
17801
17808
17812
17816
17824
17824
17838
17840
17847
17853
17859
17865
17866
17867
17873
17875
17878
17879
17883
17889
17891
17893
17902
17906
17910
17911
17915
17919
17920
17920
17923
17926
17930
17934
17935
17939
17941
17948
17950
17960
17971
17975
17977
17978
17982
17983
17985
17986
17989
17995
17999
18017
18024
18027
18031
18032
18032
18035
18038
18040
18053
18053
18054
18057
18059
18066
18069
18070
18070
18074
18078
18078
18081
18090
18091
18094
18094
18094
18098
18105
18105
18107
18108
18116
18126
18128
18131
18132
18136
18138
18138
18145
18146
18155
18157
18158
18160
18161
18161
18162
18163
18166
18177
18180
18181
18182
18187
18191
18199
18206
18213
18218
18218
18224
18228
18231
18231
18232
18236
18238
18238
18241
18244
18245
18248
18249
18250
18251
18254
18264
18268
18270
18271
18274
18275
18280
18281
18284
18289
18293
18295
18306
18315
18319
18321
18321
18323
18327
18328
18328
18329
18337
18343
18345
18346
18347
18353
18360
18360
18360
18360
18365
18368
18371
18371
18387
18393
18399
18402
18405
18405
18417
18419
18422
18425
18426
18427
18427
18432
18436
18440
18441
18442
18448
18451
18452
18454
18455
18458
18458
18461
18462
18463
18469
18473
18473
18473
18473
18484
18484
18489
18492
18494
18495
18495
18508
18509
18513
18517
18523
18523
18525
18528
18532
18535
18536
18539
18542
18543
18546
18548
18551
18551
18552
18554
18555
18557
18567
18571
18572
18573
18578
18580
18586
18589
18589
18598
18598
18601
18602
18604
18606
18606
18607
18613
18616
18617
18618
18620
18623
18630
18635
18639
18644
18646
18647
18648
18651
18662
18663
18665
18665
18666
18670
18671
18672
18677
18677
18678
18680
18681
18681
18691
18698
18698
18704
18707
18707
18708
18715
18723
18725
18725
18731
18731
18733
18744
18744
18745
18745
18747
18750
18757
18763
18768
18770
18778
18782
18785
18788
18794
18802
18804
18810
18814
18820
18827
18828
18828
18829
18835
18847
18851
18851
18856
18860
18860
18863
18867
18870
18871
18872
18874
18882
18883
18890
18891
18892
18897
18897
18898
18899
18901
18904
18905
18910
18912
18912
18918
18921
18930
18931
18932
18932
18939
18940
18942
18953
18956
18961
18964
18968
18971
18977
18978
18980
18982
18986
18989
18991
18992
19007
19013
19014
19014
19021
19026
19028
19035
19036
19037
19037
19039
19040
19043
19052
19059
19062
19062
19073
19073
19075
19077
19078
19095
19095
19097
19099
19100
19102
19102
19106
19107
19108
19114
19115
19119
19120
19120
19129
19139
19141
19146
19148
19153
19163
19164
19165
19168
19168
19173
19176
19190
19191
19196
19200
19203
19206
19206
19206
19207
19210
19213
19217
19221
19223
19227
19228
19229
19232
19235
19236
19241
19247
19248
19249
19251
19252
19254
19254
19257
19260
19261
19261
19262
19263
19263
19264
19273
19278
19279
19281
19282
19295
19298
19298
19305
19305
19308
19310
19311
19312
19314
19318
19324
19324
19333
19335
19345
19355
19357
19360
19361
19364
19365
19367
19371
19372
19373
19374
19377
19379
19379
19379
19381
19381
19382
19383
19384
19389
19395
19399
19400
19406
19412
19412
19413
19417
19418
19420
19421
19421
19422
19423
19423
19425
19425
19425
19433
19434
19434
19441
19445
19448
19451
19454
19456
19459
19461
19468
19468
19476
19477
19481
19481
19481
19486
19496
19498
19503
19504
19505
19506
19510
19513
19514
19517
19519
19522
19524
19536
19538
19546
19548
19549
19555
19564
19567
19571
19573
19576
19576
19579
19580
19585
19588
19597
19598
19600
19602
19605
19611
19614
19618
19618
19622
19624
19627
19629
19632
19634
19634
19637
19637
19639
19643
19645
19647
19649
19650
19657
19661
19664
19665
19666
19669
19672
19675
19676
19686
19696
19705
19708
19714
19718
19721
19724
19725
19725
19732
19738
19743
19749
19754
19759
19761
19764
19767
19773
19774
19777
19778
19781
19786
19788
19789
19798
19799
19799
19803
19803
19805
19811
19815
19817
19821
19825
19825
19830
19837
19839
19847
19852
19853
19857
19859
19863
19865
19867
19867
19868
19874
19874
19879
19879
19880
19882
19882
19890
19901
19905
19910
19919
19931
19932
19933
19933
19937
19949
19952
19960
19963
19969
19970
19978
19979
19980
19986
19987
19989
20011
20012
20019
20019
20022
20024
20032
20034
20039
20040
20046
20051
20059
20062
20067
20071
20076
20080
20085
20086
20086
20099
20111
20114
20124
20127
20129
20133
20135
20136
20138
20140
20141
20145
20151
20152
20154
20155
20169
20172
20172
20174
20174
20176
20177
20180
20182
20188
20198
20217
20220
20221
20222
20224
20230
20233
20233
20237
20237
20240
20242
20243
20248
20248
20251
20252
20254
20255
20259
20259
20260
20261
20262
20263
20268
20274
20277
20279
20282
20284
20285
20287
20288
20292
20301
20302
20303
20304
20304
20304
20305
20308
20309
20309
20316
20316
20318
20319
20320
20325
20326
20327
20333
20336
20336
20338
20343
20345
20350
20350
20355
20359
20360
20362
20363
20364
20367
20368
20372
20374
20381
20384
20390
20390
20393
20404
20407
20411
20413
20416
20424
20425
20425
20431
20446
20449
20450
20450
20455
20455
20456
20461
20467
20467
20469
20477
20480
20481
20483
20485
20491
20492
20494
20495
20495
20499
20505
20506
20510
20511
20518
20519
20519
20528
20530
20531
20533
20538
20540
20542
20551
20553
20556
20563
20563
20563
20565
20565
20570
20571
20572
20574
20576
20578
20579
20580
20583
20590
20600
20601
20605
20607
20607
20608
20610
20612
20615
20621
20624
20629
20632
20637
20639
20642
20644
20648
20649
20649
20651
20652
20661
20661
20662
20664
20665
20669
20673
20683
20694
20696
20700
20700
20709
20714
20716
20717
20727
20734
20742
20743
20745
20750
20752
20752
20753
20754
20755
20757
20758
20763
20764
20765
20767
20768
20777
20779
20780
20783
20783
20788
20790
20799
20803
20805
20808
20832
20838
20843
20855
20857
20862
20863
20870
20875
20879
20882
20884
20887
20894
20895
20896
20897
20898
20900
20905
20908
20917
20918
20918
20925
20935
20936
20936
20940
20941
20942
20946
20948
20948
20951
20955
20962
20963
20964
20969
20974
20974
20976
20980
20992
20994
20994
20996
21002
21008
21010
21011
21013
21013
21016
21027
21028
21030
21031
21035
21037
21038
21044
21046
21049
21053
21053
21054
21054
21065
21065
21068
21068
21071
21080
21080
21087
21092
21104
21107
21108
21108
21113
21117
21122
21123
21125
21129
21130
21137
21139
21140
21142
21145
21154
21155
21165
21168
21176
21178
21178
21182
21185
21187
21189
21192
21196
21201
21202
21205
21207
21210
21217
21220
21224
21230
21231
21232
21232
21232
21232
21242
21243
21243
21244
21254
21255
21259
21267
21277
21279
21280
21287
21301
21302
21303
21304
21305
21306
21314
21314
21314
21318
21320
21323
21323
21324
21326
21326
21328
21328
21339
21340
21343
21360
21361
21361
21369
21373
21374
21374
21375
21376
21378
21388
21388
21403
21403
21407
21414
21414
21415
21415
21415
21418
21420
21423
21423
21426
21426
21427
21428
21432
21438
21440
21442
21448
21452
21464
21466
21467
21467
21470
21484
21485
21485
21492
21493
21502
21503
21506
21510
21512
21517
21518
21518
21522
21525
21526
21528
21530
21540
21542
21551
21552
21553
21553
21556
21562
21568
21579
21579
21587
21588
21590
21592
21599
21612
21613
21614
21621
21621
21629
21631
21631
21633
21634
21638
21642
21642
21644
21646
21647
21648
21648
21650
21669
21669
21670
21671
21672
21673
21673
21681
21683
21697
21698
21698
21708
21709
21713
21717
21718
21718
21719
21720
21720
21722
21722
21725
21725
21727
21728
21729
21735
21736
21736
21738
21739
21741
21742
21742
21746
21754
21759
21762
21767
21770
21772
21774
21777
21778
21782
21783
21791
21792
21793
21794
21796
21799
21805
21808
21808
21810
21811
21811
21812
21812
21819
21821
21826
21827
21829
21831
21834
21835
21842
21845
21846
21859
21859
21863
21863
21866
21867
21868
21873
21878
21878
21886
21888
21889
21891
21891
21900
21901
21902
21907
21916
21917
21919
21920
21921
21926
21928
21938
21947
21948
21954
21963
21965
21967
21973
21974
21976
21977
21978
21979
21981
21984
21995
22000
22001
22002
22006
22007
22007
22008
22012
22012
22018
22021
22024
22027
22029
22029
22029
22038
22043
22043
22044
22045
22053
22054
22059
22062
22066
22067
22069
22070
22073
22074
22075
22086
22086
22087
22087
22092
22093
22094
22095
22097
22099
22101
22101
22102
22109
22113
22123
22123
22124
22124
22124
22126
22127
22131
22132
22132
22133
22137
22143
22143
22144
22146
22150
22153
22157
22161
22162
22163
22165
22166
22166
22167
22167
22172
22173
22178
22185
22191
22194
22195
22196
22196
22200
22202
22202
22203
22209
22214
22224
22227
22229
22234
22236
22239
22243
22244
22245
22246
22249
22252
22256
22264
22265
22267
22272
22275
22276
22277
22277
22279
22280
22296
22299
22318
22320
22328
22331
22332
22338
22347
22351
22353
22364
22366
22369
22369
22373
22379
22381
22383
22388
22388
22399
22409
22415
22416
22421
22424
22425
22428
22432
22432
22439
22439
22455
22458
22468
22473
22474
22477
22478
22480
22480
22496
22496
22501
22508
22516
22521
22524
22525
22532
22534
22535
22540
22541
22541
22546
22548
22549
22554
22560
22560
22562
22565
22572
22574
22584
22586
22586
22590
22597
22607
22609
22612
22616
22619
22621
22624
22629
22631
22632
22639
22639
22640
22640
22651
22652
22653
22657
22662
22663
22666
22667
22668
22669
22673
22675
22680
22684
22687
22690
22703
22704
22704
22705
22714
22715
22716
22718
22719
22720
22728
22730
22730
22730
22733
22734
22736
22740
22742
22745
22747
22750
22757
22758
22767
22769
22769
22770
22792
22793
22799
22803
22808
22809
22811
22812
22822
22822
22826
22830
22830
22833
22840
22842
22851
22854
22857
22858
22866
22868
22876
22885
22894
22897
22898
22899
22900
22903
22903
22908
22909
22909
22909
22909
22913
22914
22920
22921
22921
22922
22926
22928
22931
22936
22941
22942
22943
22950
22953
22953
22957
22958
22967
22972
22975
22976
22979
22989
22996
23004
23006
23007
23008
23011
23016
23021
23022
23024
23024
23025
23025
23027
23033
23035
23040
23045
23046
23055
23056
23059
23060
23062
23068
23070
23072
23075
23091
23094
23095
23096
23097
23099
23102
23103
23107
23111
23113
23117
23121
23124
23130
23132
23141
23149
23152
23152
23156
23157
23161
23162
23162
23169
23172
23184
23184
23187
23193
23194
23197
23200
23214
23216
23221
23225
23226
23228
23228
23236
23237
23239
23241
23246
23249
23250
23252
23253
23257
23260
23261
23261
23264
23265
23267
23275
23276
23278
23281
23291
23294
23300
23304
23310
23316
23317
23325
23329
23329
23329
23336
23339
23340
23344
23346
23348
23359
23359
23369
23369
23371
23372
23384
23389
23391
23394
23394
23399
23402
23407
23408
23412
23412
23417
23419
23421
23425
23425
23427
23433
23438
23438
23442
23447
23447
23449
23454
23457
23463
23463
23478
23483
23483
23484
23489
23491
23494
23509
23517
23520
23520
23521
23522
23527
23530
23533
23534
23546
23549
23549
23550
23550
23560
23563
23580
23583
23584
23594
23594
23598
23599
23600
23602
23604
23606
23608
23610
23611
23621
23624
23630
23635
23637
23640
23646
23649
23657
23659
23659
23667
23670
23672
23674
23677
23680
23682
23686
23686
23689
23694
23694
23696
23699
23702
23703
23708
23708
23715
23720
23727
23734
23736
23737
23738
23740
23742
23743
23752
23754
23755
23755
23759
23767
23774
23775
23775
23780
23782
23782
23783
23788
23792
23797
23799
23801
23802
23806
23808
23811
23812
23813
23814
23819
23823
23830
23831
23832
23834
23837
23842
23843
23844
23847
23853
23854
23857
23863
23867
23870
23879
23880
23884
23885
23886
23888
23889
23894
23901
23906
23907
23907
23908
23910
23917
23924
23938
23950
23952
23957
23972
23976
23982
23983
23986
23987
23988
23991
23996
24002
24003
24007
24008
24009
24013
24015
24015
24025
24027
24035
24036
24039
24045
24049
24051
24056
24057
24058
24059
24060
24060
24062
24064
24066
24068
24071
24071
24078
24079
24087
24088
24088
24090
24096
24096
24098
24104
24104
24114
24115
24117
24118
24121
24123
24125
24126
24127
24132
24138
24147
24148
24148
24153
24155
24158
24158
24160
24160
24160
24162
24164
24167
24172
24173
24175
24191
24193
24202
24203
24203
24212
24213
24221
24223
24225
24231
24234
24238
24240
24242
24244
24244
24244
24246
24247
24252
24259
24260
24262
24265
24266
24266
24266
24270
24271
24272
24278
24282
24285
24295
24297
24297
24298
24301
24302
24302
24302
24303
24306
24310
24312
24313
24314
24318
24334
24335
24338
24345
24347
24348
24353
24354
24356
24366
24369
24369
24378
24380
24381
24395
24395
24402
24407
24411
24413
24415
24416
24418
24419
24420
24421
24429
24429
24438
24442
24444
24445
24449
24459
24462
24494
24506
24507
24511
24515
24516
24526
24526
24529
24531
24535
24538
24539
24548
24558
24563
24566
24572
24573
24576
24583
24584
24585
24587
24587
24590
24603
24603
24605
24607
24607
24612
24614
24615
24615
24629
24629
24633
24636
24637
24641
24644
24645
24646
24646
24647
24648
24655
24658
24659
24663
24668
24673
24682
24683
24683
24685
24687
24694
24702
24703
24703
24707
24708
24709
24709
24714
24716
24720
24724
24725
24730
24731
24734
24735
24740
24740
24742
24745
24746
24751
24762
24763
24766
24774
24776
24778
24785
24789
24794
24806
24808
24812
24813
24816
24818
24822
24822
24825
24826
24827
24830
24835
24835
24836
24842
24850
24850
24851
24851
24856
24859
24862
24862
24868
24871
24873
24876
24879
24882
24886
24889
24891
24894
24896
24899
24900
24901
24901
24902
24906
24909
24910
24912
24912
24921
24923
24925
24926
24926
24926
24943
24945
24947
24961
24961
24963
24964
24964
24969
24975
24979
24985
24993
24994
24997
24997
25000
25001
25001
25002
25010
25014
25024
25025
25026
25036
25037
25042
25047
25048
25049
25052
25064
25066
25069
25069
25073
25079
25084
25089
25091
25093
25094
25105
25116
25123
25126
25126
25132
25133
25142
25142
25149
25149
25150
25153
25154
25155
25160
25168
25170
25173
25175
25179
25183
25185
25185
25185
25192
25192
25192
25194
25194
25196
25196
25196
25201
25203
25206
25208
25208
25210
25213
25217
25217
25224
25225
25227
25227
25229
25229
25231
25232
25234
25236
25248
25250
25250
25251
25256
25257
25260
25262
25269
25273
25274
25275
25276
25278
25278
25279
25280
25280
25283
25289
25292
25293
25298
25304
25305
25305
25309
25315
25315
25315
25315
25322
25326
25330
25332
25334
25337
25340
25340
25342
25346
25348
25350
25354
25357
25358
25368
25375
25380
25385
25386
25387
25389
25390
25390
25395
25396
25396
25406
25407
25411
25412
25417
25421
25423
25423
25423
25426
25428
25428
25434
25434
25438
25443
25447
25448
25451
25465
25474
25476
25479
25484
25488
25491
25492
25492
25493
25493
25496
25496
25504
25506
25506
25506
25513
25516
25518
25520
25523
25524
25525
25527
25528
25528
25532
25539
25543
25543
25544
25545
25548
25553
25561
25574
25576
25577
25577
25578
25580
25581
25581
25582
25583
25587
25588
25589
25595
25597
25598
25598
25599
25609
25612
25620
25628
25629
25629
25636
25638
25640
25641
25646
25646
25648
25651
25654
25658
25658
25662
25664
25669
25676
25685
25685
25694
25694
25696
25710
25711
25712
25717
25720
25723
25736
25742
25754
25765
25767
25771
25773
25774
25780
25801
25802
25803
25806
25808
25808
25811
25812
25815
25816
25821
25821
25822
25823
25826
25832
25839
25849
25853
25856
25861
25868
25869
25870
25871
25871
25876
25881
25885
25887
25888
25888
25894
25896
25896
25898
25899
25902
25905
25907
25919
25920
25931
25940
25941
25943
25944
25944
25946
25947
25949
25949
25960
25962
25965
25966
25979
25980
25981
25983
25983
25983
25983
25986
25995
25995
25997
26001
26002
26006
26009
26021
26022
26024
26029
26029
26030
26032
26032
26033
26034
26039
26039
26043
26044
26048
26049
26054
26063
26064
26067
26068
26072
26073
26075
26075
26078
26080
26080
26088
26093
26093
26099
26100
26103
26106
26107
26112
26115
26125
26125
26132
26134
26135
26138
26148
26158
26165
26170
26171
26174
26176
26178
26184
26185
26190
26196
26197
26197
26198
26198
26200
26202
26205
26207
26207
26214
26215
26217
26219
26221
26223
26223
26224
26224
26226
26230
26234
26240
26242
26247
26249
26259
26263
26274
26274
26278
26289
26294
26303
26318
26324
26332
26335
26336
26340
26344
26346
26348
26350
26353
26355
26358
26360
26361
26364
26367
26371
26373
26375
26376
26384
26386
26387
26389
26390
26397
26404
26405
26410
26412
26422
26431
26432
26433
26438
26448
26455
26455
26458
26461
26464
26468
26473
26474
26477
26482
26484
26489
26490
26495
26499
26499
26499
26501
26501
26510
26512
26513
26519
26524
26525
26526
26528
26534
26535
26536
26540
26541
26547
26548
26553
26556
26569
26570
26573
26574
26574
26579
26581
26588
26593
26594
26601
26605
26605
26611
26615
26615
26623
26624
26627
26627
26630
26636
26637
26638
26639
26642
26645
26647
26648
26648
26651
26655
26656
26657
26657
26661
26662
26665
26667
26669
26671
26671
26677
26682
26694
26694
26695
26696
26703
26705
26710
26710
26712
26712
26717
26718
26719
26723
26728
26728
26729
26730
26733
26741
26747
26756
26758
26761
26767
26769
26774
26777
26777
26779
26780
26783
26789
26789
26791
26795
26802
26807
26808
26810
26811
26813
26814
26819
26820
26821
26821
26822
26824
26826
26830
26838
26845
26846
26847
26853
26854
26858
26862
26862
26864
26868
26886
26886
26887
26887
26889
26890
26895
26897
26901
26901
26904
26906
26908
26919
26924
26943
26948
26948
26951
26954
26956
26961
26964
26967
26968
26969
26971
26974
26981
26986
26994
26998
26999
27001
27004
27009
27009
27011
27011
27014
27025
27025
27026
27032
27033
27033
27033
27038
27043
27049
27058
27060
27064
27066
27069
27075
27075
27077
27080
27085
27085
27089
27089
27090
27097
27099
27100
27101
27101
27103
27105
27110
27111
27114
27118
27121
27121
27124
27127
27130
27131
27133
27135
27137
27138
27138
27147
27148
27149
27151
27153
27159
27164
27166
27168
27169
27171
27174
27180
27180
27182
27187
27188
27189
27191
27203
27204
27205
27208
27208
27222
27223
27226
27228
27232
27235
27235
27236
27239
27240
27244
27249
27250
27252
27252
27253
27256
27260
27264
27281
27283
27285
27292
27295
27295
27297
27301
27301
27303
27306
27309
27310
27313
27317
27320
27328
27335
27344
27351
27356
27362
27363
27368
27382
27389
27392
27398
27400
27403
27409
27410
27410
27418
27420
27425
27428
27430
27433
27439
27445
27446
27450
27452
27466
27466
27467
27469
27470
27474
27475
27476
27477
27479
27481
27481
27484
27489
27489
27494
27501
27502
27510
27510
27511
27517
27524
27528
27529
27533
27539
27539
27541
27546
27546
27552
27556
27558
27563
27565
27570
27579
27581
27583
27584
27588
27590
27591
27591
27592
27598
27599
27599
27601
27605
27613
27617
27621
27624
27624
27626
27629
27629
27631
27633
27634
27635
27635
27637
27637
27645
27647
27648
27654
27658
27658
27660
27661
27664
27664
27667
27671
27672
27678
27678
27685
27696
27714
27725
27725
27731
27740
27741
27743
27744
27744
27749
27760
27763
27768
27768
27769
27770
27773
27773
27776
27776
27779
27782
27787
27788
27795
27798
27811
27814
27820
27822
27829
27834
27835
27837
27842
27843
27846
27847
27847
27849
27849
27849
27851
27853
27855
27857
27859
27859
27860
27860
27866
27868
27874
27875
27878
27880
27883
27892
27898
27901
27902
27904
27905
27906
27908
27911
27919
27921
27928
27928
27930
27931
27937
27940
27942
27943
27950
27951
27954
27957
27961
27964
27966
27966
27974
27977
27980
27980
27981
27983
27987
27990
27995
27997
28003
28006
28011
28012
28015
28016
28017
28021
28031
28034
28034
28034
28038
28042
28044
28049
28052
28058
28058
28072
28077
28086
28086
28087
28089
28093
28098
28099
28104
28105
28107
28118
28119
28120
28122
28126
28126
28152
28156
28158
28162
28163
28163
28164
28169
28170
28185
28186
28189
28191
28194
28196
28203
28203
28204
28206
28212
28212
28213
28218
28219
28221
28223
28223
28224
28227
28230
28236
28241
28242
28243
28244
28252
28259
28262
28265
28268
28274
28286
28291
28292
28295
28297
28297
28298
28299
28299
28310
28310
28311
28312
28314
28316
28321
28328
28333
28334
28335
28336
28337
28347
28351
28356
28359
28359
28362
28370
28373
28374
28375
28378
28380
28380
28384
28385
28385
28403
28405
28406
28413
28414
28417
28426
28429
28429
28432
28443
28444
28446
28449
28449
28452
28459
28470
28485
28485
28488
28488
28489
28495
28496
28497
28509
28522
28526
28530
28531
28535
28539
28541
28542
28542
28543
28543
28544
28565
28569
28571
28575
28575
28579
28582
28585
28597
28598
28598
28599
28599
28600
28602
28611
28615
28617
28619
28621
28623
28626
28626
28627
28632
28633
28634
28635
28635
28635
28636
28638
28640
28640
28643
28645
28648
28650
28652
28655
28656
28661
28670
28671
28672
28674
28681
28684
28685
28687
28699
28700
28704
28706
28708
28724
28724
28732
28734
28735
28740
28745
28748
28749
28752
28754
28755
28755
28757
28758
28761
28767
28784
28787
28791
28798
28804
28808
28814
28817
28819
28820
28823
28827
28829
28830
28843
28847
28851
28851
28852
28852
28854
28863
28864
28867
28879
28884
28893
28893
28894
28895
28896
28896
28897
28908
28924
28925
28925
28930
28932
28934
28937
28937
28937
28938
28947
28947
28953
28953
28953
28954
28959
28961
28962
28962
28969
28972
28972
28975
28982
28983
28984
28989
28989
28990
29001
29005
29005
29006
29015
29015
29026
29027
29028
29029
29032
29038
29042
29043
29044
29045
29051
29058
29060
29060
29063
29066
29067
29068
29071
29073
29073
29074
29074
29075
29076
29081
29081
29081
29087
29089
29096
29100
29107
29107
29112
29114
29117
29119
29119
29123
29135
29135
29137
29139
29139
29142
29145
29148
29148
29150
29151
29153
29155
29162
29168
29169
29169
29179
29179
29180
29186
29186
29191
29194
29198
29198
29201
29202
29204
29215
29219
29232
29235
29244
29245
29246
29250
29250
29253
29254
29256
29260
29263
29271
29278
29279
29283
29285
29288
29292
29294
29295
29295
29295
29298
29304
29307
29310
29310
29313
29314
29315
29316
29321
29325
29327
29338
29340
29344
29345
29349
29351
29353
29354
29356
29358
29360
29360
29361
29362
29375
29377
29383
29384
29386
29388
29395
29400
29402
29405
29408
29411
29412
29413
29414
29414
29416
29423
29426
29429
29441
29446
29448
29448
29452
29460
29469
29472
29472
29476
29479
29486
29487
29491
29520
29526
29527
29530
29534
29536
29537
29540
29548
29552
29555
29558
29568
29568
29568
29570
29588
29590
29591
29595
29597
29598
29606
29607
29611
29618
29622
29626
29627
29628
29638
29639
29642
29642
29649
29655
29657
29657
29661
29661
29662
29671
29679
29683
29683
29685
29690
29692
29693
29694
29698
29699
29700
29702
29704
29710
29712
29724
29724
29725
29728
29739
29742
29749
29750
29754
29767
29775
29781
29789
29794
29798
29798
29798
29799
29799
29801
29811
29812
29817
29819
29821
29825
29827
29834
29835
29835
29836
29839
29841
29845
29846
29848
29848
29851
29854
29856
29856
29862
29863
29865
29867
29869
29873
29875
29877
29879
29881
29883
29883
29889
29892
29896
29904
29904
29906
29907
29908
29912
29916
29919
29919
29920
29920
29922
29924
29924
29925
29936
29939
29940
29942
29942
29952
29952
29961
29962
29965
29967
29969
29969
29980
29981
29984
29993
29998
30005
30011
30013
30014
30021
30022
30023
30023
30028
30031
30033
30041
30044
30046
30046
30049
30051
30051
30056
30067
30067
30076
30084
30087
30087
30088
30094
30100
30103
30111
30113
30114
30115
30117
30118
30119
30129
30138
30144
30148
30151
30165
30167
30170
30171
30172
30179
30180
30181
30184
30185
30187
30191
30192
30192
30202
30204
30205
30206
30209
30214
30221
30223
30224
30228
30236
30255
30261
30272
30274
30276
30278
30279
30282
30282
30285
30288
30296
30300
30302
30302
30314
30319
30323
30331
30340
30343
30344
30347
30351
30351
30359
30360
30361
30363
30373
30375
30376
30378
30379
30379
30384
30388
30389
30391
30395
30403
30405
30409
30409
30411
30412
30413
30417
30419
30430
30430
30433
30445
30446
30446
30446
30446
30454
30458
30458
30463
30463
30464
30467
30467
30470
30472
30473
30475
30476
30477
30488
30493
30494
30495
30496
30500
30508
30512
30514
30515
30515
30516
30516
30517
30524
30524
30525
30529
30533
30535
30535
30541
30545
30545
30547
30547
30549
30551
30554
30558
30561
30562
30565
30566
30569
30571
30577
30586
30591
30593
30599
30603
30612
30613
30618
30625
30625
30628
30629
30631
30638
30638
30640
30641
30643
30646
30646
30649
30650
30652
30656
30658
30665
30665
30668
30669
30672
30673
30680
30683
30687
30688
30691
30691
30696
30708
30709
30709
30710
30714
30716
30721
30724
30725
30728
30730
30732
30735
30736
30739
30745
30746
30748
30749
30751
30755
30766
30767
30768
30768
30773
30774
30779
30787
30793
30797
30803
30804
30810
30812
30813
30815
30816
30817
30820
30821
30822
30823
30824
30825
30829
30831
30835
30841
30848
30852
30853
30861
30865
30866
30867
30874
30875
30878
30878
30880
30896
30897
30897
30899
30901
30904
30909
30911
30913
30918
30919
30922
30927
30928
30929
30933
30934
30934
30944
30948
30951
30952
30954
30954
30957
30959
30968
30970
30971
30975
30979
30980
30981
30982
30988
30988
30993
30996
30999
31003
31006
31007
31020
31022
31023
31026
31032
31036
31037
31037
31038
31041
31042
31049
31055
31057
31063
31063
31065
31067
31068
31071
31075
31082
31089
31091
31092
31094
31100
31101
31108
31109
31115
31119
31122
31122
31124
31128
31129
31134
31139
31140
31147
31147
31149
31149
31153
31155
31157
31159
31164
31165
31166
31171
31186
31189
31197
31198
31201
31203
31218
31218
31221
31225
31225
31227
31228
31229
31231
31234
31234
31235
31235
31237
31240
31240
31243
31247
31248
31249
31253
31255
31262
31271
31279
31279
31288
31288
31293
31294
31296
31299
31301
31302
31302
31306
31311
31312
31315
31321
31324
31325
31326
31327
31328
31329
31335
31337
31337
31338
31343
31344
31346
31346
31347
31350
31354
31365
31367
31368
31379
31379
31383
31388
31390
31393
31394
31394
31397
31400
31409
31409
31412
31426
31427
31432
31432
31433
31439
31445
31452
31458
31458
31462
31471
31475
31478
31480
31483
31485
31488
31489
31495
31496
31496
31498
31500
31500
31509
31510
31510
31513
31522
31534
31536
31538
31544
31547
31555
31558
31559
31560
31566
31566
31573
31575
31576
31576
31581
31582
31612
31617
31617
31617
31618
31619
31620
31622
31623
31627
31636
31637
31638
31638
31640
31644
31644
31647
31648
31648
31649
31652
31655
31663
31665
31670
31670
31671
31671
31676
31692
31696
31700
31702
31704
31706
31706
31706
31709
31714
31715
31716
31717
31722
31725
31732
31734
31735
31736
31745
31753
31755
31756
31756
31757
31757
31766
31769
31771
31771
31774
31774
31781
31786
31788
31788
31797
31797
31798
31798
31803
31804
31807
31808
31814
31820
31820
31826
31826
31827
31828
31836
31844
31846
31852
31854
31860
31864
31872
31874
31879
31880
31885
31897
31899
31901
31907
31909
31912
31923
31923
31924
31925
31928
31928
31929
31937
31940
31940
31943
31944
31947
31951
31952
31956
31956
31960
31960
31964
31972
31973
31975
31978
31979
31979
31980
31980
31983
31985
31985
31991
31995
32008
32013
32022
32025
32027
32028
32032
32034
32043
32049
32055
32062
32069
32077
32087
32104
32108
32109
32114
32117
32119
32121
32125
32128
32130
32138
32139
32142
32146
32148
32153
32153
32165
32167
32168
32169
32170
32173
32176
32182
32182
32185
32185
32187
32189
32191
32192
32196
32198
32199
32208
32209
32214
32216
32221
32222
32228
32229
32231
32233
32241
32241
32244
32250
32259
32260
32261
32264
32276
32277
32283
32295
32296
32297
32302
32307
32326
32326
32326
32328
32328
32335
32335
32337
32339
32342
32345
32349
32349
32353
32368
32370
32371
32375
32375
32376
32376
32378
32379
32387
32389
32403
32420
32425
32426
32435
32436
32440
32440
32448
32449
32451
32457
32461
32461
32463
32469
32469
32470
32471
32474
32476
32482
32485
32487
32490
32491
32492
32496
32498
32502
32505
32510
32517
32522
32522
32529
32530
32541
32545
32546
32552
32552
32555
32559
32563
32565
32568
32573
32577
32579
32582
32583
32585
32588
32592
32598
32601
32603
32610
32612
32614
32614
32615
32616
32619
32623
32625
32629
32630
32634
32634
32638
32638
32643
32645
32650
32660
32660
32663
32667
32669
32681
32682
32697
32698
32703
32705
32705
32707
32708
32715
32722
32723
32723
32724
32726
32729
32730
32734
32734
32739
32739
32749
32751
32752
32756
32766
