1
21
24
25
31
31
33
35
38
41
51
51
57
57
58
59
59
60
60
61
71
73
74
74
75
76
78
84
89
90
90
92
93
94
94
94
97
106
107
111
112
113
113
114
116
117
126
129
131
134
135
145
153
155
156
161
184
187
188
189
191
195
199
202
203
207
211
213
215
217
223
224
227
231
232
232
233
235
242
246
250
254
260
261
267
272
275
275
275
279
281
286
289
290
292
293
295
298
300
302
302
307
308
310
312
313
314
318
320
323
340
343
344
345
347
353
361
370
374
377
383
387
399
399
405
407
411
411
412
416
431
434
434
434
434
440
440
442
446
448
450
454
457
462
462
467
468
479
479
485
485
493
498
501
504
506
508
511
523
530
531
533
540
544
549
552
562
567
571
571
572
574
576
579
586
590
590
590
591
594
596
600
603
606
614
615
617
619
622
625
626
626
630
632
634
644
649
651
655
659
661
664
673
675
679
681
682
687
688
688
694
704
709
709
715
718
724
727
728
728
732
745
746
754
755
757
758
760
766
769
777
778
782
783
783
786
789
789
790
791
798
800
804
809
811
818
821
822
825
827
829
833
834
838
844
844
845
848
849
850
851
851
851
852
852
860
866
867
867
870
890
892
893
893
895
903
903
907
913
915
916
919
921
921
922
928
929
929
932
935
936
937
942
952
953
953
954
954
958
962
963
964
964
976
977
981
986
990
991
998
1000
1000
1001
1001
1002
1005
1007
1023
1026
1034
1037
1038
1040
1044
1045
1047
1048
1048
1062
1070
1073
1076
1083
1083
1087
1091
1116
1122
1122
1123
1127
1129
1129
1133
1138
1140
1147
1164
1164
1165
1166
1166
1167
1170
1170
1172
1172
1178
1179
1191
1191
1194
1196
1197
1208
1215
1218
1220
1229
1232
1233
1241
1244
1245
1247
1252
1257
1259
1260
1266
1270
1273
1274
1274
1275
1278
1282
1282
1283
1284
1289
1290
1292
1293
1299
1301
1301
1303
1310
1313
1317
1328
1335
1335
1337
1338
1342
1343
1344
1347
1349
1357
1367
1367
1367
1371
1372
1374
1374
1380
1381
1381
1392
1395
1396
1396
1404
1409
1414
1420
1423
1425
1427
1432
1444
1449
1449
1452
1461
1465
1467
1467
1467
1468
1472
1473
1478
1479
1479
1479
1486
1492
1493
1496
1509
1510
1511
1514
1520
1526
1528
1531
1532
1535
1538
1538
1540
1540
1546
1546
1560
1561
1563
1565
1566
1571
1578
1579
1583
1586
1588
1592
1598
1598
1600
1602
1605
1606
1607
1608
1610
1611
1616
1617
1623
1627
1627
1639
1643
1646
1650
1656
1661
1661
1664
1664
1665
1666
1667
1667
1669
1670
1672
1686
1688
1691
1693
1694
1704
1709
1711
1712
1722
1724
1729
1731
1732
1735
1737
1739
1741
1743
1747
1750
1750
1750
1751
1752
1752
1753
1756
1764
1765
1765
1765
1767
1767
1768
1774
1787
1788
1791
1794
1795
1796
1797
1800
1802
1807
1817
1817
1818
1819
1822
1839
1841
1842
1847
1849
1859
1864
1864
1866
1869
1873
1876
1877
1886
1890
1891
1905
1910
1910
1911
1917
1919
1920
1928
1931
1932
1935
1943
1950
1950
1962
1968
1969
1973
1974
1977
1978
1982
1982
1983
1984
1987
1988
1989
1995
1997
1998
2000
2004
2005
2009
2013
2015
2016
2030
2033
2039
2039
2042
2051
2054
2054
2057
2060
2060
2065
2065
2066
2066
2072
2088
2088
2090
2093
2096
2098
2101
2102
2104
2106
2109
2115
2117
2120
2125
2126
2132
2145
2148
2151
2155
2156
2156
2159
2160
2165
2170
2170
2178
2188
2189
2192
2193
2194
2195
2202
2207
2215
2219
2224
2228
2238
2240
2242
2248
2252
2260
2267
2268
2271
2284
2285
2286
2286
2292
2294
2298
2298
2299
2302
2310
2317
2323
2324
2329
2330
2337
2337
2338
2340
2343
2346
2349
2355
2355
2356
2366
2370
2373
2377
2385
2386
2386
2390
2397
2398
2398
2402
2415
2415
2416
2419
2419
2420
2420
2423
2433
2436
2442
2442
2443
2443
2460
2481
2483
2490
2491
2493
2497
2500
2500
2505
2514
2515
2521
2522
2523
2527
2530
2534
2536
2537
2543
2547
2554
2561
2562
2563
2565
2577
2578
2580
2585
2587
2587
2588
2592
2594
2599
2602
2610
2610
2612
2613
2619
2621
2624
2626
2626
2628
2637
2648
2653
2654
2662
2665
2671
2676
2678
2684
2690
2693
2699
2699
2700
2702
2703
2706
2707
2709
2713
2715
2728
2730
2733
2736
2737
2738
2745
2750
2752
2754
2754
2755
2756
2757
2761
2763
2772
2774
2774
2775
2777
2777
2778
2780
2780
2781
2781
2782
2786
2787
2789
2789
2790
2799
2801
2804
2808
2817
2817
2820
2824
2825
2828
2830
2834
2836
2838
2842
2846
2849
2850
2853
2856
2857
2857
2862
2863
2867
2869
2870
2873
2873
2874
2876
2876
2879
2883
2885
2889
2895
2896
2910
2911
2911
2913
2925
2925
2930
2931
2937
2937
2937
2943
2945
2946
2946
2950
2951
2955
2956
2958
2963
2983
2987
2992
2995
2995
2997
3000
3002
3005
3007
3008
3009
3013
3015
3018
3019
3025
3032
3036
3039
3041
3045
3051
3052
3053
3056
3061
3063
3065
3069
3071
3087
3088
3088
3089
3090
3094
3094
3096
3101
3101
3102
3107
3107
3107
3108
3110
3113
3117
3117
3118
3130
3135
3141
3142
3144
3147
3155
3155
3156
3160
3160
3161
3163
3165
3166
3166
3171
3177
3178
3181
3184
3196
3204
3204
3208
3220
3220
3223
3224
3229
3231
3232
3238
3241
3244
3245
3250
3253
3256
3257
3267
3268
3274
3275
3277
3283
3285
3289
3289
3289
3291
3298
3301
3304
3311
3314
3325
3326
3333
3338
3338
3339
3339
3344
3348
3349
3353
3370
3371
3380
3387
3390
3392
3395
3398
3409
3414
3414
3416
3437
3445
3446
3448
3448
3449
3454
3454
3455
3456
3456
3456
3458
3458
3458
3468
3469
3477
3485
3488
3492
3492
3508
3510
3521
3524
3526
3527
3537
3539
3543
3549
3558
3560
3561
3562
3562
3570
3573
3578
3578
3578
3580
3589
3594
3596
3597
3603
3605
3606
3612
3614
3615
3616
3617
3618
3619
3620
3625
3627
3633
3634
3634
3634
3640
3640
3643
3643
3644
3650
3661
3662
3663
3663
3689
3689
3692
3699
3702
3707
3710
3713
3713
3718
3723
3723
3725
3728
3728
3729
3730
3731
3731
3733
3735
3739
3739
3746
3751
3755
3755
3772
3772
3779
3779
3780
3781
3782
3783
3784
3785
3787
3799
3801
3801
3806
3811
3812
3813
3813
3817
3818
3826
3828
3835
3836
3837
3838
3845
3846
3850
3854
3855
3856
3857
3863
3865
3883
3884
3886
3894
3896
3897
3898
3903
3904
3906
3911
3914
3918
3931
3933
3935
3946
3947
3950
3952
3954
3955
3956
3956
3961
3962
3964
3965
3974
3977
3982
3982
3987
3991
3991
3992
3993
3994
3999
4001
4003
4011
4017
4018
4039
4040
4040
4044
4047
4060
4061
4069
4072
4079
4079
4082
4088
4088
4095
4103
4103
4105
4113
4113
4115
4116
4121
4122
4132
4141
4142
4143
4144
4145
4146
4146
4148
4149
4154
4156
4157
4160
4161
4162
4164
4164
4168
4178
4185
4190
4193
4195
4197
4199
4200
4200
4207
4207
4208
4208
4209
4209
4209
4210
4212
4217
4217
4230
4230
4231
4234
4234
4242
4254
4257
4259
4260
4261
4265
4267
4268
4270
4272
4277
4279
4285
4288
4288
4290
4292
4296
4301
4304
4304
4310
4311
4312
4312
4313
4317
4320
4327
4329
4329
4342
4343
4344
4347
4348
4355
4357
4358
4359
4361
4363
4364
4365
4368
4383
4386
4401
4402
4405
4407
4411
4420
4423
4426
4431
4432
4439
4443
4447
4449
4450
4458
4458
4459
4460
4462
4463
4465
4468
4473
4474
4485
4487
4497
4497
4498
4501
4503
4504
4506
4509
4509
4513
4515
4516
4525
4530
4532
4541
4542
4544
4551
4554
4560
4565
4565
4570
4572
4577
4577
4578
4585
4585
4589
4600
4605
4608
4609
4609
4614
4614
4615
4618
4619
4619
4621
4621
4624
4624
4624
4625
4627
4628
4632
4634
4638
4642
4646
4647
4659
4672
4675
4676
4680
4681
4684
4686
4692
4693
4698
4700
4703
4706
4706
4709
4709
4712
4715
4717
4718
4720
4724
4725
4727
4731
4733
4734
4738
4740
4744
4748
4756
4757
4758
4761
4763
4767
4771
4775
4778
4783
4787
4790
4792
4804
4805
4805
4808
4812
4818
4821
4824
4825
4826
4826
4829
4831
4832
4836
4836
4836
4838
4840
4841
4844
4849
4849
4849
4855
4856
4857
4857
4861
4864
4867
4871
4873
4874
4883
4889
4890
4894
4894
4897
4897
4898
4899
4901
4903
4908
4913
4914
4915
4918
4927
4928
4928
4931
4934
4943
4944
4949
4952
4955
4959
4966
4967
4975
5005
5012
5012
5016
5022
5026
5028
5033
5034
5037
5044
5045
5045
5050
5050
5052
5059
5060
5060
5062
5064
5067
5073
5074
5074
5091
5105
5106
5110
5114
5114
5115
5116
5118
5118
5119
5125
5130
5131
5134
5137
5139
5141
5151
5166
5169
5172
5173
5182
5183
5185
5186
5189
5189
5195
5198
5199
5207
5207
5212
5213
5215
5225
5226
5227
5227
5231
5233
5235
5237
5243
5250
5252
5256
5257
5257
5258
5263
5264
5267
5268
5271
5272
5273
5274
5280
5282
5284
5289
5289
5289
5291
5292
5292
5299
5301
5304
5311
5312
5314
5318
5319
5322
5325
5329
5331
5335
5339
5339
5344
5346
5350
5351
5354
5363
5363
5369
5370
5370
5372
5372
5372
5375
5375
5375
5378
5379
5383
5384
5387
5394
5399
5404
5406
5407
5419
5419
5421
5430
5437
5438
5439
5440
5447
5453
5458
5460
5461
5463
5467
5471
5475
5476
5478
5480
5482
5482
5484
5484
5486
5492
5494
5501
5502
5509
5520
5521
5524
5532
5537
5540
5541
5550
5552
5553
5557
5559
5560
5571
5572
5572
5573
5587
5590
5592
5594
5596
5607
5609
5612
5615
5616
5621
5625
5626
5633
5635
5644
5646
5660
5663
5675
5675
5676
5679
5693
5698
5703
5708
5713
5718
5721
5722
5723
5726
5726
5735
5736
5738
5739
5741
5741
5745
5745
5746
5747
5750
5752
5761
5763
5766
5767
5769
5769
5776
5777
5783
5785
5791
5793
5793
5796
5796
5806
5807
5813
5814
5818
5819
5825
5830
5834
5836
5836
5846
5848
5849
5851
5853
5859
5870
5875
5882
5886
5889
5900
5900
5903
5906
5913
5914
5915
5927
5928
5933
5935
5936
5940
5941
5949
5949
5961
5962
5965
5967
5970
5973
5974
5975
5978
5978
5987
5993
5999
6001
6005
6007
6013
6014
6018
6019
6024
6027
6031
6034
6035
6037
6046
6055
6060
6060
6063
6067
6073
6075
6076
6080
6080
6080
6081
6081
6082
6088
6094
6095
6095
6097
6107
6110
6111
6115
6116
6116
6124
6125
6127
6129
6130
6133
6135
6140
6140
6147
6155
6160
6164
6167
6177
6177
6180
6196
6198
6205
6210
6223
6231
6239
6242
6245
6247
6252
6252
6254
6258
6259
6259
6263
6270
6271
6274
6277
6279
6284
6287
6287
6292
6309
6312
6312
6317
6317
6318
6320
6326
6331
6335
6340
6344
6345
6346
6347
6349
6351
6352
6356
6360
6370
6372
6374
6377
6378
6379
6383
6384
6384
6384
6386
6386
6387
6389
6394
6395
6399
6401
6427
6429
6432
6432
6432
6435
6436
6436
6441
6443
6444
6446
6449
6450
6451
6452
6457
6460
6468
6477
6478
6487
6491
6493
6493
6498
6500
6502
6506
6506
6511
6512
6512
6519
6520
6533
6541
6544
6546
6546
6553
6555
6559
6569
6570
6575
6579
6582
6582
6584
6587
6589
6589
6594
6594
6595
6597
6600
6602
6603
6606
6608
6610
6611
6613
6617
6620
6624
6625
6627
6628
6632
6633
6635
6636
6641
6645
6645
6646
6646
6653
6653
6656
6656
6657
6658
6672
6674
6675
6676
6678
6678
6678
6683
6686
6687
6691
6695
6697
6700
6702
6705
6710
6711
6720
6724
6725
6726
6728
6732
6734
6742
6744
6747
6750
6752
6755
6755
6758
6759
6777
6786
6793
6796
6797
6799
6799
6800
6801
6802
6802
6810
6811
6816
6821
6832
6833
6836
6836
6838
6844
6851
6853
6858
6859
6860
6864
6868
6870
6870
6871
6873
6877
6880
6881
6882
6888
6888
6900
6908
6911
6913
6914
6915
6919
6919
6928
6929
6931
6932
6933
6942
6944
6948
6950
6953
6954
6956
6966
6969
6972
6981
6982
6985
6985
6986
6989
6990
6990
6991
6994
7001
7002
7003
7004
7009
7013
7014
7017
7017
7020
7022
7026
7027
7033
7037
7054
7056
7056
7057
7057
7062
7071
7072
7072
7074
7075
7077
7082
7083
7094
7094
7102
7106
7109
7109
7109
7111
7121
7121
7126
7128
7134
7135
7138
7140
7142
7146
7152
7153
7162
7162
7167
7167
7168
7179
7179
7188
7206
7211
7215
7216
7216
7217
7234
7238
7243
7252
7255
7260
7278
7278
7280
7280
7281
7285
7291
7291
7297
7297
7297
7298
7302
7304
7306
7316
7323
7323
7324
7326
7327
7331
7332
7334
7340
7345
7355
7359
7359
7367
7368
7373
7376
7378
7379
7384
7390
7391
7391
7399
7399
7400
7412
7423
7425
7430
7432
7433
7433
7436
7442
7452
7456
7459
7460
7473
7478
7478
7483
7486
7491
7491
7494
7498
7498
7500
7510
7510
7513
7517
7518
7519
7523
7528
7531
7534
7535
7536
7537
7539
7540
7555
7558
7562
7563
7566
7569
7570
7575
7576
7582
7587
7589
7593
7596
7598
7601
7604
7616
7617
7627
7634
7636
7638
7640
7644
7644
7645
7647
7647
7654
7654
7655
7658
7658
7658
7659
7661
7665
7667
7674
7677
7678
7680
7680
7680
7688
7690
7691
7693
7694
7697
7698
7702
7703
7704
7707
7713
7717
7718
7720
7720
7721
7728
7730
7731
7737
7738
7740
7742
7743
7747
7752
7754
7754
7755
7758
7762
7763
7765
7765
7771
7777
7780
7784
7788
7789
7798
7804
7806
7815
7819
7824
7825
7829
7835
7837
7841
7844
7848
7850
7857
7858
7859
7859
7873
7875
7879
7883
7883
7884
7886
7889
7892
7895
7897
7898
7904
7907
7908
7909
7911
7912
7912
7926
7935
7940
7948
7952
7959
7959
7961
7962
7962
7963
7963
7964
7965
7971
7972
7976
7979
7983
7987
7990
7990
7994
7996
7996
8001
8004
8006
8007
8011
8013
8019
8020
8040
8040
8042
8045
8046
8047
8048
8056
8071
8075
8080
8084
8088
8088
8090
8091
8092
8096
8097
8100
8107
8113
8119
8124
8127
8128
8139
8139
8142
8143
8144
8144
8146
8146
8155
8156
8157
8158
8159
8164
8169
8174
8184
8187
8189
8191
8202
8205
8213
8214
8216
8216
8216
8218
8221
8226
8226
8232
8242
8243
8251
8257
8265
8267
8274
8276
8282
8283
8285
8288
8293
8300
8300
8301
8305
8306
8309
8316
8320
8320
8321
8326
8330
8333
8335
8342
8343
8344
8349
8351
8353
8363
8371
8374
8384
8390
8393
8396
8397
8399
8400
8405
8409
8410
8417
8419
8419
8422
8423
8424
8429
8432
8437
8438
8438
8439
8449
8457
8462
8469
8470
8477
8481
8483
8485
8486
8488
8490
8491
8493
8496
8497
8503
8515
8516
8518
8518
8521
8523
8524
8528
8528
8534
8538
8539
8547
8548
8554
8556
8558
8564
8567
8575
8587
8590
8590
8607
8610
8611
8614
8615
8617
8620
8625
8626
8627
8629
8629
8630
8631
8642
8645
8646
8647
8657
8657
8657
8660
8661
8663
8667
8669
8672
8674
8679
8682
8684
8684
8684
8685
8688
8692
8693
8697
8702
8705
8705
8712
8715
8717
8721
8731
8741
8742
8743
8744
8745
8750
8753
8756
8758
8759
8760
8761
8764
8767
8777
8784
8785
8789
8792
8792
8804
8805
8805
8808
8809
8817
8820
8826
8826
8829
8832
8836
8843
8848
8849
8857
8858
8862
8863
8872
8872
8876
8882
8885
8886
8888
8892
8892
8892
8894
8895
8895
8897
8898
8901
8912
8917
8922
8925
8926
8926
8931
8931
8932
8939
8954
8959
8966
8967
8968
8969
8974
8978
8983
8984
8985
8986
8991
8993
8997
9009
9014
9016
9018
9024
9026
9027
9028
9029
9035
9045
9056
9059
9060
9062
9063
9068
9068
9076
9079
9080
9082
9085
9086
9093
9096
9097
9098
9100
9101
9107
9119
9120
9120
9122
9123
9129
9131
9132
9134
9134
9137
9137
9138
9143
9149
9150
9161
9163
9166
9174
9174
9179
9180
9183
9184
9185
9187
9188
9190
9194
9195
9202
9202
9203
9204
9208
9215
9217
9222
9224
9225
9226
9227
9227
9227
9238
9238
9241
9244
9244
9245
9245
9250
9253
9275
9277
9278
9279
9289
9298
9302
9305
9308
9313
9320
9322
9325
9328
9338
9338
9341
9342
9345
9351
9352
9353
9354
9357
9357
9358
9358
9359
9360
9362
9363
9370
9372
9373
9374
9386
9402
9404
9404
9406
9408
9415
9419
9421
9421
9434
9436
9437
9440
9440
9442
9448
9465
9465
9471
9476
9476
9478
9481
9498
9509
9511
9522
9529
9541
9545
9545
9548
9551
9551
9553
9557
9557
9559
9560
9561
9564
9566
9566
9567
9568
9587
9589
9607
9611
9612
9614
9614
9614
9616
9621
9629
9634
9634
9635
9635
9637
9638
9642
9643
9647
9653
9654
9656
9657
9660
9663
9666
9672
9672
9673
9673
9673
9674
9679
9683
9685
9688
9689
9692
9692
9695
9695
9697
9700
9703
9705
9705
9706
9708
9711
9716
9717
9731
9733
9735
9743
9750
9757
9758
9760
9765
9767
9772
9777
9782
9783
9784
9788
9789
9796
9799
9803
9805
9807
9807
9810
9812
9813
9813
9813
9816
9819
9821
9825
9827
9831
9837
9839
9841
9852
9855
9857
9862
9865
9866
9870
9871
9898
9902
9905
9909
9917
9918
9923
9925
9927
9927
9930
9930
9931
9938
9939
9942
9947
9951
9955
9961
9961
9967
9976
9982
9988
9991
9993
9994
10004
10011
10011
10016
10019
10019
10031
10032
10039
10040
10043
10043
10051
10056
10067
10068
10072
10078
10081
10085
10089
10099
10102
10108
10115
10117
10118
10119
10125
10129
10129
10131
10131
10135
10137
10137
10140
10153
10159
10167
10170
10174
10175
10178
10181
10184
10185
10187
10195
10197
10205
10206
10211
10212
10219
10237
10244
10250
10253
10257
10266
10267
10273
10275
10277
10278
10278
10279
10279
10281
10287
10290
10295
10299
10304
10306
10307
10307
10308
10318
10336
10339
10343
10346
10347
10349
10352
10354
10365
10370
10371
10383
10388
10391
10392
10394
10396
10399
10400
10401
10406
10406
10412
10417
10425
10426
10428
10429
10431
10431
10431
10439
10443
10449
10450
10451
10452
10455
10456
10464
10467
10467
10469
10470
10478
10479
10488
10491
10493
10493
10504
10509
10510
10512
10513
10517
10520
10522
10525
10527
10527
10531
10535
10541
10542
10545
10545
10554
10557
10559
10560
10561
10561
10568
10571
10571
10573
10574
10575
10578
10581
10582
10585
10590
10591
10592
10593
10595
10597
10600
10608
10610
10610
10610
10613
10614
10618
10619
10619
10630
10631
10636
10636
10644
10650
10651
10655
10671
10677
10677
10679
10681
10686
10703
10704
10706
10716
10716
10717
10727
10732
10735
10740
10741
10747
10749
10752
10758
10758
10760
10762
10763
10766
10784
10785
10787
10788
10789
10792
10792
10793
10793
10799
10802
10804
10807
10808
10808
10815
10816
10822
10828
10828
10831
10836
10837
10837
10837
10842
10854
10854
10862
10867
10868
10869
10873
10874
10874
10876
10877
10881
10884
10890
10894
10895
10896
10896
10898
10901
10902
10903
10913
10913
10917
10928
10935
10939
10944
10945
10953
10954
10954
10956
10964
10964
10964
10970
10971
10973
10974
10976
10980
10983
10984
10991
10992
10997
11000
11004
11004
11006
11012
11012
11013
11015
11016
11016
11020
11020
11021
11027
11028
11029
11032
11035
11035
11037
11039
11041
11041
11042
11054
11055
11062
11063
11069
11072
11073
11076
11079
11079
11083
11085
11088
11088
11089
11091
11096
11096
11102
11103
11108
11111
11111
11112
11114
11120
11121
11121
11123
11126
11127
11136
11139
11147
11147
11152
11158
11158
11162
11162
11163
11165
11166
11171
11172
11173
11177
11184
11185
11188
11189
11198
11198
11204
11222
11222
11230
11231
11232
11233
11238
11239
11240
11243
11246
11247
11251
11258
11259
11267
11277
11280
11281
11285
11295
11295
11298
11299
11301
11303
11304
11306
11307
11310
11310
11315
11326
11331
11334
11335
11341
11341
11342
11342
11342
11349
11352
11353
11353
11355
11356
11356
11363
11373
11374
11374
11375
11377
11387
11388
11392
11393
11393
11396
11402
11402
11404
11411
11415
11415
11421
11422
11422
11427
11427
11427
11430
11432
11434
11437
11437
11438
11439
11441
11453
11457
11458
11463
11464
11468
11470
11472
11478
11483
11489
11493
11495
11504
11507
11508
11515
11521
11521
11523
11527
11527
11532
11538
11540
11543
11547
11551
11551
11562
11563
11563
11567
11571
11575
11578
11579
11579
11580
11582
11586
11587
11590
11590
11592
11601
11604
11609
11610
11610
11612
11613
11613
11615
11615
11629
11632
11636
11639
11639
11644
11645
11645
11652
11653
11655
11659
11661
11662
11663
11664
11671
11674
11701
11701
11701
11702
11706
11707
11707
11710
11715
11717
11731
11732
11732
11737
11738
11745
11755
11757
11759
11759
11760
11761
11763
11770
11770
11772
11779
11783
11784
11787
11788
11790
11790
11792
11798
11798
11806
11810
11810
11815
11819
11820
11823
11823
11827
11831
11833
11837
11841
11846
11847
11855
11857
11857
11857
11858
11868
11873
11874
11876
11876
11877
11887
11888
11889
11893
11901
11902
11902
11903
11906
11906
11907
11911
11914
11915
11916
11921
11925
11925
11928
11929
11930
11931
11936
11939
11942
11943
11947
11953
11956
11963
11963
11967
11968
11969
11969
11972
11973
11979
11985
11986
11988
11993
12002
12002
12003
12004
12010
12018
12019
12022
12033
12035
12041
12041
12043
12044
12051
12053
12056
12060
12060
12060
12066
12066
12068
12069
12070
12073
12083
12092
12092
12095
12095
12097
12101
12101
12102
12107
12108
12110
12115
12120
12123
12126
12128
12135
12137
12140
12141
12144
12145
12160
12165
12166
12167
12170
12178
12179
12182
12187
12187
12191
12191
12194
12196
12196
12201
12201
12202
12202
12204
12207
12212
12212
12219
12223
12226
12227
12234
12235
12238
12244
12253
12253
12268
12271
12271
12273
12276
12278
12280
12280
12283
12285
12287
12297
12299
12305
12305
12307
12315
12322
12323
12326
12329
12331
12331
12333
12335
12337
12341
12346
12347
12351
12351
12352
12353
12353
12358
12360
12366
12370
12371
12387
12388
12391
12392
12396
12403
12413
12422
12427
12428
12430
12437
12438
12442
12449
12462
12468
12475
12478
12479
12484
12493
12496
12497
12498
12499
12504
12506
12507
12513
12514
12515
12520
12520
12521
12521
12523
12524
12526
12528
12528
12532
12534
12539
12540
12542
12553
12554
12559
12559
12562
12574
12574
12574
12574
12574
12576
12579
12586
12588
12597
12605
12609
12613
12615
12621
12622
12622
12624
12630
12632
12632
12633
12635
12637
12643
12646
12649
12649
12650
12651
12663
12664
12665
12669
12669
12672
12674
12674
12676
12676
12678
12678
12678
12680
12680
12682
12683
12684
12689
12691
12692
12701
12709
12710
12713
12716
12720
12729
12731
12733
12741
12746
12748
12749
12749
12760
12761
12761
12762
12770
12772
12777
12778
12783
12784
12790
12792
12799
12800
12801
12804
12805
12809
12810
12824
12825
12832
12840
12846
12856
12864
12864
12871
12874
12879
12880
12881
12886
12886
12889
12896
12898
12899
12901
12905
12905
12912
12925
12932
12933
12936
12938
12942
12942
12942
12943
12948
12948
12950
12951
12952
12955
12955
12964
12968
12971
12971
12976
12978
12981
12994
12994
13002
13007
13009
13016
13022
13027
13033
13033
13035
13036
13036
13036
13039
13040
13042
13045
13047
13049
13050
13054
13054
13056
13058
13060
13062
13062
13067
13067
13067
13067
13069
13075
13075
13079
13088
13095
13095
13095
13098
13104
13105
13109
13110
13110
13113
13118
13121
13121
13121
13127
13135
13136
13139
13142
13144
13156
13156
13159
13159
13162
13164
13166
13169
13177
13177
13177
13181
13183
13184
13185
13186
13187
13188
13195
13206
13207
13207
13211
13219
13219
13221
13228
13229
13230
13236
13237
13237
13240
13244
13244
13257
13263
13265
13274
13277
13282
13291
13298
13303
13303
13306
13307
13310
13312
13317
13326
13332
13332
13337
13341
13344
13349
13349
13350
13356
13359
13367
13371
13375
13380
13383
13384
13386
13386
13391
13393
13399
13400
13405
13410
13421
13427
13429
13439
13457
13459
13462
13463
13464
13466
13472
13473
13479
13479
13484
13492
13500
13502
13505
13506
13509
13512
13516
13519
13523
13524
13534
13534
13542
13543
13545
13545
13546
13546
13546
13548
13549
13549
13554
13557
13571
13571
13572
13576
13582
13582
13582
13584
13596
13600
13606
13608
13609
13611
13611
13622
13625
13630
13631
13635
13637
13642
13644
13650
13651
13652
13657
13657
13662
13662
13663
13676
13679
13681
13684
13685
13686
13688
13688
13691
13693
13695
13697
13698
13699
13701
13702
13703
13708
13709
13710
13711
13717
13722
13723
13723
13728
13729
13730
13730
13730
13746
13751
13765
13773
13775
13780
13781
13783
13785
13787
13792
13793
13800
13803
13805
13805
13806
13820
13822
13825
13828
13832
13839
13840
13841
13842
13846
13849
13850
13850
13855
13855
13857
13860
13869
13874
13876
13876
13876
13882
13883
13883
13885
13886
13887
13889
13897
13898
13902
13905
13911
13914
13919
13920
13920
13923
13927
13934
13935
13936
13941
13941
13942
13948
13950
13950
13960
13962
13972
13972
13976
13979
13984
13987
13990
13991
13992
13994
13996
13998
14003
14004
14006
14011
14013
14014
14015
14017
14020
14023
14026
14029
14030
14043
14044
14045
14046
14047
14048
14050
14054
14061
14068
14073
14080
14081
14084
14087
14090
14090
14098
14098
14114
14116
14121
14122
14122
14124
14146
14148
14149
14154
14158
14162
14164
14164
14165
14166
14166
14167
14169
14172
14174
14174
14177
14177
14182
14183
14183
14192
14195
14196
14198
14201
14207
14211
14217
14222
14223
14223
14226
14228
14233
14236
14243
14243
14246
14247
14250
14250
14259
14260
14260
14260
14265
14266
14270
14273
14274
14276
14277
14281
14284
14285
14285
14289
14291
14292
14292
14295
14304
14305
14305
14308
14310
14310
14313
14315
14315
14315
14316
14316
14318
14318
14319
14321
14322
14325
14326
14327
14327
14328
14349
14353
14354
14357
14365
14371
14372
14372
14373
14373
14380
14380
14382
14383
14383
14386
14390
14401
14403
14413
14415
14420
14428
14434
14435
14439
14449
14451
14458
14459
14463
14465
14471
14473
14478
14482
14484
14485
14488
14491
14499
14503
14503
14506
14508
14509
14512
14513
14516
14521
14523
14524
14530
14533
14544
14545
14551
14554
14554
14555
14557
14567
14576
14577
14578
14579
14580
14584
14587
14590
14599
14602
14602
14603
14604
14607
14611
14613
14616
14620
14623
14625
14626
14627
14632
14632
14637
14639
14642
14646
14649
14650
14651
14651
14658
14663
14666
14667
14669
14678
14678
14687
14687
14692
14694
14694
14700
14702
14703
14712
14713
14713
14717
14719
14724
14730
14730
14737
14737
14738
14738
14739
14740
14742
14743
14746
14751
14756
14757
14758
14760
14763
14768
14772
14784
14787
14788
14789
14798
14798
14799
14801
14801
14801
14802
14803
14803
14806
14814
14815
14815
14820
14821
14825
14827
14832
14835
14838
14843
14844
14847
14851
14852
14856
14861
14865
14871
14873
14876
14878
14880
14886
14887
14888
14891
14892
14894
14894
14910
14915
14916
14929
14930
14930
14935
14936
14937
14939
14942
14943
14945
14945
14954
14954
14956
14957
14959
14962
14966
14976
14976
14978
14980
14985
14986
14997
15001
15001
15012
15014
15016
15018
15019
15020
15030
15031
15032
15040
15051
15053
15054
15057
15057
15058
15059
15068
15073
15077
15085
15088
15090
15091
15093
15097
15098
15099
15102
15109
15114
15115
15118
15119
15122
15126
15130
15131
15132
15133
15136
15137
15139
15140
15142
15145
15151
15159
15160
15162
15166
15170
15173
15188
15188
15194
15197
15198
15198
15202
15203
15206
15207
15211
15213
15214
15217
15224
15225
15231
15232
15236
15238
15241
15241
15244
15247
15247
15249
15249
15254
15255
15255
15255
15258
15269
15274
15275
15280
15281
15282
15288
15302
15302
15304
15308
15313
15329
15332
15341
15341
15352
15354
15356
15362
15365
15365
15374
15378
15383
15383
15389
15395
15399
15401
15402
15404
15406
15408
15410
15412
15416
15420
15427
15427
15428
15436
15438
15443
15445
15446
15446
15450
15455
15459
15460
15463
15464
15472
15477
15478
15478
15482
15483
15485
15495
15496
15503
15506
15507
15511
15513
15515
15515
15516
15516
15519
15524
15531
15532
15533
15534
15535
15541
15544
15549
15549
15550
15553
15554
15559
15561
15561
15563
15563
15563
15569
15570
15578
15579
15581
15590
15591
15593
15600
15603
15604
15605
15607
15614
15615
15616
15617
15619
15624
15629
15629
15630
15634
15634
15636
15643
15645
15651
15652
15654
15658
15663
15664
15666
15666
15666
15669
15672
15678
15681
15683
15686
15691
15694
15696
15697
15700
15702
15709
15724
15727
15734
15738
15740
15740
15740
15743
15743
15746
15747
15750
15751
15751
15751
15751
15758
15758
15762
15765
15765
15766
15767
15772
15773
15774
15776
15779
15781
15784
15787
15794
15797
15803
15807
15807
15809
15811
15820
15822
15824
15828
15829
15829
15829
15831
15838
15840
15842
15852
15860
15860
15867
15870
15874
15879
15879
15884
15885
15888
15889
15889
15891
15892
15897
15897
15902
15913
15915
15915
15917
15927
15932
15936
15936
15938
15946
15949
15950
15958
15963
15966
15970
15972
15991
15995
16002
16004
16006
16007
16008
16009
16013
16013
16015
16015
16018
16029
16041
16044
16050
16054
16058
16063
16064
16066
16067
16073
16073
16086
16088
16090
16095
16096
16109
16110
16117
16118
16128
16131
16134
16136
16140
16141
16144
16145
16148
16161
16169
16171
16180
16185
16185
16188
16189
16193
16196
16198
16203
16203
16204
16204
16204
16215
16223
16227
16227
16230
16238
16238
16242
16243
16249
16251
16253
16254
16257
16270
16275
16276
16281
16282
16282
16283
16288
16291
16296
16298
16299
16300
16302
16306
16307
16309
16310
16313
16323
16323
16325
16331
16337
16343
16344
16361
16362
16367
16372
16381
16382
16385
16388
16388
16390
16392
16393
16396
16399
16403
16407
16409
16414
16421
16425
16426
16433
16435
16439
16446
16446
16447
16460
16460
16461
16464
16468
16475
16477
16479
16483
16496
16500
16502
16503
16504
16505
16507
16509
16512
16513
16519
16525
16533
16533
16534
16537
16540
16541
16542
16542
16544
16545
16546
16547
16547
16549
16549
16551
16560
16567
16567
16569
16572
16573
16577
16579
16582
16590
16590
16593
16595
16597
16603
16612
16622
16623
16625
16630
16632
16633
16633
16638
16639
16639
16644
16645
16654
16661
16677
16685
16689
16692
16692
16693
16693
16699
16699
16704
16710
16710
16717
16719
16722
16722
16723
16724
16726
16729
16730
16735
16740
16742
16742
16750
16751
16753
16754
16754
16759
16760
16761
16762
16764
16767
16768
16772
16777
16782
16790
16799
16812
16812
16813
16824
16829
16833
16834
16835
16836
16838
16842
16843
16844
16846
16848
16859
16861
16862
16864
16869
16872
16873
16873
16874
16874
16875
16876
16877
16880
16881
16887
16887
16887
16893
16895
16903
16904
16915
16915
16919
16919
16925
16932
16935
16941
16943
16947
16952
16953
16956
16966
16969
16971
16978
16985
16986
16988
16989
16989
16995
16996
16997
17008
17009
17013
17013
17019
17027
17036
17037
17040
17044
17044
17052
17052
17054
17056
17057
17058
17059
17061
17064
17065
17067
17077
17077
17077
17080
17082
17084
17089
17091
17098
17106
17110
17113
17119
17119
17125
17136
17139
17141
17145
17145
17145
17147
17152
17155
17158
17159
17159
17160
17160
17169
17172
17172
17177
17179
17185
17189
17193
17195
17202
17204
17207
17209
17209
17213
17213
17215
17215
17216
17224
17225
17226
17227
17230
17230
17244
17246
17248
17249
17250
17251
17252
17253
17253
17253
17272
17272
17272
17277
17277
17278
17279
17279
17281
17285
17288
17290
17290
17297
17307
17308
17310
17312
17318
17324
17325
17327
17329
17329
17341
17342
17343
17347
17348
17349
17352
17353
17356
17356
17358
17361
17362
17362
17365
17366
17376
17381
17383
17384
17385
17396
17397
17402
17404
17405
17421
17423
17423
17424
17426
17427
17428
17433
17435
17436
17437
17438
17439
17447
17449
17451
17454
17454
17454
17456
17457
17459
17463
17464
17464
17465
17467
17474
17480
17483
17483
17485
17487
17494
17497
17500
17504
17505
17517
17527
17528
17538
17540
17541
17542
17547
17547
17547
17549
17550
17551
17553
17567
17579
17579
17586
17589
17590
17595
17597
17598
17600
17600
17609
17609
17612
17616
17623
17631
17633
17635
17639
17640
17641
17645
17647
17648
17651
17658
17661
17662
17663
17673
17674
17674
17683
17685
17687
17691
17691
17693
17694
17698
17701
17703
17714
17715
17717
17726
17726
17728
17728
17731
17735
17739
17742
17743
17743
17744
17750
17759
17761
17761
17763
17763
17769
17771
17772
17773
17774
17781
17786
17792
17795
17796
17797
17801
17806
17806
17812
17812
17819
17829
17829
17831
17838
17840
17847
17849
17850
17855
17860
17860
17861
17869
17872
17872
17875
17880
17882
17888
17889
17895
17899
17900
17902
17905
17907
17911
17913
17917
17917
17926
17930
17931
17931
17932
17934
17935
17938
17939
17950
17960
17961
17964
17966
17967
17968
17968
17972
17973
17974
17977
17983
17984
17985
17988
17991
17993
18000
18003
18006
18008
18009
18013
18013
18017
18025
18031
18043
18043
18045
18049
18049
18050
18052
18053
18055
18057
18065
18067
18071
18075
18079
18079
18080
18080
18081
18091
18095
18098
18101
18102
18106
18109
18115
18118
18120
18127
18127
18137
18144
18144
18144
18150
18150
18154
18164
18169
18171
18173
18173
18175
18177
18180
18180
18183
18186
18186
18188
18193
18198
18199
18204
18204
18216
18217
18226
18228
18231
18231
18237
18241
18242
18246
18246
18248
18257
18258
18267
18269
18273
18276
18277
18284
18284
18287
18290
18292
18294
18297
18302
18302
18307
18312
18328
18331
18333
18333
18340
18341
18342
18348
18351
18354
18355
18357
18362
18365
18368
18378
18380
18381
18382
18383
18383
18384
18389
18390
18390
18392
18397
18398
18401
18405
18407
18410
18417
18420
18423
18425
18427
18431
18434
18435
18436
18437
18438
18444
18446
18448
18449
18451
18451
18455
18458
18458
18460
18469
18474
18474
18479
18480
18482
18489
18495
18495
18498
18499
18506
18506
18511
18513
18518
18520
18531
18531
18533
18533
18535
18539
18541
18545
18546
18549
18556
18561
18564
18566
18567
18579
18580
18582
18582
18582
18584
18585
18589
18593
18594
18594
18596
18598
18603
18619
18622
18623
18627
18636
18640
18642
18649
18650
18651
18653
18654
18654
18663
18668
18668
18670
18678
18678
18682
18689
18690
18691
18693
18697
18705
18708
18709
18714
18716
18716
18718
18721
18724
18728
18730
18736
18738
18740
18742
18745
18750
18750
18752
18757
18758
18766
18772
18777
18780
18781
18791
18794
18796
18800
18805
18806
18810
18810
18811
18820
18822
18822
18831
18832
18836
18837
18846
18846
18853
18856
18857
18863
18867
18867
18876
18877
18882
18888
18889
18890
18893
18900
18900
18906
18906
18909
18911
18912
18912
18917
18920
18926
18935
18935
18936
18947
18954
18954
18959
18960
18963
18963
18964
18965
18966
18966
18967
18968
18970
18971
18972
18972
18973
18973
18974
18974
18985
18987
18988
18990
18991
18993
18994
18995
18996
18996
18998
19000
19002
19002
19006
19008
19011
19011
19015
19026
19027
19028
19033
19035
19037
19041
19042
19046
19052
19053
19055
19056
19060
19062
19064
19072
19072
19083
19085
19085
19085
19086
19089
19090
19095
19096
19098
19100
19101
19103
19106
19111
19111
19118
19122
19123
19127
19134
19135
19140
19140
19147
19153
19156
19163
19164
19169
19173
19176
19186
19188
19190
19190
19191
19193
19201
19201
19208
19218
19225
19242
19244
19245
19245
19246
19255
19266
19269
19273
19274
19278
19288
19297
19297
19298
19304
19306
19308
19311
19313
19316
19319
19325
19325
19327
19328
19331
19335
19335
19335
19345
19347
19348
19348
19351
19353
19357
19358
19361
19363
19365
19371
19390
19391
19392
19393
19404
19407
19410
19411
19412
19420
19420
19420
19421
19427
19430
19436
19444
19446
19450
19460
19465
19470
19473
19475
19479
19480
19481
19483
19489
19497
19500
19501
19507
19511
19512
19513
19515
19515
19520
19522
19522
19533
19539
19540
19546
19552
19555
19556
19556
19566
19566
19568
19571
19574
19585
19586
19587
19590
19590
19593
19594
19597
19597
19601
19601
19609
19625
19627
19632
19633
19633
19635
19636
19643
19646
19648
19654
19657
19658
19660
19661
19664
19665
19673
19673
19674
19674
19679
19684
19688
19690
19694
19695
19695
19699
19700
19703
19705
19707
19707
19707
19708
19710
19719
19719
19719
19720
19721
19728
19728
19729
19729
19729
19731
19731
19732
19734
19734
19736
19742
19744
19757
19758
19758
19766
19769
19774
19777
19777
19778
19783
19788
19789
19797
19799
19802
19803
19808
19820
19822
19823
19825
19838
19840
19841
19841
19841
19848
19855
19862
19863
19866
19869
19872
19875
19875
19879
19883
19889
19900
19904
19907
19911
19912
19935
19936
19936
19942
19945
19948
19951
19953
19954
19960
19971
19971
19980
19980
19984
19988
19989
19989
19990
19992
19994
19996
20003
20008
20022
20022
20025
20025
20028
20030
20033
20045
20050
20052
20053
20055
20058
20065
20070
20074
20075
20077
20078
20080
20082
20083
20084
20091
20095
20099
20100
20100
20101
20106
20110
20112
20112
20112
20113
20117
20117
20125
20130
20130
20130
20131
20134
20135
20137
20140
20141
20142
20154
20155
20160
20161
20161
20162
20162
20166
20166
20169
20174
20176
20177
20183
20187
20190
20190
20190
20191
20191
20191
20195
20196
20198
20206
20206
20208
20209
20210
20217
20225
20227
20229
20237
20241
20243
20245
20246
20247
20247
20248
20256
20260
20265
20265
20266
20276
20277
20282
20284
20286
20292
20292
20292
20293
20305
20309
20311
20321
20324
20325
20327
20329
20330
20333
20341
20343
20344
20345
20349
20350
20350
20351
20351
20354
20355
20362
20367
20369
20370
20372
20372
20374
20380
20385
20387
20392
20397
20401
20404
20414
20419
20435
20436
20441
20444
20444
20444
20445
20449
20453
20454
20455
20455
20459
20462
20465
20470
20486
20490
20491
20493
20506
20507
20507
20508
20513
20519
20526
20526
20527
20528
20530
20531
20539
20542
20546
20548
20549
20552
20553
20560
20563
20563
20564
20569
20571
20571
20573
20583
20585
20588
20592
20607
20610
20613
20616
20618
20619
20622
20627
20629
20634
20636
20636
20638
20639
20639
20640
20643
20647
20650
20661
20662
20669
20672
20673
20676
20680
20681
20683
20701
20705
20707
20708
20714
20714
20717
20717
20726
20726
20729
20734
20735
20737
20739
20741
20742
20753
20753
20753
20757
20759
20761
20767
20768
20772
20773
20775
20776
20781
20782
20791
20793
20795
20800
20809
20809
20816
20823
20831
20833
20833
20834
20835
20837
20837
20843
20847
20855
20856
20863
20863
20864
20872
20872
20877
20877
20878
20884
20886
20887
20891
20892
20896
20901
20902
20907
20908
20909
20909
20914
20925
20932
20932
20933
20940
20942
20942
20946
20949
20949
20950
20951
20953
20954
20956
20957
20961
20961
20965
20968
20975
20980
20981
20982
20984
20984
20985
20986
20986
20987
20991
20993
20994
20996
21006
21010
21012
21013
21015
21018
21028
21029
21032
21032
21033
21034
21034
21034
21035
21037
21039
21045
21048
21048
21051
21053
21066
21068
21069
21070
21093
21096
21100
21106
21107
21108
21112
21112
21114
21114
21119
21125
21130
21133
21136
21139
21140
21143
21151
21153
21162
21163
21163
21164
21165
21171
21180
21191
21199
21199
21203
21213
21214
21215
21220
21221
21222
21236
21238
21243
21246
21248
21249
21250
21256
21259
21262
21265
21269
21269
21272
21272
21273
21278
21280
21284
21285
21287
21288
21296
21299
21309
21309
21309
21313
21319
21331
21337
21342
21345
21349
21354
21354
21356
21357
21360
21360
21360
21362
21368
21383
21388
21389
21390
21393
21400
21413
21416
21423
21424
21427
21432
21435
21438
21442
21445
21461
21462
21465
21466
21470
21474
21474
21475
21475
21486
21489
21490
21490
21500
21512
21513
21514
21519
21519
21538
21543
21544
21544
21545
21549
21551
21551
21555
21561
21561
21566
21568
21568
21569
21570
21571
21572
21572
21576
21580
21588
21589
21593
21596
21599
21602
21604
21612
21615
21617
21623
21626
21629
21631
21631
21634
21635
21640
21646
21648
21648
21652
21653
21656
21658
21660
21662
21665
21669
21673
21676
21680
21685
21687
21689
21696
21696
21696
21698
21699
21700
21701
21701
21702
21705
21708
21720
21723
21723
21728
21732
21732
21734
21735
21736
21737
21738
21740
21741
21744
21748
21751
21757
21760
21761
21763
21768
21769
21775
21780
21781
21782
21783
21784
21788
21789
21790
21792
21792
21794
21796
21802
21809
21812
21814
21819
21819
21821
21822
21822
21823
21823
21827
21827
21828
21834
21836
21844
21845
21846
21848
21850
21850
21851
21853
21855
21857
21860
21861
21862
21870
21871
21871
21874
21879
21887
21896
21900
21904
21905
21905
21905
21913
21914
21914
21914
21914
21915
21917
21919
21928
21929
21934
21936
21943
21948
21960
21965
21987
21987
21991
21991
21991
22017
22018
22022
22022
22024
22025
22025
22028
22030
22036
22037
22039
22041
22043
22047
22047
22047
22048
22051
22054
22054
22059
22064
22065
22065
22065
22078
22081
22082
22084
22087
22097
22098
22103
22106
22110
22111
22117
22117
22120
22125
22135
22136
22137
22139
22139
22147
22154
22163
22167
22172
22179
22179
22181
22185
22187
22188
22190
22194
22195
22202
22204
22205
22205
22207
22208
22208
22209
22210
22219
22219
22223
22223
22229
22234
22244
22245
22247
22254
22255
22260
22262
22266
22273
22273
22274
22276
22278
22285
22288
22293
22298
22303
22307
22309
22312
22317
22326
22326
22328
22328
22328
22329
22339
22349
22353
22354
22358
22358
22376
22376
22379
22380
22381
22381
22384
22385
22387
22394
22399
22404
22406
22407
22408
22410
22410
22411
22414
22422
22423
22427
22431
22435
22436
22438
22439
22443
22444
22445
22445
22448
22451
22453
22454
22455
22455
22456
22465
22470
22475
22480
22484
22486
22489
22489
22490
22491
22500
22501
22504
22506
22506
22511
22512
22515
22517
22518
22520
22521
22524
22527
22530
22535
22536
22546
22548
22552
22555
22556
22562
22566
22568
22570
22570
22570
22570
22572
22573
22578
22582
22593
22604
22610
22612
22612
22626
22626
22627
22629
22629
22630
22630
22640
22642
22644
22644
22645
22646
22646
22646
22647
22655
22655
22655
22657
22662
22663
22665
22668
22668
22669
22670
22675
22688
22692
22694
22696
22697
22699
22700
22706
22711
22714
22714
22715
22715
22721
22721
22722
22725
22725
22735
22736
22737
22738
22740
22740
22743
22747
22752
22754
22754
22758
22759
22760
22760
22763
22777
22777
22778
22779
22780
22785
22788
22791
22793
22805
22807
22807
22811
22817
22817
22822
22825
22828
22829
22842
22848
22848
22850
22850
22851
22852
22856
22858
22858
22859
22859
22865
22865
22866
22868
22869
22870
22874
22875
22878
22881
22883
22885
22889
22891
22902
22903
22907
22910
22916
22918
22918
22922
22924
22926
22928
22929
22933
22940
22940
22946
22946
22955
22956
22959
22960
22964
22966
22975
22982
22986
22989
22994
22997
22998
23005
23011
23015
23015
23018
23019
23020
23023
23024
23028
23030
23035
23036
23036
23036
23039
23041
23052
23057
23058
23067
23070
23071
23072
23075
23079
23080
23087
23088
23088
23090
23092
23095
23099
23100
23102
23107
23108
23112
23113
23113
23113
23121
23124
23127
23128
23134
23134
23138
23143
23151
23159
23164
23171
23174
23180
23181
23184
23184
23187
23189
23191
23192
23194
23198
23198
23199
23199
23200
23201
23201
23210
23211
23211
23211
23215
23215
23215
23219
23219
23225
23229
23230
23234
23240
23241
23242
23243
23243
23245
23248
23254
23257
23258
23260
23266
23272
23275
23280
23287
23293
23295
23297
23298
23298
23299
23300
23300
23301
23311
23311
23317
23321
23321
23322
23322
23325
23328
23333
23338
23338
23349
23355
23360
23365
23366
23367
23367
23368
23369
23370
23379
23379
23379
23379
23379
23383
23386
23388
23389
23390
23403
23403
23409
23418
23430
23432
23433
23434
23437
23438
23440
23441
23450
23451
23453
23454
23454
23456
23457
23463
23465
23465
23469
23472
23473
23475
23479
23481
23501
23503
23506
23507
23513
23516
23516
23518
23520
23522
23525
23527
23528
23530
23532
23539
23551
23557
23564
23566
23567
23567
23567
23568
23570
23572
23574
23576
23586
23589
23589
23591
23596
23596
23598
23613
23617
23618
23620
23622
23625
23627
23629
23634
23637
23640
23649
23649
23654
23659
23662
23663
23668
23674
23681
23683
23689
23690
23693
23699
23700
23703
23704
23711
23714
23717
23718
23721
23722
23730
23731
23732
23733
23738
23740
23742
23747
23751
23759
23769
23770
23773
23774
23783
23784
23788
23797
23800
23815
23815
23819
23824
23829
23829
23839
23839
23847
23851
23851
23860
23878
23885
23888
23890
23891
23893
23897
23897
23907
23909
23912
23913
23922
23922
23926
23926
23928
23930
23930
23933
23934
23940
23941
23942
23947
23952
23955
23959
23960
23968
23968
23968
23971
23973
23976
23979
23983
23992
24001
24002
24005
24010
24012
24018
24019
24033
24036
24036
24042
24043
24054
24056
24059
24060
24062
24065
24066
24066
24072
24073
24073
24077
24079
24080
24083
24088
24090
24091
24097
24097
24106
24112
24113
24120
24122
24122
24123
24126
24130
24130
24130
24135
24135
24138
24139
24140
24142
24147
24151
24154
24155
24161
24168
24170
24170
24173
24173
24175
24176
24177
24179
24187
24189
24190
24192
24195
24203
24205
24209
24210
24216
24218
24224
24225
24229
24229
24233
24233
24242
24242
24247
24249
24250
24251
24256
24262
24263
24263
24266
24271
24272
24273
24278
24280
24283
24283
24287
24291
24296
24300
24307
24307
24316
24316
24316
24319
24319
24324
24328
24341
24342
24343
24349
24354
24357
24364
24371
24371
24377
24379
24379
24386
24393
24394
24401
24414
24417
24424
24424
24424
24429
24431
24434
24439
24440
24441
24441
24448
24454
24461
24463
24467
24470
24472
24477
24478
24488
24492
24498
24499
24502
24508
24509
24510
24512
24512
24513
24516
24520
24533
24535
24535
24537
24542
24543
24544
24545
24547
24553
24556
24558
24564
24565
24573
24576
24583
24584
24593
24597
24599
24603
24603
24605
24609
24612
24619
24628
24630
24645
24645
24646
24651
24665
24665
24665
24669
24678
24681
24684
24684
24686
24693
24695
24700
24705
24706
24706
24710
24722
24722
24726
24734
24738
24744
24748
24749
24758
24763
24769
24775
24776
24779
24782
24783
24788
24791
24795
24800
24805
24805
24806
24806
24811
24814
24815
24815
24816
24817
24819
24827
24841
24847
24849
24849
24858
24861
24863
24864
24866
24872
24876
24879
24883
24885
24890
24890
24897
24902
24904
24906
24906
24910
24912
24912
24915
24922
24923
24925
24930
24935
24937
24938
24938
24939
24961
24964
24964
24967
24971
24973
24976
24977
24978
24978
24983
24985
24989
24993
24997
25003
25009
25010
25013
25033
25038
25040
25041
25042
25048
25049
25054
25059
25061
25066
25074
25078
25079
25082
25085
25085
25087
25088
25089
25090
25097
25104
25104
25109
25109
25115
25120
25121
25122
25124
25129
25139
25140
25143
25146
25151
25159
25170
25172
25174
25185
25185
25186
25195
25198
25199
25201
25205
25206
25212
25220
25222
25227
25232
25234
25236
25236
25238
25239
25245
25246
25249
25249
25253
25260
25272
25276
25283
25285
25285
25286
25286
25292
25292
25293
25294
25300
25302
25304
25305
25318
25321
25323
25323
25331
25334
25335
25338
25338
25342
25343
25343
25345
25348
25357
25358
25359
25361
25363
25363
25364
25365
25373
25375
25376
25378
25382
25386
25389
25390
25390
25392
25399
25401
25418
25420
25421
25423
25427
25430
25433
25436
25437
25441
25444
25444
25446
25448
25453
25455
25459
25460
25477
25479
25481
25482
25487
25488
25489
25496
25515
25517
25519
25523
25528
25533
25540
25543
25546
25549
25549
25550
25555
25559
25564
25565
25569
25569
25571
25571
25571
25572
25577
25581
25582
25592
25593
25595
25605
25613
25619
25621
25623
25625
25630
25638
25639
25640
25641
25643
25647
25652
25653
25653
25657
25657
25659
25662
25662
25666
25667
25669
25673
25676
25681
25691
25693
25693
25694
25695
25699
25701
25705
25711
25716
25716
25717
25717
25733
25734
25736
25736
25737
25738
25738
25756
25764
25767
25768
25769
25773
25773
25777
25782
25787
25788
25791
25799
25801
25803
25805
25806
25812
25812
25818
25822
25825
25832
25838
25843
25845
25846
25855
25856
25860
25864
25876
25876
25884
25885
25886
25892
25893
25897
25897
25899
25900
25902
25908
25909
25910
25916
25916
25919
25920
25920
25923
25924
25925
25931
25935
25937
25937
25946
25949
25950
25957
25957
25964
25965
25967
25968
25969
25980
25980
25984
25985
25988
25991
25993
26000
26006
26009
26009
26010
26012
26013
26014
26016
26018
26018
26020
26029
26035
26044
26047
26049
26051
26053
26055
26055
26059
26062
26067
26068
26069
26072
26075
26077
26078
26082
26083
26090
26096
26096
26098
26099
26100
26100
26102
26104
26120
26124
26127
26133
26136
26139
26139
26141
26142
26144
26144
26157
26158
26160
26178
26179
26180
26181
26182
26194
26196
26198
26207
26211
26212
26220
26232
26234
26236
26255
26259
26262
26262
26264
26265
26271
26275
26276
26282
26282
26284
26295
26305
26313
26316
26324
26324
26330
26331
26336
26336
26339
26345
26346
26348
26348
26348
26352
26353
26359
26361
26366
26367
26370
26378
26380
26385
26393
26393
26397
26403
26404
26404
26405
26413
26423
26425
26427
26428
26429
26432
26434
26437
26438
26442
26447
26452
26455
26456
26456
26456
26458
26460
26466
26468
26470
26471
26472
26473
26478
26484
26484
26485
26486
26488
26493
26494
26503
26506
26513
26515
26518
26524
26527
26530
26533
26539
26542
26545
26546
26550
26557
26559
26559
26559
26559
26567
26567
26568
26572
26572
26575
26577
26578
26580
26584
26587
26591
26594
26594
26594
26599
26612
26615
26615
26623
26630
26636
26639
26639
26640
26646
26648
26649
26658
26659
26668
26669
26672
26673
26675
26678
26679
26683
26691
26691
26691
26698
26699
26703
26712
26722
26722
26729
26730
26730
26736
26736
26738
26738
26739
26743
26746
26748
26748
26748
26752
26755
26757
26765
26766
26768
26772
26773
26775
26777
26779
26785
26795
26795
26796
26801
26804
26807
26808
26810
26816
26817
26823
26826
26830
26832
26837
26840
26840
26844
26849
26850
26852
26853
26853
26857
26864
26869
26871
26879
26888
26891
26895
26895
26910
26914
26917
26921
26922
26923
26928
26934
26935
26936
26938
26943
26945
26946
26952
26956
26959
26961
26969
26970
26970
26971
26972
26984
26991
26991
26993
26996
26996
27000
27001
27007
27007
27009
27010
27011
27015
27028
27030
27032
27038
27038
27040
27046
27054
27065
27066
27066
27066
27067
27067
27070
27075
27076
27082
27089
27089
27090
27099
27101
27104
27106
27110
27117
27120
27123
27123
27128
27133
27133
27136
27137
27138
27139
27148
27148
27150
27154
27157
27158
27172
27185
27194
27196
27198
27202
27204
27213
27219
27219
27227
27230
27230
27233
27234
27238
27239
27243
27244
27247
27249
27250
27259
27262
27264
27264
27265
27265
27266
27269
27278
27281
27289
27294
27301
27301
27302
27303
27304
27305
27314
27314
27314
27316
27330
27340
27342
27343
27345
27348
27352
27362
27362
27372
27373
27377
27379
27382
27386
27389
27389
27393
27393
27397
27398
27400
27401
27402
27406
27413
27414
27414
27415
27417
27427
27429
27435
27438
27439
27440
27444
27447
27450
27453
27458
27465
27469
27479
27482
27496
27496
27497
27499
27502
27507
27508
27508
27509
27515
27520
27522
27536
27537
27544
27545
27548
27552
27564
27566
27566
27568
27570
27572
27573
27574
27575
27586
27592
27592
27593
27598
27599
27601
27610
27612
27622
27626
27630
27634
27637
27639
27640
27641
27644
27650
27650
27656
27659
27661
27663
27664
27667
27669
27671
27679
27682
27683
27688
27695
27695
27695
27702
27702
27711
27718
27718
27723
27724
27724
27725
27732
27748
27750
27753
27757
27763
27764
27765
27768
27784
27788
27789
27790
27794
27795
27796
27799
27800
27804
27804
27808
27815
27819
27822
27829
27833
27839
27840
27845
27850
27850
27856
27859
27864
27865
27866
27866
27871
27875
27880
27882
27884
27887
27888
27895
27896
27901
27902
27904
27906
27909
27912
27919
27920
27924
27935
27935
27935
27951
27962
27966
27966
27970
27974
27975
27980
27983
27983
27984
27984
27986
27986
27988
27991
27995
27996
27997
27999
28001
28001
28003
28004
28006
28008
28016
28021
28029
28034
28039
28046
28049
28050
28054
28056
28061
28075
28075
28075
28081
28081
28083
28088
28095
28096
28096
28101
28104
28105
28110
28115
28115
28117
28123
28125
28137
28140
28141
28142
28147
28148
28149
28152
28152
28154
28159
28162
28164
28167
28175
28180
28185
28188
28188
28191
28201
28209
28210
28216
28216
28224
28224
28225
28226
28227
28232
28241
28250
28252
28255
28257
28267
28269
28274
28278
28280
28281
28287
28290
28290
28299
28306
28306
28308
28313
28316
28323
28325
28326
28326
28330
28333
28343
28344
28350
28359
28361
28362
28365
28368
28368
28369
28376
28379
28381
28381
28382
28383
28384
28384
28393
28395
28399
28399
28402
28402
28409
28411
28412
28420
28423
28426
28428
28431
28431
28433
28435
28443
28443
28449
28461
28462
28465
28468
28469
28470
28480
28481
28483
28487
28488
28488
28498
28499
28513
28513
28516
28518
28522
28525
28526
28529
28529
28533
28539
28545
28553
28560
28560
28561
28563
28564
28564
28566
28567
28575
28583
28592
28596
28598
28601
28605
28610
28621
28621
28630
28634
28642
28645
28650
28653
28660
28660
28663
28666
28666
28668
28669
28672
28672
28674
28682
28689
28691
28693
28697
28700
28707
28710
28712
28713
28719
28721
28722
28725
28729
28739
28741
28747
28749
28751
28751
28755
28766
28771
28772
28772
28778
28779
28785
28789
28790
28795
28797
28801
28801
28804
28810
28814
28824
28833
28838
28844
28846
28848
28850
28855
28859
28861
28863
28870
28873
28875
28876
28876
28876
28881
28885
28885
28885
28889
28889
28890
28901
28916
28917
28922
28928
28932
28939
28941
28949
28957
28961
28964
28966
28969
28970
28970
28974
28975
28980
28981
28981
28982
28985
28987
28992
28996
29001
29004
29010
29011
29016
29017
29017
29020
29024
29029
29032
29037
29037
29043
29044
29045
29049
29050
29065
29066
29069
29072
29078
29081
29082
29083
29084
29084
29086
29092
29092
29093
29093
29097
29098
29103
29104
29110
29115
29119
29122
29124
29126
29128
29132
29134
29136
29138
29141
29142
29147
29151
29153
29157
29159
29163
29164
29164
29165
29169
29174
29178
29179
29180
29186
29187
29190
29192
29198
29199
29200
29209
29209
29211
29211
29215
29216
29220
29221
29222
29229
29235
29237
29238
29239
29251
29251
29255
29256
29261
29267
29271
29272
29273
29275
29284
29289
29297
29302
29308
29312
29316
29316
29316
29317
29324
29334
29338
29340
29340
29343
29350
29352
29359
29365
29367
29369
29371
29373
29373
29376
29384
29385
29390
29393
29398
29411
29414
29416
29425
29425
29427
29429
29431
29443
29443
29444
29449
29451
29469
29478
29479
29483
29484
29485
29486
29487
29488
29490
29492
29502
29506
29517
29518
29522
29523
29523
29528
29534
29534
29537
29540
29542
29553
29567
29573
29574
29574
29575
29578
29583
29586
29587
29594
29603
29608
29608
29613
29618
29623
29624
29631
29635
29643
29645
29645
29646
29648
29653
29653
29654
29661
29661
29666
29669
29671
29674
29693
29694
29694
29695
29710
29711
29711
29715
29720
29725
29725
29729
29732
29732
29734
29736
29748
29748
29754
29757
29763
29767
29769
29775
29780
29781
29785
29785
29791
29792
29792
29795
29795
29799
29799
29802
29808
29808
29810
29811
29815
29817
29817
29820
29830
29832
29834
29836
29837
29838
29846
29848
29855
29858
29862
29864
29865
29866
29868
29871
29876
29878
29878
29878
29883
29888
29891
29893
29894
29896
29897
29901
29907
29908
29910
29913
29916
29919
29920
29922
29924
29928
29931
29934
29940
29942
29947
29948
29950
29951
29952
29958
29959
29964
29965
29965
29968
29972
29983
29986
29991
29992
29995
29998
29999
30000
30001
30003
30013
30017
30018
30026
30027
30032
30032
30041
30045
30046
30047
30048
30050
30058
30059
30071
30073
30077
30079
30096
30100
30109
30109
30110
30114
30115
30120
30121
30125
30127
30131
30132
30140
30142
30153
30156
30157
30159
30159
30165
30166
30166
30171
30176
30176
30179
30180
30183
30184
30188
30193
30194
30194
30204
30206
30207
30210
30214
30216
30221
30222
30227
30229
30231
30232
30240
30247
30267
30267
30268
30279
30280
30291
30294
30297
30298
30309
30311
30315
30318
30323
30327
30329
30331
30332
30336
30338
30341
30346
30350
30352
30353
30357
30357
30371
30371
30372
30372
30373
30373
30374
30381
30383
30385
30391
30391
30396
30397
30401
30407
30409
30415
30417
30417
30418
30418
30421
30431
30433
30436
30437
30443
30444
30453
30455
30460
30464
30465
30471
30473
30476
30478
30481
30482
30483
30484
30492
30492
30494
30497
30499
30501
30501
30502
30506
30506
30509
30509
30515
30521
30526
30527
30529
30536
30537
30540
30542
30542
30561
30562
30565
30571
30573
30574
30577
30578
30581
30582
30582
30588
30597
30598
30604
30610
30620
30627
30632
30633
30633
30637
30639
30642
30644
30645
30646
30647
30648
30649
30652
30653
30664
30669
30672
30676
30677
30678
30680
30682
30684
30684
30690
30691
30692
30698
30702
30709
30713
30716
30718
30726
30732
30736
30739
30748
30748
30767
30768
30772
30772
30777
30777
30778
30779
30788
30794
30794
30799
30801
30804
30806
30808
30809
30814
30816
30817
30818
30820
30822
30832
30833
30834
30838
30839
30839
30841
30842
30845
30846
30847
30855
30857
30858
30858
30869
30878
30879
30888
30888
30888
30896
30898
30898
30904
30907
30911
30916
30916
30919
30924
30924
30931
30935
30941
30946
30947
30953
30959
30960
30961
30962
30965
30968
30968
30974
30977
30983
30987
30990
30995
31006
31006
31010
31011
31022
31031
31033
31034
31034
31036
31038
31039
31039
31040
31040
31049
31051
31051
31052
31055
31061
31068
31068
31068
31070
31075
31077
31078
31084
31087
31089
31094
31096
31100
31102
31106
31107
31110
31110
31114
31115
31121
31131
31134
31136
31141
31142
31143
31145
31146
31156
31160
31162
31166
31171
31176
31178
31180
31180
31183
31186
31189
31189
31193
31198
31203
31204
31205
31208
31210
31215
31226
31237
31237
31244
31246
31247
31256
31264
31265
31270
31277
31278
31285
31288
31290
31292
31294
31296
31302
31302
31310
31312
31316
31317
31317
31327
31327
31328
31333
31333
31346
31353
31356
31360
31363
31364
31374
31378
31381
31382
31383
31384
31390
31391
31391
31393
31396
31396
31398
31409
31409
31412
31412
31413
31426
31428
31432
31434
31434
31437
31437
31438
31441
31442
31447
31448
31448
31449
31457
31462
31465
31469
31470
31472
31474
31476
31480
31484
31486
31487
31487
31488
31490
31491
31493
31496
31497
31498
31498
31501
31509
31510
31519
31522
31523
31527
31529
31532
31538
31541
31546
31550
31555
31556
31559
31572
31573
31579
31582
31584
31588
31589
31591
31592
31597
31598
31598
31599
31603
31609
31625
31630
31633
31639
31640
31646
31652
31653
31658
31659
31666
31668
31671
31675
31679
31697
31710
31713
31719
31720
31729
31730
31730
31731
31731
31732
31739
31746
31746
31746
31748
31751
31759
31762
31765
31769
31769
31777
31778
31780
31780
31784
31785
31787
31788
31790
31792
31792
31793
31799
31799
31800
31801
31803
31803
31805
31811
31811
31812
31814
31817
31817
31825
31825
31829
31830
31839
31840
31840
31846
31847
31849
31853
31858
31859
31859
31864
31864
31864
31868
31870
31870
31877
31878
31881
31881
31882
31891
31902
31903
31903
31904
31910
31912
31912
31918
31920
31928
31931
31932
31937
31938
31940
31941
31941
31944
31945
31946
31951
31952
31956
31958
31962
31965
31967
31970
31972
31975
31982
31982
31986
31986
31988
31992
31994
32000
32000
32004
32005
32008
32009
32012
32015
32016
32019
32022
32023
32026
32030
32031
32036
32036
32040
32047
32050
32055
32055
32063
32064
32066
32073
32083
32088
32091
32097
32108
32110
32117
32125
32128
32132
32148
32161
32165
32175
32177
32178
32180
32182
32185
32186
32190
32190
32193
32207
32210
32212
32214
32217
32218
32219
32223
32224
32226
32236
32238
32240
32243
32244
32247
32274
32276
32279
32283
32283
32288
32295
32296
32308
32311
32319
32319
32321
32328
32329
32330
32332
32333
32333
32333
32335
32335
32337
32339
32345
32349
32352
32352
32356
32357
32362
32362
32363
32364
32368
32368
32373
32374
32380
32381
32384
32389
32390
32393
32395
32400
32400
32412
32415
32420
32421
32424
32424
32427
32429
32432
32434
32435
32439
32440
32443
32445
32451
32455
32457
32462
32464
32465
32469
32475
32479
32485
32495
32497
32499
32501
32502
32503
32507
32511
32522
32522
32522
32525
32527
32528
32529
32530
32530
32534
32535
32544
32545
32545
32549
32554
32560
32563
32571
32572
32573
32573
32576
32578
32578
32579
32583
32583
32585
32587
32590
32595
32596
32603
32605
32605
32609
32614
32616
32618
32618
32618
32624
32624
32626
32629
32631
32639
32647
32650
32651
32657
32657
32658
32660
32663
32669
32670
32671
32673
32674
32680
32682
32685
32685
32685
32685
32688
32690
32696
32697
32700
32702
32703
32703
32704
32705
32707
32710
32713
32714
32716
32717
32722
32736
32738
32738
32738
32741
32746
32746
32751
32752
32753
32753
32754
32755
32757
32760
32763
32766
