1
2
5
9
10
13
18
19
19
20
21
24
27
34
36
38
43
51
53
60
62
63
67
68
68
77
81
85
93
95
96
97
99
101
108
113
122
123
125
128
140
147
149
150
151
151
152
153
155
161
163
166
171
172
185
194
197
199
199
203
203
205
211
221
223
226
226
228
233
234
243
244
244
245
245
248
250
252
253
254
254
263
272
274
276
284
285
285
290
292
292
293
295
299
304
313
313
321
323
326
328
329
329
334
334
335
336
336
337
341
346
356
357
368
369
371
378
380
385
389
390
390
391
395
404
404
415
415
418
426
432
433
433
437
443
445
447
449
450
453
453
458
465
466
466
473
478
480
483
483
485
489
489
490
490
497
499
501
503
509
510
513
514
516
521
523
529
529
533
534
535
537
539
544
544
545
547
549
550
554
559
565
566
570
571
573
573
576
577
581
585
587
588
597
599
600
601
605
608
609
612
618
621
624
625
625
625
638
642
645
646
648
649
649
649
651
653
661
663
671
672
687
688
700
716
719
720
725
727
728
728
730
732
736
740
743
743
750
759
783
790
792
794
804
805
807
809
810
814
815
828
828
829
830
832
833
833
834
834
835
835
837
851
855
858
860
861
866
874
876
877
879
894
894
900
901
911
919
921
921
921
925
939
939
940
942
944
944
947
948
974
979
980
988
988
989
1000
1001
1002
1016
1018
1018
1021
1022
1024
1030
1036
1051
1063
1077
1078
1082
1088
1089
1090
1090
1095
1101
1110
1112
1113
1115
1121
1124
1124
1128
1132
1139
1140
1140
1145
1149
1152
1156
1156
1159
1170
1170
1170
1182
1183
1185
1189
1189
1191
1191
1196
1197
1197
1202
1212
1217
1218
1219
1220
1228
1231
1231
1241
1250
1251
1251
1254
1257
1262
1275
1276
1277
1287
1287
1295
1301
1306
1312
1316
1317
1321
1333
1334
1334
1339
1346
1347
1348
1349
1350
1351
1356
1356
1357
1367
1371
1372
1374
1374
1374
1376
1377
1378
1383
1385
1397
1398
1399
1403
1406
1406
1407
1417
1426
1427
1431
1431
1442
1443
1443
1446
1448
1454
1455
1456
1459
1461
1465
1466
1469
1475
1486
1488
1491
1498
1500
1501
1505
1506
1507
1512
1515
1525
1526
1529
1530
1533
1551
1553
1557
1568
1569
1580
1581
1583
1583
1586
1589
1590
1590
1607
1611
1611
1621
1621
1624
1624
1636
1638
1641
1642
1643
1665
1666
1668
1670
1670
1695
1696
1701
1702
1702
1703
1707
1709
1710
1711
1715
1717
1725
1730
1733
1739
1745
1747
1748
1750
1756
1757
1759
1762
1764
1765
1768
1772
1775
1775
1779
1779
1780
1781
1789
1795
1795
1797
1802
1803
1807
1815
1815
1821
1823
1825
1825
1834
1835
1841
1846
1858
1858
1859
1864
1865
1867
1867
1871
1872
1876
1877
1886
1894
1895
1897
1900
1914
1915
1924
1925
1930
1930
1933
1935
1935
1938
1939
1940
1941
1947
1959
1960
1960
1963
1966
1972
1973
1979
1982
1988
1998
1999
2000
2008
2010
2011
2012
2013
2013
2013
2018
2023
2027
2038
2039
2045
2048
2054
2057
2059
2060
2064
2067
2073
2077
2081
2081
2082
2082
2083
2083
2092
2093
2094
2095
2098
2099
2102
2106
2114
2115
2119
2124
2127
2128
2129
2134
2135
2136
2139
2143
2145
2146
2148
2163
2165
2174
2175
2180
2183
2190
2194
2197
2200
2202
2202
2204
2206
2209
2209
2211
2213
2214
2218
2218
2225
2227
2228
2228
2230
2231
2236
2239
2251
2255
2255
2258
2258
2263
2263
2265
2271
2273
2276
2282
2283
2285
2290
2292
2295
2301
2305
2307
2316
2317
2318
2320
2324
2331
2333
2335
2343
2343
2345
2352
2355
2357
2360
2361
2362
2363
2377
2379
2380
2384
2399
2405
2409
2410
2411
2417
2419
2423
2424
2427
2427
2430
2437
2440
2443
2443
2444
2449
2461
2463
2463
2464
2464
2468
2469
2470
2473
2475
2476
2480
2483
2484
2491
2498
2501
2503
2512
2526
2532
2534
2550
2557
2563
2563
2564
2564
2566
2569
2570
2570
2573
2575
2580
2585
2588
2589
2591
2592
2593
2596
2598
2601
2607
2608
2609
2611
2621
2623
2626
2632
2634
2636
2640
2645
2645
2653
2657
2658
2661
2670
2672
2672
2679
2683
2684
2694
2696
2696
2697
2697
2706
2708
2714
2724
2731
2739
2740
2744
2744
2744
2746
2748
2752
2755
2756
2766
2766
2766
2779
2786
2787
2789
2792
2795
2799
2802
2805
2809
2816
2820
2824
2827
2838
2839
2842
2845
2846
2846
2849
2849
2854
2854
2854
2863
2863
2867
2867
2871
2871
2874
2876
2877
2879
2882
2883
2888
2889
2889
2891
2894
2895
2898
2899
2901
2903
2903
2904
2906
2910
2911
2916
2918
2918
2918
2921
2924
2928
2930
2932
2934
2938
2943
2944
2947
2947
2952
2954
2956
2957
2957
2958
2961
2961
2965
2970
2973
2973
2974
2976
2980
2980
2981
2988
2991
2993
2993
2994
2995
2996
2996
3005
3013
3014
3018
3018
3023
3028
3032
3032
3039
3042
3046
3052
3053
3056
3059
3060
3061
3064
3071
3072
3076
3076
3077
3089
3091
3102
3104
3104
3107
3109
3110
3114
3116
3119
3119
3122
3124
3127
3132
3138
3144
3149
3151
3152
3153
3154
3161
3168
3177
3184
3186
3186
3187
3190
3194
3198
3199
3202
3205
3213
3218
3219
3221
3227
3235
3237
3241
3243
3247
3248
3257
3261
3270
3273
3277
3282
3284
3286
3290
3294
3297
3298
3302
3306
3316
3318
3320
3323
3324
3334
3334
3337
3341
3341
3349
3351
3353
3359
3360
3361
3362
3367
3369
3370
3374
3380
3380
3381
3381
3382
3385
3386
3388
3389
3389
3392
3395
3407
3408
3414
3420
3424
3427
3428
3429
3429
3440
3440
3440
3445
3457
3458
3460
3464
3465
3472
3473
3477
3480
3487
3487
3489
3492
3494
3500
3508
3516
3518
3525
3526
3537
3548
3555
3555
3573
3574
3575
3578
3585
3589
3595
3601
3615
3619
3621
3621
3627
3631
3634
3637
3640
3640
3647
3647
3654
3656
3656
3661
3662
3663
3664
3669
3671
3671
3673
3678
3682
3683
3685
3688
3689
3689
3690
3691
3707
3710
3710
3712
3713
3717
3725
3727
3735
3736
3741
3743
3744
3747
3749
3749
3753
3757
3758
3759
3761
3763
3772
3772
3784
3789
3791
3803
3805
3809
3809
3813
3818
3819
3821
3826
3827
3833
3835
3837
3842
3855
3855
3857
3858
3862
3866
3868
3871
3872
3875
3875
3879
3882
3883
3883
3889
3889
3891
3896
3896
3898
3902
3905
3905
3908
3908
3908
3911
3913
3915
3930
3931
3932
3936
3942
3943
3944
3945
3945
3954
3956
3960
3971
3974
3977
3987
3988
3991
3995
3996
4008
4010
4013
4017
4020
4023
4026
4027
4038
4041
4042
4042
4052
4070
4070
4083
4083
4084
4097
4097
4100
4101
4102
4104
4105
4108
4109
4112
4117
4124
4128
4133
4139
4139
4147
4153
4161
4170
4172
4177
4179
4181
4183
4185
4188
4189
4191
4193
4194
4200
4200
4200
4206
4206
4206
4215
4215
4225
4236
4240
4257
4258
4261
4271
4272
4275
4276
4278
4280
4285
4289
4292
4293
4297
4298
4300
4301
4305
4306
4308
4317
4330
4333
4336
4342
4342
4344
4356
4359
4364
4365
4365
4369
4377
4381
4386
4389
4390
4390
4395
4397
4400
4414
4418
4421
4422
4440
4441
4442
4450
4451
4452
4453
4461
4462
4463
4464
4475
4476
4479
4479
4486
4487
4488
4489
4491
4492
4497
4499
4500
4508
4508
4522
4524
4525
4528
4529
4529
4532
4532
4538
4539
4540
4541
4545
4551
4551
4554
4558
4563
4572
4572
4572
4576
4581
4582
4586
4595
4597
4597
4603
4606
4619
4622
4627
4627
4631
4637
4637
4648
4652
4652
4658
4658
4662
4665
4665
4666
4668
4676
4676
4681
4688
4697
4705
4705
4705
4706
4712
4715
4734
4738
4743
4746
4756
4757
4760
4768
4773
4782
4790
4791
4793
4802
4804
4813
4829
4843
4845
4847
4848
4848
4851
4860
4862
4863
4866
4873
4873
4878
4881
4891
4892
4893
4898
4905
4906
4907
4909
4910
4912
4916
4916
4922
4924
4935
4936
4936
4938
4938
4942
4947
4949
4950
4952
4953
4955
4958
4958
4963
4971
4973
4974
4986
4987
4987
4993
5000
5005
5006
5007
5023
5024
5028
5029
5034
5036
5036
5037
5038
5040
5047
5054
5056
5062
5064
5072
5076
5077
5084
5085
5091
5091
5093
5093
5093
5093
5094
5101
5104
5105
5112
5115
5115
5118
5118
5124
5126
5128
5128
5129
5131
5133
5135
5140
5141
5144
5145
5148
5149
5152
5161
5162
5164
5167
5167
5168
5168
5168
5173
5180
5180
5181
5183
5183
5187
5188
5191
5197
5198
5204
5210
5213
5219
5231
5231
5243
5245
5249
5253
5253
5254
5260
5261
5262
5264
5267
5281
5288
5292
5301
5302
5306
5306
5308
5308
5310
5311
5313
5317
5318
5323
5327
5327
5330
5332
5335
5342
5343
5346
5348
5351
5351
5352
5356
5357
5360
5364
5365
5368
5369
5370
5375
5378
5378
5379
5382
5391
5391
5392
5398
5400
5403
5407
5411
5413
5420
5421
5427
5427
5428
5429
5432
5434
5437
5437
5437
5439
5441
5461
5464
5464
5465
5467
5477
5488
5490
5491
5492
5496
5501
5501
5503
5512
5515
5515
5517
5522
5527
5529
5535
5537
5538
5540
5544
5546
5553
5553
5563
5571
5574
5586
5596
5608
5610
5610
5618
5618
5627
5632
5642
5642
5645
5657
5659
5659
5667
5669
5673
5677
5679
5684
5687
5688
5691
5691
5694
5695
5695
5696
5707
5713
5713
5715
5718
5727
5727
5735
5740
5741
5744
5746
5755
5756
5758
5758
5764
5767
5767
5770
5778
5780
5788
5790
5792
5792
5794
5798
5807
5810
5817
5818
5828
5839
5843
5843
5848
5849
5875
5881
5885
5886
5890
5894
5894
5895
5904
5909
5910
5916
5921
5925
5930
5932
5938
5944
5944
5946
5946
5948
5950
5953
5954
5958
5964
5969
5971
5980
5981
5990
5994
5999
5999
6004
6008
6015
6017
6025
6030
6037
6043
6043
6043
6045
6051
6052
6059
6059
6062
6062
6071
6075
6076
6076
6079
6081
6084
6088
6090
6090
6094
6106
6117
6117
6129
6132
6135
6138
6139
6142
6143
6144
6157
6161
6162
6165
6171
6173
6178
6182
6182
6183
6184
6186
6187
6187
6191
6193
6199
6202
6202
6205
6205
6212
6213
6223
6226
6231
6232
6242
6243
6245
6249
6251
6253
6258
6260
6260
6261
6265
6267
6270
6271
6272
6274
6275
6280
6280
6282
6283
6286
6287
6293
6294
6294
6298
6299
6302
6312
6316
6317
6317
6318
6321
6322
6322
6331
6337
6338
6341
6345
6353
6355
6362
6364
6365
6368
6370
6373
6374
6387
6390
6397
6402
6406
6418
6422
6424
6426
6431
6434
6436
6439
6445
6448
6450
6454
6458
6459
6468
6468
6472
6477
6480
6482
6486
6488
6489
6492
6492
6495
6497
6499
6501
6501
6503
6505
6506
6510
6512
6517
6517
6519
6523
6524
6527
6528
6528
6529
6531
6545
6555
6563
6564
6567
6568
6569
6570
6570
6572
6575
6577
6583
6589
6591
6592
6600
6601
6604
6604
6605
6605
6606
6607
6608
6615
6622
6622
6624
6627
6631
6632
6634
6638
6640
6644
6644
6648
6653
6667
6669
6673
6675
6678
6689
6689
6693
6696
6698
6702
6705
6709
6710
6713
6719
6721
6725
6729
6729
6729
6732
6733
6748
6749
6750
6752
6761
6762
6764
6765
6767
6770
6772
6773
6776
6780
6782
6784
6784
6787
6788
6792
6794
6795
6798
6800
6810
6810
6811
6817
6817
6819
6825
6825
6827
6828
6832
6837
6841
6844
6851
6853
6855
6863
6868
6868
6871
6873
6875
6878
6881
6887
6889
6890
6891
6896
6897
6898
6899
6902
6915
6916
6919
6920
6924
6929
6931
6940
6942
6943
6944
6945
6945
6949
6956
6957
6959
6961
6962
6964
6969
6985
6985
6985
6985
6986
6986
6989
6992
7001
7003
7005
7007
7009
7009
7009
7012
7014
7017
7018
7019
7023
7026
7032
7032
7032
7035
7036
7038
7039
7042
7048
7053
7055
7056
7059
7065
7070
7078
7085
7085
7087
7088
7089
7089
7091
7092
7093
7093
7094
7096
7102
7103
7104
7107
7108
7109
7112
7120
7122
7123
7126
7127
7130
7138
7139
7144
7149
7150
7153
7157
7164
7165
7169
7181
7188
7191
7202
7215
7228
7229
7230
7233
7239
7241
7243
7244
7244
7245
7246
7248
7249
7252
7254
7254
7261
7262
7263
7269
7279
7282
7282
7286
7297
7299
7305
7308
7309
7317
7322
7325
7327
7327
7328
7332
7332
7341
7342
7346
7350
7351
7357
7359
7359
7359
7360
7361
7370
7370
7370
7377
7380
7386
7386
7387
7397
7405
7413
7415
7424
7425
7432
7433
7435
7438
7452
7454
7455
7458
7462
7463
7464
7466
7472
7490
7492
7497
7499
7500
7505
7505
7512
7515
7515
7516
7521
7526
7526
7531
7534
7534
7534
7542
7543
7548
7548
7549
7552
7552
7553
7553
7555
7557
7558
7559
7561
7561
7565
7565
7566
7571
7574
7588
7595
7598
7604
7609
7613
7616
7622
7629
7629
7636
7637
7640
7640
7641
7641
7645
7647
7648
7651
7652
7654
7658
7665
7669
7670
7674
7674
7679
7681
7686
7688
7696
7707
7728
7729
7731
7734
7734
7748
7749
7756
7764
7766
7769
7780
7781
7783
7787
7789
7795
7799
7801
7801
7803
7806
7809
7811
7813
7821
7825
7829
7831
7837
7851
7855
7859
7867
7868
7869
7870
7878
7881
7882
7890
7893
7894
7901
7904
7911
7913
7914
7914
7916
7918
7920
7921
7922
7926
7929
7935
7936
7942
7946
7950
7957
7962
7964
7967
7968
7971
7979
7982
7987
7988
7992
7994
7998
7998
8000
8000
8001
8008
8009
8011
8025
8026
8030
8037
8047
8047
8048
8055
8055
8060
8061
8061
8062
8064
8078
8081
8081
8082
8087
8088
8090
8091
8093
8102
8104
8108
8130
8136
8139
8143
8143
8143
8157
8163
8166
8167
8187
8190
8194
8197
8199
8205
8207
8215
8218
8222
8223
8228
8230
8230
8235
8242
8244
8255
8255
8256
8259
8262
8264
8268
8271
8273
8281
8283
8285
8285
8290
8304
8305
8312
8318
8321
8326
8328
8329
8332
8338
8338
8339
8340
8342
8345
8351
8351
8351
8357
8358
8358
8366
8367
8375
8380
8384
8384
8387
8390
8392
8392
8393
8403
8407
8407
8408
8414
8416
8417
8425
8426
8427
8430
8439
8440
8442
8443
8445
8448
8448
8451
8458
8460
8463
8463
8463
8464
8467
8475
8476
8482
8482
8485
8485
8500
8505
8505
8505
8507
8508
8513
8517
8518
8521
8528
8529
8530
8531
8534
8535
8537
8538
8540
8549
8550
8551
8558
8560
8561
8562
8563
8565
8570
8574
8577
8582
8585
8586
8586
8588
8591
8593
8594
8595
8597
8602
8609
8610
8613
8613
8618
8626
8628
8633
8646
8648
8650
8658
8659
8662
8663
8664
8667
8671
8672
8674
8676
8681
8682
8689
8690
8694
8696
8698
8700
8708
8709
8710
8723
8724
8726
8728
8729
8730
8730
8731
8732
8732
8734
8736
8738
8748
8748
8749
8750
8754
8755
8758
8759
8766
8766
8766
8767
8769
8770
8770
8772
8774
8777
8781
8784
8789
8793
8800
8800
8805
8807
8809
8812
8814
8816
8818
8831
8831
8833
8838
8845
8847
8854
8859
8861
8872
8873
8873
8876
8877
8878
8878
8882
8888
8891
8893
8896
8897
8900
8905
8906
8911
8912
8913
8913
8915
8927
8936
8940
8942
8942
8944
8946
8948
8952
8958
8959
8965
8967
8968
8969
8974
8977
8980
8991
8994
8996
8999
8999
9003
9003
9004
9013
9014
9015
9016
9020
9021
9022
9027
9028
9028
9035
9035
9037
9037
9037
9038
9042
9044
9049
9050
9055
9060
9065
9073
9075
9077
9077
9080
9083
9092
9106
9115
9121
9122
9125
9125
9131
9132
9135
9136
9136
9138
9139
9140
9144
9145
9148
9154
9156
9157
9158
9163
9167
9178
9181
9192
9192
9193
9194
9194
9196
9197
9202
9203
9205
9208
9208
9210
9218
9226
9236
9236
9240
9244
9249
9250
9250
9252
9255
9259
9260
9261
9263
9265
9269
9270
9270
9272
9274
9275
9279
9283
9288
9288
9288
9289
9291
9295
9299
9304
9305
9308
9313
9322
9328
9328
9340
9343
9345
9347
9351
9353
9354
9357
9357
9358
9361
9369
9371
9379
9380
9381
9381
9382
9383
9385
9386
9387
9390
9396
9407
9407
9409
9414
9419
9421
9421
9432
9434
9434
9440
9442
9443
9444
9446
9447
9448
9449
9455
9459
9461
9466
9473
9473
9476
9478
9481
9483
9486
9487
9488
9492
9495
9496
9496
9501
9503
9504
9506
9509
9509
9511
9513
9514
9514
9517
9518
9519
9520
9521
9522
9523
9524
9529
9532
9534
9543
9543
9548
9549
9549
9555
9555
9558
9558
9558
9560
9565
9573
9578
9578
9582
9585
9587
9592
9597
9597
9602
9603
9606
9606
9606
9608
9608
9610
9619
9621
9627
9628
9637
9646
9647
9650
9652
9655
9661
9666
9668
9669
9673
9674
9682
9699
9707
9716
9720
9730
9731
9735
9738
9741
9744
9746
9750
9750
9751
9751
9754
9754
9754
9758
9764
9768
9770
9772
9780
9780
9780
9786
9787
9790
9795
9799
9803
9806
9808
9815
9819
9821
9830
9833
9839
9841
9847
9854
9859
9861
9870
9870
9872
9875
9878
9879
9880
9883
9885
9888
9890
9892
9898
9903
9905
9912
9917
9918
9924
9925
9933
9933
9937
9942
9943
9949
9956
9958
9958
9962
9972
9976
9987
9990
9992
9993
9999
10000
10001
10003
10007
10026
10026
10030
10033
10034
10035
10037
10037
10040
10043
10043
10049
10051
10052
10059
10061
10062
10065
10069
10084
10089
10098
10100
10123
10130
10135
10141
10145
10148
10148
10148
10152
10155
10162
10164
10164
10165
10165
10171
10171
10173
10180
10180
10182
10182
10182
10183
10187
10189
10191
10194
10195
10196
10200
10210
10211
10213
10214
10215
10216
10225
10226
10230
10231
10240
10242
10245
10249
10251
10252
10254
10259
10267
10270
10271
10273
10275
10277
10279
10280
10281
10286
10291
10298
10300
10304
10305
10315
10319
10321
10324
10326
10333
10353
10355
10359
10359
10360
10361
10364
10371
10372
10373
10374
10380
10381
10381
10382
10386
10395
10399
10399
10407
10409
10413
10414
10414
10416
10419
10422
10422
10425
10425
10428
10429
10429
10429
10432
10432
10440
10441
10441
10445
10446
10447
10457
10460
10471
10471
10473
10474
10475
10482
10483
10486
10489
10493
10495
10505
10514
10522
10528
10530
10535
10542
10546
10551
10552
10552
10556
10556
10559
10568
10569
10572
10573
10574
10579
10584
10594
10597
10602
10603
10607
10608
10618
10624
10625
10631
10634
10634
10636
10637
10644
10649
10652
10653
10656
10658
10672
10673
10674
10676
10678
10681
10682
10683
10689
10696
10706
10707
10707
10709
10711
10713
10715
10717
10723
10724
10727
10728
10729
10730
10732
10733
10733
10735
10743
10744
10745
10750
10753
10758
10760
10760
10762
10762
10765
10766
10772
10773
10783
10783
10786
10792
10797
10800
10800
10802
10802
10804
10807
10808
10813
10814
10816
10821
10822
10837
10841
10842
10846
10850
10853
10853
10859
10860
10861
10863
10865
10867
10870
10871
10872
10874
10875
10882
10883
10883
10885
10889
10889
10890
10893
10898
10898
10898
10898
10901
10901
10902
10907
10908
10909
10913
10913
10921
10921
10927
10931
10934
10935
10937
10940
10940
10945
10951
10956
10964
10964
10966
10971
10971
10977
10985
10988
10988
10989
10996
11000
11003
11003
11004
11004
11005
11006
11007
11008
11016
11017
11018
11024
11030
11035
11039
11045
11047
11047
11051
11056
11059
11059
11059
11061
11065
11073
11079
11087
11101
11105
11106
11106
11114
11115
11119
11121
11124
11125
11126
11127
11131
11134
11134
11136
11147
11149
11152
11152
11156
11159
11160
11166
11166
11167
11183
11187
11195
11195
11196
11200
11202
11219
11219
11220
11220
11222
11235
11238
11241
11243
11247
11248
11249
11251
11253
11253
11257
11257
11257
11260
11261
11263
11263
11267
11267
11282
11283
11289
11297
11298
11299
11313
11323
11331
11333
11333
11334
11340
11344
11346
11347
11350
11351
11357
11358
11365
11369
11377
11378
11379
11380
11383
11385
11390
11392
11394
11406
11407
11407
11408
11412
11416
11419
11420
11421
11425
11428
11428
11429
11435
11436
11437
11439
11450
11462
11464
11465
11468
11472
11472
11479
11488
11490
11499
11502
11504
11509
11510
11511
11512
11524
11527
11529
11538
11540
11542
11543
11548
11557
11559
11561
11565
11568
11568
11569
11571
11572
11574
11584
11601
11603
11605
11610
11612
11613
11613
11613
11618
11619
11619
11620
11621
11623
11626
11634
11635
11649
11650
11652
11656
11657
11657
11658
11660
11665
11673
11675
11676
11677
11678
11681
11685
11693
11696
11698
11698
11701
11701
11706
11714
11715
11716
11718
11720
11720
11728
11729
11731
11731
11736
11749
11749
11750
11750
11751
11752
11754
11756
11756
11757
11758
11760
11761
11762
11763
11764
11764
11766
11767
11775
11775
11776
11776
11777
11778
11790
11790
11791
11791
11793
11802
11803
11806
11808
11812
11813
11819
11820
11826
11829
11830
11832
11837
11837
11838
11838
11841
11845
11846
11851
11853
11856
11866
11867
11867
11871
11874
11885
11885
11886
11892
11894
11897
11897
11902
11903
11907
11907
11911
11914
11915
11922
11923
11926
11931
11934
11940
11943
11944
11949
11950
11952
11957
11958
11959
11961
11964
11970
11973
11975
11984
11986
11989
11995
12002
12002
12003
12008
12010
12011
12013
12018
12018
12020
12022
12024
12028
12028
12028
12033
12041
12044
12046
12052
12053
12057
12065
12068
12070
12070
12078
12082
12083
12089
12105
12106
12116
12120
12127
12130
12131
12133
12138
12140
12148
12153
12155
12156
12164
12166
12167
12171
12180
12186
12187
12191
12191
12213
12220
12222
12226
12229
12240
12242
12244
12248
12250
12252
12255
12259
12259
12272
12277
12279
12280
12293
12298
12299
12304
12305
12306
12307
12308
12315
12322
12327
12336
12342
12342
12346
12347
12350
12351
12364
12367
12370
12375
12379
12381
12391
12393
12397
12402
12403
12405
12407
12417
12417
12418
12421
12430
12432
12437
12439
12440
12442
12442
12444
12446
12450
12451
12451
12458
12491
12492
12494
12497
12497
12498
12500
12501
12501
12501
12505
12506
12506
12510
12512
12513
12524
12531
12536
12537
12537
12538
12540
12541
12548
12548
12549
12555
12556
12565
12565
12566
12567
12567
12571
12576
12576
12576
12579
12581
12587
12587
12593
12594
12595
12598
12598
12599
12599
12600
12600
12602
12606
12609
12611
12615
12619
12620
12623
12626
12629
12632
12638
12639
12640
12642
12645
12647
12652
12654
12654
12656
12662
12664
12666
12672
12673
12675
12675
12681
12682
12688
12691
12692
12694
12695
12697
12702
12706
12707
12716
12717
12722
12724
12729
12730
12730
12730
12731
12737
12738
12746
12767
12768
12771
12777
12784
12786
12792
12799
12800
12801
12803
12804
12805
12814
12816
12825
12831
12836
12841
12841
12842
12845
12847
12848
12849
12860
12873
12878
12880
12886
12888
12895
12896
12901
12902
12906
12908
12915
12917
12918
12918
12919
12921
12928
12929
12930
12931
12940
12942
12950
12960
12962
12965
12965
12970
12970
12973
12976
12977
12978
12979
12982
12983
12985
12987
12993
12999
13000
13003
13011
13012
13016
13022
13023
13025
13025
13027
13035
13040
13044
13046
13051
13051
13052
13053
13053
13054
13055
13055
13060
13060
13066
13072
13073
13076
13078
13081
13083
13083
13084
13084
13089
13091
13093
13095
13098
13099
13101
13107
13107
13111
13114
13118
13124
13126
13134
13135
13146
13154
13172
13175
13176
13185
13186
13201
13204
13219
13219
13221
13221
13221
13232
13234
13236
13237
13239
13241
13242
13246
13251
13256
13257
13261
13264
13264
13264
13269
13269
13270
13272
13278
13286
13288
13288
13291
13298
13301
13306
13312
13316
13322
13323
13329
13331
13331
13336
13339
13344
13344
13345
13346
13352
13353
13355
13356
13378
13378
13382
13390
13393
13398
13400
13403
13408
13408
13409
13410
13412
13414
13414
13420
13421
13423
13424
13427
13428
13434
13435
13437
13446
13449
13452
13469
13471
13472
13473
13476
13477
13481
13482
13484
13500
13503
13506
13508
13510
13511
13514
13519
13527
13529
13535
13535
13542
13544
13551
13553
13553
13556
13562
13565
13575
13583
13586
13587
13591
13594
13596
13597
13600
13606
13610
13611
13615
13615
13617
13618
13619
13621
13629
13632
13632
13633
13634
13636
13640
13642
13645
13648
13650
13650
13653
13658
13660
13663
13673
13673
13674
13675
13681
13687
13688
13692
13694
13694
13711
13715
13716
13719
13722
13727
13728
13734
13734
13738
13744
13749
13749
13755
13765
13768
13770
13771
13781
13784
13786
13792
13792
13803
13805
13809
13813
13815
13816
13819
13823
13826
13832
13834
13837
13838
13842
13844
13844
13851
13854
13857
13860
13863
13865
13866
13868
13868
13871
13881
13882
13886
13888
13890
13893
13895
13896
13899
13904
13904
13905
13910
13911
13912
13923
13925
13926
13927
13930
13931
13934
13936
13943
13943
13944
13951
13951
13955
13956
13962
13964
13970
13970
13970
13971
13973
13980
13981
13985
13989
13990
13997
14004
14005
14009
14028
14030
14031
14038
14039
14043
14044
14044
14045
14045
14045
14051
14055
14055
14056
14058
14064
14066
14067
14067
14070
14070
14074
14075
14077
14079
14080
14081
14088
14092
14092
14095
14097
14103
14103
14104
14106
14107
14112
14113
14115
14116
14117
14131
14132
14134
14135
14136
14142
14143
14145
14150
14154
14177
14181
14182
14189
14192
14201
14207
14210
14211
14211
14214
14219
14221
14223
14227
14240
14243
14245
14249
14250
14251
14254
14256
14257
14257
14258
14263
14265
14268
14273
14275
14276
14280
14280
14284
14287
14289
14290
14297
14305
14307
14307
14310
14316
14325
14330
14336
14338
14345
14355
14358
14360
14365
14367
14369
14369
14371
14372
14373
14374
14376
14380
14385
14393
14393
14395
14396
14401
14403
14407
14414
14416
14417
14418
14420
14424
14425
14426
14430
14434
14434
14436
14437
14448
14449
14452
14453
14456
14459
14463
14464
14466
14469
14469
14470
14474
14480
14494
14497
14499
14502
14504
14506
14508
14519
14519
14524
14525
14525
14527
14535
14541
14551
14553
14560
14571
14577
14578
14581
14589
14591
14597
14603
14607
14608
14610
14612
14615
14617
14619
14626
14628
14629
14630
14634
14637
14638
14642
14642
14645
14646
14658
14660
14664
14666
14666
14668
14671
14673
14678
14679
14679
14680
14681
14683
14685
14694
14694
14694
14702
14703
14705
14714
14714
14718
14720
14720
14721
14729
14729
14733
14733
14736
14744
14745
14747
14750
14752
14753
14757
14758
14764
14766
14775
14775
14775
14777
14782
14783
14783
14787
14788
14789
14789
14790
14797
14802
14806
14809
14812
14812
14820
14825
14827
14836
14838
14839
14845
14854
14859
14861
14861
14864
14868
14872
14879
14881
14882
14893
14895
14895
14896
14898
14899
14900
14900
14901
14902
14902
14907
14915
14916
14921
14937
14939
14947
14949
14950
14950
14951
14952
14955
14956
14956
14957
14957
14964
14965
14969
14977
14982
14987
14992
14998
14999
15003
15009
15015
15018
15024
15027
15032
15033
15036
15041
15044
15046
15046
15047
15051
15051
15053
15062
15067
15076
15079
15080
15082
15090
15091
15091
15092
15093
15094
15095
15097
15099
15102
15104
15105
15107
15108
15109
15113
15115
15125
15128
15131
15135
15135
15139
15143
15143
15151
15153
15154
15155
15156
15158
15164
15167
15173
15175
15179
15180
15182
15183
15187
15188
15192
15192
15198
15199
15199
15201
15202
15222
15241
15241
15241
15242
15242
15245
15245
15248
15252
15253
15259
15260
15260
15264
15266
15266
15269
15271
15272
15278
15280
15284
15287
15294
15306
15308
15312
15328
15329
15331
15334
15335
15338
15341
15345
15348
15349
15364
15364
15373
15375
15377
15379
15381
15381
15381
15384
15385
15389
15390
15393
15397
15397
15398
15404
15404
15405
15407
15409
15411
15415
15426
15426
15428
15434
15436
15437
15438
15440
15447
15452
15457
15458
15462
15470
15472
15478
15481
15484
15485
15488
15488
15491
15492
15495
15497
15509
15513
15514
15520
15520
15523
15523
15524
15524
15529
15531
15533
15534
15543
15543
15554
15558
15560
15564
15566
15566
15571
15575
15576
15584
15584
15602
15610
15613
15635
15640
15649
15653
15653
15660
15669
15670
15673
15680
15681
15683
15684
15684
15685
15686
15687
15688
15691
15694
15696
15699
15707
15709
15713
15713
15719
15726
15727
15732
15736
15736
15737
15737
15745
15748
15749
15754
15755
15760
15765
15772
15780
15782
15784
15789
15792
15792
15793
15795
15797
15801
15807
15808
15810
15810
15811
15811
15814
15818
15820
15821
15827
15831
15832
15832
15833
15833
15835
15836
15838
15844
15846
15849
15850
15854
15855
15859
15860
15863
15863
15873
15878
15881
15884
15886
15892
15892
15896
15901
15904
15905
15907
15908
15912
15912
15918
15930
15939
15944
15948
15952
15952
15957
15959
15967
15970
15971
15973
15974
15976
15976
15981
15984
15985
15990
15992
15995
15998
16003
16003
16005
16006
16006
16007
16007
16009
16012
16016
16018
16019
16021
16023
16026
16031
16032
16039
16039
16046
16050
16053
16056
16058
16060
16067
16068
16070
16073
16085
16091
16093
16098
16098
16098
16108
16110
16116
16123
16126
16131
16133
16137
16137
16138
16139
16140
16144
16150
16153
16155
16156
16157
16176
16177
16179
16180
16185
16186
16187
16189
16192
16192
16194
16200
16200
16201
16202
16203
16204
16206
16212
16212
16213
16215
16242
16254
16255
16258
16261
16261
16263
16264
16265
16272
16274
16276
16276
16277
16279
16282
16282
16284
16284
16286
16292
16296
16297
16297
16304
16305
16306
16309
16314
16320
16320
16327
16329
16329
16331
16333
16335
16337
16342
16347
16354
16355
16365
16370
16371
16377
16379
16383
16384
16386
16388
16394
16405
16408
16408
16410
16412
16419
16419
16425
16427
16430
16436
16437
16438
16443
16444
16446
16448
16449
16452
16452
16454
16457
16465
16479
16484
16486
16491
16496
16498
16503
16503
16504
16508
16511
16511
16519
16523
16524
16531
16534
16537
16537
16541
16543
16549
16551
16553
16553
16563
16563
16565
16565
16567
16568
16570
16570
16572
16575
16581
16586
16587
16588
16589
16592
16600
16604
16609
16612
16615
16615
16619
16622
16625
16628
16634
16639
16639
16643
16646
16650
16651
16662
16662
16672
16674
16676
16680
16680
16683
16689
16690
16694
16701
16703
16704
16717
16719
16723
16725
16728
16730
16737
16737
16738
16743
16746
16748
16751
16754
16757
16758
16759
16766
16766
16768
16772
16777
16777
16778
16779
16782
16791
16797
16801
16808
16809
16810
16813
16814
16815
16817
16817
16818
16826
16828
16831
16835
16841
16846
16848
16856
16858
16862
16874
16875
16879
16882
16883
16885
16888
16890
16891
16897
16899
16901
16904
16911
16911
16924
16927
16941
16941
16943
16946
16960
16977
16979
16986
16995
16995
16996
16996
16999
17001
17018
17022
17024
17029
17031
17033
17034
17034
17036
17036
17039
17046
17055
17056
17059
17060
17063
17072
17074
17074
17085
17088
17090
17095
17099
17105
17110
17110
17115
17119
17120
17123
17130
17136
17137
17143
17148
17152
17163
17177
17179
17183
17185
17187
17189
17199
17204
17214
17227
17229
17231
17233
17234
17238
17238
17239
17242
17245
17246
17250
17251
17260
17260
17263
17263
17263
17265
17268
17285
17289
17292
17296
17298
17298
17299
17302
17305
17309
17309
17312
17316
17317
17322
17323
17323
17323
17325
17331
17340
17341
17342
17351
17357
17360
17363
17368
17372
17373
17374
17375
17379
17381
17385
17386
17401
17401
17404
17404
17405
17407
17409
17410
17411
17425
17425
17434
17442
17444
17445
17450
17451
17455
17455
17466
17473
17475
17485
17487
17493
17496
17499
17503
17504
17509
17520
17521
17522
17523
17525
17540
17541
17548
17555
17555
17556
17559
17561
17562
17567
17569
17572
17573
17576
17581
17583
17587
17593
17595
17595
17610
17614
17627
17630
17631
17635
17637
17641
17641
17647
17652
17654
17658
17665
17674
17676
17679
17682
17689
17689
17692
17699
17700
17701
17710
17710
17712
17717
17718
17723
17726
17728
17735
17738
17744
17746
17749
17751
17752
17755
17763
17767
17781
17783
17785
17787
17788
17788
17794
17795
17796
17797
17798
17813
17819
17824
17826
17828
17834
17834
17840
17841
17843
17844
17849
17853
17857
17858
17859
17862
17862
17865
17866
17870
17874
17875
17875
17878
17881
17897
17899
17906
17907
17912
17912
17912
17915
17924
17928
17928
17931
17932
17932
17933
17935
17937
17940
17940
17945
17946
17947
17951
17953
17953
17955
17956
17963
17964
17967
17969
17971
17975
17980
17981
17990
17991
17992
17992
17993
17993
17995
17996
17996
18000
18006
18010
18010
18012
18012
18014
18020
18024
18028
18030
18031
18033
18036
18040
18040
18046
18047
18050
18050
18050
18052
18054
18056
18057
18062
18063
18065
18068
18079
18079
18086
18090
18099
18107
18110
18112
18114
18118
18124
18129
18134
18138
18141
18143
18144
18146
18153
18154
18164
18166
18168
18169
18171
18173
18176
18177
18180
18181
18184
18185
18188
18191
18194
18195
18195
18200
18202
18207
18211
18216
18222
18223
18225
18227
18234
18241
18241
18246
18251
18257
18266
18267
18268
18271
18274
18276
18276
18285
18299
18302
18306
18308
18309
18315
18317
18319
18320
18324
18327
18336
18341
18341
18342
18342
18342
18345
18347
18349
18356
18356
18358
18361
18365
18366
18369
18383
18388
18389
18389
18397
18398
18406
18406
18409
18411
18415
18416
18418
18419
18421
18423
18424
18425
18427
18429
18430
18433
18433
18439
18441
18443
18443
18445
18450
18458
18462
18467
18482
18486
18487
18488
18489
18489
18496
18496
18502
18507
18508
18508
18510
18515
18520
18529
18531
18534
18537
18538
18539
18546
18547
18549
18551
18553
18554
18556
18557
18557
18560
18560
18561
18563
18567
18567
18574
18579
18581
18587
18594
18595
18596
18596
18600
18600
18601
18603
18604
18609
18610
18614
18618
18619
18620
18626
18628
18631
18632
18633
18633
18636
18638
18645
18653
18657
18658
18659
18661
18661
18667
18672
18674
18678
18681
18682
18686
18688
18692
18693
18697
18698
18699
18699
18700
18701
18704
18706
18707
18707
18708
18713
18717
18732
18733
18734
18734
18736
18738
18740
18746
18748
18749
18749
18751
18753
18757
18759
18760
18764
18764
18776
18777
18787
18807
18815
18821
18828
18835
18838
18840
18841
18845
18846
18846
18854
18855
18856
18857
18860
18864
18866
18868
18875
18878
18880
18889
18892
18893
18893
18895
18897
18899
18899
18906
18909
18917
18919
18920
18932
18934
18935
18935
18937
18942
18946
18952
18955
18957
18962
18966
18967
18972
18973
18974
18982
18983
18988
18998
19001
19003
19005
19019
19020
19030
19032
19035
19036
19037
19046
19049
19056
19058
19058
19059
19073
19077
19077
19082
19086
19088
19090
19090
19091
19091
19094
19095
19095
19096
19096
19097
19101
19110
19112
19112
19116
19118
19119
19128
19128
19128
19137
19138
19140
19143
19148
19155
19155
19160
19164
19168
19168
19172
19174
19184
19185
19187
19193
19208
19218
19220
19230
19239
19246
19248
19248
19253
19258
19263
19267
19269
19270
19271
19288
19289
19292
19292
19292
19294
19297
19299
19303
19304
19306
19307
19313
19315
19316
19316
19318
19320
19320
19327
19329
19330
19330
19331
19337
19339
19341
19342
19346
19361
19362
19363
19366
19368
19379
19384
19385
19388
19390
19392
19413
19416
19431
19434
19434
19437
19441
19443
19445
19449
19452
19454
19457
19458
19458
19461
19462
19463
19465
19465
19466
19471
19473
19476
19476
19478
19478
19479
19481
19488
19488
19492
19495
19495
19500
19504
19505
19508
19518
19518
19521
19521
19526
19534
19536
19537
19541
19548
19549
19567
19583
19586
19597
19598
19606
19607
19607
19609
19611
19612
19614
19615
19617
19619
19621
19624
19626
19627
19629
19629
19632
19636
19637
19640
19640
19640
19644
19645
19649
19649
19654
19662
19666
19670
19673
19673
19679
19684
19686
19693
19694
19695
19696
19706
19708
19710
19712
19713
19714
19731
19732
19733
19733
19736
19738
19739
19741
19741
19748
19754
19754
19754
19759
19760
19762
19764
19768
19772
19774
19777
19781
19783
19785
19787
19789
19790
19803
19803
19805
19805
19806
19806
19812
19817
19821
19821
19824
19830
19831
19831
19831
19835
19837
19838
19841
19841
19841
19845
19848
19864
19866
19867
19874
19882
19884
19887
19890
19897
19897
19897
19899
19904
19907
19909
19915
19916
19917
19920
19921
19923
19927
19930
19930
19933
19938
19940
19941
19945
19960
19964
19969
19972
19976
19982
19984
19985
19987
19990
19992
19999
20016
20017
20025
20026
20028
20030
20032
20035
20038
20040
20043
20044
20049
20054
20054
20054
20058
20060
20061
20065
20082
20085
20085
20085
20086
20090
20091
20092
20097
20097
20102
20102
20104
20106
20107
20108
20114
20114
20118
20120
20124
20131
20149
20149
20152
20156
20162
20163
20163
20173
20180
20183
20185
20187
20193
20203
20207
20208
20212
20212
20214
20215
20228
20232
20236
20236
20238
20239
20248
20252
20254
20259
20259
20262
20264
20272
20274
20281
20286
20288
20288
20292
20298
20304
20306
20308
20311
20312
20313
20313
20318
20318
20318
20324
20325
20329
20329
20329
20330
20331
20340
20341
20342
20346
20347
20352
20354
20355
20359
20359
20361
20364
20365
20365
20369
20375
20379
20382
20383
20383
20384
20384
20400
20405
20406
20406
20407
20413
20417
20417
20418
20436
20437
20438
20441
20442
20450
20451
20458
20463
20465
20467
20467
20471
20473
20474
20476
20476
20489
20490
20498
20499
20500
20504
20507
20509
20510
20511
20519
20521
20525
20528
20528
20530
20532
20546
20568
20570
20574
20575
20584
20585
20594
20610
20611
20612
20623
20624
20629
20633
20634
20634
20635
20636
20637
20647
20652
20655
20656
20656
20658
20658
20660
20661
20664
20668
20675
20681
20686
20687
20696
20702
20704
20705
20709
20710
20710
20712
20720
20730
20730
20731
20741
20745
20748
20748
20753
20761
20761
20768
20769
20772
20780
20781
20790
20790
20792
20794
20800
20810
20815
20820
20836
20836
20839
20849
20866
20867
20870
20872
20873
20887
20888
20896
20897
20900
20901
20904
20916
20918
20919
20935
20938
20943
20944
20950
20955
20956
20957
20958
20966
20967
20968
20968
20969
20976
20979
20980
20985
20988
20989
20993
20997
21003
21017
21020
21022
21023
21024
21026
21028
21029
21034
21035
21044
21044
21045
21046
21056
21058
21059
21060
21066
21079
21080
21080
21084
21087
21088
21088
21092
21094
21095
21098
21099
21107
21110
21116
21121
21122
21124
21125
21128
21129
21129
21132
21134
21138
21139
21141
21142
21164
21165
21168
21169
21170
21171
21173
21175
21176
21177
21180
21181
21183
21184
21184
21185
21186
21190
21193
21196
21197
21204
21210
21212
21219
21220
21220
21222
21225
21230
21232
21237
21241
21247
21247
21249
21252
21256
21256
21256
21260
21264
21266
21269
21270
21270
21271
21275
21278
21285
21289
21292
21292
21297
21313
21318
21326
21331
21334
21334
21337
21338
21341
21341
21347
21355
21357
21358
21359
21361
21361
21362
21372
21373
21374
21375
21377
21379
21380
21383
21385
21387
21391
21392
21395
21396
21396
21397
21397
21398
21400
21403
21404
21408
21408
21408
21415
21418
21419
21420
21420
21422
21425
21430
21433
21439
21440
21441
21449
21454
21457
21461
21464
21468
21469
21470
21470
21471
21482
21484
21487
21488
21491
21493
21496
21498
21505
21507
21508
21511
21511
21517
21522
21523
21526
21527
21536
21536
21541
21557
21557
21557
21559
21563
21566
21570
21571
21572
21579
21583
21595
21596
21597
21601
21602
21604
21606
21611
21612
21612
21613
21615
21617
21620
21621
21624
21639
21651
21651
21657
21662
21662
21662
21664
21670
21672
21677
21677
21681
21683
21683
21686
21687
21689
21690
21692
21695
21697
21698
21698
21699
21699
21701
21706
21707
21710
21711
21711
21712
21718
21722
21724
21728
21739
21740
21742
21751
21758
21759
21763
21765
21766
21771
21772
21778
21786
21790
21791
21794
21799
21800
21804
21806
21815
21815
21818
21819
21820
21820
21824
21826
21829
21833
21834
21835
21839
21839
21845
21850
21851
21855
21856
21867
21870
21870
21870
21871
21876
21877
21878
21882
21883
21884
21892
21896
21897
21898
21899
21899
21901
21905
21907
21910
21911
21916
21924
21928
21930
21934
21934
21937
21941
21944
21947
21963
21969
21970
21972
21974
21979
21982
21984
21987
21987
21996
22000
22001
22007
22010
22012
22017
22022
22025
22027
22027
22030
22030
22031
22032
22034
22036
22037
22041
22044
22048
22048
22050
22053
22056
22056
22058
22062
22075
22078
22079
22080
22082
22083
22087
22093
22093
22099
22104
22108
22112
22113
22122
22123
22123
22124
22126
22128
22132
22134
22151
22152
22157
22157
22159
22160
22167
22168
22169
22170
22178
22180
22181
22181
22187
22189
22189
22192
22193
22199
22200
22201
22202
22207
22214
22221
22223
22227
22233
22238
22239
22241
22243
22246
22258
22263
22266
22279
22280
22280
22283
22293
22294
22298
22301
22305
22307
22312
22315
22317
22318
22319
22334
22339
22340
22342
22344
22346
22359
22361
22364
22368
22371
22378
22378
22382
22383
22385
22389
22395
22400
22402
22408
22408
22408
22409
22414
22414
22414
22426
22428
22443
22443
22445
22446
22450
22451
22456
22456
22456
22465
22466
22473
22477
22478
22479
22479
22481
22484
22484
22486
22492
22496
22497
22498
22506
22508
22514
22515
22522
22523
22525
22532
22537
22543
22543
22551
22553
22554
22561
22563
22565
22566
22566
22568
22568
22569
22571
22578
22578
22583
22583
22584
22587
22589
22590
22592
22595
22596
22600
22602
22603
22605
22608
22616
22620
22620
22620
22623
22625
22627
22628
22636
22643
22644
22646
22648
22654
22663
22666
22672
22683
22683
22686
22688
22690
22695
22695
22698
22699
22707
22713
22716
22716
22719
22726
22731
22732
22732
22737
22738
22738
22739
22743
22745
22746
22749
22751
22767
22768
22783
22793
22795
22802
22805
22812
22813
22814
22816
22820
22822
22824
22826
22829
22835
22838
22838
22840
22840
22841
22846
22850
22855
22856
22856
22865
22866
22867
22868
22868
22870
22871
22874
22875
22875
22880
22885
22885
22886
22888
22888
22891
22897
22901
22902
22904
22905
22906
22907
22909
22912
22914
22914
22917
22917
22923
22927
22930
22932
22934
22935
22936
22940
22943
22946
22949
22950
22951
22951
22951
22954
22955
22956
22956
22961
22969
22970
22972
22974
22974
22975
22975
22976
22977
22977
22983
22987
22990
22995
22996
22997
22999
23004
23010
23013
23016
23022
23024
23026
23028
23028
23029
23030
23030
23030
23031
23034
23037
23037
23038
23041
23044
23044
23045
23050
23053
23060
23062
23064
23066
23069
23073
23084
23086
23086
23094
23107
23107
23114
23127
23127
23133
23134
23135
23136
23139
23144
23148
23156
23157
23164
23165
23169
23171
23179
23180
23183
23194
23200
23208
23209
23210
23210
23214
23216
23218
23218
23220
23222
23223
23235
23238
23240
23242
23246
23246
23249
23249
23253
23260
23267
23268
23275
23276
23277
23279
23280
23280
23284
23295
23301
23301
23303
23306
23315
23316
23317
23318
23327
23327
23333
23340
23344
23344
23345
23347
23358
23362
23363
23367
23369
23373
23376
23378
23381
23386
23389
23389
23392
23397
23407
23414
23417
23418
23418
23423
23427
23430
23438
23443
23444
23444
23454
23457
23461
23465
23469
23469
23471
23473
23474
23477
23484
23487
23489
23491
23503
23509
23510
23515
23516
23519
23522
23525
23530
23539
23547
23550
23553
23555
23563
23567
23571
23571
23572
23574
23575
23575
23593
23595
23595
23595
23599
23601
23602
23605
23606
23607
23609
23610
23612
23613
23618
23621
23626
23638
23640
23643
23645
23648
23652
23652
23665
23671
23674
23677
23680
23697
23700
23700
23704
23706
23709
23710
23718
23719
23726
23727
23733
23739
23741
23742
23743
23744
23749
23751
23758
23763
23768
23770
23772
23778
23782
23785
23785
23788
23789
23791
23795
23798
23798
23799
23802
23802
23803
23810
23811
23817
23829
23830
23832
23833
23833
23835
23836
23842
23846
23846
23847
23848
23848
23851
23855
23860
23863
23867
23869
23873
23873
23877
23883
23884
23889
23891
23899
23899
23903
23903
23904
23910
23914
23914
23919
23921
23925
23927
23929
23931
23931
23932
23933
23933
23934
23937
23938
23942
23944
23946
23951
23952
23954
23956
23962
23963
23964
23964
23969
23971
23976
23978
23986
23986
23988
23997
23998
24002
24010
24012
24014
24017
24018
24022
24023
24024
24024
24029
24034
24035
24036
24039
24040
24041
24041
24048
24050
24051
24059
24062
24068
24070
24070
24077
24077
24079
24086
24087
24100
24102
24103
24112
24112
24116
24117
24117
24118
24122
24126
24127
24131
24133
24133
24149
24153
24154
24154
24156
24159
24160
24173
24174
24174
24176
24178
24183
24187
24187
24190
24191
24193
24197
24199
24200
24208
24215
24216
24217
24219
24220
24221
24227
24227
24237
24242
24246
24246
24247
24254
24255
24256
24257
24263
24265
24266
24268
24269
24271
24271
24277
24278
24281
24284
24289
24299
24311
24312
24315
24316
24319
24325
24325
24333
24335
24335
24343
24346
24348
24351
24351
24353
24357
24361
24364
24366
24367
24369
24370
24373
24387
24388
24391
24394
24395
24398
24398
24400
24402
24402
24403
24404
24404
24405
24408
24411
24411
24416
24418
24420
24420
24423
24428
24432
24433
24433
24435
24444
24448
24451
24451
24454
24461
24465
24468
24473
24473
24475
24476
24479
24481
24484
24487
24487
24490
24492
24498
24503
24508
24522
24535
24536
24537
24539
24540
24549
24551
24556
24557
24559
24561
24564
24570
24574
24574
24580
24586
24595
24598
24599
24603
24603
24604
24606
24607
24613
24616
24617
24617
24620
24621
24625
24639
24640
24641
24641
24644
24646
24646
24647
24649
24652
24660
24660
24661
24670
24672
24676
24679
24679
24680
24681
24684
24689
24695
24707
24711
24711
24714
24719
24719
24720
24724
24734
24739
24741
24743
24755
24759
24761
24762
24764
24765
24769
24770
24773
24775
24778
24779
24786
24794
24796
24800
24804
24810
24812
24822
24823
24823
24826
24840
24841
24841
24842
24845
24846
24846
24847
24849
24854
24857
24857
24858
24859
24864
24867
24874
24877
24881
24887
24887
24896
24900
24902
24917
24919
24925
24926
24930
24939
24943
24943
24947
24948
24951
24955
24957
24960
24960
24968
24968
24969
24971
24978
24979
24981
24982
24991
24994
24999
25003
25005
25005
25005
25013
25018
25019
25021
25023
25026
25029
25030
25041
25042
25046
25046
25047
25047
25052
25055
25059
25060
25067
25072
25077
25077
25081
25082
25083
25084
25085
25093
25096
25096
25098
25100
25102
25105
25106
25108
25109
25111
25118
25119
25137
25142
25146
25147
25155
25158
25158
25160
25176
25176
25178
25181
25188
25190
25192
25194
25206
25209
25211
25212
25216
25216
25217
25230
25232
25233
25233
25239
25240
25246
25247
25248
25250
25251
25254
25256
25260
25262
25263
25269
25271
25272
25273
25274
25276
25277
25278
25280
25281
25284
25296
25303
25306
25307
25309
25315
25320
25321
25327
25340
25342
25343
25346
25347
25349
25349
25353
25360
25364
25372
25373
25383
25384
25390
25390
25393
25398
25399
25399
25401
25402
25403
25415
25417
25419
25425
25427
25429
25430
25433
25433
25434
25434
25436
25454
25454
25456
25457
25464
25467
25468
25469
25469
25471
25475
25481
25482
25483
25484
25491
25493
25494
25501
25502
25504
25507
25509
25510
25514
25521
25525
25526
25527
25529
25538
25539
25541
25541
25549
25551
25552
25555
25556
25559
25564
25571
25572
25577
25578
25579
25581
25584
25591
25595
25597
25599
25600
25602
25602
25605
25609
25610
25616
25618
25620
25624
25627
25632
25634
25637
25642
25645
25647
25649
25650
25650
25650
25651
25655
25656
25661
25663
25664
25664
25671
25676
25677
25677
25685
25691
25694
25695
25698
25701
25702
25710
25714
25715
25715
25721
25721
25722
25724
25726
25727
25728
25729
25734
25735
25740
25740
25743
25744
25746
25748
25763
25773
25775
25776
25778
25781
25789
25790
25796
25796
25797
25798
25802
25804
25807
25810
25817
25822
25823
25826
25830
25833
25837
25842
25842
25848
25848
25849
25852
25859
25860
25861
25862
25872
25872
25873
25879
25880
25887
25893
25896
25902
25903
25914
25921
25922
25927
25931
25931
25934
25934
25937
25940
25943
25945
25947
25947
25961
25964
25965
25966
25966
25970
25977
25979
25983
25984
25984
25984
25985
25989
25993
25994
25995
25996
26003
26005
26013
26015
26016
26030
26031
26035
26039
26042
26043
26049
26051
26056
26074
26075
26076
26081
26084
26084
26087
26087
26089
26094
26094
26094
26103
26103
26104
26112
26113
26115
26119
26129
26129
26133
26134
26137
26142
26150
26153
26154
26157
26157
26158
26163
26168
26170
26172
26176
26183
26185
26188
26189
26198
26204
26218
26221
26225
26229
26230
26230
26230
26231
26232
26235
26237
26239
26246
26255
26256
26263
26265
26268
26274
26279
26279
26280
26280
26281
26285
26285
26288
26289
26290
26291
26292
26292
26297
26298
26305
26311
26311
26314
26317
26318
26319
26325
26326
26330
26330
26330
26340
26341
26343
26345
26352
26358
26362
26369
26371
26372
26374
26374
26376
26382
26383
26388
26391
26391
26394
26397
26399
26405
26414
26415
26416
26417
26423
26423
26425
26427
26437
26440
26444
26444
26444
26445
26445
26446
26452
26452
26453
26457
26459
26461
26462
26465
26470
26474
26483
26486
26494
26497
26500
26506
26508
26510
26515
26519
26520
26526
26537
26539
26539
26540
26548
26550
26550
26558
26564
26568
26576
26578
26593
26593
26596
26597
26599
26607
26612
26612
26615
26620
26620
26633
26641
26651
26652
26654
26654
26656
26658
26662
26665
26666
26668
26672
26674
26674
26680
26683
26684
26687
26691
26694
26697
26701
26702
26705
26712
26715
26718
26721
26721
26723
26725
26725
26727
26728
26740
26746
26747
26748
26748
26753
26754
26758
26759
26760
26763
26764
26765
26771
26771
26781
26787
26791
26793
26793
26793
26801
26803
26804
26805
26813
26814
26818
26823
26829
26830
26830
26831
26832
26836
26840
26841
26842
26850
26851
26855
26858
26859
26861
26863
26866
26868
26869
26869
26870
26873
26873
26875
26876
26877
26881
26881
26884
26884
26894
26897
26908
26914
26915
26919
26925
26925
26927
26928
26929
26934
26934
26940
26942
26943
26943
26943
26944
26950
26950
26954
26956
26963
26966
26967
26967
26969
26970
26976
26976
26979
26984
26986
26997
26999
27000
27005
27007
27019
27021
27022
27026
27037
27039
27041
27043
27046
27051
27053
27055
27055
27057
27058
27058
27059
27064
27064
27064
27076
27081
27081
27084
27084
27085
27088
27092
27092
27100
27102
27120
27121
27124
27126
27139
27144
27147
27148
27149
27150
27154
27157
27158
27158
27160
27163
27165
27168
27170
27175
27176
27179
27179
27180
27183
27185
27194
27195
27195
27196
27198
27199
27202
27204
27205
27210
27211
27213
27213
27217
27218
27219
27223
27223
27226
27227
27228
27235
27239
27241
27242
27243
27249
27249
27254
27254
27269
27275
27276
27279
27282
27293
27295
27295
27302
27313
27313
27322
27336
27342
27342
27345
27349
27356
27360
27362
27363
27365
27368
27371
27371
27380
27394
27395
27395
27398
27402
27408
27408
27412
27412
27416
27416
27417
27418
27418
27421
27423
27426
27426
27429
27433
27433
27434
27434
27438
27440
27447
27449
27451
27452
27454
27456
27462
27463
27468
27473
27474
27478
27479
27483
27485
27486
27492
27495
27498
27502
27507
27514
27517
27517
27520
27523
27527
27528
27528
27531
27535
27536
27539
27542
27543
27549
27549
27549
27551
27560
27561
27564
27564
27568
27569
27570
27570
27574
27576
27576
27577
27577
27580
27583
27584
27585
27585
27591
27592
27596
27599
27599
27600
27600
27605
27609
27609
27614
27618
27623
27624
27626
27630
27633
27635
27635
27640
27656
27665
27665
27665
27674
27685
27685
27691
27693
27695
27701
27705
27705
27708
27716
27717
27719
27720
27722
27722
27723
27724
27727
27731
27748
27751
27752
27752
27752
27752
27755
27760
27761
27762
27767
27768
27774
27779
27782
27783
27794
27797
27801
27804
27809
27811
27813
27815
27816
27817
27822
27824
27828
27830
27831
27832
27840
27847
27847
27855
27856
27860
27861
27863
27864
27867
27868
27869
27873
27874
27878
27879
27880
27882
27885
27892
27893
27893
27894
27897
27899
27904
27907
27908
27908
27908
27910
27918
27926
27927
27932
27933
27937
27938
27941
27944
27946
27946
27947
27948
27949
27952
27954
27955
27957
27969
27969
27972
27973
27973
27975
27976
27978
27982
27986
27989
27994
27995
27996
27999
28000
28000
28002
28004
28005
28005
28009
28010
28010
28012
28015
28020
28024
28026
28027
28031
28033
28037
28046
28048
28051
28057
28064
28064
28067
28069
28070
28070
28072
28075
28077
28079
28094
28114
28117
28119
28119
28119
28122
28124
28125
28129
28131
28133
28145
28150
28158
28161
28161
28176
28182
28183
28186
28189
28196
28204
28208
28208
28212
28214
28214
28214
28216
28219
28222
28226
28226
28228
28228
28229
28236
28237
28238
28240
28244
28245
28247
28248
28248
28252
28268
28276
28278
28282
28284
28288
28291
28291
28297
28297
28298
28301
28302
28310
28310
28312
28315
28319
28320
28321
28323
28329
28330
28334
28335
28339
28342
28345
28348
28356
28357
28357
28360
28369
28372
28372
28374
28375
28378
28382
28383
28391
28393
28394
28394
28395
28395
28397
28403
28403
28405
28408
28416
28420
28421
28421
28423
28426
28426
28428
28430
28437
28439
28441
28442
28445
28448
28450
28452
28457
28458
28460
28461
28461
28467
28471
28477
28477
28477
28480
28481
28481
28482
28483
28483
28484
28489
28495
28497
28498
28499
28499
28505
28510
28516
28516
28516
28522
28525
28530
28534
28537
28537
28540
28549
28549
28551
28551
28551
28558
28562
28569
28571
28576
28585
28586
28587
28599
28601
28601
28602
28602
28604
28608
28617
28619
28622
28627
28628
28632
28632
28642
28643
28644
28645
28648
28650
28652
28652
28655
28659
28661
28664
28667
28667
28667
28668
28671
28673
28679
28683
28688
28692
28701
28702
28705
28707
28710
28714
28719
28722
28726
28729
28731
28735
28737
28746
28753
28755
28755
28755
28759
28760
28761
28766
28770
28771
28774
28775
28790
28792
28792
28794
28801
28804
28807
28808
28809
28809
28811
28813
28814
28815
28816
28817
28822
28826
28831
28833
28837
28839
28845
28853
28855
28861
28862
28872
28877
28880
28883
28887
28891
28897
28905
28910
28910
28912
28913
28913
28917
28922
28927
28929
28929
28938
28939
28942
28942
28945
28946
28947
28949
28952
28953
28954
28956
28957
28964
28967
28969
28970
28970
28971
28976
28978
28980
28997
28999
29008
29009
29010
29010
29015
29017
29029
29030
29038
29048
29049
29054
29055
29062
29067
29067
29067
29069
29076
29077
29083
29086
29088
29091
29098
29099
29101
29101
29105
29115
29115
29116
29117
29118
29120
29123
29125
29126
29128
29128
29131
29134
29135
29139
29147
29151
29159
29160
29161
29163
29164
29164
29164
29168
29169
29176
29178
29179
29180
29185
29187
29198
29201
29203
29207
29210
29215
29216
29217
29219
29226
29229
29232
29249
29252
29263
29268
29274
29275
29278
29278
29285
29290
29293
29306
29306
29307
29308
29311
29312
29318
29332
29335
29338
29349
29358
29358
29361
29362
29363
29365
29376
29377
29384
29394
29396
29396
29398
29400
29401
29404
29405
29409
29410
29411
29417
29417
29428
29442
29445
29447
29447
29448
29449
29450
29451
29456
29457
29458
29462
29465
29466
29469
29482
29482
29482
29487
29499
29503
29503
29504
29505
29507
29510
29513
29513
29513
29514
29518
29518
29521
29524
29527
29527
29532
29533
29544
29548
29550
29566
29574
29580
29582
29589
29593
29602
29605
29605
29606
29612
29616
29617
29618
29625
29628
29629
29642
29643
29647
29648
29652
29654
29656
29657
29657
29657
29659
29667
29675
29677
29679
29680
29680
29689
29689
29692
29692
29693
29694
29695
29698
29700
29701
29702
29707
29713
29721
29725
29729
29730
29734
29736
29739
29740
29741
29754
29759
29761
29772
29780
29781
29786
29788
29791
29791
29792
29799
29800
29803
29803
29814
29817
29817
29819
29821
29822
29827
29829
29829
29832
29837
29837
29838
29842
29846
29850
29852
29855
29856
29858
29859
29859
29861
29863
29864
29865
29865
29867
29868
29869
29872
29874
29874
29879
29879
29883
29885
29887
29892
29896
29898
29900
29900
29903
29904
29906
29913
29915
29922
29928
29930
29932
29944
29946
29946
29949
29950
29950
29959
29960
29966
29968
29969
29978
29978
29985
29990
29991
29997
29997
29999
30000
30003
30011
30011
30015
30020
30021
30025
30026
30032
30048
30050
30051
30052
30057
30057
30058
30059
30061
30066
30068
30068
30069
30069
30072
30072
30075
30078
30078
30081
30081
30082
30084
30092
30094
30095
30096
30096
30097
30098
30108
30109
30110
30118
30118
30126
30136
30142
30145
30146
30148
30148
30150
30159
30161
30173
30176
30187
30196
30197
30200
30204
30207
30207
30207
30208
30209
30213
30216
30218
30218
30221
30222
30222
30222
30224
30227
30235
30236
30236
30237
30243
30243
30244
30247
30249
30254
30258
30261
30266
30267
30267
30270
30270
30270
30271
30274
30276
30277
30279
30291
30293
30295
30295
30296
30297
30298
30299
30300
30300
30302
30304
30305
30306
30307
30307
30315
30316
30316
30317
30321
30321
30322
30327
30334
30335
30335
30337
30342
30344
30344
30354
30359
30372
30373
30375
30379
30385
30386
30392
30396
30399
30406
30412
30412
30422
30426
30426
30426
30430
30432
30434
30434
30439
30445
30452
30456
30457
30458
30469
30472
30475
30479
30479
30493
30496
30498
30500
30503
30503
30503
30504
30505
30508
30509
30510
30519
30520
30522
30531
30546
30547
30547
30549
30560
30565
30569
30572
30581
30583
30586
30590
30593
30595
30598
30601
30603
30605
30605
30617
30619
30626
30630
30633
30635
30635
30639
30642
30651
30653
30658
30664
30665
30667
30667
30668
30669
30673
30674
30674
30675
30677
30688
30692
30694
30696
30696
30704
30708
30726
30728
30739
30746
30752
30758
30760
30760
30760
30770
30772
30772
30774
30777
30778
30779
30782
30784
30785
30785
30787
30789
30795
30803
30806
30811
30814
30817
30823
30824
30824
30825
30835
30835
30842
30846
30849
30849
30850
30851
30851
30855
30856
30860
30865
30881
30883
30888
30891
30892
30898
30900
30905
30907
30908
30914
30918
30918
30919
30920
30929
30929
30934
30935
30940
30941
30942
30952
30953
30953
30958
30958
30962
30964
30968
30979
30980
30984
30985
30985
30993
30998
30998
31000
31002
31008
31009
31011
31012
31013
31016
31016
31016
31017
31018
31019
31020
31021
31026
31031
31041
31043
31048
31050
31060
31062
31063
31063
31064
31065
31070
31082
31084
31086
31087
31089
31092
31096
31107
31110
31111
31114
31114
31119
31124
31125
31132
31133
31134
31135
31137
31137
31141
31147
31152
31158
31161
31177
31177
31179
31179
31184
31189
31190
31191
31191
31192
31198
31199
31201
31206
31208
31208
31212
31214
31218
31227
31228
31232
31240
31246
31248
31250
31251
31252
31256
31257
31261
31265
31267
31267
31270
31271
31272
31274
31275
31277
31282
31284
31289
31291
31293
31298
31299
31301
31305
31307
31308
31308
31312
31320
31320
31322
31323
31330
31333
31343
31354
31356
31361
31363
31363
31367
31367
31367
31369
31373
31375
31377
31378
31381
31384
31388
31388
31395
31396
31398
31410
31416
31425
31426
31429
31432
31435
31441
31443
31446
31446
31452
31454
31464
31465
31473
31474
31475
31484
31488
31489
31490
31500
31505
31506
31509
31512
31512
31516
31519
31526
31527
31529
31530
31530
31535
31536
31540
31550
31551
31552
31555
31560
31569
31573
31577
31591
31601
31606
31611
31622
31628
31629
31629
31630
31635
31637
31639
31641
31645
31650
31662
31664
31665
31666
31670
31677
31678
31679
31680
31685
31689
31692
31696
31697
31698
31702
31708
31710
31712
31722
31724
31728
31737
31740
31750
31753
31758
31763
31764
31772
31773
31782
31783
31785
31794
31806
31806
31807
31812
31815
31819
31825
31826
31826
31834
31837
31841
31847
31849
31852
31871
31871
31877
31879
31885
31885
31888
31889
31889
31897
31904
31905
31906
31906
31909
31911
31913
31914
31914
31915
31916
31917
31918
31918
31919
31919
31923
31925
31925
31927
31930
31931
31931
31935
31938
31943
31944
31949
31951
31955
31958
31963
31966
31970
31971
31972
31978
31981
31986
31986
31986
31989
31992
31994
31995
31995
31995
32003
32007
32008
32012
32012
32012
32023
32037
32038
32041
32050
32051
32053
32060
32060
32060
32062
32062
32064
32073
32074
32074
32078
32082
32084
32088
32090
32093
32093
32094
32098
32106
32110
32114
32118
32120
32121
32124
32127
32133
32136
32137
32138
32141
32142
32143
32147
32152
32153
32154
32154
32155
32157
32163
32168
32177
32179
32185
32186
32187
32187
32191
32197
32205
32207
32212
32214
32220
32222
32226
32227
32227
32228
32233
32236
32239
32241
32257
32261
32262
32267
32275
32275
32277
32279
32285
32291
32295
32307
32310
32310
32311
32311
32312
32312
32315
32317
32323
32323
32331
32333
32336
32345
32348
32349
32349
32350
32350
32362
32362
32369
32376
32378
32388
32388
32394
32396
32398
32398
32401
32401
32403
32409
32411
32416
32418
32418
32426
32428
32434
32438
32447
32451
32452
32458
32463
32464
32473
32476
32483
32484
32485
32486
32489
32493
32497
32502
32504
32508
32508
32508
32509
32512
32514
32515
32517
32534
32534
32535
32539
32541
32543
32543
32549
32550
32554
32555
32559
32560
32565
32565
32566
32576
32577
32578
32579
32583
32587
32596
32596
32599
32601
32602
32609
32609
32611
32611
32612
32612
32613
32613
32621
32623
32623
32624
32630
32632
32636
32644
32644
32645
32653
32662
32668
32670
32670
32676
32686
32686
32687
32688
32689
32695
32695
32695
32695
32697
32697
32702
32703
32705
32713
32713
32718
32718
32718
32721
32727
32728
32729
32732
32735
32737
32738
32743
32743
32745
32745
32749
32760
