9
10
10
12
14
32
38
41
44
56
59
61
62
68
69
79
80
85
86
90
95
101
105
105
105
108
124
124
125
125
132
136
142
154
161
168
168
169
169
172
177
179
181
182
186
186
190
191
193
193
194
196
198
203
205
212
216
216
230
234
237
248
249
251
253
254
257
261
262
264
266
267
268
274
276
276
278
280
281
291
294
299
303
308
310
313
318
318
321
325
330
331
335
336
337
346
349
351
353
359
360
364
364
371
375
375
378
381
384
384
388
389
391
392
393
395
398
402
405
406
409
409
411
422
424
425
433
434
442
442
447
452
453
455
455
458
459
459
462
466
466
472
473
474
478
481
482
490
491
491
492
492
493
495
497
502
504
505
508
508
511
514
515
517
524
533
542
562
573
576
579
579
587
588
588
591
593
597
598
602
602
604
607
607
607
611
613
616
617
618
622
627
628
628
633
633
634
638
642
643
645
649
651
654
657
657
660
672
673
679
681
682
685
694
701
703
703
708
712
716
718
723
724
730
740
746
746
747
750
750
751
756
757
759
766
768
769
769
770
770
771
774
778
780
781
781
791
792
794
798
804
805
808
808
810
814
819
819
820
831
832
833
839
841
842
849
850
855
855
856
861
866
866
882
887
888
890
896
896
901
903
906
909
911
913
914
918
920
920
931
932
936
944
948
955
958
962
965
969
974
976
977
978
980
981
983
986
986
987
990
990
993
996
996
998
1002
1005
1007
1007
1008
1008
1011
1012
1014
1015
1015
1018
1020
1021
1025
1027
1028
1028
1029
1030
1031
1037
1039
1039
1051
1052
1060
1063
1070
1072
1080
1083
1085
1088
1089
1092
1098
1103
1103
1104
1109
1112
1117
1118
1124
1124
1125
1126
1127
1132
1132
1137
1138
1146
1150
1154
1167
1176
1186
1190
1196
1204
1212
1218
1219
1223
1225
1232
1232
1233
1234
1235
1236
1237
1238
1240
1246
1246
1248
1248
1251
1256
1256
1261
1266
1269
1270
1271
1271
1272
1272
1272
1282
1284
1290
1294
1295
1296
1297
1307
1310
1311
1312
1318
1320
1324
1326
1335
1339
1341
1345
1346
1348
1348
1349
1350
1351
1352
1356
1357
1358
1366
1376
1377
1380
1381
1385
1390
1399
1401
1406
1406
1409
1409
1411
1412
1412
1415
1416
1416
1418
1418
1420
1422
1426
1432
1435
1436
1443
1451
1451
1455
1461
1463
1467
1473
1473
1474
1478
1490
1490
1491
1491
1501
1501
1502
1503
1505
1510
1513
1518
1526
1537
1538
1539
1541
1541
1541
1546
1547
1549
1549
1560
1560
1562
1565
1577
1584
1585
1587
1587
1589
1591
1594
1595
1598
1605
1606
1608
1608
1611
1612
1614
1616
1619
1619
1619
1632
1638
1638
1643
1648
1651
1653
1654
1655
1656
1659
1664
1666
1669
1673
1675
1680
1680
1689
1692
1695
1701
1701
1702
1703
1709
1710
1713
1714
1721
1722
1729
1735
1735
1738
1739
1745
1747
1747
1747
1752
1754
1755
1758
1763
1765
1773
1779
1782
1792
1792
1796
1804
1807
1812
1815
1815
1820
1821
1832
1833
1833
1835
1841
1848
1849
1849
1849
1852
1854
1855
1857
1859
1863
1873
1876
1878
1878
1884
1891
1896
1899
1900
1901
1911
1912
1920
1920
1920
1925
1925
1934
1936
1938
1941
1944
1944
1948
1948
1954
1956
1957
1957
1958
1963
1969
1969
1971
1971
1972
1972
1975
1983
1985
1988
1993
1994
1995
1996
1998
2001
2004
2013
2029
2030
2039
2043
2051
2053
2054
2063
2064
2066
2066
2067
2071
2072
2080
2081
2092
2096
2096
2097
2105
2107
2108
2118
2118
2120
2125
2130
2131
2141
2149
2150
2150
2150
2151
2153
2153
2154
2159
2160
2160
2161
2162
2163
2163
2166
2168
2170
2171
2178
2183
2185
2185
2189
2193
2193
2195
2197
2198
2201
2202
2203
2209
2215
2215
2216
2217
2223
2225
2226
2227
2234
2239
2240
2242
2243
2244
2244
2257
2259
2260
2263
2272
2278
2280
2281
2286
2286
2291
2294
2295
2295
2296
2297
2308
2314
2316
2316
2321
2324
2326
2327
2332
2333
2333
2335
2339
2344
2346
2351
2351
2351
2370
2373
2373
2377
2378
2378
2383
2383
2384
2384
2385
2393
2394
2404
2405
2409
2412
2417
2417
2418
2422
2422
2428
2435
2435
2439
2446
2457
2462
2486
2488
2499
2509
2512
2514
2518
2527
2532
2534
2536
2540
2545
2545
2545
2548
2550
2557
2562
2565
2569
2570
2574
2581
2582
2585
2589
2596
2597
2602
2603
2605
2606
2606
2608
2614
2616
2616
2620
2621
2626
2627
2628
2631
2633
2636
2637
2638
2641
2642
2643
2649
2652
2653
2658
2662
2664
2669
2669
2681
2683
2687
2693
2695
2698
2699
2700
2706
2711
2712
2715
2721
2724
2724
2726
2726
2727
2728
2729
2730
2732
2733
2734
2736
2739
2742
2750
2750
2753
2754
2765
2766
2768
2771
2776
2776
2777
2777
2778
2783
2784
2784
2789
2790
2792
2795
2796
2799
2804
2808
2810
2812
2813
2815
2815
2820
2821
2822
2825
2826
2830
2832
2833
2838
2842
2850
2852
2856
2862
2863
2863
2865
2866
2867
2870
2872
2873
2876
2878
2882
2883
2887
2891
2893
2894
2895
2895
2895
2897
2902
2903
2907
2915
2915
2920
2920
2921
2921
2922
2923
2923
2924
2930
2930
2931
2938
2945
2955
2956
2961
2962
2965
2975
2977
2977
2977
2978
2981
2994
2995
3003
3004
3015
3018
3020
3025
3026
3026
3028
3034
3036
3038
3040
3044
3047
3054
3055
3058
3060
3062
3071
3077
3078
3080
3083
3091
3095
3109
3126
3131
3132
3138
3139
3147
3152
3155
3159
3165
3171
3172
3177
3190
3193
3194
3197
3202
3204
3208
3209
3210
3214
3236
3237
3242
3243
3245
3245
3251
3252
3256
3257
3257
3259
3265
3265
3271
3274
3275
3275
3290
3292
3293
3294
3297
3301
3305
3306
3306
3310
3311
3317
3317
3320
3322
3331
3332
3338
3340
3342
3346
3348
3357
3368
3371
3375
3377
3384
3391
3393
3393
3395
3409
3412
3419
3425
3437
3438
3459
3460
3460
3462
3464
3477
3477
3480
3483
3483
3486
3492
3495
3496
3497
3500
3502
3506
3508
3510
3518
3521
3534
3535
3535
3536
3538
3539
3546
3550
3550
3555
3561
3563
3568
3571
3576
3579
3579
3587
3588
3597
3600
3600
3603
3609
3610
3630
3637
3638
3639
3647
3659
3659
3660
3661
3661
3666
3667
3668
3669
3669
3671
3674
3676
3679
3681
3682
3683
3685
3686
3691
3701
3709
3715
3716
3724
3725
3727
3729
3731
3735
3737
3742
3745
3754
3762
3764
3768
3770
3770
3771
3772
3774
3776
3783
3787
3789
3799
3802
3803
3807
3810
3816
3828
3830
3832
3837
3844
3850
3850
3851
3853
3855
3857
3863
3864
3864
3871
3872
3875
3876
3881
3886
3893
3898
3903
3908
3911
3914
3916
3921
3922
3923
3928
3928
3929
3935
3937
3943
3949
3954
3956
3956
3958
3958
3960
3961
3968
3972
3973
3975
3978
3981
3983
3984
3986
3988
3992
3993
3994
3997
3997
3998
4002
4002
4005
4012
4013
4017
4027
4028
4028
4028
4029
4031
4033
4036
4039
4042
4045
4045
4049
4051
4054
4070
4073
4075
4076
4079
4080
4080
4080
4082
4090
4104
4116
4117
4118
4119
4119
4121
4126
4130
4131
4132
4133
4133
4139
4144
4145
4152
4162
4166
4174
4174
4174
4176
4176
4177
4183
4184
4185
4192
4194
4195
4200
4200
4201
4202
4211
4214
4216
4218
4221
4231
4234
4242
4245
4249
4254
4255
4256
4257
4262
4262
4263
4265
4270
4272
4274
4280
4283
4287
4289
4298
4299
4299
4300
4304
4309
4313
4316
4319
4320
4326
4330
4333
4342
4345
4349
4350
4351
4356
4357
4360
4364
4366
4368
4372
4386
4387
4387
4388
4389
4390
4397
4398
4410
4414
4424
4428
4443
4446
4451
4452
4453
4454
4467
4472
4472
4474
4480
4491
4502
4510
4510
4513
4519
4522
4522
4527
4528
4530
4531
4532
4535
4535
4538
4539
4542
4542
4544
4546
4548
4554
4555
4572
4574
4575
4580
4582
4585
4587
4589
4590
4592
4595
4602
4603
4612
4617
4624
4628
4628
4629
4630
4632
4658
4676
4681
4687
4692
4694
4703
4713
4714
4716
4717
4721
4722
4724
4726
4726
4728
4730
4731
4740
4754
4762
4764
4771
4771
4772
4772
4773
4775
4775
4783
4783
4794
4796
4796
4798
4803
4805
4811
4826
4831
4833
4834
4836
4841
4842
4844
4844
4847
4850
4855
4858
4860
4865
4867
4869
4870
4873
4874
4875
4890
4893
4894
4894
4899
4901
4902
4905
4908
4909
4911
4912
4916
4921
4924
4926
4928
4933
4934
4939
4942
4943
4944
4944
4949
4953
4955
4960
4964
4965
4965
4966
4970
4981
4982
4984
4988
4990
4993
4993
4993
4997
5003
5006
5009
5009
5010
5011
5012
5020
5020
5021
5026
5027
5028
5029
5031
5035
5036
5042
5051
5052
5070
5079
5082
5082
5082
5083
5087
5088
5095
5095
5096
5102
5112
5115
5121
5126
5135
5136
5136
5139
5142
5143
5146
5155
5156
5157
5160
5163
5165
5167
5173
5179
5179
5186
5189
5191
5195
5196
5199
5206
5215
5216
5227
5230
5234
5235
5238
5238
5240
5243
5246
5246
5247
5248
5249
5252
5264
5265
5268
5271
5271
5272
5282
5283
5289
5290
5291
5291
5292
5294
5295
5303
5307
5313
5314
5317
5320
5321
5323
5323
5326
5330
5338
5339
5340
5341
5344
5346
5347
5347
5350
5352
5357
5357
5364
5368
5369
5382
5383
5384
5386
5393
5395
5395
5396
5400
5402
5410
5413
5415
5421
5423
5428
5428
5429
5432
5434
5434
5440
5442
5442
5446
5451
5453
5457
5458
5458
5460
5461
5474
5475
5479
5487
5487
5495
5497
5497
5503
5505
5506
5508
5514
5514
5515
5523
5524
5526
5527
5530
5533
5536
5538
5540
5542
5543
5548
5550
5561
5563
5573
5574
5574
5577
5579
5580
5584
5589
5589
5593
5594
5596
5601
5603
5603
5604
5605
5608
5614
5615
5617
5618
5621
5629
5633
5633
5653
5655
5656
5657
5658
5665
5672
5674
5676
5677
5679
5686
5689
5689
5689
5691
5692
5694
5697
5705
5710
5712
5713
5715
5716
5718
5722
5724
5729
5730
5734
5735
5738
5746
5747
5748
5750
5753
5753
5757
5758
5762
5765
5766
5767
5769
5770
5770
5771
5775
5783
5784
5784
5788
5799
5804
5806
5807
5808
5812
5815
5819
5820
5821
5827
5831
5835
5836
5838
5840
5845
5847
5849
5850
5850
5853
5855
5860
5862
5870
5874
5875
5877
5883
5883
5888
5890
5907
5909
5910
5911
5912
5912
5915
5919
5922
5929
5935
5936
5940
5942
5944
5951
5956
5957
5957
5960
5962
5968
5968
5982
5988
5990
5991
5992
5992
5995
6004
6004
6004
6006
6008
6011
6013
6019
6020
6027
6033
6035
6036
6040
6045
6049
6049
6054
6060
6062
6062
6062
6063
6063
6069
6076
6078
6079
6080
6081
6082
6087
6087
6091
6095
6099
6099
6102
6108
6109
6109
6114
6127
6130
6136
6140
6141
6142
6149
6149
6151
6152
6158
6160
6162
6163
6165
6174
6175
6177
6178
6180
6181
6182
6185
6188
6189
6191
6192
6193
6194
6201
6203
6211
6211
6219
6228
6231
6233
6235
6236
6240
6240
6241
6241
6246
6246
6249
6254
6269
6271
6271
6273
6277
6277
6278
6282
6284
6286
6295
6304
6305
6309
6309
6312
6312
6315
6315
6317
6317
6317
6319
6337
6341
6346
6352
6355
6365
6368
6376
6376
6377
6377
6384
6385
6391
6393
6403
6415
6416
6417
6418
6419
6423
6423
6426
6427
6432
6438
6442
6442
6446
6452
6452
6459
6464
6466
6467
6468
6471
6485
6488
6488
6490
6490
6494
6494
6495
6496
6500
6503
6503
6504
6507
6508
6514
6520
6521
6523
6529
6531
6531
6532
6533
6537
6543
6543
6544
6546
6547
6549
6550
6550
6554
6555
6564
6565
6567
6569
6570
6573
6574
6578
6585
6586
6592
6592
6600
6602
6614
6616
6625
6626
6631
6640
6642
6643
6644
6646
6648
6657
6662
6667
6668
6677
6678
6681
6683
6685
6686
6687
6687
6688
6688
6691
6692
6695
6703
6707
6713
6715
6717
6718
6720
6723
6727
6732
6733
6733
6739
6746
6746
6748
6753
6753
6754
6757
6758
6758
6762
6765
6771
6775
6776
6777
6788
6793
6795
6796
6798
6798
6807
6808
6812
6818
6819
6820
6822
6822
6823
6824
6830
6835
6841
6845
6852
6861
6861
6865
6867
6872
6876
6881
6883
6884
6886
6889
6894
6896
6905
6907
6909
6911
6911
6919
6922
6931
6933
6936
6948
6948
6954
6958
6958
6962
6962
6964
6966
6972
6972
6975
6986
6991
6993
6994
6997
6997
6998
7010
7011
7013
7015
7015
7017
7018
7025
7028
7029
7032
7034
7036
7037
7046
7047
7048
7060
7062
7063
7071
7074
7075
7078
7078
7079
7084
7086
7095
7096
7097
7103
7104
7110
7111
7120
7124
7130
7131
7132
7133
7135
7140
7153
7160
7165
7166
7172
7173
7174
7178
7188
7190
7207
7220
7239
7241
7254
7257
7265
7271
7275
7276
7282
7284
7286
7286
7288
7288
7292
7293
7300
7303
7304
7306
7306
7311
7311
7311
7314
7315
7329
7332
7334
7335
7340
7340
7342
7343
7344
7347
7349
7349
7351
7363
7366
7368
7369
7373
7376
7382
7386
7391
7393
7394
7394
7400
7405
7409
7410
7414
7420
7422
7427
7429
7430
7442
7448
7454
7454
7457
7460
7465
7468
7470
7471
7477
7479
7481
7489
7490
7492
7509
7514
7514
7517
7517
7520
7522
7522
7523
7532
7541
7547
7547
7548
7550
7554
7555
7558
7559
7562
7563
7566
7567
7568
7570
7570
7571
7574
7574
7580
7582
7588
7589
7590
7600
7600
7607
7607
7608
7614
7615
7615
7623
7623
7627
7630
7631
7633
7641
7645
7645
7658
7662
7667
7670
7673
7673
7674
7675
7677
7678
7680
7681
7683
7688
7692
7694
7696
7698
7705
7707
7710
7718
7722
7728
7730
7738
7741
7743
7743
7747
7749
7751
7751
7757
7762
7764
7769
7772
7775
7780
7792
7793
7798
7801
7801
7802
7808
7816
7820
7823
7823
7825
7825
7840
7842
7843
7847
7847
7852
7853
7854
7854
7855
7859
7861
7862
7867
7869
7871
7872
7872
7873
7880
7894
7900
7904
7906
7907
7910
7911
7921
7922
7926
7935
7935
7937
7943
7946
7949
7953
7954
7954
7956
7958
7959
7960
7960
7961
7965
7966
7967
7972
7973
7977
7979
7984
7984
7989
8000
8000
8001
8001
8003
8006
8007
8008
8012
8020
8032
8037
8037
8043
8048
8050
8050
8052
8057
8065
8066
8068
8075
8076
8082
8086
8089
8090
8090
8094
8096
8096
8103
8106
8112
8117
8125
8126
8128
8130
8132
8134
8138
8138
8141
8142
8147
8151
8158
8160
8161
8162
8162
8163
8169
8170
8171
8171
8177
8182
8183
8184
8192
8199
8202
8203
8205
8208
8224
8227
8229
8230
8245
8245
8253
8256
8263
8263
8264
8266
8279
8285
8286
8286
8286
8287
8288
8289
8289
8292
8294
8304
8305
8307
8308
8312
8313
8320
8322
8322
8324
8325
8332
8336
8337
8338
8341
8342
8342
8345
8347
8351
8354
8356
8361
8363
8363
8364
8367
8368
8368
8368
8371
8373
8378
8384
8385
8388
8392
8393
8397
8404
8408
8419
8422
8423
8426
8431
8432
8434
8440
8440
8447
8449
8451
8454
8457
8459
8459
8460
8463
8471
8472
8475
8480
8482
8483
8488
8490
8490
8491
8492
8495
8506
8507
8507
8512
8517
8517
8517
8523
8524
8525
8533
8535
8539
8541
8552
8555
8557
8558
8558
8563
8568
8570
8588
8589
8592
8596
8598
8600
8609
8612
8617
8620
8620
8623
8628
8631
8640
8642
8649
8649
8652
8656
8657
8658
8660
8662
8670
8672
8677
8679
8683
8687
8688
8688
8692
8692
8695
8699
8702
8706
8708
8712
8721
8727
8733
8734
8738
8739
8742
8746
8757
8760
8761
8765
8767
8768
8780
8782
8784
8786
8786
8792
8796
8796
8803
8813
8817
8818
8824
8825
8825
8827
8830
8839
8844
8844
8845
8853
8857
8864
8870
8874
8889
8889
8893
8898
8902
8902
8903
8906
8907
8908
8914
8916
8920
8924
8931
8932
8938
8939
8944
8946
8951
8951
8951
8952
8955
8967
8968
8969
8972
8983
8987
8993
8994
8997
9001
9005
9006
9007
9010
9010
9024
9026
9027
9033
9033
9034
9036
9037
9045
9046
9046
9046
9048
9049
9050
9051
9053
9053
9053
9059
9059
9063
9067
9071
9074
9076
9081
9083
9083
9084
9085
9087
9088
9091
9093
9096
9100
9104
9106
9109
9113
9117
9119
9120
9120
9122
9126
9127
9129
9135
9136
9139
9142
9154
9155
9161
9162
9166
9168
9170
9175
9176
9179
9182
9182
9184
9185
9192
9193
9195
9196
9198
9199
9200
9212
9212
9213
9214
9215
9216
9219
9220
9227
9229
9242
9246
9256
9259
9260
9261
9261
9271
9272
9274
9281
9281
9283
9290
9293
9293
9297
9298
9306
9307
9308
9309
9313
9316
9316
9316
9317
9319
9320
9324
9333
9335
9342
9343
9344
9345
9353
9356
9362
9363
9370
9373
9373
9377
9378
9379
9381
9382
9390
9397
9399
9405
9417
9419
9422
9426
9427
9440
9440
9446
9450
9454
9455
9465
9466
9472
9474
9476
9481
9481
9485
9486
9489
9490
9493
9497
9498
9501
9501
9508
9511
9512
9516
9517
9528
9532
9542
9546
9552
9561
9566
9568
9569
9570
9573
9582
9588
9594
9601
9604
9605
9610
9611
9612
9616
9616
9622
9629
9636
9638
9640
9647
9653
9655
9656
9662
9662
9666
9666
9667
9668
9670
9670
9671
9672
9672
9675
9677
9678
9679
9682
9684
9690
9692
9693
9695
9699
9700
9700
9702
9706
9707
9713
9716
9717
9722
9726
9726
9727
9737
9742
9746
9751
9753
9757
9763
9770
9774
9781
9781
9781
9783
9784
9794
9795
9795
9801
9801
9805
9807
9808
9810
9823
9824
9824
9830
9835
9835
9839
9840
9846
9852
9853
9858
9868
9872
9877
9879
9880
9882
9883
9883
9893
9893
9902
9902
9902
9905
9905
9922
9923
9925
9925
9928
9932
9933
9937
9941
9942
9946
9949
9949
9950
9952
9957
9959
9962
9970
9970
9971
9972
9981
9982
9986
9988
9990
9990
9991
9993
9995
9998
10000
10001
10002
10005
10013
10015
10017
10020
10025
10026
10030
10034
10036
10042
10042
10046
10048
10053
10057
10073
10073
10078
10082
10087
10090
10093
10093
10107
10107
10110
10111
10114
10120
10121
10127
10129
10129
10131
10135
10135
10137
10137
10142
10143
10145
10147
10151
10153
10156
10159
10163
10169
10175
10177
10181
10188
10188
10189
10190
10191
10191
10193
10196
10205
10207
10207
10210
10211
10213
10215
10225
10228
10237
10237
10242
10246
10255
10258
10259
10260
10263
10264
10265
10266
10268
10269
10275
10278
10278
10281
10288
10294
10294
10301
10302
10307
10307
10313
10313
10315
10316
10317
10318
10323
10323
10325
10327
10329
10329
10330
10330
10332
10332
10335
10335
10337
10342
10344
10347
10352
10362
10373
10373
10374
10383
10389
10391
10396
10398
10410
10411
10416
10418
10419
10423
10425
10426
10441
10453
10453
10454
10460
10468
10471
10473
10473
10474
10475
10481
10485
10488
10488
10488
10492
10502
10503
10504
10506
10510
10514
10515
10515
10516
10525
10527
10529
10532
10535
10537
10549
10555
10557
10558
10560
10562
10564
10571
10581
10581
10581
10582
10582
10584
10591
10594
10594
10595
10598
10606
10614
10615
10616
10619
10622
10622
10631
10632
10632
10637
10637
10643
10650
10653
10660
10660
10663
10663
10666
10668
10669
10670
10674
10676
10680
10680
10688
10690
10690
10693
10695
10697
10699
10702
10706
10710
10711
10711
10725
10728
10730
10736
10736
10743
10756
10758
10758
10758
10761
10761
10763
10768
10769
10775
10776
10781
10783
10799
10804
10811
10820
10824
10826
10832
10838
10839
10841
10843
10844
10851
10865
10867
10876
10878
10889
10890
10892
10892
10892
10904
10904
10915
10918
10924
10928
10930
10932
10934
10936
10937
10944
10962
10964
10971
10974
10977
10979
10981
10983
10986
11008
11008
11017
11018
11019
11020
11025
11028
11030
11037
11045
11048
11051
11058
11064
11066
11068
11069
11069
11074
11078
11079
11081
11082
11082
11084
11086
11105
11114
11119
11119
11120
11121
11122
11123
11127
11129
11135
11138
11139
11140
11140
11142
11145
11145
11146
11152
11153
11156
11157
11162
11165
11167
11167
11169
11173
11175
11175
11181
11185
11186
11187
11192
11193
11196
11203
11209
11211
11212
11219
11225
11227
11227
11231
11236
11237
11238
11246
11252
11255
11278
11278
11279
11281
11282
11286
11286
11291
11292
11293
11304
11305
11307
11312
11315
11315
11318
11320
11323
11324
11325
11334
11335
11335
11335
11337
11338
11342
11344
11347
11349
11351
11352
11352
11356
11358
11358
11360
11362
11363
11374
11374
11378
11379
11379
11381
11383
11390
11391
11393
11395
11395
11396
11397
11404
11413
11414
11414
11415
11419
11425
11425
11428
11429
11430
11430
11433
11436
11436
11439
11444
11444
11449
11450
11454
11461
11462
11462
11465
11466
11467
11468
11471
11477
11477
11482
11483
11484
11485
11491
11496
11497
11498
11500
11502
11510
11512
11513
11515
11516
11516
11517
11519
11523
11527
11530
11531
11533
11541
11552
11552
11553
11555
11558
11560
11562
11564
11570
11571
11572
11574
11578
11578
11578
11580
11581
11585
11585
11587
11591
11593
11596
11598
11600
11600
11600
11601
11602
11602
11603
11604
11615
11629
11631
11637
11638
11639
11647
11649
11653
11659
11666
11668
11678
11680
11681
11683
11687
11689
11690
11691
11692
11693
11694
11701
11703
11703
11719
11721
11726
11729
11732
11741
11742
11743
11748
11752
11752
11755
11758
11760
11764
11766
11767
11767
11773
11776
11778
11778
11779
11781
11782
11787
11788
11791
11795
11798
11799
11804
11805
11805
11805
11807
11807
11809
11812
11813
11815
11817
11825
11835
11836
11837
11840
11841
11846
11855
11855
11856
11856
11856
11857
11858
11870
11874
11882
11884
11887
11891
11893
11896
11902
11910
11913
11913
11917
11922
11925
11926
11933
11933
11936
11940
11944
11949
11950
11963
11964
11966
11966
11967
11971
11974
11983
11983
11983
11985
11987
11990
11991
11991
11992
11992
11995
11996
12004
12005
12015
12021
12026
12026
12026
12028
12028
12030
12033
12034
12037
12038
12041
12048
12049
12051
12051
12054
12056
12057
12059
12062
12063
12066
12073
12077
12080
12081
12093
12093
12093
12098
12100
12103
12104
12110
12112
12119
12119
12120
12121
12121
12122
12123
12123
12124
12128
12131
12134
12136
12138
12140
12142
12147
12155
12163
12167
12168
12169
12170
12173
12180
12188
12188
12192
12201
12201
12204
12206
12206
12207
12212
12217
12219
12227
12231
12239
12243
12244
12249
12258
12263
12263
12269
12269
12271
12272
12274
12276
12279
12279
12279
12282
12283
12284
12284
12289
12292
12298
12299
12299
12304
12310
12310
12323
12324
12330
12335
12341
12354
12361
12363
12363
12364
12366
12369
12379
12384
12386
12388
12391
12392
12402
12406
12413
12418
12420
12424
12428
12430
12437
12438
12440
12443
12445
12453
12455
12456
12457
12473
12479
12486
12487
12492
12493
12495
12498
12501
12502
12503
12503
12518
12519
12520
12524
12531
12532
12532
12537
12541
12547
12547
12547
12555
12556
12565
12573
12578
12581
12583
12594
12598
12599
12604
12605
12606
12607
12611
12612
12615
12618
12630
12631
12633
12637
12638
12641
12645
12650
12655
12658
12660
12664
12665
12666
12667
12672
12675
12679
12679
12682
12682
12682
12683
12688
12699
12700
12706
12707
12707
12708
12710
12713
12713
12717
12718
12724
12725
12725
12725
12731
12734
12734
12736
12738
12739
12740
12746
12747
12755
12755
12760
12767
12770
12772
12774
12777
12779
12780
12780
12785
12786
12789
12795
12798
12807
12807
12808
12808
12811
12813
12826
12841
12842
12844
12849
12852
12852
12853
12854
12856
12856
12858
12858
12863
12864
12865
12866
12873
12879
12880
12882
12882
12883
12883
12890
12892
12893
12895
12902
12914
12917
12920
12923
12927
12929
12932
12951
12955
12959
12967
12967
12970
12982
12982
12987
12993
12993
12993
12997
13003
13004
13008
13010
13012
13012
13018
13019
13023
13024
13039
13041
13043
13043
13053
13063
13064
13069
13072
13087
13090
13091
13095
13096
13102
13103
13107
13109
13110
13110
13113
13116
13123
13125
13126
13132
13132
13132
13137
13142
13145
13150
13151
13153
13153
13155
13157
13162
13162
13170
13180
13188
13189
13190
13194
13196
13197
13198
13208
13215
13215
13215
13239
13239
13242
13243
13247
13255
13258
13259
13260
13260
13272
13273
13273
13279
13280
13280
13283
13294
13295
13307
13308
13310
13313
13321
13321
13322
13324
13330
13345
13347
13347
13348
13361
13367
13367
13370
13372
13386
13386
13388
13388
13389
13404
13404
13409
13412
13421
13422
13422
13423
13424
13425
13426
13427
13437
13437
13449
13451
13453
13453
13453
13456
13460
13462
13473
13476
13484
13486
13487
13489
13496
13498
13501
13508
13510
13517
13519
13525
13529
13533
13534
13535
13537
13545
13546
13546
13557
13557
13558
13560
13562
13565
13566
13568
13569
13570
13571
13579
13583
13586
13586
13594
13605
13607
13610
13618
13619
13621
13621
13625
13625
13628
13630
13632
13640
13647
13648
13653
13655
13659
13663
13664
13668
13669
13671
13682
13689
13699
13712
13713
13716
13719
13729
13731
13732
13732
13732
13735
13738
13742
13743
13748
13749
13750
13750
13750
13752
13752
13756
13757
13757
13759
13761
13764
13767
13773
13774
13776
13777
13779
13780
13783
13793
13795
13795
13797
13798
13801
13801
13805
13809
13809
13813
13822
13822
13826
13838
13844
13844
13850
13854
13855
13857
13859
13863
13867
13873
13880
13885
13888
13890
13892
13896
13897
13902
13911
13913
13915
13920
13924
13924
13926
13926
13926
13930
13931
13946
13946
13953
13956
13957
13959
13964
13966
13967
13968
13970
13978
13986
13990
13992
13995
14004
14005
14008
14013
14015
14020
14024
14033
14053
14054
14065
14066
14077
14078
14082
14084
14087
14089
14091
14093
14098
14099
14100
14101
14103
14113
14124
14126
14127
14130
14136
14137
14142
14142
14145
14145
14147
14160
14160
14165
14174
14178
14179
14182
14182
14185
14199
14202
14202
14203
14205
14216
14218
14221
14223
14225
14228
14233
14235
14240
14243
14244
14253
14254
14258
14258
14269
14270
14277
14279
14281
14284
14284
14285
14287
14287
14291
14296
14302
14303
14304
14304
14304
14304
14305
14307
14308
14309
14311
14312
14316
14324
14333
14340
14342
14346
14348
14349
14352
14359
14361
14368
14371
14371
14372
14376
14379
14379
14381
14385
14388
14388
14398
14399
14409
14409
14411
14414
14417
14423
14426
14431
14441
14448
14452
14456
14456
14460
14461
14462
14468
14474
14474
14475
14479
14481
14481
14481
14484
14489
14490
14492
14493
14496
14504
14509
14510
14510
14516
14517
14520
14522
14531
14531
14533
14536
14536
14538
14540
14543
14545
14559
14565
14567
14574
14576
14577
14582
14583
14584
14586
14586
14587
14587
14588
14590
14594
14602
14603
14605
14618
14620
14621
14621
14621
14623
14624
14624
14624
14626
14627
14632
14632
14635
14635
14637
14638
14648
14648
14652
14659
14661
14670
14677
14683
14684
14689
14690
14695
14696
14697
14699
14709
14713
14724
14733
14736
14740
14741
14744
14746
14748
14749
14752
14754
14755
14756
14756
14757
14762
14762
14763
14776
14777
14779
14780
14780
14782
14785
14785
14788
14789
14795
14799
14800
14801
14810
14811
14813
14816
14817
14827
14828
14835
14836
14849
14854
14858
14866
14872
14876
14889
14889
14895
14899
14906
14907
14908
14909
14910
14912
14916
14926
14927
14927
14934
14935
14935
14936
14938
14940
14943
14944
14946
14953
14953
14957
14957
14957
14962
14966
14975
14976
14976
14978
14978
14981
14996
14997
14997
14998
15003
15007
15009
15012
15017
15020
15026
15031
15037
15041
15044
15047
15048
15049
15051
15052
15054
15054
15061
15066
15069
15071
15076
15083
15088
15109
15113
15119
15120
15130
15130
15133
15133
15137
15144
15150
15152
15157
15158
15159
15161
15166
15166
15167
15171
15174
15176
15182
15190
15193
15193
15198
15200
15210
15214
15215
15215
15216
15219
15219
15221
15222
15226
15228
15228
15233
15235
15235
15241
15242
15244
15248
15252
15257
15268
15269
15271
15275
15276
15278
15279
15279
15289
15292
15292
15293
15299
15303
15305
15312
15316
15317
15321
15328
15330
15337
15338
15340
15359
15360
15360
15360
15360
15364
15366
15367
15369
15369
15376
15377
15378
15383
15384
15386
15390
15392
15396
15398
15404
15405
15408
15410
15411
15411
15419
15427
15428
15432
15436
15437
15446
15456
15460
15462
15466
15467
15468
15471
15475
15483
15484
15487
15489
15492
15497
15498
15498
15500
15502
15503
15503
15503
15503
15504
15505
15506
15512
15513
15516
15518
15522
15527
15529
15544
15546
15552
15553
15557
15560
15561
15565
15565
15565
15568
15568
15574
15575
15576
15578
15579
15584
15585
15587
15595
15604
15616
15616
15617
15620
15623
15624
15631
15637
15638
15639
15641
15644
15652
15653
15654
15656
15657
15660
15661
15662
15663
15668
15668
15676
15679
15691
15694
15694
15698
15707
15718
15721
15722
15722
15733
15733
15737
15738
15739
15740
15740
15745
15745
15752
15753
15756
15757
15759
15761
15769
15771
15782
15782
15783
15784
15788
15797
15804
15805
15812
15814
15815
15822
15824
15844
15850
15852
15854
15857
15861
15870
15876
15876
15877
15880
15884
15884
15885
15887
15889
15894
15909
15917
15926
15927
15928
15929
15930
15931
15935
15940
15941
15941
15946
15947
15947
15953
15957
15960
15961
15964
15964
15968
15971
15975
15977
15985
15986
15987
15988
15989
15993
15993
15994
15997
15997
15999
16000
16001
16004
16005
16006
16006
16009
16017
16018
16022
16027
16031
16033
16033
16036
16038
16039
16041
16042
16044
16046
16047
16051
16054
16057
16059
16060
16063
16073
16073
16073
16074
16074
16078
16079
16083
16089
16089
16095
16099
16100
16101
16118
16126
16128
16131
16132
16136
16140
16145
16150
16151
16152
16166
16168
16172
16180
16184
16184
16185
16189
16189
16190
16194
16195
16195
16197
16204
16214
16218
16218
16221
16224
16225
16229
16230
16236
16236
16237
16244
16246
16249
16251
16251
16253
16254
16254
16257
16258
16260
16262
16263
16267
16268
16272
16276
16279
16283
16284
16287
16288
16290
16294
16306
16306
16311
16312
16314
16314
16314
16321
16326
16328
16339
16342
16354
16359
16363
16364
16371
16377
16380
16387
16390
16391
16393
16393
16401
16401
16405
16408
16411
16418
16422
16424
16428
16433
16439
16441
16447
16452
16463
16473
16484
16490
16491
16493
16497
16497
16500
16501
16502
16514
16516
16517
16523
16523
16528
16537
16540
16544
16553
16554
16554
16565
16566
16590
16594
16598
16598
16609
16609
16614
16615
16618
16619
16620
16620
16625
16626
16627
16627
16628
16632
16632
16638
16643
16648
16653
16657
16662
16664
16672
16674
16679
16680
16684
16685
16686
16693
16696
16697
16697
16703
16704
16704
16706
16707
16708
16710
16715
16717
16720
16724
16731
16731
16732
16735
16736
16739
16742
16745
16747
16751
16760
16762
16768
16770
16770
16786
16791
16794
16796
16797
16797
16799
16799
16799
16801
16802
16803
16807
16808
16813
16815
16821
16822
16822
16824
16831
16836
16842
16844
16846
16853
16854
16856
16860
16860
16861
16864
16865
16867
16869
16870
16873
16879
16882
16883
16887
16889
16889
16891
16893
16893
16900
16900
16903
16904
16908
16911
16914
16915
16916
16917
16917
16926
16926
16937
16947
16947
16949
16949
16949
16950
16951
16958
16961
16961
16962
16974
16977
16979
16980
16986
16991
16993
16994
16997
16999
17001
17002
17006
17014
17021
17023
17029
17034
17034
17043
17051
17052
17058
17061
17074
17078
17084
17090
17090
17102
17103
17103
17106
17118
17119
17122
17125
17133
17136
17138
17145
17153
17155
17157
17159
17162
17165
17171
17173
17173
17175
17188
17189
17192
17192
17192
17193
17193
17195
17207
17209
17217
17221
17223
17223
17231
17234
17236
17239
17245
17251
17251
17253
17258
17259
17267
17270
17272
17272
17273
17277
17281
17282
17287
17288
17289
17289
17297
17298
17298
17300
17303
17306
17307
17307
17312
17315
17315
17315
17315
17321
17322
17329
17330
17341
17343
17345
17347
17351
17360
17363
17364
17364
17373
17375
17383
17390
17396
17399
17404
17405
17406
17414
17424
17425
17431
17431
17435
17438
17440
17449
17452
17452
17453
17454
17455
17457
17461
17466
17473
17476
17478
17479
17480
17482
17490
17490
17491
17497
17499
17499
17503
17503
17507
17509
17509
17513
17519
17520
17522
17522
17526
17531
17534
17535
17536
17539
17549
17550
17556
17567
17568
17573
17575
17578
17579
17582
17584
17588
17592
17597
17600
17605
17612
17614
17620
17626
17643
17646
17653
17665
17672
17674
17675
17681
17684
17689
17693
17699
17709
17711
17713
17714
17717
17728
17732
17737
17741
17743
17744
17745
17748
17749
17752
17754
17756
17760
17764
17764
17771
17775
17788
17789
17802
17803
17807
17811
17812
17814
17816
17816
17817
17819
17826
17831
17833
17834
17846
17846
17849
17851
17852
17859
17861
17863
17872
17878
17883
17884
17885
17896
17902
17906
17919
17936
17937
17938
17942
17947
17949
17950
17951
17951
17954
17956
17957
17962
17966
17966
17969
17971
17973
17981
17984
17985
17992
18002
18005
18011
18012
18012
18020
18028
18028
18030
18031
18033
18036
18037
18040
18041
18041
18044
18046
18049
18051
18053
18056
18056
18058
18060
18063
18067
18073
18078
18078
18078
18079
18079
18081
18088
18090
18091
18091
18096
18097
18102
18104
18104
18106
18109
18109
18116
18116
18125
18128
18131
18133
18148
18150
18152
18153
18154
18156
18162
18166
18169
18172
18174
18175
18178
18182
18186
18186
18192
18194
18196
18197
18205
18208
18210
18211
18212
18212
18214
18217
18220
18224
18232
18235
18235
18238
18243
18246
18253
18254
18254
18264
18267
18271
18272
18274
18281
18290
18292
18295
18299
18303
18310
18311
18319
18322
18338
18339
18341
18342
18343
18343
18345
18347
18347
18352
18353
18353
18355
18363
18366
18371
18374
18378
18384
18385
18393
18394
18397
18399
18408
18410
18411
18411
18413
18415
18420
18420
18421
18425
18426
18426
18434
18439
18441
18445
18452
18453
18453
18455
18455
18457
18457
18462
18464
18464
18466
18467
18467
18471
18472
18472
18480
18480
18495
18497
18499
18501
18501
18502
18502
18507
18509
18512
18517
18521
18523
18525
18527
18529
18536
18545
18552
18558
18559
18560
18560
18569
18570
18574
18574
18576
18577
18581
18586
18586
18590
18591
18599
18607
18608
18609
18613
18614
18615
18616
18621
18624
18629
18630
18632
18637
18638
18643
18645
18648
18649
18649
18654
18655
18655
18657
18657
18657
18660
18661
18665
18678
18685
18687
18689
18690
18692
18695
18700
18700
18702
18704
18705
18715
18716
18718
18732
18734
18735
18744
18747
18747
18750
18755
18755
18758
18758
18759
18761
18764
18765
18766
18770
18771
18773
18780
18781
18783
18786
18787
18787
18789
18794
18803
18805
18806
18810
18817
18824
18828
18829
18829
18833
18836
18839
18840
18841
18852
18853
18854
18863
18866
18869
18870
18871
18872
18873
18873
18878
18880
18880
18883
18884
18886
18891
18900
18903
18905
18906
18908
18908
18911
18916
18921
18924
18924
18926
18926
18931
18931
18942
18943
18946
18948
18950
18951
18951
18953
18958
18959
18960
18962
18962
18976
18976
18977
18977
18979
18979
18980
18980
18982
18985
18986
18990
18991
18993
18994
18994
18995
18999
19006
19014
19016
19018
19019
19026
19028
19032
19034
19034
19036
19037
19044
19045
19048
19057
19060
19062
19062
19066
19067
19075
19076
19078
19080
19084
19085
19091
19093
19094
19096
19098
19102
19110
19111
19113
19119
19131
19133
19138
19141
19145
19146
19147
19150
19156
19156
19158
19158
19162
19164
19165
19165
19167
19171
19178
19185
19187
19187
19189
19194
19195
19197
19198
19199
19202
19203
19204
19207
19218
19219
19220
19222
19223
19225
19226
19233
19236
19251
19251
19251
19254
19260
19265
19267
19273
19274
19277
19283
19286
19288
19288
19297
19299
19302
19307
19307
19309
19311
19312
19315
19317
19322
19322
19323
19325
19326
19327
19331
19333
19335
19337
19345
19352
19352
19357
19366
19366
19375
19376
19377
19384
19386
19389
19394
19395
19402
19406
19410
19418
19418
19420
19422
19428
19437
19442
19444
19451
19453
19453
19455
19457
19460
19462
19463
19464
19465
19468
19469
19471
19471
19475
19476
19479
19480
19480
19484
19486
19486
19490
19492
19493
19496
19499
19500
19501
19503
19506
19506
19516
19517
19518
19522
19529
19529
19533
19534
19543
19543
19545
19547
19549
19553
19554
19555
19564
19566
19579
19580
19581
19581
19582
19586
19591
19595
19596
19596
19600
19601
19604
19609
19609
19614
19618
19622
19625
19626
19635
19640
19640
19642
19644
19652
19653
19658
19663
19666
19666
19667
19671
19680
19683
19683
19692
19692
19696
19697
19699
19703
19704
19706
19709
19711
19713
19714
19714
19717
19724
19725
19727
19730
19741
19743
19747
19752
19753
19753
19753
19754
19755
19757
19758
19764
19766
19766
19770
19772
19772
19775
19782
19786
19791
19798
19802
19802
19804
19804
19806
19810
19817
19819
19822
19830
19837
19838
19839
19839
19843
19843
19843
19845
19846
19847
19849
19852
19854
19854
19861
19868
19876
19879
19892
19894
19896
19905
19910
19911
19913
19915
19915
19918
19920
19926
19926
19927
19929
19930
19931
19932
19934
19936
19942
19944
19951
19951
19952
19958
19969
19971
19972
19975
19977
19977
19979
19981
19982
19986
19986
19997
19997
20002
20005
20007
20010
20011
20012
20013
20017
20019
20019
20028
20029
20031
20032
20032
20033
20035
20035
20039
20040
20048
20049
20052
20059
20062
20065
20067
20069
20069
20071
20075
20077
20081
20085
20087
20088
20089
20092
20096
20097
20097
20108
20109
20109
20110
20112
20112
20116
20123
20124
20126
20129
20132
20139
20141
20144
20146
20148
20149
20151
20154
20160
20161
20174
20175
20180
20180
20185
20189
20195
20198
20198
20199
20203
20204
20205
20213
20214
20218
20220
20225
20232
20238
20240
20241
20249
20249
20250
20253
20257
20268
20269
20270
20271
20274
20280
20281
20286
20287
20296
20304
20305
20306
20306
20312
20319
20326
20330
20333
20337
20337
20338
20349
20359
20361
20361
20365
20366
20367
20376
20379
20387
20391
20396
20396
20397
20397
20399
20403
20403
20405
20415
20418
20419
20420
20422
20424
20425
20431
20432
20437
20438
20446
20448
20449
20465
20473
20473
20477
20479
20480
20482
20495
20496
20497
20502
20511
20512
20513
20513
20514
20516
20516
20519
20520
20526
20527
20532
20541
20545
20546
20553
20558
20562
20568
20569
20569
20570
20572
20577
20581
20587
20594
20601
20604
20607
20608
20609
20617
20620
20631
20634
20638
20641
20642
20642
20644
20644
20646
20647
20651
20652
20654
20655
20663
20672
20678
20682
20682
20692
20693
20694
20701
20703
20703
20704
20710
20710
20714
20720
20723
20725
20726
20728
20735
20735
20742
20744
20749
20751
20752
20752
20754
20758
20759
20760
20762
20763
20767
20772
20772
20772
20772
20774
20778
20780
20783
20784
20786
20786
20789
20790
20794
20796
20797
20798
20807
20808
20811
20813
20816
20819
20828
20829
20830
20831
20832
20833
20836
20836
20837
20838
20843
20843
20844
20845
20852
20853
20856
20865
20865
20866
20866
20868
20873
20875
20880
20881
20884
20884
20885
20885
20886
20892
20896
20896
20897
20900
20901
20903
20904
20904
20908
20908
20911
20923
20925
20928
20929
20934
20938
20939
20951
20951
20956
20957
20962
20965
20965
20967
20967
20972
20974
20977
20981
20984
20985
20985
20987
20988
20991
20994
20998
21001
21003
21005
21006
21006
21010
21010
21014
21017
21019
21022
21027
21031
21036
21047
21060
21061
21062
21066
21071
21073
21074
21077
21092
21093
21094
21100
21102
21108
21123
21132
21135
21138
21140
21141
21144
21144
21145
21147
21150
21150
21154
21165
21171
21173
21173
21173
21176
21176
21181
21183
21189
21191
21192
21195
21200
21201
21207
21207
21215
21216
21218
21223
21226
21226
21228
21229
21243
21243
21251
21253
21255
21263
21263
21266
21270
21278
21286
21289
21290
21295
21300
21307
21313
21315
21318
21318
21321
21321
21324
21331
21341
21343
21358
21358
21363
21366
21366
21373
21374
21377
21377
21380
21381
21384
21385
21390
21390
21391
21392
21400
21411
21412
21424
21429
21433
21437
21437
21446
21447
21448
21452
21454
21455
21459
21464
21467
21469
21470
21472
21475
21478
21480
21488
21488
21489
21490
21493
21497
21500
21500
21513
21522
21534
21535
21539
21547
21547
21548
21548
21554
21557
21562
21562
21572
21575
21577
21577
21578
21580
21583
21589
21589
21590
21590
21591
21593
21598
21603
21605
21605
21609
21611
21618
21625
21628
21628
21628
21629
21631
21638
21638
21640
21640
21641
21656
21659
21663
21667
21667
21673
21674
21675
21677
21679
21685
21685
21689
21694
21697
21699
21704
21711
21715
21717
21728
21730
21731
21734
21734
21736
21741
21743
21743
21746
21746
21754
21761
21762
21763
21767
21768
21774
21777
21778
21779
21783
21784
21785
21788
21789
21794
21799
21807
21810
21811
21814
21815
21817
21826
21835
21840
21846
21847
21848
21853
21857
21861
21861
21865
21865
21875
21882
21884
21886
21891
21892
21905
21906
21912
21922
21923
21926
21931
21931
21936
21936
21940
21944
21948
21955
21961
21962
21965
21974
21985
21986
21986
21991
21992
21996
21998
22001
22004
22004
22004
22007
22015
22024
22026
22030
22035
22042
22042
22050
22070
22071
22071
22071
22072
22073
22075
22076
22077
22078
22081
22083
22088
22092
22093
22097
22098
22098
22100
22101
22107
22112
22118
22119
22120
22125
22130
22133
22135
22135
22136
22142
22148
22150
22153
22154
22154
22155
22156
22157
22158
22159
22159
22162
22162
22162
22167
22169
22170
22176
22183
22185
22186
22193
22195
22199
22201
22205
22206
22207
22209
22212
22212
22217
22223
22226
22232
22236
22242
22246
22248
22251
22255
22256
22256
22269
22279
22289
22291
22291
22295
22296
22296
22305
22306
22308
22312
22313
22316
22319
22322
22322
22330
22331
22342
22343
22345
22347
22349
22350
22351
22359
22365
22367
22369
22370
22376
22377
22379
22380
22382
22382
22383
22384
22386
22394
22396
22397
22401
22404
22417
22417
22419
22421
22425
22427
22439
22441
22442
22442
22443
22445
22446
22449
22453
22457
22464
22468
22469
22474
22474
22476
22477
22480
22483
22484
22490
22492
22492
22493
22499
22499
22501
22505
22509
22509
22509
22510
22516
22533
22541
22542
22553
22557
22558
22564
22564
22564
22573
22580
22587
22590
22593
22595
22606
22606
22614
22624
22625
22631
22647
22657
22661
22664
22665
22669
22670
22671
22672
22679
22680
22687
22688
22691
22698
22698
22704
22705
22706
22715
22718
22727
22728
22729
22729
22737
22739
22749
22750
22755
22759
22760
22772
22775
22777
22784
22785
22785
22786
22788
22788
22802
22803
22811
22817
22821
22825
22827
22830
22833
22834
22835
22840
22840
22845
22847
22849
22850
22863
22864
22865
22866
22875
22878
22880
22881
22881
22884
22891
22894
22894
22896
22912
22921
22922
22923
22924
22926
22928
22936
22937
22938
22939
22946
22948
22949
22950
22950
22950
22961
22965
22975
22976
22986
22999
23000
23007
23007
23008
23012
23018
23022
23022
23030
23034
23041
23047
23050
23054
23058
23060
23060
23064
23066
23069
23078
23082
23087
23087
23092
23095
23099
23099
23105
23110
23110
23123
23125
23138
23139
23140
23149
23149
23151
23153
23156
23162
23164
23171
23178
23183
23183
23183
23185
23195
23199
23200
23210
23210
23210
23215
23223
23225
23228
23229
23229
23232
23236
23239
23242
23242
23245
23246
23246
23249
23249
23257
23260
23267
23268
23274
23274
23284
23285
23291
23294
23305
23311
23312
23313
23313
23321
23323
23337
23353
23363
23363
23367
23368
23368
23369
23370
23372
23372
23373
23373
23373
23373
23377
23377
23379
23379
23380
23382
23398
23403
23403
23405
23408
23412
23412
23416
23417
23429
23431
23433
23433
23438
23443
23444
23449
23450
23450
23451
23454
23456
23456
23457
23457
23459
23463
23467
23467
23472
23475
23481
23482
23484
23488
23489
23489
23489
23490
23496
23498
23499
23509
23515
23522
23524
23526
23531
23533
23534
23537
23540
23543
23549
23551
23553
23557
23559
23564
23567
23569
23570
23575
23576
23576
23577
23578
23580
23582
23585
23586
23591
23593
23599
23603
23608
23612
23615
23616
23617
23618
23620
23622
23626
23628
23629
23629
23635
23636
23644
23649
23654
23656
23662
23664
23668
23674
23676
23678
23681
23685
23687
23693
23696
23705
23706
23707
23710
23712
23717
23723
23724
23724
23724
23725
23728
23729
23731
23735
23736
23737
23740
23742
23746
23754
23755
23764
23765
23766
23771
23777
23777
23790
23796
23797
23799
23800
23804
23808
23810
23813
23822
23822
23823
23829
23841
23843
23846
23852
23853
23855
23855
23859
23863
23863
23874
23876
23882
23886
23888
23890
23891
23893
23895
23900
23900
23902
23905
23909
23909
23913
23915
23917
23920
23922
23923
23929
23929
23932
23933
23933
23934
23942
23945
23950
23952
23953
23956
23970
23975
23978
23979
23981
23985
23987
23992
24002
24010
24011
24017
24018
24026
24029
24041
24043
24044
24048
24048
24054
24057
24060
24062
24062
24063
24065
24065
24065
24067
24069
24081
24083
24088
24088
24089
24091
24093
24095
24095
24101
24103
24109
24115
24124
24129
24130
24130
24131
24135
24138
24139
24140
24141
24141
24142
24144
24154
24159
24161
24161
24165
24173
24180
24183
24183
24186
24188
24190
24198
24201
24206
24207
24211
24212
24214
24215
24220
24222
24228
24229
24231
24238
24243
24245
24248
24254
24262
24262
24268
24271
24278
24278
24279
24281
24282
24283
24285
24286
24287
24290
24292
24294
24297
24300
24306
24312
24313
24314
24316
24318
24329
24329
24334
24337
24338
24341
24343
24345
24354
24356
24369
24371
24372
24378
24379
24380
24383
24384
24387
24387
24390
24394
24394
24395
24402
24403
24407
24412
24415
24417
24417
24418
24419
24421
24424
24427
24428
24434
24435
24439
24445
24445
24448
24456
24470
24477
24487
24491
24497
24500
24504
24511
24512
24517
24523
24527
24528
24528
24543
24548
24550
24553
24555
24555
24558
24560
24561
24569
24574
24575
24579
24581
24582
24588
24601
24603
24610
24610
24613
24614
24615
24618
24621
24633
24639
24641
24644
24650
24654
24654
24656
24659
24660
24664
24667
24671
24675
24676
24682
24683
24694
24701
24707
24713
24713
24714
24716
24716
24718
24724
24726
24742
24745
24746
24757
24759
24759
24760
24762
24763
24770
24772
24773
24775
24779
24782
24787
24788
24793
24795
24799
24809
24810
24814
24818
24820
24826
24832
24835
24841
24844
24851
24861
24863
24868
24874
24878
24886
24889
24894
24897
24900
24902
24904
24905
24907
24908
24916
24919
24926
24927
24928
24929
24934
24935
24938
24944
24946
24946
24948
24951
24952
24954
24957
24963
24964
24966
24971
24973
24976
24976
24984
24989
24992
24995
24995
24997
25004
25009
25011
25011
25013
25014
25015
25016
25023
25026
25028
25031
25035
25039
25039
25046
25052
25059
25060
25063
25065
25068
25070
25073
25075
25078
25086
25091
25092
25094
25100
25104
25105
25107
25107
25108
25109
25109
25110
25119
25129
25138
25139
25140
25143
25145
25150
25152
25154
25155
25159
25163
25170
25171
25173
25178
25181
25185
25193
25194
25200
25202
25205
25205
25214
25220
25224
25229
25229
25230
25231
25238
25240
25241
25242
25245
25248
25248
25249
25250
25252
25255
25262
25269
25274
25275
25278
25279
25282
25283
25291
25297
25298
25301
25305
25309
25310
25314
25319
25322
25325
25332
25336
25336
25339
25346
25346
25346
25351
25351
25352
25353
25356
25357
25357
25360
25371
25377
25379
25380
25382
25382
25387
25387
25391
25396
25397
25399
25401
25402
25403
25404
25407
25410
25413
25419
25423
25428
25429
25431
25435
25436
25441
25441
25446
25447
25447
25451
25453
25455
25455
25457
25462
25468
25475
25480
25484
25485
25486
25488
25492
25498
25501
25503
25507
25513
25517
25520
25532
25533
25535
25537
25537
25539
25544
25545
25548
25555
25556
25562
25567
25577
25577
25582
25586
25588
25594
25594
25594
25596
25597
25597
25604
25604
25606
25606
25609
25610
25611
25615
25615
25616
25619
25619
25620
25624
25627
25632
25638
25638
25646
25647
25647
25650
25658
25659
25660
25667
25669
25670
25670
25672
25675
25685
25689
25689
25696
25700
25703
25706
25716
25722
25731
25734
25734
25740
25741
25746
25747
25749
25752
25754
25755
25755
25755
25759
25760
25762
25766
25778
25778
25783
25786
25786
25789
25790
25791
25793
25793
25794
25799
25808
25810
25813
25814
25815
25817
25819
25826
25838
25840
25840
25842
25845
25847
25848
25849
25851
25856
25858
25861
25861
25866
25866
25866
25867
25870
25880
25884
25885
25889
25890
25898
25899
25902
25902
25904
25911
25920
25925
25929
25932
25939
25951
25958
25958
25961
25971
25975
25977
25981
25982
25985
25998
25998
25999
26001
26013
26014
26014
26015
26016
26032
26034
26038
26039
26041
26048
26061
26061
26064
26075
26079
26080
26085
26086
26099
26105
26112
26121
26122
26124
26129
26129
26136
26137
26138
26139
26140
26141
26149
26151
26153
26154
26156
26157
26164
26165
26166
26169
26171
26176
26178
26182
26183
26184
26185
26187
26188
26192
26193
26196
26197
26198
26202
26206
26210
26214
26218
26219
26223
26227
26235
26240
26243
26244
26245
26253
26256
26258
26263
26264
26272
26279
26282
26284
26287
26293
26295
26297
26311
26312
26316
26318
26323
26325
26334
26338
26341
26341
26350
26352
26353
26354
26355
26361
26362
26369
26375
26379
26380
26381
26390
26396
26396
26397
26401
26408
26410
26412
26417
26419
26422
26426
26427
26431
26434
26441
26453
26467
26467
26469
26474
26476
26478
26479
26481
26483
26488
26491
26492
26495
26495
26504
26505
26508
26514
26515
26518
26518
26523
26524
26525
26525
26530
26532
26533
26537
26540
26545
26545
26547
26551
26551
26551
26564
26568
26574
26578
26593
26603
26603
26607
26609
26611
26611
26613
26617
26617
26619
26636
26636
26639
26640
26646
26647
26649
26649
26653
26653
26657
26657
26658
26662
26669
26670
26676
26677
26678
26680
26681
26681
26693
26697
26697
26699
26699
26713
26716
26717
26719
26721
26723
26726
26726
26726
26728
26728
26730
26732
26735
26735
26737
26741
26746
26748
26748
26752
26752
26752
26754
26754
26759
26760
26765
26767
26771
26778
26781
26796
26807
26816
26818
26821
26824
26829
26836
26836
26842
26843
26845
26848
26850
26850
26854
26854
26857
26857
26858
26863
26867
26869
26869
26870
26873
26876
26878
26882
26883
26884
26886
26887
26890
26894
26896
26898
26901
26907
26911
26917
26918
26918
26919
26921
26922
26927
26929
26933
26934
26935
26937
26941
26943
26945
26950
26955
26960
26960
26960
26961
26964
26966
26968
26970
26976
26980
26984
26988
26989
26994
26997
26999
27000
27001
27001
27003
27004
27004
27005
27005
27011
27012
27013
27017
27017
27023
27028
27029
27032
27034
27036
27037
27040
27045
27045
27051
27052
27052
27055
27062
27065
27067
27074
27074
27076
27085
27087
27088
27090
27093
27098
27103
27103
27105
27113
27118
27121
27126
27128
27135
27141
27142
27142
27143
27143
27144
27145
27149
27151
27153
27154
27157
27166
27171
27172
27177
27182
27186
27188
27189
27190
27194
27195
27197
27198
27199
27200
27203
27207
27215
27221
27222
27227
27230
27233
27235
27237
27237
27238
27242
27242
27243
27243
27247
27248
27254
27254
27263
27263
27263
27265
27269
27270
27270
27270
27275
27277
27279
27286
27287
27292
27293
27295
27295
27299
27303
27303
27304
27314
27321
27325
27328
27331
27335
27341
27342
27356
27358
27360
27363
27366
27368
27372
27377
27378
27381
27382
27385
27393
27395
27396
27397
27408
27411
27412
27420
27421
27424
27425
27425
27426
27430
27434
27435
27436
27450
27457
27457
27465
27467
27471
27472
27474
27475
27476
27478
27480
27482
27492
27505
27506
27510
27512
27522
27523
27526
27528
27529
27533
27534
27535
27537
27539
27540
27544
27555
27559
27563
27564
27566
27572
27578
27580
27592
27595
27599
27602
27603
27603
27610
27610
27611
27615
27617
27621
27622
27622
27623
27625
27628
27635
27635
27639
27640
27642
27644
27645
27646
27646
27648
27649
27653
27659
27663
27668
27671
27673
27680
27682
27684
27686
27687
27689
27691
27705
27715
27733
27737
27742
27742
27746
27747
27751
27754
27755
27766
27768
27771
27779
27783
27783
27784
27785
27788
27795
27801
27802
27805
27810
27810
27820
27824
27825
27827
27830
27832
27840
27844
27844
27856
27858
27861
27862
27867
27870
27872
27874
27877
27878
27879
27886
27888
27891
27893
27896
27901
27902
27905
27917
27921
27921
27929
27931
27932
27933
27940
27946
27947
27948
27958
27959
27959
27959
27969
27972
27974
27974
27977
27979
27980
27980
27982
27984
27984
27986
27987
27987
27988
27992
27992
27996
27999
28001
28004
28010
28010
28016
28016
28016
28018
28022
28041
28046
28050
28056
28057
28059
28059
28061
28070
28074
28075
28081
28088
28109
28109
28110
28111
28115
28116
28117
28117
28118
28122
28127
28150
28158
28158
28160
28170
28177
28178
28178
28180
28180
28183
28184
28188
28189
28191
28192
28193
28195
28204
28205
28205
28207
28212
28213
28213
28215
28215
28216
28218
28228
28229
28231
28233
28239
28243
28244
28244
28246
28247
28249
28249
28252
28253
28257
28261
28267
28268
28269
28270
28273
28274
28275
28284
28290
28292
28293
28298
28299
28300
28304
28306
28306
28310
28310
28314
28314
28320
28320
28320
28321
28326
28328
28335
28337
28339
28341
28352
28357
28372
28374
28374
28377
28378
28379
28389
28392
28393
28394
28395
28397
28405
28406
28406
28409
28424
28437
28442
28444
28448
28452
28453
28453
28460
28461
28462
28463
28464
28477
28481
28486
28487
28496
28498
28501
28502
28503
28507
28514
28517
28525
28529
28531
28536
28539
28540
28542
28542
28543
28544
28544
28548
28562
28562
28562
28566
28573
28576
28579
28586
28587
28589
28596
28597
28598
28604
28606
28608
28621
28622
28626
28632
28632
28632
28639
28644
28650
28657
28657
28665
28666
28671
28677
28679
28680
28680
28683
28684
28698
28701
28701
28702
28708
28712
28713
28717
28740
28744
28744
28749
28755
28759
28763
28766
28766
28769
28769
28770
28778
28780
28782
28795
28796
28796
28804
28808
28810
28815
28823
28825
28825
28828
28835
28836
28838
28839
28839
28841
28842
28850
28851
28851
28853
28860
28861
28861
28862
28863
28868
28871
28873
28873
28874
28877
28881
28886
28888
28893
28900
28902
28902
28904
28905
28908
28908
28908
28911
28913
28915
28920
28931
28934
28937
28938
28939
28942
28943
28945
28946
28947
28951
28957
28958
28960
28963
28964
28964
28968
28969
28969
28972
28974
28977
28978
28987
29000
29004
29006
29006
29007
29016
29023
29025
29025
29027
29030
29043
29048
29054
29068
29070
29071
29072
29077
29078
29083
29083
29092
29102
29102
29105
29108
29115
29117
29125
29131
29138
29142
29149
29150
29155
29155
29155
29160
29161
29162
29162
29167
29170
29173
29175
29175
29178
29180
29186
29186
29189
29191
29193
29199
29200
29202
29204
29206
29207
29213
29213
29214
29216
29217
29222
29226
29241
29242
29243
29248
29251
29255
29266
29268
29273
29279
29281
29290
29293
29301
29315
29316
29319
29319
29330
29341
29344
29354
29354
29355
29357
29358
29361
29361
29363
29364
29366
29376
29393
29398
29398
29399
29411
29413
29419
29422
29422
29431
29434
29436
29440
29445
29445
29448
29448
29451
29458
29461
29465
29466
29473
29490
29492
29493
29497
29498
29501
29502
29506
29508
29508
29511
29518
29518
29526
29533
29540
29543
29543
29544
29552
29558
29559
29561
29563
29567
29571
29572
29574
29577
29581
29583
29584
29588
29588
29598
29600
29603
29604
29607
29610
29612
29616
29621
29621
29623
29623
29625
29634
29643
29643
29643
29646
29648
29651
29657
29664
29665
29673
29683
29687
29693
29695
29697
29700
29703
29703
29703
29712
29714
29718
29719
29721
29721
29732
29733
29735
29738
29740
29747
29758
29766
29768
29771
29772
29774
29776
29781
29785
29789
29794
29803
29804
29805
29808
29813
29813
29813
29814
29815
29817
29821
29821
29824
29824
29825
29826
29832
29832
29840
29842
29846
29857
29857
29863
29864
29869
29878
29878
29879
29880
29882
29883
29890
29891
29895
29898
29904
29916
29917
29922
29925
29933
29936
29936
29942
29943
29950
29950
29950
29958
29959
29961
29968
29970
29975
29981
29984
29985
29985
29987
29995
29996
29999
30001
30006
30012
30014
30020
30028
30030
30032
30036
30038
30039
30040
30042
30044
30048
30049
30059
30063
30066
30066
30071
30073
30078
30079
30079
30081
30084
30085
30087
30089
30092
30093
30096
30097
30106
30106
30110
30116
30122
30125
30138
30154
30156
30158
30159
30163
30166
30171
30171
30186
30190
30196
30196
30199
30202
30205
30207
30215
30218
30218
30222
30222
30222
30225
30235
30241
30250
30251
30256
30258
30262
30270
30271
30271
30272
30272
30274
30279
30280
30283
30291
30293
30294
30298
30301
30304
30306
30307
30309
30311
30311
30314
30315
30317
30321
30322
30323
30327
30331
30334
30336
30337
30342
30343
30344
30346
30347
30349
30349
30350
30351
30352
30353
30354
30358
30361
30364
30368
30370
30372
30374
30380
30381
30381
30384
30389
30391
30404
30405
30406
30408
30408
30414
30415
30419
30421
30422
30428
30429
30430
30430
30431
30435
30438
30442
30450
30450
30452
30452
30458
30460
30461
30466
30467
30468
30477
30482
30484
30487
30487
30488
30497
30504
30506
30508
30509
30514
30514
30520
30520
30526
30529
30534
30544
30546
30550
30550
30552
30554
30554
30554
30556
30558
30565
30570
30571
30577
30580
30581
30584
30585
30587
30589
30591
30599
30600
30603
30605
30605
30613
30615
30618
30631
30639
30641
30644
30645
30646
30652
30655
30659
30659
30663
30664
30665
30667
30667
30672
30677
30678
30679
30680
30683
30688
30691
30692
30692
30694
30701
30707
30708
30711
30713
30713
30720
30725
30731
30732
30733
30737
30749
30750
30753
30758
30760
30761
30762
30775
30780
30780
30785
30786
30786
30788
30790
30795
30800
30801
30803
30808
30811
30811
30815
30827
30830
30832
30833
30835
30836
30839
30840
30841
30848
30850
30853
30854
30855
30856
30857
30860
30860
30860
30866
30883
30889
30889
30891
30898
30909
30912
30914
30915
30916
30918
30918
30920
30920
30927
30933
30934
30934
30949
30949
30954
30956
30963
30963
30969
30970
30973
30977
30980
30994
30994
30997
30997
31000
31000
31001
31002
31005
31006
31012
31012
31015
31022
31026
31029
31038
31041
31045
31047
31048
31056
31058
31059
31065
31067
31071
31093
31093
31095
31096
31100
31105
31111
31114
31120
31121
31122
31124
31124
31125
31128
31128
31128
31129
31131
31132
31134
31136
31137
31139
31148
31152
31153
31156
31158
31161
31164
31170
31172
31174
31183
31183
31186
31188
31193
31202
31203
31204
31207
31208
31209
31210
31213
31213
31221
31222
31222
31227
31236
31237
31239
31242
31245
31245
31246
31246
31252
31254
31254
31256
31256
31265
31268
31273
31277
31278
31278
31278
31283
31284
31285
31287
31288
31290
31292
31294
31295
31296
31296
31297
31301
31302
31311
31318
31331
31345
31345
31346
31349
31351
31365
31369
31370
31370
31372
31374
31374
31380
31400
31400
31402
31409
31410
31414
31415
31424
31425
31428
31430
31436
31444
31445
31446
31451
31452
31455
31457
31458
31460
31462
31467
31470
31478
31482
31483
31485
31489
31493
31494
31498
31500
31500
31509
31511
31518
31521
31527
31532
31536
31540
31547
31548
31556
31560
31560
31562
31567
31567
31568
31570
31570
31573
31575
31575
31577
31581
31585
31588
31590
31595
31611
31617
31623
31625
31625
31629
31631
31631
31632
31634
31635
31647
31651
31655
31655
31664
31668
31672
31673
31673
31673
31676
31680
31681
31682
31684
31684
31685
31688
31690
31694
31696
31709
31710
31717
31717
31718
31719
31720
31722
31723
31728
31729
31730
31732
31733
31739
31742
31756
31758
31761
31763
31769
31773
31775
31780
31781
31781
31784
31789
31799
31809
31816
31818
31819
31824
31825
31832
31838
31854
31858
31859
31865
31869
31880
31881
31882
31884
31886
31892
31896
31897
31917
31920
31925
31928
31928
31933
31945
31949
31949
31954
31955
31957
31958
31958
31959
31969
31970
31970
31976
31977
31979
31981
31986
31986
31986
31987
31991
31992
31997
32006
32009
32011
32013
32015
32016
32017
32035
32038
32039
32043
32045
32047
32047
32050
32050
32053
32060
32060
32062
32067
32071
32077
32078
32078
32080
32086
32089
32093
32096
32096
32096
32098
32099
32099
32102
32110
32118
32120
32120
32120
32126
32126
32126
32130
32130
32130
32132
32132
32134
32135
32135
32138
32149
32151
32154
32163
32165
32168
32169
32173
32180
32180
32185
32185
32186
32188
32197
32202
32206
32206
32207
32208
32209
32209
32211
32211
32220
32222
32226
32235
32236
32241
32246
32252
32261
32266
32271
32285
32289
32293
32294
32303
32305
32311
32312
32318
32322
32323
32328
32331
32342
32348
32353
32360
32364
32370
32378
32380
32383
32385
32389
32390
32395
32396
32406
32416
32418
32418
32421
32424
32428
32430
32431
32433
32435
32436
32440
32441
32443
32452
32455
32465
32469
32472
32473
32479
32479
32481
32484
32484
32487
32495
32496
32501
32501
32502
32507
32513
32515
32518
32521
32524
32524
32527
32530
32532
32534
32542
32553
32562
32567
32570
32580
32580
32584
32587
32589
32589
32595
32599
32601
32604
32605
32606
32606
32608
32609
32610
32610
32611
32611
32611
32612
32614
32616
32633
32635
32638
32641
32650
32657
32658
32660
32666
32667
32677
32680
32689
32694
32696
32697
32702
32702
32707
32707
32708
32710
32717
32717
32718
32722
32722
32730
32731
32733
32734
32735
32741
32742
32744
32752
32762
32766
