6
6
10
12
13
17
18
19
24
25
29
35
46
47
50
51
63
67
68
69
69
75
75
77
80
81
81
83
85
90
93
94
100
100
101
108
110
111
111
112
114
119
122
126
127
128
129
131
132
132
141
147
148
154
162
167
168
172
172
174
177
184
193
193
193
202
203
204
211
217
219
220
222
227
229
231
238
239
245
245
259
260
263
265
269
270
276
279
280
283
294
295
298
309
309
317
317
318
319
323
326
327
331
334
336
344
348
349
352
353
360
363
370
372
373
374
374
375
376
378
380
381
390
392
395
402
409
411
413
414
414
420
427
430
431
431
434
435
437
437
440
441
441
445
467
468
470
470
473
483
483
487
487
492
496
504
504
505
515
524
525
526
533
533
541
543
546
549
560
561
567
569
572
574
575
577
580
585
592
593
594
595
597
600
609
609
618
619
624
625
632
635
636
641
642
654
660
666
670
674
680
682
685
689
689
689
704
706
710
716
718
719
719
719
721
726
727
728
734
740
741
742
744
746
753
755
756
761
767
767
770
770
770
771
772
773
774
781
782
783
787
792
794
795
796
802
804
808
814
818
818
819
820
820
821
828
835
846
849
850
850
851
858
860
869
871
872
872
882
883
885
885
886
886
889
905
911
923
931
933
934
935
936
936
937
937
944
944
950
951
953
956
958
958
960
961
961
961
966
969
970
971
976
977
981
988
990
992
997
1000
1000
1000
1008
1012
1013
1014
1023
1026
1027
1029
1030
1030
1030
1035
1035
1040
1042
1053
1056
1057
1060
1061
1075
1075
1078
1082
1084
1084
1084
1098
1103
1107
1107
1111
1111
1116
1119
1120
1121
1127
1127
1129
1131
1131
1135
1137
1139
1142
1144
1144
1150
1150
1156
1156
1157
1158
1158
1158
1163
1167
1170
1171
1172
1173
1174
1176
1184
1185
1189
1190
1196
1198
1199
1201
1202
1205
1212
1213
1215
1223
1223
1225
1226
1226
1228
1239
1244
1245
1262
1265
1273
1276
1278
1278
1289
1290
1295
1301
1311
1316
1317
1330
1333
1337
1340
1350
1355
1360
1364
1369
1369
1370
1372
1380
1386
1386
1386
1386
1390
1392
1396
1400
1404
1413
1415
1416
1422
1427
1429
1438
1440
1444
1446
1450
1454
1455
1458
1466
1469
1471
1472
1473
1478
1478
1479
1483
1485
1489
1490
1492
1492
1497
1500
1500
1502
1504
1507
1508
1510
1513
1514
1515
1525
1526
1526
1540
1549
1549
1554
1555
1560
1561
1561
1563
1576
1577
1587
1588
1590
1598
1599
1601
1605
1625
1626
1629
1636
1642
1656
1661
1664
1666
1670
1670
1670
1672
1674
1675
1679
1681
1684
1684
1686
1690
1691
1692
1698
1700
1701
1709
1710
1711
1711
1713
1722
1727
1730
1732
1736
1743
1750
1752
1753
1760
1762
1764
1767
1769
1775
1778
1779
1779
1779
1780
1782
1791
1796
1797
1799
1807
1807
1808
1808
1810
1811
1811
1813
1814
1815
1818
1824
1828
1830
1830
1835
1838
1841
1841
1843
1847
1869
1871
1875
1878
1881
1884
1888
1893
1896
1903
1913
1913
1915
1917
1921
1924
1925
1928
1929
1932
1932
1933
1934
1938
1942
1946
1947
1955
1964
1965
1975
1975
1976
1982
1985
1989
1993
1995
1996
1997
1998
2005
2007
2008
2009
2016
2018
2020
2021
2027
2043
2043
2046
2046
2048
2053
2058
2058
2066
2071
2071
2074
2075
2095
2095
2096
2098
2101
2101
2108
2109
2110
2110
2110
2118
2122
2122
2133
2135
2136
2139
2140
2150
2152
2152
2153
2156
2160
2161
2164
2176
2177
2183
2183
2183
2189
2197
2197
2202
2203
2204
2208
2210
2211
2214
2214
2216
2217
2222
2223
2226
2231
2234
2236
2237
2240
2240
2241
2243
2245
2250
2250
2257
2259
2263
2267
2267
2269
2271
2271
2273
2273
2274
2276
2277
2281
2282
2287
2287
2300
2303
2309
2314
2317
2320
2323
2325
2325
2334
2339
2352
2365
2373
2373
2373
2374
2374
2379
2381
2385
2386
2386
2387
2388
2396
2398
2398
2398
2399
2404
2406
2409
2409
2410
2411
2417
2418
2423
2430
2430
2430
2431
2432
2448
2456
2457
2460
2465
2466
2468
2478
2492
2493
2495
2495
2498
2499
2500
2502
2505
2511
2515
2515
2516
2521
2526
2529
2539
2541
2542
2543
2544
2546
2549
2550
2552
2558
2569
2569
2578
2579
2582
2584
2592
2592
2599
2599
2599
2600
2601
2603
2604
2608
2609
2612
2615
2620
2622
2630
2630
2637
2640
2644
2649
2650
2652
2655
2657
2661
2666
2669
2673
2674
2674
2676
2679
2679
2680
2690
2697
2704
2705
2706
2714
2715
2721
2724
2728
2734
2740
2740
2752
2754
2755
2757
2762
2765
2769
2773
2774
2775
2776
2776
2777
2779
2783
2785
2789
2790
2791
2791
2797
2802
2806
2807
2808
2809
2812
2812
2817
2818
2819
2822
2827
2839
2849
2852
2856
2857
2859
2865
2866
2868
2873
2886
2892
2893
2900
2904
2907
2908
2914
2915
2919
2924
2924
2925
2925
2927
2936
2945
2947
2951
2957
2959
2959
2963
2966
2969
2976
2979
2980
2988
2992
2995
2999
2999
3001
3004
3008
3012
3015
3018
3026
3035
3035
3040
3040
3044
3050
3054
3058
3065
3067
3082
3086
3103
3105
3112
3119
3120
3121
3123
3137
3138
3139
3144
3144
3145
3147
3152
3155
3160
3165
3177
3177
3183
3186
3195
3210
3212
3217
3221
3224
3224
3225
3225
3226
3228
3231
3231
3233
3233
3236
3243
3246
3247
3248
3248
3249
3268
3273
3273
3274
3274
3275
3284
3287
3289
3289
3290
3295
3296
3299
3308
3311
3312
3326
3326
3329
3330
3331
3332
3333
3341
3341
3343
3345
3346
3353
3356
3358
3371
3373
3373
3374
3381
3385
3392
3392
3396
3400
3403
3403
3403
3411
3415
3418
3419
3419
3420
3422
3423
3427
3429
3434
3435
3437
3438
3447
3448
3452
3452
3452
3467
3471
3482
3482
3486
3486
3499
3503
3506
3506
3507
3511
3515
3517
3517
3517
3520
3520
3529
3538
3548
3550
3559
3562
3572
3574
3575
3578
3579
3580
3581
3585
3585
3586
3587
3589
3593
3608
3619
3622
3623
3623
3625
3626
3627
3636
3643
3653
3654
3657
3669
3673
3674
3676
3677
3682
3686
3687
3692
3692
3693
3694
3697
3700
3709
3714
3720
3722
3722
3723
3723
3726
3728
3732
3734
3737
3738
3738
3746
3747
3748
3750
3753
3762
3764
3766
3767
3767
3779
3781
3787
3792
3795
3801
3803
3804
3804
3813
3814
3823
3825
3829
3831
3832
3833
3839
3846
3847
3852
3856
3878
3885
3888
3891
3895
3897
3904
3906
3913
3914
3920
3920
3924
3929
3929
3938
3939
3940
3941
3946
3950
3953
3958
3962
3967
3971
3976
3984
3985
3986
3987
3987
3987
3987
4003
4020
4029
4030
4034
4037
4042
4046
4050
4051
4062
4070
4072
4073
4074
4074
4076
4081
4082
4085
4088
4091
4097
4105
4105
4109
4110
4111
4112
4116
4117
4117
4121
4130
4132
4136
4136
4142
4144
4145
4145
4153
4155
4157
4158
4159
4160
4164
4164
4166
4167
4182
4182
4182
4184
4184
4191
4193
4199
4201
4210
4213
4218
4221
4222
4226
4228
4235
4245
4247
4248
4251
4253
4256
4258
4259
4259
4261
4261
4281
4285
4292
4293
4295
4299
4308
4312
4314
4326
4327
4327
4331
4331
4331
4334
4338
4342
4344
4352
4356
4360
4367
4377
4379
4379
4383
4388
4389
4391
4392
4394
4394
4397
4399
4406
4411
4421
4423
4424
4426
4426
4439
4439
4441
4447
4449
4454
4455
4458
4460
4461
4462
4464
4464
4473
4480
4481
4482
4483
4485
4489
4489
4492
4494
4496
4497
4497
4500
4501
4502
4503
4511
4512
4516
4517
4521
4523
4532
4533
4534
4539
4540
4540
4545
4546
4551
4552
4553
4558
4559
4561
4562
4563
4564
4567
4578
4578
4582
4584
4600
4603
4604
4615
4616
4619
4620
4624
4628
4633
4634
4638
4640
4641
4643
4646
4654
4661
4662
4666
4666
4677
4679
4680
4680
4684
4688
4690
4701
4704
4705
4708
4715
4716
4717
4718
4720
4721
4729
4737
4737
4746
4748
4748
4749
4751
4752
4762
4764
4766
4768
4777
4780
4784
4784
4785
4799
4800
4802
4802
4802
4809
4817
4817
4819
4820
4823
4825
4826
4829
4832
4834
4834
4839
4843
4843
4850
4852
4860
4868
4870
4870
4875
4876
4883
4883
4886
4893
4895
4895
4897
4901
4905
4905
4908
4909
4921
4925
4929
4933
4934
4936
4937
4947
4958
4960
4962
4963
4969
4971
4980
4981
4985
4986
4988
4990
4992
4996
5001
5001
5006
5012
5014
5018
5020
5022
5029
5033
5034
5049
5052
5053
5055
5060
5066
5076
5076
5080
5083
5088
5088
5092
5093
5094
5097
5097
5101
5109
5116
5116
5118
5120
5126
5132
5133
5141
5147
5150
5157
5157
5163
5164
5168
5169
5169
5178
5179
5179
5185
5198
5198
5204
5205
5205
5208
5210
5217
5227
5230
5232
5234
5237
5241
5241
5241
5247
5250
5250
5251
5252
5254
5257
5259
5262
5264
5267
5270
5270
5272
5276
5277
5277
5280
5281
5284
5292
5297
5297
5298
5299
5306
5307
5307
5308
5311
5314
5316
5318
5320
5321
5321
5325
5325
5331
5335
5337
5340
5344
5345
5346
5347
5352
5357
5360
5361
5364
5364
5365
5366
5375
5377
5377
5382
5383
5383
5394
5398
5401
5401
5401
5403
5404
5404
5408
5414
5418
5423
5424
5427
5428
5433
5438
5443
5453
5460
5460
5461
5462
5465
5471
5471
5471
5471
5472
5474
5474
5477
5482
5483
5483
5484
5486
5487
5490
5494
5494
5496
5499
5508
5510
5513
5514
5516
5522
5525
5528
5531
5531
5535
5536
5539
5541
5543
5545
5548
5549
5550
5550
5550
5552
5555
5561
5564
5565
5567
5574
5576
5577
5586
5586
5594
5598
5598
5599
5602
5604
5606
5606
5607
5609
5611
5611
5613
5615
5622
5629
5635
5638
5643
5647
5648
5650
5655
5669
5671
5675
5676
5682
5684
5689
5689
5692
5694
5700
5705
5708
5709
5716
5718
5719
5720
5722
5723
5726
5731
5732
5737
5740
5740
5740
5743
5746
5748
5749
5755
5755
5756
5758
5760
5771
5772
5777
5782
5786
5794
5800
5800
5801
5804
5806
5808
5810
5810
5818
5826
5827
5829
5832
5837
5838
5839
5839
5849
5849
5851
5852
5853
5857
5857
5859
5861
5864
5867
5869
5872
5874
5875
5876
5878
5880
5880
5881
5882
5886
5886
5887
5888
5891
5899
5902
5905
5905
5912
5926
5938
5940
5946
5946
5948
5948
5949
5957
5968
5969
5976
5977
5979
5983
5983
5984
5988
5998
5999
6011
6011
6014
6017
6018
6018
6026
6028
6028
6030
6036
6041
6041
6044
6044
6047
6053
6059
6067
6067
6069
6072
6085
6088
6092
6093
6100
6102
6104
6116
6117
6120
6122
6123
6123
6126
6133
6137
6140
6141
6143
6144
6148
6163
6163
6164
6172
6175
6176
6187
6189
6195
6201
6202
6203
6208
6208
6212
6216
6218
6223
6224
6224
6226
6231
6234
6239
6241
6249
6250
6250
6255
6256
6264
6265
6266
6270
6275
6276
6284
6285
6287
6290
6291
6310
6312
6320
6321
6322
6323
6324
6328
6329
6337
6343
6348
6349
6350
6356
6357
6377
6392
6402
6405
6409
6422
6424
6426
6427
6436
6439
6441
6442
6445
6447
6453
6464
6470
6475
6482
6483
6486
6488
6489
6490
6496
6498
6500
6500
6508
6509
6511
6511
6511
6513
6513
6520
6520
6522
6523
6526
6536
6540
6545
6545
6545
6546
6547
6564
6566
6576
6584
6593
6594
6598
6599
6599
6601
6606
6608
6609
6613
6613
6616
6620
6622
6623
6629
6630
6635
6639
6650
6650
6656
6659
6662
6666
6675
6676
6691
6694
6694
6704
6711
6714
6716
6717
6722
6725
6725
6727
6727
6736
6745
6748
6748
6750
6750
6752
6757
6760
6762
6768
6768
6779
6786
6787
6795
6796
6797
6798
6798
6798
6800
6800
6800
6803
6803
6806
6815
6816
6816
6818
6819
6821
6824
6827
6832
6834
6834
6837
6838
6840
6843
6846
6848
6852
6858
6859
6861
6865
6865
6868
6869
6881
6882
6886
6890
6891
6891
6891
6896
6902
6903
6906
6908
6909
6918
6920
6922
6928
6929
6932
6932
6934
6938
6941
6943
6948
6949
6952
6956
6957
6959
6960
6966
6986
6990
6990
6991
6993
6995
6995
7002
7014
7014
7017
7018
7018
7032
7034
7035
7036
7042
7048
7048
7050
7051
7053
7058
7060
7061
7061
7064
7066
7077
7078
7080
7084
7086
7088
7090
7103
7107
7117
7119
7120
7124
7125
7125
7128
7132
7134
7137
7140
7141
7141
7144
7147
7152
7153
7160
7161
7162
7175
7176
7177
7188
7198
7199
7205
7205
7211
7214
7217
7217
7220
7222
7223
7224
7226
7236
7237
7237
7238
7240
7246
7251
7253
7253
7258
7262
7266
7267
7267
7270
7271
7273
7273
7274
7276
7278
7279
7280
7282
7283
7288
7288
7289
7294
7295
7303
7303
7303
7305
7305
7318
7318
7321
7322
7330
7336
7338
7340
7343
7347
7355
7357
7358
7360
7376
7376
7380
7380
7381
7385
7389
7397
7405
7409
7409
7409
7421
7422
7423
7425
7426
7434
7435
7438
7440
7444
7447
7447
7448
7450
7453
7455
7455
7458
7470
7472
7473
7479
7479
7483
7485
7492
7494
7496
7498
7498
7503
7505
7505
7507
7510
7526
7526
7535
7536
7540
7544
7544
7545
7552
7554
7561
7565
7569
7572
7572
7573
7583
7588
7595
7601
7602
7605
7607
7610
7610
7613
7614
7615
7616
7616
7617
7618
7622
7623
7624
7636
7636
7639
7642
7645
7653
7655
7660
7665
7666
7668
7670
7671
7673
7674
7675
7679
7681
7686
7687
7687
7688
7691
7693
7695
7695
7697
7698
7702
7709
7710
7711
7717
7721
7723
7727
7737
7739
7742
7747
7749
7763
7766
7767
7771
7774
7779
7780
7784
7784
7784
7785
7788
7793
7794
7795
7802
7807
7808
7808
7810
7812
7814
7816
7824
7829
7832
7832
7836
7838
7842
7844
7845
7845
7848
7849
7852
7853
7858
7858
7862
7863
7864
7864
7872
7876
7882
7882
7883
7885
7887
7891
7898
7898
7899
7903
7906
7911
7920
7923
7924
7926
7946
7949
7951
7954
7954
7958
7974
7976
7978
7980
7983
7983
7990
7990
7997
8000
8001
8004
8006
8006
8009
8012
8016
8016
8017
8026
8033
8033
8035
8046
8050
8064
8070
8071
8075
8078
8082
8083
8089
8089
8091
8091
8094
8096
8096
8099
8101
8102
8112
8114
8119
8121
8122
8123
8125
8128
8128
8131
8132
8135
8136
8139
8142
8143
8144
8146
8149
8151
8154
8156
8157
8158
8161
8164
8165
8167
8168
8176
8179
8179
8180
8184
8185
8186
8189
8190
8192
8193
8203
8206
8214
8222
8222
8224
8235
8237
8237
8238
8239
8253
8257
8257
8259
8265
8271
8273
8277
8280
8281
8282
8285
8288
8288
8290
8291
8294
8303
8312
8315
8317
8319
8320
8326
8330
8330
8337
8337
8341
8343
8347
8349
8351
8351
8352
8359
8364
8369
8369
8372
8373
8373
8373
8378
8380
8383
8383
8385
8392
8394
8396
8396
8399
8403
8406
8406
8411
8413
8422
8424
8429
8433
8433
8434
8434
8438
8442
8449
8450
8450
8452
8454
8460
8468
8478
8479
8481
8489
8489
8493
8494
8501
8503
8508
8512
8517
8518
8519
8521
8521
8522
8539
8542
8542
8545
8545
8550
8552
8553
8556
8557
8559
8565
8565
8572
8579
8579
8584
8588
8591
8593
8594
8595
8600
8600
8603
8603
8603
8603
8604
8608
8612
8614
8616
8617
8618
8620
8621
8622
8633
8635
8638
8641
8646
8646
8649
8651
8655
8659
8663
8669
8676
8678
8678
8682
8682
8682
8684
8688
8694
8696
8700
8702
8703
8709
8711
8711
8720
8725
8725
8726
8728
8734
8745
8747
8748
8748
8749
8764
8765
8769
8770
8771
8776
8776
8781
8782
8784
8789
8790
8791
8792
8794
8796
8798
8804
8806
8808
8812
8813
8813
8815
8828
8832
8833
8837
8839
8842
8843
8844
8847
8852
8858
8858
8858
8863
8870
8875
8878
8888
8896
8897
8901
8903
8904
8906
8915
8915
8916
8916
8919
8920
8924
8933
8934
8941
8950
8961
8976
8979
8979
8982
8987
8989
9000
9002
9003
9003
9005
9008
9010
9015
9016
9021
9021
9022
9022
9023
9027
9029
9036
9038
9040
9047
9048
9048
9049
9050
9052
9054
9054
9063
9070
9077
9079
9085
9086
9086
9086
9088
9094
9094
9095
9095
9096
9100
9100
9101
9104
9110
9111
9125
9129
9139
9144
9145
9149
9149
9150
9151
9156
9158
9169
9172
9183
9196
9197
9203
9209
9209
9209
9210
9214
9220
9220
9221
9223
9227
9228
9238
9241
9244
9247
9250
9251
9254
9254
9261
9261
9263
9263
9264
9265
9266
9267
9272
9274
9275
9275
9277
9278
9278
9279
9281
9283
9286
9292
9296
9296
9300
9300
9307
9308
9309
9310
9317
9317
9317
9317
9327
9334
9335
9339
9342
9348
9352
9353
9357
9361
9361
9362
9367
9368
9368
9370
9370
9375
9377
9380
9383
9386
9389
9392
9401
9402
9406
9411
9411
9412
9417
9418
9422
9424
9424
9428
9429
9431
9442
9443
9444
9449
9457
9463
9465
9466
9473
9474
9476
9479
9489
9501
9504
9504
9505
9510
9511
9516
9517
9531
9532
9534
9534
9538
9542
9546
9551
9552
9553
9557
9565
9571
9575
9579
9581
9584
9596
9599
9602
9607
9609
9613
9614
9618
9623
9637
9641
9642
9645
9645
9647
9648
9650
9652
9665
9665
9670
9675
9680
9681
9684
9687
9689
9689
9692
9693
9693
9695
9703
9704
9706
9709
9713
9717
9718
9721
9725
9729
9734
9735
9741
9742
9745
9746
9753
9754
9757
9758
9764
9764
9767
9774
9781
9783
9787
9803
9811
9816
9817
9819
9821
9823
9826
9834
9837
9842
9847
9850
9858
9864
9865
9875
9876
9883
9889
9897
9901
9901
9901
9905
9907
9912
9923
9924
9925
9930
9934
9934
9936
9949
9951
9955
9962
9964
9967
9969
9970
9972
9981
9983
9984
9996
10001
10002
10010
10010
10012
10021
10022
10023
10024
10029
10032
10036
10051
10055
10056
10057
10058
10060
10062
10066
10067
10068
10073
10079
10088
10091
10099
10102
10104
10106
10107
10108
10110
10113
10117
10117
10119
10120
10124
10125
10130
10134
10143
10144
10147
10157
10158
10159
10161
10163
10165
10167
10168
10171
10173
10174
10180
10180
10181
10182
10185
10186
10189
10196
10199
10201
10204
10205
10205
10207
10210
10215
10215
10218
10219
10220
10227
10230
10232
10239
10240
10241
10241
10244
10244
10248
10254
10255
10265
10266
10274
10286
10307
10311
10314
10315
10318
10319
10319
10320
10322
10323
10325
10328
10335
10336
10341
10349
10352
10372
10374
10379
10386
10389
10390
10399
10408
10420
10423
10423
10425
10426
10431
10432
10432
10433
10436
10437
10437
10440
10445
10450
10456
10466
10466
10475
10486
10488
10491
10492
10493
10493
10503
10505
10509
10510
10516
10517
10524
10536
10539
10540
10543
10553
10557
10557
10557
10561
10571
10572
10581
10592
10596
10599
10605
10606
10608
10619
10620
10622
10625
10625
10632
10633
10640
10642
10642
10645
10646
10652
10652
10660
10661
10672
10677
10679
10679
10681
10681
10690
10692
10693
10696
10697
10699
10709
10709
10710
10712
10713
10715
10719
10725
10735
10736
10736
10738
10745
10746
10746
10747
10752
10757
10774
10776
10788
10788
10788
10790
10794
10800
10801
10804
10808
10811
10818
10819
10822
10824
10825
10825
10837
10841
10850
10851
10852
10857
10862
10880
10881
10882
10888
10890
10891
10892
10896
10896
10896
10897
10897
10900
10900
10906
10909
10915
10916
10918
10920
10925
10932
10933
10947
10949
10950
10953
10955
10956
10963
10966
10967
10970
10971
10971
10973
10980
10985
10991
10991
10996
10999
11000
11000
11001
11010
11020
11024
11030
11043
11044
11053
11059
11063
11067
11073
11074
11076
11078
11079
11084
11086
11104
11105
11105
11108
11108
11110
11113
11116
11116
11121
11131
11134
11143
11147
11149
11151
11153
11155
11158
11163
11165
11172
11173
11173
11175
11176
11183
11190
11194
11195
11196
11199
11199
11206
11206
11216
11217
11218
11218
11222
11226
11229
11237
11238
11241
11244
11246
11246
11251
11255
11259
11259
11265
11265
11275
11277
11278
11280
11281
11282
11282
11286
11292
11295
11296
11305
11312
11312
11312
11315
11315
11319
11320
11325
11326
11331
11335
11341
11344
11345
11346
11355
11362
11366
11369
11370
11390
11391
11391
11393
11403
11404
11414
11414
11418
11421
11422
11424
11425
11431
11433
11435
11437
11443
11444
11454
11456
11460
11467
11470
11471
11476
11477
11479
11479
11480
11480
11496
11497
11498
11502
11505
11517
11519
11522
11522
11525
11531
11533
11534
11535
11537
11537
11539
11541
11545
11546
11549
11552
11553
11554
11554
11558
11559
11560
11560
11561
11562
11562
11570
11574
11580
11581
11582
11585
11596
11597
11604
11608
11608
11612
11615
11618
11620
11625
11626
11628
11628
11628
11629
11639
11640
11648
11649
11650
11652
11655
11656
11656
11666
11673
11673
11675
11676
11686
11687
11689
11692
11696
11699
11703
11706
11706
11709
11720
11721
11723
11727
11734
11741
11746
11748
11751
11753
11754
11754
11759
11762
11764
11764
11774
11781
11782
11786
11788
11795
11795
11796
11800
11800
11802
11806
11812
11812
11820
11827
11827
11829
11831
11835
11838
11847
11847
11848
11851
11856
11858
11862
11864
11865
11872
11872
11873
11874
11882
11882
11884
11890
11891
11894
11894
11896
11905
11905
11906
11906
11907
11912
11912
11917
11930
11930
11938
11944
11944
11946
11949
11950
11953
11958
11958
11960
11960
11962
11962
11971
11979
11979
11991
11992
11992
11993
11996
12000
12008
12010
12018
12021
12022
12022
12027
12028
12030
12032
12036
12043
12047
12047
12050
12053
12056
12060
12061
12069
12069
12074
12077
12077
12079
12079
12080
12081
12088
12089
12092
12093
12094
12094
12095
12096
12096
12099
12101
12116
12122
12123
12123
12126
12130
12130
12133
12133
12134
12143
12144
12146
12153
12154
12160
12161
12164
12169
12169
12170
12172
12173
12183
12184
12184
12185
12189
12192
12197
12199
12200
12200
12207
12210
12214
12218
12218
12222
12225
12227
12227
12239
12241
12242
12248
12249
12252
12257
12267
12268
12268
12271
12273
12275
12282
12284
12286
12288
12294
12298
12301
12303
12315
12322
12326
12328
12329
12332
12332
12343
12357
12358
12373
12376
12385
12389
12399
12403
12404
12405
12408
12413
12427
12430
12431
12432
12433
12441
12447
12464
12465
12466
12467
12473
12476
12478
12480
12484
12487
12488
12491
12497
12502
12508
12510
12512
12512
12517
12520
12522
12523
12525
12527
12527
12534
12537
12538
12538
12539
12539
12548
12549
12550
12558
12559
12559
12561
12561
12561
12565
12565
12573
12582
12584
12586
12589
12591
12591
12594
12596
12599
12600
12604
12610
12611
12614
12616
12618
12619
12619
12623
12626
12636
12640
12641
12649
12649
12657
12659
12668
12671
12676
12677
12678
12678
12683
12683
12684
12688
12693
12697
12701
12707
12708
12710
12713
12720
12723
12725
12726
12728
12734
12739
12740
12749
12751
12753
12755
12755
12757
12759
12761
12763
12764
12768
12768
12773
12776
12776
12779
12781
12782
12784
12785
12787
12788
12793
12806
12817
12817
12817
12825
12830
12832
12834
12834
12836
12837
12838
12841
12845
12856
12857
12857
12860
12861
12863
12866
12867
12875
12875
12876
12878
12879
12880
12884
12887
12891
12898
12909
12911
12915
12920
12929
12932
12936
12936
12937
12942
12945
12946
12947
12949
12950
12953
12954
12954
12958
12958
12965
12966
12966
12974
12983
12986
12986
12988
12991
12991
12996
13007
13008
13020
13022
13026
13033
13037
13041
13043
13044
13045
13047
13049
13052
13057
13062
13062
13062
13063
13067
13068
13069
13072
13074
13074
13081
13085
13105
13114
13124
13127
13132
13135
13136
13136
13140
13142
13143
13144
13147
13148
13152
13153
13154
13155
13159
13159
13160
13170
13171
13172
13187
13190
13192
13194
13199
13200
13201
13201
13207
13218
13228
13230
13231
13232
13232
13233
13234
13239
13251
13253
13253
13272
13273
13274
13281
13281
13286
13287
13290
13291
13296
13297
13301
13301
13302
13305
13306
13310
13312
13313
13315
13316
13317
13320
13326
13328
13334
13335
13338
13344
13347
13349
13354
13357
13361
13362
13362
13363
13364
13366
13367
13373
13379
13390
13392
13396
13399
13401
13411
13412
13417
13423
13430
13432
13435
13448
13454
13458
13459
13460
13466
13468
13470
13480
13485
13486
13490
13493
13502
13504
13505
13509
13526
13528
13541
13546
13547
13548
13549
13559
13559
13561
13563
13577
13580
13590
13594
13595
13597
13602
13605
13606
13607
13610
13610
13619
13619
13624
13626
13632
13636
13640
13651
13654
13654
13660
13668
13678
13679
13689
13693
13693
13694
13700
13703
13705
13705
13713
13715
13715
13717
13725
13729
13730
13733
13736
13745
13748
13759
13768
13775
13775
13775
13775
13778
13789
13794
13800
13805
13811
13813
13814
13816
13820
13820
13822
13822
13823
13826
13829
13832
13836
13839
13839
13845
13848
13849
13850
13854
13854
13855
13856
13861
13865
13868
13869
13870
13872
13875
13876
13878
13883
13888
13894
13896
13898
13900
13905
13906
13908
13911
13915
13920
13920
13923
13925
13925
13925
13926
13927
13928
13929
13933
13936
13941
13947
13948
13956
13956
13962
13962
13968
13987
13994
13996
13996
14014
14018
14024
14025
14028
14034
14035
14035
14036
14039
14044
14052
14053
14054
14057
14065
14075
14083
14093
14096
14099
14100
14104
14105
14110
14111
14114
14115
14119
14122
14128
14128
14129
14130
14131
14133
14136
14142
14146
14155
14156
14158
14158
14158
14167
14175
14178
14179
14180
14192
14202
14204
14204
14204
14210
14213
14213
14222
14226
14226
14234
14238
14238
14241
14248
14251
14253
14253
14267
14272
14274
14275
14277
14279
14280
14282
14285
14286
14286
14289
14294
14300
14303
14305
14306
14308
14310
14310
14310
14313
14314
14315
14318
14321
14321
14323
14324
14329
14330
14330
14331
14332
14333
14334
14335
14335
14337
14338
14338
14338
14342
14346
14351
14351
14354
14358
14360
14361
14364
14380
14384
14387
14389
14391
14392
14393
14403
14405
14406
14407
14407
14411
14414
14415
14415
14417
14425
14428
14429
14434
14435
14436
14438
14441
14445
14450
14456
14466
14466
14466
14469
14471
14472
14474
14475
14475
14479
14479
14481
14481
14488
14492
14493
14506
14517
14523
14524
14536
14539
14548
14548
14548
14553
14561
14562
14571
14573
14578
14580
14586
14586
14591
14594
14599
14610
14610
14612
14612
14612
14613
14613
14614
14619
14619
14621
14621
14625
14627
14627
14638
14641
14646
14647
14650
14652
14653
14662
14662
14664
14666
14667
14669
14674
14676
14679
14680
14683
14685
14685
14686
14688
14694
14695
14698
14705
14708
14710
14711
14712
14712
14714
14720
14723
14726
14727
14729
14732
14735
14738
14738
14743
14747
14748
14754
14761
14761
14763
14766
14766
14767
14770
14773
14774
14776
14777
14778
14779
14782
14784
14786
14805
14811
14813
14817
14818
14822
14825
14828
14839
14849
14853
14855
14857
14858
14860
14860
14861
14861
14862
14870
14880
14880
14883
14888
14890
14900
14901
14912
14918
14926
14937
14938
14943
14950
14962
14966
14967
14968
14970
14972
14975
14976
14978
14981
14989
14991
14996
14999
15002
15006
15013
15017
15027
15027
15032
15033
15038
15041
15045
15047
15051
15052
15054
15054
15068
15074
15075
15075
15086
15090
15091
15096
15110
15110
15115
15118
15122
15126
15126
15129
15133
15151
15154
15155
15156
15157
15157
15157
15160
15162
15163
15177
15178
15178
15192
15193
15195
15195
15203
15210
15219
15220
15222
15226
15231
15243
15243
15254
15255
15263
15270
15271
15279
15282
15290
15291
15293
15294
15296
15309
15311
15320
15320
15325
15325
15325
15327
15328
15328
15330
15331
15335
15335
15338
15339
15339
15345
15345
15346
15347
15353
15356
15356
15357
15364
15368
15369
15385
15390
15399
15402
15404
15408
15415
15417
15418
15428
15431
15433
15433
15435
15444
15444
15446
15448
15449
15452
15452
15454
15460
15460
15462
15463
15463
15465
15465
15469
15476
15476
15477
15480
15481
15486
15491
15496
15496
15497
15497
15498
15500
15505
15509
15510
15513
15513
15513
15515
15521
15521
15525
15525
15526
15532
15532
15533
15538
15544
15547
15553
15562
15562
15562
15563
15564
15568
15568
15574
15576
15582
15583
15587
15587
15588
15588
15592
15595
15599
15600
15604
15608
15611
15614
15615
15620
15623
15623
15624
15624
15629
15631
15631
15639
15641
15646
15652
15655
15657
15657
15662
15662
15663
15667
15667
15670
15672
15672
15673
15673
15675
15676
15682
15682
15683
15689
15690
15691
15692
15693
15694
15696
15696
15700
15703
15706
15706
15707
15713
15714
15725
15729
15731
15738
15740
15743
15746
15756
15757
15757
15760
15771
15775
15775
15775
15778
15778
15781
15781
15787
15793
15798
15804
15809
15810
15813
15818
15822
15824
15826
15830
15841
15843
15845
15845
15852
15860
15861
15871
15871
15871
15873
15878
15881
15882
15883
15890
15900
15911
15911
15914
15915
15923
15924
15924
15925
15932
15933
15937
15938
15938
15942
15950
15950
15951
15953
15956
15958
15959
15961
15968
15969
15970
15973
15981
15986
15988
15989
15996
15997
16000
16002
16003
16004
16006
16006
16007
16010
16013
16017
16018
16019
16021
16025
16027
16035
16037
16037
16040
16042
16044
16045
16047
16047
16049
16056
16058
16060
16063
16065
16070
16076
16078
16079
16086
16086
16089
16091
16093
16094
16095
16101
16104
16109
16109
16117
16117
16117
16117
16124
16128
16133
16134
16135
16139
16151
16159
16160
16162
16163
16168
16170
16176
16184
16187
16188
16194
16195
16195
16195
16208
16215
16217
16223
16224
16226
16229
16232
16242
16243
16249
16249
16253
16260
16265
16266
16268
16270
16273
16273
16277
16284
16285
16286
16286
16291
16295
16301
16308
16309
16310
16312
16315
16320
16322
16331
16341
16342
16343
16349
16351
16356
16358
16362
16362
16363
16365
16370
16370
16373
16376
16379
16384
16384
16386
16387
16389
16393
16394
16397
16399
16400
16401
16402
16404
16405
16407
16407
16411
16411
16417
16417
16421
16421
16428
16430
16431
16431
16433
16434
16434
16440
16442
16442
16452
16458
16462
16463
16468
16471
16475
16480
16480
16488
16491
16494
16499
16500
16510
16516
16520
16522
16526
16529
16532
16536
16540
16540
16541
16544
16546
16546
16549
16553
16555
16560
16562
16563
16564
16571
16571
16572
16572
16575
16582
16592
16594
16595
16598
16599
16601
16602
16605
16608
16608
16608
16614
16616
16616
16621
16623
16624
16629
16634
16637
16638
16647
16659
16659
16661
16662
16664
16665
16668
16670
16675
16682
16682
16689
16696
16701
16707
16707
16710
16711
16714
16715
16717
16717
16719
16720
16725
16725
16731
16732
16734
16735
16737
16737
16738
16739
16746
16747
16750
16751
16752
16758
16761
16761
16768
16771
16779
16781
16785
16787
16793
16797
16803
16811
16814
16816
16816
16817
16822
16830
16835
16836
16838
16840
16843
16843
16847
16851
16852
16855
16857
16858
16861
16877
16881
16885
16886
16892
16900
16900
16900
16907
16907
16911
16912
16913
16922
16926
16927
16932
16933
16935
16939
16943
16947
16953
16960
16960
16968
16969
16971
16971
16973
16973
16974
16977
16989
16994
17000
17005
17010
17013
17015
17016
17018
17020
17022
17023
17027
17029
17033
17043
17051
17051
17054
17057
17057
17062
17074
17075
17076
17078
17084
17089
17105
17107
17108
17108
17109
17111
17113
17113
17121
17122
17137
17139
17140
17140
17142
17145
17146
17147
17149
17150
17152
17153
17165
17172
17176
17177
17178
17180
17181
17181
17182
17184
17191
17192
17193
17195
17196
17198
17203
17204
17208
17212
17214
17215
17221
17225
17226
17226
17232
17234
17239
17240
17243
17244
17254
17258
17259
17259
17262
17265
17270
17275
17276
17279
17280
17289
17289
17294
17295
17296
17297
17302
17303
17304
17305
17306
17311
17312
17319
17328
17328
17334
17336
17341
17341
17344
17347
17360
17361
17364
17365
17366
17368
17374
17380
17381
17387
17388
17389
17394
17397
17404
17406
17407
17409
17412
17412
17414
17415
17415
17418
17421
17423
17428
17429
17431
17438
17439
17441
17441
17444
17452
17452
17454
17460
17470
17472
17478
17479
17485
17487
17492
17495
17495
17499
17504
17506
17513
17519
17520
17523
17532
17534
17541
17542
17543
17546
17546
17547
17549
17549
17555
17563
17564
17572
17574
17576
17576
17584
17585
17592
17595
17605
17607
17607
17609
17615
17616
17616
17624
17631
17636
17641
17642
17643
17646
17652
17655
17656
17660
17662
17670
17671
17672
17672
17676
17680
17688
17697
17702
17703
17708
17708
17710
17710
17712
17721
17723
17724
17729
17732
17732
17734
17747
17747
17759
17769
17771
17771
17774
17774
17777
17778
17782
17782
17782
17783
17784
17786
17787
17792
17798
17798
17799
17808
17811
17812
17826
17826
17827
17829
17835
17838
17846
17848
17853
17854
17855
17856
17856
17871
17872
17876
17881
17884
17885
17886
17886
17887
17888
17891
17893
17895
17899
17900
17901
17903
17904
17905
17908
17915
17919
17925
17926
17926
17927
17929
17930
17933
17938
17939
17941
17943
17943
17944
17945
17947
17947
17949
17957
17962
17967
17970
17975
17976
17977
17978
17980
17988
17990
17992
17993
17993
17997
17999
18001
18008
18009
18014
18016
18021
18023
18023
18024
18028
18029
18036
18039
18049
18053
18053
18058
18058
18059
18060
18062
18065
18067
18069
18072
18077
18084
18091
18093
18094
18095
18100
18101
18101
18116
18117
18117
18121
18121
18122
18124
18128
18129
18134
18134
18135
18137
18141
18153
18155
18164
18164
18170
18171
18172
18174
18175
18175
18184
18185
18188
18191
18191
18196
18197
18199
18204
18213
18218
18219
18224
18233
18237
18241
18242
18251
18253
18254
18258
18261
18263
18269
18281
18292
18292
18299
18302
18303
18303
18303
18304
18306
18306
18306
18308
18308
18308
18309
18310
18311
18312
18314
18316
18317
18322
18328
18329
18330
18330
18338
18339
18340
18342
18343
18351
18351
18352
18353
18356
18357
18365
18371
18377
18382
18383
18386
18390
18392
18394
18396
18398
18401
18406
18406
18409
18411
18412
18417
18420
18421
18422
18426
18432
18433
18439
18441
18449
18450
18451
18453
18453
18454
18455
18459
18467
18480
18486
18489
18491
18491
18496
18498
18500
18503
18509
18509
18510
18511
18516
18522
18523
18524
18525
18531
18543
18549
18550
18552
18554
18556
18561
18562
18563
18569
18573
18575
18582
18583
18583
18584
18585
18590
18593
18597
18598
18600
18601
18602
18608
18608
18609
18610
18613
18615
18618
18629
18639
18640
18641
18649
18653
18653
18653
18654
18664
18668
18674
18676
18676
18679
18680
18682
18683
18684
18686
18697
18704
18705
18706
18708
18714
18717
18717
18718
18725
18726
18726
18727
18733
18739
18743
18745
18757
18760
18761
18761
18762
18762
18767
18770
18772
18774
18781
18784
18786
18786
18788
18789
18793
18796
18798
18798
18800
18801
18805
18805
18806
18814
18815
18822
18826
18827
18827
18830
18833
18835
18836
18839
18842
18845
18849
18854
18858
18862
18864
18866
18869
18874
18892
18893
18894
18895
18897
18903
18910
18917
18918
18919
18922
18926
18927
18928
18929
18929
18932
18934
18939
18940
18944
18944
18944
18947
18949
18950
18953
18957
18962
18964
18969
18971
18971
18975
18984
18991
18997
19003
19005
19007
19012
19012
19012
19021
19021
19021
19027
19029
19031
19033
19038
19038
19042
19042
19044
19053
19055
19060
19061
19069
19070
19077
19081
19085
19096
19096
19096
19097
19099
19104
19107
19110
19113
19114
19126
19127
19128
19132
19134
19134
19137
19140
19145
19145
19148
19149
19152
19159
19166
19166
19168
19169
19170
19174
19179
19179
19193
19197
19203
19204
19208
19215
19216
19217
19217
19223
19225
19230
19230
19235
19241
19241
19244
19246
19248
19252
19254
19259
19259
19262
19265
19270
19282
19282
19283
19283
19286
19287
19292
19296
19299
19302
19313
19313
19320
19326
19327
19328
19332
19338
19340
19343
19351
19367
19369
19369
19374
19375
19377
19379
19388
19391
19391
19392
19397
19398
19398
19403
19408
19410
19414
19423
19428
19429
19429
19434
19437
19438
19445
19457
19461
19462
19469
19471
19472
19473
19478
19486
19490
19492
19496
19499
19500
19504
19512
19516
19519
19519
19520
19520
19528
19530
19531
19531
19534
19536
19542
19547
19548
19551
19552
19555
19560
19563
19566
19566
19582
19583
19592
19592
19593
19593
19594
19600
19608
19619
19621
19628
19639
19643
19648
19650
19657
19659
19664
19666
19669
19680
19684
19689
19692
19698
19701
19704
19704
19708
19708
19711
19712
19713
19718
19720
19724
19732
19733
19740
19742
19747
19749
19751
19751
19752
19755
19760
19760
19763
19766
19768
19769
19771
19775
19776
19777
19777
19778
19782
19784
19786
19790
19792
19794
19796
19800
19801
19801
19801
19802
19804
19805
19807
19808
19809
19813
19815
19818
19819
19832
19840
19851
19853
19853
19854
19857
19857
19865
19867
19869
19878
19878
19880
19885
19890
19913
19914
19926
19929
19930
19934
19952
19955
19955
19958
19965
19967
19969
19970
19971
19972
19972
19974
19979
19997
20002
20011
20011
20013
20016
20017
20023
20027
20027
20031
20036
20037
20038
20043
20047
20047
20059
20077
20081
20083
20086
20089
20101
20103
20103
20113
20122
20124
20125
20127
20131
20132
20132
20136
20138
20144
20149
20153
20156
20157
20159
20162
20166
20172
20172
20175
20188
20192
20194
20218
20225
20226
20228
20231
20231
20232
20234
20236
20241
20242
20243
20244
20248
20249
20249
20249
20250
20250
20261
20266
20272
20273
20275
20277
20277
20278
20281
20299
20302
20307
20310
20312
20318
20319
20321
20327
20332
20338
20341
20345
20350
20355
20356
20365
20365
20365
20367
20373
20375
20379
20384
20385
20389
20405
20405
20406
20407
20410
20416
20416
20421
20424
20431
20433
20437
20441
20449
20452
20458
20462
20466
20472
20472
20474
20475
20476
20476
20491
20495
20495
20501
20502
20504
20508
20511
20513
20523
20524
20525
20528
20534
20535
20536
20540
20546
20551
20555
20558
20563
20567
20567
20570
20570
20572
20577
20590
20600
20604
20605
20605
20626
20629
20631
20633
20633
20634
20635
20636
20637
20638
20639
20642
20647
20653
20654
20657
20672
20678
20679
20682
20683
20684
20690
20693
20695
20695
20695
20700
20701
20705
20705
20708
20710
20712
20714
20715
20720
20721
20730
20733
20738
20739
20745
20759
20761
20762
20775
20781
20781
20784
20785
20786
20787
20789
20810
20826
20829
20829
20835
20837
20837
20838
20840
20842
20843
20856
20862
20862
20867
20871
20873
20877
20885
20888
20898
20898
20900
20905
20909
20911
20914
20916
20919
20920
20923
20923
20928
20931
20932
20932
20934
20935
20938
20938
20938
20941
20941
20941
20944
20947
20949
20966
20968
20972
20979
20982
20983
20984
20985
20986
21015
21017
21021
21026
21028
21029
21029
21035
21036
21038
21040
21046
21046
21053
21057
21061
21062
21067
21076
21077
21081
21086
21086
21090
21091
21094
21095
21096
21098
21099
21099
21112
21113
21114
21115
21115
21118
21120
21124
21129
21130
21142
21145
21146
21149
21150
21150
21155
21162
21165
21171
21174
21179
21181
21182
21183
21184
21185
21185
21188
21190
21205
21209
21211
21212
21218
21220
21226
21226
21230
21236
21241
21244
21245
21246
21248
21250
21252
21253
21257
21259
21268
21271
21273
21273
21273
21274
21274
21278
21280
21281
21283
21290
21290
21291
21292
21293
21297
21301
21306
21308
21314
21314
21314
21315
21320
21324
21327
21331
21333
21341
21347
21351
21351
21357
21359
21363
21364
21365
21369
21372
21376
21378
21389
21396
21399
21401
21404
21412
21419
21425
21430
21432
21434
21436
21439
21439
21444
21448
21448
21455
21455
21456
21457
21459
21459
21462
21462
21467
21470
21473
21478
21479
21479
21484
21485
21486
21486
21500
21504
21504
21511
21511
21513
21520
21522
21522
21526
21530
21531
21533
21533
21542
21556
21556
21558
21564
21568
21568
21570
21578
21578
21586
21588
21589
21595
21600
21602
21606
21607
21615
21616
21617
21619
21621
21621
21626
21628
21631
21633
21633
21643
21645
21648
21648
21649
21650
21654
21656
21658
21662
21663
21663
21673
21674
21687
21688
21691
21696
21700
21706
21706
21706
21708
21712
21716
21717
21718
21721
21724
21728
21728
21729
21732
21736
21737
21742
21743
21743
21745
21747
21750
21755
21758
21758
21762
21771
21774
21774
21783
21788
21792
21793
21797
21800
21803
21807
21809
21809
21820
21822
21824
21826
21826
21837
21837
21837
21841
21846
21856
21864
21867
21868
21869
21872
21872
21875
21876
21882
21887
21891
21892
21896
21896
21897
21902
21907
21912
21916
21917
21920
21922
21926
21927
21931
21931
21937
21942
21942
21944
21948
21952
21952
21952
21953
21953
21955
21957
21958
21958
21959
21964
21968
21973
21980
21985
21985
21986
21990
21995
22002
22008
22009
22011
22017
22018
22018
22021
22023
22024
22027
22034
22034
22038
22046
22049
22051
22067
22074
22079
22082
22082
22088
22091
22093
22094
22094
22096
22104
22105
22108
22117
22127
22127
22134
22134
22135
22136
22136
22137
22138
22141
22143
22145
22152
22157
22158
22170
22173
22174
22180
22182
22184
22185
22189
22190
22194
22195
22195
22200
22201
22204
22206
22207
22208
22212
22213
22219
22220
22223
22223
22224
22229
22236
22246
22249
22251
22255
22255
22256
22256
22261
22261
22266
22272
22273
22274
22279
22280
22285
22289
22294
22298
22300
22303
22304
22304
22305
22307
22312
22315
22317
22318
22318
22319
22320
22329
22331
22331
22331
22338
22341
22349
22352
22354
22358
22361
22370
22376
22379
22383
22400
22401
22405
22409
22409
22410
22411
22414
22415
22415
22418
22419
22425
22426
22434
22442
22445
22445
22452
22453
22457
22460
22460
22462
22464
22472
22480
22482
22483
22503
22505
22505
22507
22513
22524
22525
22526
22541
22543
22544
22551
22554
22554
22566
22568
22572
22576
22576
22583
22584
22584
22589
22593
22597
22598
22600
22602
22608
22609
22610
22613
22617
22618
22618
22625
22626
22628
22630
22630
22630
22634
22639
22639
22641
22651
22659
22662
22664
22665
22673
22678
22679
22680
22683
22690
22691
22692
22695
22703
22708
22711
22712
22715
22716
22724
22726
22729
22729
22738
22740
22746
22747
22749
22758
22758
22765
22765
22766
22769
22770
22771
22775
22776
22779
22781
22785
22786
22787
22790
22798
22804
22806
22808
22808
22808
22809
22810
22818
22818
22819
22820
22824
22825
22827
22828
22828
22832
22837
22841
22843
22843
22845
22847
22847
22849
22851
22851
22854
22859
22861
22862
22864
22865
22869
22871
22872
22888
22889
22899
22901
22903
22903
22906
22909
22911
22911
22911
22920
22925
22933
22939
22940
22943
22945
22952
22952
22955
22972
22974
22979
22985
22990
22993
22996
22997
22999
23002
23002
23008
23016
23019
23022
23030
23032
23036
23042
23044
23047
23047
23052
23055
23057
23058
23058
23078
23084
23084
23085
23087
23087
23089
23090
23104
23105
23108
23108
23109
23110
23121
23124
23137
23139
23145
23151
23157
23165
23168
23172
23174
23191
23202
23203
23209
23210
23210
23212
23214
23216
23218
23220
23221
23222
23226
23227
23229
23230
23231
23235
23257
23258
23261
23265
23265
23268
23270
23270
23278
23281
23285
23286
23290
23294
23295
23301
23302
23305
23308
23310
23311
23314
23314
23314
23314
23315
23322
23337
23339
23347
23347
23356
23357
23360
23363
23364
23367
23373
23376
23376
23378
23379
23384
23390
23391
23392
23395
23400
23402
23404
23408
23410
23412
23412
23412
23414
23417
23420
23421
23423
23428
23429
23431
23437
23440
23443
23444
23452
23455
23458
23460
23461
23463
23463
23469
23471
23476
23476
23478
23481
23486
23486
23487
23491
23492
23493
23494
23499
23508
23510
23511
23515
23516
23516
23520
23529
23530
23532
23535
23538
23540
23540
23542
23543
23544
23550
23561
23569
23570
23575
23587
23597
23600
23601
23601
23604
23605
23608
23611
23611
23612
23613
23622
23624
23627
23629
23631
23643
23651
23652
23652
23657
23659
23659
23664
23665
23665
23665
23666
23666
23666
23671
23673
23674
23676
23681
23689
23691
23691
23692
23696
23697
23699
23701
23709
23712
23712
23717
23718
23720
23722
23725
23727
23730
23734
23742
23749
23753
23764
23772
23781
23782
23782
23782
23790
23790
23798
23801
23802
23802
23807
23807
23810
23810
23811
23813
23813
23825
23830
23831
23837
23847
23856
23860
23867
23873
23881
23883
23883
23892
23893
23894
23896
23897
23905
23910
23918
23922
23924
23927
23928
23932
23933
23936
23937
23938
23944
23946
23947
23950
23960
23963
23967
23970
23976
23981
23984
23984
23986
23996
24000
24009
24014
24019
24019
24022
24026
24027
24028
24029
24030
24037
24050
24059
24060
24062
24064
24066
24073
24076
24076
24079
24081
24087
24089
24098
24099
24102
24113
24115
24115
24119
24121
24126
24131
24140
24144
24146
24148
24155
24156
24157
24160
24160
24162
24163
24165
24165
24166
24169
24177
24182
24182
24188
24189
24192
24192
24201
24203
24208
24209
24210
24210
24211
24214
24219
24225
24227
24233
24236
24236
24238
24244
24252
24254
24255
24258
24259
24259
24259
24260
24264
24264
24270
24270
24274
24280
24281
24286
24288
24295
24295
24295
24298
24299
24308
24310
24326
24336
24338
24342
24346
24348
24351
24353
24356
24358
24364
24367
24368
24368
24369
24379
24380
24381
24383
24385
24385
24387
24392
24395
24399
24399
24400
24404
24413
24417
24423
24423
24426
24430
24434
24435
24439
24441
24450
24450
24456
24456
24456
24459
24460
24463
24468
24468
24472
24473
24475
24476
24481
24488
24495
24507
24511
24513
24519
24522
24523
24528
24529
24530
24545
24548
24549
24552
24557
24558
24564
24564
24565
24566
24566
24567
24569
24573
24578
24580
24587
24589
24589
24590
24590
24591
24592
24600
24600
24601
24603
24605
24607
24615
24615
24616
24619
24620
24623
24624
24626
24628
24631
24633
24634
24635
24639
24639
24642
24646
24652
24653
24658
24659
24669
24678
24679
24679
24681
24681
24687
24691
24696
24697
24701
24702
24703
24705
24707
24707
24712
24712
24715
24716
24718
24719
24728
24733
24734
24738
24739
24739
24740
24740
24743
24745
24759
24760
24760
24764
24765
24766
24767
24773
24774
24776
24776
24787
24787
24789
24789
24796
24798
24804
24806
24807
24808
24811
24812
24813
24816
24818
24821
24824
24826
24828
24831
24837
24839
24840
24842
24848
24849
24852
24852
24860
24861
24862
24864
24869
24869
24869
24871
24872
24877
24878
24880
24880
24880
24883
24887
24890
24892
24895
24897
24899
24902
24902
24910
24912
24912
24914
24917
24920
24929
24931
24933
24933
24934
24937
24940
24945
24951
24958
24960
24960
24962
24966
24968
24969
24971
24975
24978
24979
24982
24985
24988
24993
24993
24994
25003
25003
25007
25008
25012
25015
25018
25019
25020
25022
25024
25028
25033
25035
25037
25039
25043
25044
25044
25051
25056
25059
25061
25065
25065
25065
25066
25069
25071
25072
25079
25081
25086
25088
25090
25090
25099
25109
25121
25121
25125
25126
25127
25128
25137
25138
25138
25150
25157
25158
25161
25165
25174
25182
25184
25184
25189
25199
25201
25201
25207
25209
25212
25213
25219
25223
25225
25226
25227
25233
25236
25236
25240
25246
25252
25255
25257
25257
25259
25268
25269
25269
25275
25276
25277
25278
25279
25284
25289
25291
25298
25302
25302
25305
25305
25308
25308
25319
25321
25324
25326
25336
25337
25343
25343
25345
25345
25349
25354
25362
25363
25363
25365
25383
25385
25388
25389
25390
25390
25392
25396
25396
25398
25402
25403
25405
25405
25416
25420
25420
25421
25426
25426
25433
25434
25437
25437
25438
25444
25444
25444
25446
25448
25450
25452
25456
25457
25462
25468
25470
25472
25474
25481
25485
25487
25488
25489
25492
25493
25496
25497
25499
25501
25503
25504
25504
25506
25509
25510
25511
25519
25519
25521
25522
25528
25535
25537
25537
25538
25544
25548
25548
25554
25556
25556
25558
25564
25565
25570
25571
25571
25574
25575
25584
25591
25593
25594
25605
25608
25611
25614
25626
25626
25627
25630
25631
25637
25639
25640
25642
25643
25648
25648
25653
25653
25654
25658
25659
25663
25666
25670
25671
25671
25672
25673
25678
25680
25685
25685
25690
25695
25697
25709
25710
25713
25714
25725
25733
25735
25736
25738
25744
25747
25756
25760
25762
25764
25766
25769
25769
25783
25794
25800
25801
25805
25807
25809
25813
25815
25821
25831
25836
25839
25841
25843
25855
25867
25868
25869
25870
25871
25876
25878
25882
25884
25886
25888
25889
25894
25898
25907
25907
25910
25914
25919
25921
25924
25928
25928
25938
25939
25940
25944
25948
25952
25953
25953
25958
25959
25969
25970
25975
25980
25980
26004
26005
26006
26008
26008
26008
26014
26016
26029
26032
26040
26046
26049
26059
26065
26068
26069
26071
26073
26076
26076
26077
26077
26078
26085
26086
26087
26090
26094
26095
26096
26109
26112
26112
26112
26113
26115
26115
26116
26118
26119
26120
26131
26133
26137
26142
26142
26142
26143
26145
26147
26148
26152
26155
26157
26157
26158
26162
26163
26163
26170
26173
26178
26181
26181
26182
26184
26186
26202
26216
26217
26221
26225
26228
26228
26230
26233
26238
26241
26249
26250
26251
26251
26252
26252
26254
26255
26259
26259
26274
26278
26278
26286
26294
26295
26299
26302
26303
26304
26307
26309
26309
26311
26316
26318
26321
26323
26323
26326
26333
26333
26334
26337
26338
26340
26343
26344
26347
26352
26357
26359
26360
26362
26362
26366
26370
26373
26379
26382
26384
26384
26384
26393
26396
26398
26402
26418
26421
26426
26427
26433
26434
26440
26441
26441
26442
26446
26447
26452
26454
26458
26462
26463
26472
26475
26475
26487
26489
26495
26498
26499
26502
26503
26504
26506
26507
26515
26519
26530
26532
26537
26540
26543
26546
26549
26549
26551
26557
26558
26561
26563
26567
26569
26570
26573
26573
26574
26581
26581
26583
26598
26606
26607
26608
26613
26614
26619
26620
26622
26626
26633
26637
26638
26640
26640
26640
26641
26644
26644
26647
26652
26654
26659
26662
26667
26669
26670
26677
26677
26680
26682
26684
26686
26687
26688
26693
26695
26702
26704
26704
26708
26708
26708
26711
26716
26716
26719
26723
26734
26735
26736
26738
26741
26743
26745
26746
26746
26747
26754
26758
26759
26760
26760
26764
26767
26771
26775
26801
26802
26803
26805
26806
26807
26812
26812
26819
26821
26822
26826
26826
26827
26829
26831
26833
26833
26836
26836
26836
26838
26845
26846
26852
26854
26856
26858
26859
26865
26869
26871
26872
26872
26875
26877
26893
26899
26899
26906
26908
26913
26916
26917
26918
26919
26923
26926
26927
26927
26929
26934
26937
26939
26939
26942
26945
26946
26950
26958
26966
26968
26972
26974
26981
26984
26986
26986
26993
26995
27003
27004
27004
27005
27008
27009
27010
27012
27020
27032
27038
27040
27042
27046
27046
27048
27051
27061
27061
27061
27078
27078
27082
27082
27083
27083
27086
27087
27090
27091
27094
27098
27098
27101
27102
27104
27105
27128
27131
27131
27133
27145
27145
27153
27153
27160
27163
27164
27165
27166
27173
27178
27185
27192
27194
27197
27203
27205
27210
27223
27224
27225
27232
27237
27237
27243
27243
27244
27248
27249
27250
27251
27257
27259
27260
27261
27263
27267
27271
27283
27284
27286
27290
27290
27291
27296
27300
27303
27307
27307
27311
27312
27317
27319
27324
27327
27332
27343
27343
27348
27357
27362
27364
27371
27371
27374
27378
27383
27387
27395
27396
27406
27406
27410
27421
27427
27430
27434
27438
27449
27450
27451
27457
27459
27460
27464
27467
27469
27472
27472
27478
27481
27482
27483
27484
27487
27487
27496
27499
27499
27502
27502
27507
27508
27513
27513
27518
27523
27525
27527
27533
27545
27548
27548
27551
27551
27554
27561
27562
27563
27572
27579
27582
27588
27589
27590
27592
27598
27598
27602
27604
27607
27609
27614
27619
27632
27639
27639
27644
27645
27646
27655
27663
27664
27664
27668
27673
27685
27686
27686
27693
27693
27695
27697
27697
27698
27698
27700
27700
27701
27702
27705
27719
27720
27720
27723
27727
27728
27733
27735
27736
27747
27749
27754
27755
27757
27760
27760
27764
27770
27770
27772
27777
27778
27780
27791
27793
27796
27796
27801
27802
27807
27809
27811
27816
27833
27834
27836
27836
27838
27839
27842
27844
27846
27850
27851
27851
27855
27858
27866
27874
27878
27884
27886
27888
27889
27893
27893
27895
27896
27897
27897
27903
27904
27908
27910
27917
27926
27927
27930
27930
27948
27959
27960
27963
27965
27965
27972
27972
27974
27975
27976
27977
27978
27978
27981
27982
27982
27986
27987
27993
27994
28002
28013
28013
28014
28015
28020
28029
28029
28030
28030
28034
28038
28042
28043
28047
28048
28057
28066
28073
28073
28074
28075
28083
28089
28090
28092
28095
28102
28103
28105
28105
28108
28108
28114
28120
28122
28130
28130
28132
28136
28138
28143
28144
28146
28153
28156
28164
28166
28171
28172
28176
28178
28190
28195
28197
28198
28198
28200
28207
28207
28210
28211
28214
28218
28218
28218
28219
28221
28224
28229
28230
28235
28237
28243
28244
28247
28247
28248
28250
28254
28259
28264
28268
28271
28274
28275
28278
28280
28283
28287
28292
28293
28295
28296
28301
28302
28303
28306
28308
28312
28313
28324
28324
28330
28334
28335
28340
28341
28344
28349
28350
28351
28362
28364
28365
28367
28368
28368
28370
28371
28373
28373
28379
28383
28384
28392
28395
28400
28406
28410
28410
28415
28420
28422
28425
28426
28428
28439
28440
28440
28442
28445
28446
28452
28458
28463
28464
28467
28478
28479
28480
28488
28494
28496
28503
28511
28512
28518
28518
28520
28523
28527
28529
28530
28532
28534
28536
28536
28551
28552
28554
28559
28561
28565
28568
28579
28589
28593
28595
28600
28609
28616
28616
28618
28619
28619
28623
28626
28633
28633
28635
28638
28638
28643
28645
28646
28657
28662
28662
28669
28669
28669
28673
28674
28676
28676
28678
28678
28680
28683
28683
28684
28685
28689
28691
28692
28699
28708
28709
28710
28710
28714
28716
28716
28717
28725
28726
28726
28726
28728
28729
28730
28731
28733
28736
28740
28744
28749
28753
28754
28754
28755
28763
28765
28766
28769
28772
28773
28773
28777
28777
28781
28785
28785
28785
28792
28794
28794
28797
28799
28800
28807
28810
28811
28815
28818
28821
28822
28822
28823
28825
28826
28829
28832
28838
28844
28846
28846
28854
28863
28867
28867
28870
28873
28882
28886
28888
28888
28890
28890
28892
28893
28894
28896
28897
28901
28907
28912
28918
28923
28925
28930
28932
28940
28953
28957
28958
28959
28965
28966
28982
28983
28986
28991
28993
28995
29001
29003
29006
29006
29019
29030
29034
29035
29037
29037
29042
29045
29046
29051
29053
29056
29073
29078
29080
29080
29082
29082
29085
29087
29091
29101
29108
29110
29111
29111
29114
29114
29120
29128
29135
29135
29141
29141
29142
29144
29146
29147
29147
29147
29156
29161
29163
29164
29164
29165
29166
29170
29172
29174
29176
29180
29182
29182
29186
29190
29193
29194
29201
29203
29204
29206
29208
29211
29211
29212
29215
29217
29219
29227
29228
29237
29243
29245
29249
29251
29254
29260
29260
29262
29265
29271
29272
29274
29275
29276
29276
29279
29279
29279
29280
29287
29288
29289
29293
29294
29295
29303
29315
29326
29328
29330
29331
29332
29336
29339
29340
29347
29349
29352
29354
29364
29365
29365
29369
29384
29389
29395
29397
29398
29402
29403
29411
29418
29426
29428
29432
29432
29434
29435
29441
29443
29447
29451
29452
29456
29457
29458
29458
29461
29464
29464
29468
29480
29483
29484
29489
29489
29498
29498
29502
29503
29505
29507
29518
29519
29521
29522
29523
29528
29530
29531
29533
29539
29540
29541
29541
29542
29544
29544
29546
29546
29553
29554
29560
29560
29563
29581
29581
29584
29586
29588
29593
29596
29608
29614
29615
29616
29621
29622
29622
29624
29627
29629
29630
29631
29632
29633
29633
29633
29635
29642
29643
29643
29643
29647
29650
29652
29654
29660
29668
29669
29669
29670
29678
29679
29679
29680
29680
29684
29686
29689
29691
29692
29693
29693
29699
29706
29706
29710
29711
29713
29713
29718
29722
29725
29729
29731
29733
29738
29742
29743
29744
29748
29749
29749
29750
29757
29759
29762
29762
29764
29765
29766
29766
29766
29771
29789
29789
29789
29793
29797
29802
29807
29808
29815
29836
29838
29839
29850
29857
29857
29859
29862
29875
29877
29882
29884
29885
29887
29888
29889
29896
29896
29897
29899
29899
29899
29901
29902
29903
29908
29913
29916
29918
29919
29920
29923
29925
29926
29929
29933
29938
29939
29942
29945
29949
29952
29958
29959
29967
29969
29971
29971
29972
29980
29981
29982
29983
29988
29988
29989
29989
30001
30003
30004
30010
30012
30013
30035
30039
30045
30045
30055
30056
30062
30064
30067
30067
30069
30072
30072
30073
30076
30082
30090
30095
30102
30109
30115
30116
30119
30130
30135
30137
30137
30150
30153
30157
30162
30166
30168
30180
30185
30186
30190
30193
30198
30200
30210
30214
30215
30216
30216
30220
30221
30225
30228
30233
30233
30237
30240
30244
30248
30253
30254
30258
30259
30259
30259
30264
30265
30268
30270
30283
30286
30287
30295
30295
30299
30300
30302
30303
30304
30314
30329
30339
30342
30342
30344
30345
30345
30349
30351
30356
30363
30366
30366
30374
30376
30379
30379
30384
30393
30394
30395
30396
30399
30402
30403
30403
30404
30405
30407
30412
30413
30416
30418
30424
30432
30436
30438
30446
30449
30452
30455
30462
30466
30466
30472
30475
30480
30483
30489
30491
30494
30500
30508
30513
30515
30516
30517
30521
30521
30527
30527
30527
30527
30535
30535
30537
30541
30541
30542
30542
30543
30547
30551
30552
30555
30556
30557
30560
30561
30562
30563
30567
30574
30582
30583
30584
30584
30584
30585
30587
30589
30592
30595
30595
30598
30601
30607
30610
30612
30614
30617
30619
30622
30624
30631
30639
30645
30650
30650
30653
30654
30655
30656
30657
30657
30659
30661
30663
30669
30669
30671
30676
30679
30680
30692
30696
30697
30700
30701
30701
30702
30702
30724
30724
30728
30728
30741
30743
30744
30750
30754
30756
30763
30766
30767
30768
30769
30770
30777
30782
30786
30788
30792
30795
30796
30812
30814
30816
30818
30820
30827
30828
30828
30831
30833
30843
30843
30850
30854
30857
30865
30866
30867
30869
30872
30873
30875
30881
30882
30882
30886
30892
30901
30907
30919
30919
30919
30924
30937
30939
30948
30949
30949
30955
30956
30957
30960
30961
30967
30969
30969
30977
30993
30995
30995
30996
30996
30997
31000
31000
31001
31003
31009
31009
31018
31020
31021
31024
31026
31032
31045
31047
31059
31060
31068
31071
31076
31076
31082
31083
31087
31087
31092
31092
31101
31106
31107
31110
31112
31117
31123
31123
31126
31126
31129
31139
31140
31143
31144
31145
31146
31147
31149
31150
31152
31154
31162
31166
31167
31168
31168
31168
31168
31173
31173
31175
31178
31179
31187
31188
31190
31204
31207
31211
31214
31216
31222
31224
31227
31228
31232
31232
31234
31241
31242
31245
31248
31255
31257
31266
31268
31269
31274
31274
31277
31278
31279
31281
31282
31290
31292
31301
31302
31303
31307
31311
31315
31321
31338
31344
31344
31357
31359
31363
31365
31367
31369
31371
31373
31374
31380
31380
31389
31392
31393
31393
31395
31395
31401
31404
31404
31406
31410
31423
31428
31435
31437
31438
31439
31441
31442
31448
31454
31455
31458
31465
31465
31478
31481
31488
31489
31494
31501
31504
31507
31511
31514
31518
31519
31520
31521
31525
31526
31530
31534
31539
31543
31545
31551
31552
31559
31571
31571
31576
31578
31583
31587
31588
31589
31590
31591
31592
31593
31594
31595
31598
31598
31603
31604
31605
31605
31612
31612
31617
31624
31626
31634
31635
31636
31637
31641
31643
31644
31644
31646
31647
31650
31666
31667
31667
31670
31674
31675
31677
31678
31679
31681
31685
31686
31689
31691
31692
31693
31693
31694
31696
31705
31707
31709
31710
31722
31724
31724
31725
31726
31727
31728
31734
31735
31736
31738
31743
31745
31751
31751
31760
31762
31762
31764
31769
31771
31773
31777
31779
31787
31787
31800
31803
31803
31807
31808
31811
31814
31814
31818
31818
31819
31823
31825
31831
31833
31833
31837
31838
31838
31843
31847
31849
31857
31858
31858
31862
31863
31898
31901
31906
31906
31909
31912
31914
31915
31919
31919
31920
31926
31935
31945
31948
31949
31951
31957
31959
31962
31966
31973
31976
31976
31984
31985
31986
31989
31993
32002
32010
32014
32015
32018
32029
32029
32031
32034
32036
32039
32043
32044
32047
32058
32062
32063
32066
32072
32075
32079
32081
32084
32084
32086
32090
32094
32096
32099
32100
32103
32104
32110
32116
32119
32128
32129
32132
32133
32133
32139
32140
32144
32149
32152
32154
32161
32162
32164
32166
32168
32172
32173
32178
32183
32187
32187
32189
32193
32200
32201
32204
32210
32211
32213
32214
32218
32220
32223
32226
32227
32229
32239
32239
32243
32246
32249
32258
32265
32265
32267
32271
32272
32278
32282
32284
32287
32288
32293
32297
32303
32305
32305
32311
32311
32314
32316
32316
32321
32324
32327
32328
32335
32339
32343
32346
32352
32352
32360
32360
32362
32374
32374
32378
32386
32386
32391
32398
32399
32399
32401
32401
32401
32402
32402
32403
32404
32405
32409
32413
32414
32416
32416
32417
32418
32418
32424
32430
32434
32434
32437
32437
32441
32447
32450
32453
32453
32453
32453
32456
32461
32466
32470
32470
32471
32473
32479
32481
32485
32491
32500
32502
32506
32508
32511
32511
32522
32528
32544
32546
32546
32552
32553
32556
32564
32572
32578
32579
32581
32584
32586
32586
32587
32589
32592
32598
32598
32601
32605
32606
32609
32611
32616
32617
32619
32626
32627
32631
32633
32633
32633
32636
32640
32641
32642
32646
32647
32648
32650
32653
32655
32659
32666
32671
32675
32675
32682
32686
32690
32691
32697
32701
32703
32704
32711
32717
32727
32731
32733
32738
32742
32743
32756
32760
32763
32764
32767
