0 2
1000
4 750 1
2 41
1 695
1 668
1 211
2 642
2 335
1 870
1 603
1 124
1 359
2 551
2 146
2 483
1 57
1 518
2 312
2 646
1 727
1 943
1 415
2 74
1 662
2 668
1 573
1 458
2 403
1 981
2 661
1 60
1 835
2 599
2 987
1 380
2 119
2 764
2 397
2 85
2 886
1 507
1 373
1 845
2 767
2 583
1 87
2 253
2 728
2 804
1 921
2 901
2 376
1 518
2 552
1 492
1 709
1 882
2 117
2 467
1 425
2 126
1 163
1 413
1 258
1 897
1 227
2 529
1 843
1 888
2 678
1 446
2 955
2 823
2 281
2 229
2 800
2 712
1 900
2 894
2 399
1 300
1 839
2 56
2 22
1 322
2 951
2 517
1 508
1 13
2 510
1 544
1 467
2 704
2 813
2 717
2 614
2 347
1 688
2 100
2 265
1 999
1 783
1 87
1 74
1 976
2 190
2 10
2 967
2 82
2 575
2 618
1 447
1 411
2 37
2 907
1 743
2 208
2 277
2 141
1 18
2 80
1 413
2 700
1 860
2 268
1 27
1 820
2 760
2 241
1 999
1 523
2 183
1 81
2 408
1 444
2 311
2 599
1 569
2 877
1 773
1 607
1 813
2 513
1 930
2 311
2 976
2 94
2 465
1 656
1 513
2 638
2 182
1 231
2 802
2 222
1 701
2 922
2 320
2 895
1 558
1 129
2 797
1 673
1 577
2 270
1 447
1 535
1 29
1 790
1 754
2 889
1 52
1 627
2 452
1 335
2 500
1 418
2 954
2 623
1 67
2 75
2 417
2 67
1 59
2 541
2 42
1 208
1 845
1 896
2 40
2 38
1 318
2 188
1 32
1 960
1 515
2 777
2 157
1 604
2 190
1 698
1 557
1 533
2 899
2 245
1 645
2 43
2 269
2 856
2 467
1 575
2 792
2 981
2 654
2 554
1 247
1 809
2 686
1 117
2 744
2 609
1 434
1 646
1 372
2 929
2 468
1 736
2 616
2 148
2 274
2 166
1 650
1 295
1 765
1 99
1 638
2 856
1 489
1 600
1 919
1 735
2 207
1 365
2 197
2 771
1 864
1 198
1 581
1 320
2 643
2 982
1 48
1 464
1 858
1 22
2 840
2 418
2 397
1 518
1 570
2 789
2 378
2 669
1 374
2 897
1 352
1 539
2 297
1 461
1 361
1 894
2 343
1 87
1 214
2 816
1 406
2 930
1 810
2 840
2 374
2 529
1 834
1 456
2 485
1 675
2 299
2 405
2 787
1 394
2 964
1 41
2 682
2 682
2 337
1 290
2 279
1 849
1 259
2 71
1 912
1 218
1 756
2 232
1 400
1 449
1 95
1 912
1 992
2 864
2 889
1 89
2 593
1 762
2 91
1 572
1 112
1 538
1 632
1 566
2 898
2 478
2 177
2 578
1 662
1 320
1 871
2 66
1 476
2 73
2 614
1 309
1 498
2 789
1 250
2 688
2 587
2 761
2 743
1 113
2 902
1 677
2 534
2 734
1 857
2 62
2 654
2 211
1 567
2 419
1 466
2 198
1 776
2 165
2 915
2 465
1 158
2 343
1 923
2 66
1 726
2 219
2 177
1 105
1 823
2 173
2 304
1 908
2 347
2 663
1 283
1 433
1 167
1 314
1 709
2 13
1 384
2 45
1 539
1 125
2 678
1 850
1 150
2 675
1 647
1 180
2 591
1 439
2 276
2 701
1 504
2 144
2 858
1 893
1 911
1 336
2 818
1 370
1 250
2 822
2 327
1 447
1 278
2 731
1 792
2 438
1 992
2 747
1 95
2 761
1 151
2 857
2 74
1 733
2 711
1 934
2 767
1 75
2 50
2 462
1 527
1 7
1 969
2 966
2 464
2 143
2 356
1 646
2 992
2 943
1 936
1 893
1 778
2 978
2 551
1 215
1 925
1 729
2 12
1 60
2 316
1 646
2 253
2 46
1 368
1 617
2 291
2 359
2 207
2 439
1 854
1 558
1 387
1 11
2 880
2 63
2 374
1 106
1 781
1 498
2 437
2 506
2 965
2 519
1 394
2 237
1 661
1 712
1 553
2 494
1 796
1 164
2 614
2 336
1 540
1 923
2 553
1 968
1 389
2 389
2 340
2 628
1 771
1 981
2 76
1 248
2 972
2 537
1 258
2 261
2 789
2 236
1 736
1 273
2 410
2 394
1 479
2 165
2 403
2 448
1 402
1 704
2 507
1 745
2 207
2 636
2 624
2 932
1 750
1 408
2 41
1 486
2 263
1 728
1 393
1 412
1 870
2 463
2 721
2 532
1 349
1 147
2 339
1 911
1 454
1 136
2 209
2 760
1 575
1 400
1 201
1 953
1 245
2 769
2 149
1 200
2 705
2 289
1 481
2 333
1 351
2 943
1 527
2 983
2 43
1 644
1 234
1 883
2 456
1 89
1 547
1 501
2 519
2 64
1 320
1 628
1 689
1 900
1 338
1 107
2 814
1 850
1 582
1 792
1 799
1 402
2 894
1 981
2 184
1 204
2 499
1 509
1 458
1 677
2 399
1 868
2 927
2 983
2 39
2 137
1 944
2 489
2 529
1 238
2 300
1 785
1 80
1 742
2 61
1 321
2 253
1 728
2 401
1 52
1 879
1 360
2 225
2 200
2 413
2 84
2 186
2 359
1 994
2 462
1 471
2 106
1 11
2 380
1 335
1 75
1 400
1 692
1 590
2 471
2 331
1 715
1 539
1 510
2 161
1 874
1 5
2 560
1 39
2 791
1 612
2 219
2 443
2 264
1 836
1 175
2 358
2 818
2 676
2 71
2 574
2 358
1 500
2 718
2 939
1 915
1 310
2 489
1 476
2 152
1 937
1 463
1 457
2 168
2 606
1 887
2 25
2 67
2 859
2 576
2 946
1 549
2 399
2 561
1 52
2 442
2 520
2 259
1 292
1 19
2 97
2 607
2 197
1 71
2 827
1 379
2 667
2 0
1 230
2 844
1 5
2 91
2 106
1 404
2 433
1 81
2 514
1 789
2 826
2 14
1 179
1 551
1 586
2 700
2 468
2 812
1 131
1 393
2 528
2 318
1 784
2 773
2 92
1 313
2 7
2 696
2 620
1 832
1 836
2 596
1 903
2 910
1 113
2 645
2 395
2 794
2 507
2 739
2 478
1 826
1 258
1 124
1 298
1 133
2 101
1 214
2 55
2 249
2 882
1 523
1 426
2 72
2 248
2 231
2 84
2 18
2 625
1 408
2 283
2 271
2 316
1 202
2 211
2 364
2 30
1 930
1 711
1 280
2 426
1 472
1 645
1 998
2 222
2 794
1 963
2 779
2 673
1 578
2 447
3
0 1
4 100 4
1 28
2 1
1 1
2 29
2 9
2 15
1 0
1 26
2 12
2 17
2 29
1 15
2 4
1 23
2 27
1 23
1 29
2 20
1 3
1 6
1 25
1 31
1 28
2 14
2 5
1 8
1 23
1 18
2 18
1 11
1 20
1 8
2 6
2 2
1 25
1 27
1 15
1 26
2 5
1 28
2 8
1 16
1 11
2 31
1 8
1 27
2 20
1 2
2 1
2 8
2 10
1 25
1 25
2 0
1 20
1 12
1 22
2 10
1 23
2 29
1 19
2 1
1 22
1 6
1 31
1 2
2 20
1 29
1 21
1 23
2 11
2 30
2 26
1 4
1 4
2 31
1 27
1 29
1 17
2 26
2 26
2 20
1 14
2 7
2 11
2 6
1 21
1 15
2 0
2 24
1 30
1 31
1 17
1 17
2 29
2 29
2 21
1 2
1 3
2 31
-1