0 2
10000
4 1000 5
2 2464
1 3743
2 8255
1 7534
2 1949
1 5577
2 5609
1 1688
1 9089
2 7087
1 3335
1 3941
1 2047
2 6505
2 3651
1 614
2 3794
2 1046
1 4035
1 2737
1 9769
1 2507
2 2255
2 9274
1 8639
1 9253
1 2904
1 1686
2 2107
1 8743
1 6897
2 3357
1 3937
1 1620
2 212
1 9928
1 2587
1 3436
1 3824
1 4204
1 7238
1 3442
1 1384
1 5279
1 8190
2 2436
1 3717
1 1353
2 935
2 7579
1 5268
1 4675
2 2462
2 1386
1 3253
2 2135
1 6609
1 5583
2 8511
2 7705
1 5163
1 4402
1 5740
2 3922
1 2041
1 1190
2 6196
2 4742
1 8313
1 7641
2 1390
2 3946
1 8670
1 9235
2 8301
1 8061
1 7184
2 3591
2 4784
2 6021
2 4943
2 2449
2 2504
1 9462
1 3729
1 3012
1 1151
2 1522
1 9682
2 6183
2 6393
2 3169
1 160
1 6773
2 743
1 9059
1 1321
2 6747
1 3539
1 4321
2 2806
2 8091
1 9297
2 8789
1 3453
2 8907
2 3670
2 1098
2 2910
1 5637
1 3690
2 3609
1 7211
2 6598
2 3771
2 4920
1 823
1 909
2 8368
1 4598
1 2970
1 9062
1 9778
2 9403
1 5063
2 1203
1 7781
2 4184
2 8053
2 4560
2 7820
1 8054
2 6088
2 4697
2 977
1 3820
1 3378
1 305
2 7218
2 2047
2 9163
2 2731
1 4094
2 8987
2 7953
2 1790
1 3661
1 122
2 9700
2 9580
1 569
2 7648
1 8360
2 8355
2 9248
1 868
1 245
2 3805
2 3090
2 4
1 233
2 5426
1 1387
2 1947
2 5724
2 301
1 9017
1 1944
1 745
2 767
2 845
1 8267
1 5400
2 5734
2 648
1 9830
2 7695
1 8710
2 2114
1 581
1 8673
2 2112
2 7316
1 9630
2 94
2 9109
1 9448
1 6047
1 7596
2 2861
1 2819
2 5931
1 3119
2 1791
2 1417
1 5591
1 5152
1 2137
2 2344
1 5125
1 662
1 6333
1 4950
2 6572
2 653
1 7917
2 4939
2 7031
1 6547
1 2308
1 7343
2 6174
2 2419
2 7000
1 8404
1 3681
2 6504
2 7780
1 3047
2 7761
1 1681
2 2673
1 4880
1 7464
2 4684
1 5604
2 2546
1 8825
1 1609
2 6118
1 1559
1 6286
2 2026
2 624
2 3364
2 3960
2 5722
1 2547
1 6880
2 2078
2 9562
2 5950
2 9438
1 8010
2 9033
1 5121
1 6149
1 3072
2 8885
1 894
2 53
2 9988
1 7725
2 9279
2 4206
1 778
2 9479
1 9753
1 6774
1 1318
1 4007
1 5133
2 3024
2 5009
1 8983
1 2415
1 154
1 715
1 5086
1 2055
2 1739
1 4672
1 4582
1 7836
1 5571
2 667
1 1997
2 3760
1 75
2 9327
1 4247
2 7365
2 3397
2 7587
1 653
2 9550
2 829
1 1434
2 6809
1 640
2 6884
1 2445
1 2794
2 6017
1 6828
2 6244
1 7472
1 8646
2 8728
1 53
1 3749
2 4164
2 8039
1 3571
1 3528
1 8539
2 1545
2 3493
2 8846
1 4721
2 1023
2 4
2 1305
2 6287
2 5569
1 4180
2 563
2 3648
1 6523
1 1992
1 2792
2 6528
1 414
2 6423
2 3555
2 2314
2 7010
2 3011
1 3820
2 2744
1 6323
2 2011
1 8049
2 5092
1 4938
1 3100
2 9474
1 265
1 7426
2 4495
2 1755
1 9290
2 3618
1 6768
2 4357
1 7514
2 6761
2 4771
1 2195
1 7082
2 545
2 2519
2 2369
1 8540
2 6983
1 2401
2 2792
1 2367
1 8629
2 7421
2 5616
2 190
2 7824
1 2934
1 1013
1 4210
1 25
2 4340
1 141
1 8609
2 6526
1 4971
1 1721
2 9505
1 1318
2 9150
2 1571
2 1567
2 7062
1 1697
1 6955
2 682
2 1199
1 6111
2 9300
2 644
1 8614
1 4958
2 8865
2 5254
1 7183
2 7982
2 6740
2 9839
1 4416
1 2069
2 8652
1 3169
1 4086
2 2558
2 3534
1 7644
2 2822
2 3381
2 3111
2 5643
2 7700
2 2884
1 5478
1 3043
1 4245
1 5646
1 3673
2 4299
2 8621
2 1801
2 428
2 6817
1 396
2 5603
2 8712
2 9259
2 1416
2 4200
2 887
1 9197
1 5365
1 674
2 9350
1 7983
2 2154
2 4817
1 3424
2 2752
1 8625
1 272
2 2325
1 281
2 9658
2 4789
1 5661
2 325
1 5458
2 7666
2 3406
1 7189
2 8980
2 1590
2 7805
1 593
2 5766
1 1363
2 1376
2 1216
2 4664
1 7786
2 6590
2 4170
2 283
1 6724
1 6306
2 9133
2 9462
2 807
2 1525
1 3250
1 1834
2 5820
2 8049
2 7518
1 6754
1 1964
2 8431
1 8504
1 922
1 2648
1 4529
2 9956
1 7368
2 987
2 9059
1 8704
2 6260
2 6831
1 9338
2 6869
2 3776
2 3751
1 3206
1 9742
2 6359
1 121
2 1194
1 7743
1 3668
2 8146
1 4789
1 8686
1 9637
1 8635
2 8009
2 4544
2 3857
2 6284
1 1436
2 7764
2 6359
2 8100
2 7595
2 4880
1 311
2 3048
2 5212
2 8497
1 2707
1 3189
2 7024
1 9797
1 1139
2 8129
1 7900
1 6995
2 4826
2 8489
2 220
2 8387
1 5454
1 4211
1 9359
1 6286
2 43
2 5264
1 9452
2 3170
1 3454
1 520
2 1117
2 2409
1 1914
2 692
1 5156
2 609
2 589
2 1151
1 827
1 4900
2 4942
1 4400
2 5840
2 7136
1 5597
1 1639
1 509
1 487
2 2747
1 9945
2 9764
2 1022
2 9826
2 922
2 3389
1 3639
2 1366
2 2201
2 1391
2 4745
2 4474
1 2038
2 4511
1 803
1 433
1 3736
1 3835
1 1154
1 1294
1 6684
2 3074
1 2524
1 5132
2 5687
2 2881
1 7266
1 4742
1 6537
2 6384
2 1910
1 4022
1 6848
1 3689
1 2813
1 6598
1 9419
2 7949
2 195
2 2487
1 5291
1 2275
2 8887
2 6808
1 9255
2 4205
2 1401
2 5660
1 2882
1 1055
2 6741
1 2705
2 878
2 2946
1 3567
2 6738
2 5218
2 3668
1 6387
2 2880
1 6738
2 3476
2 8706
1 3068
1 6759
2 4584
1 377
1 1838
2 1619
1 3448
1 4806
2 4507
1 6165
1 3340
1 892
2 669
2 9084
1 2307
2 1214
1 1634
2 7239
1 3476
2 3326
2 8451
1 4144
2 9047
2 2248
1 1510
2 7152
1 4879
2 876
2 1946
2 1289
1 8391
1 7719
1 3069
1 4279
1 4047
2 641
2 766
2 16
1 8980
2 7291
1 1499
2 6181
1 5539
2 439
1 1693
1 8706
1 4552
1 3656
2 8795
2 1528
1 2122
1 6244
2 2231
1 3667
2 2844
2 8582
1 2091
1 1064
2 6840
2 1809
1 9343
1 4109
2 6552
2 9975
1 870
1 9886
1 996
1 2041
1 2525
2 934
2 1764
1 4465
1 6519
2 9891
1 3161
2 7927
1 7401
2 662
1 5012
1 692
1 2867
1 1360
1 1991
2 7479
1 5878
2 8583
1 9526
2 8792
2 5567
1 1910
2 4481
2 7212
2 3888
1 4571
2 2349
1 591
2 1051
2 1219
2 7906
1 2577
2 1021
2 7270
2 7581
1 1564
1 935
1 3066
1 4775
1 5867
1 6856
1 2422
2 3670
2 108
1 927
2 1261
1 6263
2 8868
2 5106
1 7141
2 6255
2 8656
2 907
1 4956
2 2098
1 6834
2 8968
1 38
2 8726
1 14
2 3994
2 4008
1 4043
1 7571
1 1124
1 4536
2 5415
2 5938
1 2796
2 3464
2 4704
1 8582
1 2457
2 9378
1 2449
2 8131
1 6274
1 9367
1 6793
2 2293
2 9264
1 215
2 2335
1 5284
1 4811
1 5726
1 7035
2 3394
1 1743
1 5768
2 4148
2 6825
2 296
2 5164
1 2573
2 1541
1 174
2 3485
2 2184
1 9642
2 7707
2 3865
1 8081
1 5607
2 6143
1 4128
2 9807
1 4819
1 5283
2 3196
2 5957
2 8190
1 6403
2 6830
2 9677
2 2539
2 2236
1 3067
2 930
1 9118
2 7407
2 9863
2 6318
1 7435
2 6104
2 5599
2 7799
2 313
1 8528
1 5314
1 5226
1 9778
2 2357
2 1375
1 2404
2 7085
2 5139
1 9467
1 5147
2 9639
2 1522
2 6289
1 9217
1 6018
2 8868
1 3286
2 9018
1 8301
1 7292
1 1886
1 6057
1 5064
1 4660
1 8183
2 6603
2 2094
2 6921
1 3031
1 3598
2 6974
2 9786
2 4861
1 5125
1 2312
2 5582
2 5282
1 3384
1 345
1 7920
2 2773
2 1011
1 3261
2 712
2 1728
2 220
2 426
2 1000
1 2880
2 2178
1 8969
1 49
1 753
1 7234
2 4502
1 1999
2 2565
2 4317
1 5735
2 959
2 115
2 4189
1 1048
2 8095
1 1032
1 9877
2 352
1 4507
2 3625
1 8410
1 3209
2 7610
1 5842
2 394
2 541
1 8873
1 8218
1 8810
1 6568
2 2688
1 6466
2 2840
2 8679
1 4019
1 1204
1 6951
1 9060
1 1742
2 49
2 2608
1 5234
2 2337
1 3614
1 9377
2 7651
1 1430
1 3401
2 3741
2 1327
2 9942
1 1008
2 1939
2 7010
2 6318
2 6706
2 1208
2 2173
1 188
1 8029
2 2937
2 5081
2 9270
2 2466
2 3871
1 2378
1 1861
1 3816
2 3682
1 5741
1 8526
1 1200
2 3613
1 578
2 2060
1 1336
2 5582
1 4083
2 1583
2 9671
2 4519
1 5613
2 8037
1 4063
2 4075
2 7407
1 6032
1 9462
2 322
2 7309
2 269
2 5580
2 264
2 9869
2 1364
2 9529
2 3721
1 2493
2 5518
1 5964
1 2731
2 2801
1 540
1 8396
1 8159
1 4768
2 1448
1 9819
2 2285
2 548
1 6551
2 1875
1 2270
1 5436
1 6035
2 8178
2 5309
2 3350
2 9960
2 164
1 7985
1 3684
2 3631
1 160
2 2207
2 9413
1 5312
2 2216
2 6696
1 9814
1 931
1 2852
1 5402
1 5251
2 4201
1 5534
-1